version 2
run statisticRVV-133-20150327-06:25:12-12412
attr c 15
attr configname statisticRVV
attr datetime 20150327-06:25:12
attr experiment statisticRVV
attr inifile omnetpp.ini
attr iterationvars "$sc=\"erlangen-medium.launchd.xml\", $p=1/15, $c=15"
attr iterationvars2 "$sc=\"erlangen-medium.launchd.xml\", $p=1/15, $c=15, $repetition=3"
attr measurement "$sc=\"erlangen-medium.launchd.xml\", $p=1/15, $c=15"
attr network RSUExampleScenario
attr p 1/15
attr processid 12412
attr repetition 3
attr replication #3
attr resultdir results
attr runnumber 133
attr sc "\"erlangen-medium.launchd.xml\""
attr seedset 133

vector 0  RSUExampleScenario.rsu[0].appl  Number_CH  ETV
vector 1  RSUExampleScenario.rsu[0].appl  Number_ON  ETV
vector 2  RSUExampleScenario.rsu[0].appl  Number_FN  ETV
vector 3  RSUExampleScenario.rsu[0].appl  Number_CH_Losts  ETV
vector 4  RSUExampleScenario.rsu[0].appl  Number_CH_Losts  ETV
vector 5  RSUExampleScenario.rsu[0].appl  Mean_Cluster_Size  ETV
vector 6  RSUExampleScenario.rsu[0].appl  StdDev_Cluster_Size  ETV
vector 7  RSUExampleScenario.rsu[0].appl  Variance_Cluster_Size  ETV
vector 8  RSUExampleScenario.rsu[0].appl  Mean_Neighbors  ETV
vector 9  RSUExampleScenario.rsu[0].appl  StdDev_Neighbors  ETV
vector 10  RSUExampleScenario.rsu[0].appl  Variance_Neighbors  ETV
vector 11  RSUExampleScenario.rsu[0].appl  Total_CH_Utility  ETV
vector 12  RSUExampleScenario.rsu[0].appl  Mean_CH_Utility  ETV
vector 13  RSUExampleScenario.rsu[0].appl  StdDev_CH_Utility  ETV
vector 14  RSUExampleScenario.rsu[0].appl  Variance_CH_Utility  ETV
vector 15  RSUExampleScenario.rsu[0].appl  Total_exp_CH_Utility  ETV
vector 16  RSUExampleScenario.rsu[0].appl  Mean_exp_CH_Utility  ETV
vector 17  RSUExampleScenario.rsu[0].appl  StdDev_exp_CH_Utility  ETV
vector 18  RSUExampleScenario.rsu[0].appl  Variance_exp_CH_Utility  ETV
vector 19  RSUExampleScenario.rsu[0].appl  Total_ON_Utility  ETV
vector 20  RSUExampleScenario.rsu[0].appl  Mean_ON_Utility  ETV
vector 21  RSUExampleScenario.rsu[0].appl  StdDev_ON_Utility  ETV
vector 22  RSUExampleScenario.rsu[0].appl  Variance_ON_Utility  ETV
vector 23  RSUExampleScenario.rsu[0].appl  Total_exp_ON_Utility  ETV
vector 24  RSUExampleScenario.rsu[0].appl  Mean_exp_ON_Utility  ETV
vector 25  RSUExampleScenario.rsu[0].appl  StdDev_exp_ON_Utility  ETV
vector 26  RSUExampleScenario.rsu[0].appl  Variance_exp_ON_Utility  ETV
0	144859	240	3
0	170740	260	5
0	197626	280	7
0	225077	300	4
0	252097	320	8
0	279383	340	6
0	307036	360	7
0	334751	380	9
0	362567	400	4
0	391033	420	14
0	419969	440	5
0	449494	460	3
0	479289	480	9
0	509794	500	7
0	541033	520	11
0	573103	540	10
0	605899	560	12
0	639223	580	8
0	673649	600	2
0	708697	620	5
0	744890	640	9
0	782356	660	7
0	820525	680	5
0	860296	700	6
0	901228	720	4
0	943774	740	13
0	987342	760	9
0	1031756	780	7
0	1077744	800	8
0	1124740	820	8
0	1172314	840	8
0	1221628	860	11
0	1271958	880	12
0	1323570	900	6
0	1376365	920	6
0	1430413	940	9
0	1485888	960	12
0	1542691	980	8
0	1600789	1000	8
0	1660429	1020	7
0	1721171	1040	11
0	1783833	1060	9
0	1848611	1080	7
0	1914247	1100	10
0	1981772	1120	7
0	2051137	1140	7
0	2123227	1160	10
0	2197322	1180	5
0	2272676	1200	7
0	2349548	1220	12
0	2428463	1240	10
0	2509242	1260	6
0	2592366	1280	12
0	2677082	1300	17
0	2763628	1320	11
0	2852609	1340	7
0	2942916	1360	7
0	3035399	1380	9
0	3130094	1400	12
0	3226812	1420	16
0	3325311	1440	7
0	3426378	1460	10
0	3530607	1480	7
0	3637085	1500	11
0	3745257	1520	11
0	3856455	1540	11
0	3969584	1560	15
0	4084532	1580	13
0	4201884	1600	7
0	4322423	1620	15
0	4444568	1640	8
0	4568458	1660	18
0	4695313	1680	6
0	4823870	1700	7
0	4954830	1720	12
0	5088356	1740	11
0	5224754	1760	9
0	5362767	1780	7
0	5503690	1800	7
0	5647553	1820	10
0	5794116	1840	14
0	5944274	1860	10
0	6095936	1880	14
0	6250089	1900	8
0	6406687	1920	10
0	6566169	1940	15
0	6728194	1960	11
0	6892834	1980	10
0	7060220	2000	13
1	144859	240	39
1	170740	260	41
1	197626	280	75
1	225077	300	47
1	252097	320	57
1	279383	340	52
1	307036	360	75
1	334751	380	79
1	362567	400	44
1	391033	420	81
1	419969	440	54
1	449494	460	45
1	479289	480	75
1	509794	500	53
1	541033	520	74
1	573103	540	92
1	605899	560	88
1	639223	580	87
1	673649	600	29
1	708697	620	56
1	744890	640	79
1	782356	660	74
1	820525	680	62
1	860296	700	75
1	901228	720	60
1	943774	740	101
1	987342	760	83
1	1031756	780	77
1	1077744	800	71
1	1124740	820	84
1	1172314	840	106
1	1221628	860	93
1	1271958	880	111
1	1323570	900	71
1	1376365	920	69
1	1430413	940	84
1	1485888	960	110
1	1542691	980	106
1	1600789	1000	98
1	1660429	1020	69
1	1721171	1040	89
1	1783833	1060	83
1	1848611	1080	76
1	1914247	1100	116
1	1981772	1120	100
1	2051137	1140	87
1	2123227	1160	108
1	2197322	1180	62
1	2272676	1200	80
1	2349548	1220	92
1	2428463	1240	107
1	2509242	1260	77
1	2592366	1280	99
1	2677082	1300	119
1	2763628	1320	130
1	2852609	1340	98
1	2942916	1360	83
1	3035399	1380	88
1	3130094	1400	126
1	3226812	1420	127
1	3325311	1440	82
1	3426378	1460	117
1	3530607	1480	75
1	3637085	1500	104
1	3745257	1520	132
1	3856455	1540	106
1	3969584	1560	148
1	4084532	1580	143
1	4201884	1600	92
1	4322423	1620	142
1	4444568	1640	110
1	4568458	1660	142
1	4695313	1680	78
1	4823870	1700	81
1	4954830	1720	134
1	5088356	1740	131
1	5224754	1760	129
1	5362767	1780	91
1	5503690	1800	96
1	5647553	1820	132
1	5794116	1840	149
1	5944274	1860	132
1	6095936	1880	142
1	6250089	1900	102
1	6406687	1920	116
1	6566169	1940	158
1	6728194	1960	132
1	6892834	1980	105
1	7060220	2000	146
2	144859	240	35
2	170740	260	40
2	197626	280	9
2	225077	300	43
2	252097	320	27
2	279383	340	35
2	307036	360	13
2	334751	380	7
2	362567	400	49
2	391033	420	2
2	419969	440	38
2	449494	460	52
2	479289	480	17
2	509794	500	43
2	541033	520	18
2	573103	540	4
2	605899	560	4
2	639223	580	11
2	673649	600	79
2	708697	620	48
2	744890	640	21
2	782356	660	31
2	820525	680	44
2	860296	700	33
2	901228	720	52
2	943774	740	2
2	987342	760	26
2	1031756	780	36
2	1077744	800	43
2	1124740	820	30
2	1172314	840	9
2	1221628	860	20
2	1271958	880	3
2	1323570	900	49
2	1376365	920	54
2	1430413	940	37
2	1485888	960	9
2	1542691	980	17
2	1600789	1000	28
2	1660429	1020	59
2	1721171	1040	36
2	1783833	1060	45
2	1848611	1080	55
2	1914247	1100	12
2	1981772	1120	33
2	2051137	1140	47
2	2123227	1160	25
2	2197322	1180	80
2	2272676	1200	60
2	2349548	1220	42
2	2428463	1240	33
2	2509242	1260	66
2	2592366	1280	40
2	2677082	1300	15
2	2763628	1320	12
2	2852609	1340	50
2	2942916	1360	65
2	3035399	1380	58
2	3130094	1400	20
2	3226812	1420	14
2	3325311	1440	72
2	3426378	1460	33
2	3530607	1480	82
2	3637085	1500	48
2	3745257	1520	22
2	3856455	1540	51
2	3969584	1560	5
2	4084532	1580	12
2	4201884	1600	72
2	4322423	1620	16
2	4444568	1640	56
2	4568458	1660	14
2	4695313	1680	92
2	4823870	1700	87
2	4954830	1720	33
2	5088356	1740	36
2	5224754	1760	41
2	5362767	1780	83
2	5503690	1800	79
2	5647553	1820	42
2	5794116	1840	23
2	5944274	1860	44
2	6095936	1880	32
2	6250089	1900	80
2	6406687	1920	63
2	6566169	1940	17
2	6728194	1960	48
2	6892834	1980	79
2	7060220	2000	36
3	144859	240	0
3	170740	260	0
3	197626	280	0
3	225077	300	0
3	252097	320	1
3	279383	340	0
3	307036	360	0
3	334751	380	0
3	362567	400	0
3	391033	420	0
3	419969	440	0
3	449494	460	1
3	479289	480	1
3	509794	500	0
3	541033	520	1
3	573103	540	0
3	605899	560	0
3	639223	580	0
3	673649	600	0
3	708697	620	0
3	744890	640	0
3	782356	660	0
3	820525	680	0
3	860296	700	0
3	901228	720	0
3	943774	740	0
3	987342	760	0
3	1031756	780	0
3	1077744	800	0
3	1124740	820	0
3	1172314	840	0
3	1221628	860	0
3	1271958	880	0
3	1323570	900	1
3	1376365	920	0
3	1430413	940	0
3	1485888	960	0
3	1542691	980	0
3	1600789	1000	0
3	1660429	1020	0
3	1721171	1040	0
3	1783833	1060	0
3	1848611	1080	0
3	1914247	1100	1
3	1981772	1120	0
3	2051137	1140	0
3	2123227	1160	0
3	2197322	1180	2
3	2272676	1200	0
3	2349548	1220	1
3	2428463	1240	0
3	2509242	1260	0
3	2592366	1280	0
3	2677082	1300	0
3	2763628	1320	0
3	2852609	1340	0
3	2942916	1360	0
3	3035399	1380	1
3	3130094	1400	0
3	3226812	1420	1
3	3325311	1440	0
3	3426378	1460	0
3	3530607	1480	0
3	3637085	1500	1
3	3745257	1520	0
3	3856455	1540	2
3	3969584	1560	0
3	4084532	1580	0
3	4201884	1600	0
3	4322423	1620	0
3	4444568	1640	0
3	4568458	1660	0
3	4695313	1680	0
3	4823870	1700	0
3	4954830	1720	0
3	5088356	1740	0
3	5224754	1760	0
3	5362767	1780	0
3	5503690	1800	0
3	5647553	1820	0
3	5794116	1840	0
3	5944274	1860	0
3	6095936	1880	0
3	6250089	1900	0
3	6406687	1920	0
3	6566169	1940	0
3	6728194	1960	0
3	6892834	1980	1
3	7060220	2000	0
4	144859	240	35
4	170740	260	39
4	197626	280	8
4	225077	300	43
4	252097	320	26
4	279383	340	35
4	307036	360	13
4	334751	380	7
4	362567	400	49
4	391033	420	2
4	419969	440	38
4	449494	460	50
4	479289	480	15
4	509794	500	43
4	541033	520	17
4	573103	540	4
4	605899	560	4
4	639223	580	11
4	673649	600	79
4	708697	620	48
4	744890	640	21
4	782356	660	31
4	820525	680	44
4	860296	700	33
4	901228	720	52
4	943774	740	2
4	987342	760	26
4	1031756	780	36
4	1077744	800	43
4	1124740	820	30
4	1172314	840	9
4	1221628	860	20
4	1271958	880	3
4	1323570	900	48
4	1376365	920	53
4	1430413	940	37
4	1485888	960	9
4	1542691	980	17
4	1600789	1000	27
4	1660429	1020	59
4	1721171	1040	36
4	1783833	1060	45
4	1848611	1080	55
4	1914247	1100	11
4	1981772	1120	33
4	2051137	1140	46
4	2123227	1160	25
4	2197322	1180	78
4	2272676	1200	60
4	2349548	1220	41
4	2428463	1240	33
4	2509242	1260	65
4	2592366	1280	40
4	2677082	1300	15
4	2763628	1320	12
4	2852609	1340	49
4	2942916	1360	65
4	3035399	1380	57
4	3130094	1400	19
4	3226812	1420	13
4	3325311	1440	72
4	3426378	1460	33
4	3530607	1480	82
4	3637085	1500	47
4	3745257	1520	22
4	3856455	1540	48
4	3969584	1560	5
4	4084532	1580	12
4	4201884	1600	72
4	4322423	1620	16
4	4444568	1640	55
4	4568458	1660	14
4	4695313	1680	92
4	4823870	1700	87
4	4954830	1720	33
4	5088356	1740	36
4	5224754	1760	41
4	5362767	1780	83
4	5503690	1800	79
4	5647553	1820	42
4	5794116	1840	23
4	5944274	1860	44
4	6095936	1880	32
4	6250089	1900	80
4	6406687	1920	63
4	6566169	1940	17
4	6728194	1960	48
4	6892834	1980	78
4	7060220	2000	36
5	144859	240	13
5	170740	260	8.2
5	197626	280	10.714285714286
5	225077	300	11.75
5	252097	320	7.125
5	279383	340	8.6666666666667
5	307036	360	10.714285714286
5	334751	380	8.7777777777778
5	362567	400	11
5	391033	420	5.7857142857143
5	419969	440	10.8
5	449494	460	15
5	479289	480	8.3333333333333
5	509794	500	7.5714285714286
5	541033	520	6.7272727272727
5	573103	540	9.2
5	605899	560	7.3333333333333
5	639223	580	10.875
5	673649	600	14.5
5	708697	620	11.2
5	744890	640	8.7777777777778
5	782356	660	10.571428571429
5	820525	680	12.4
5	860296	700	12.5
5	901228	720	15
5	943774	740	7.7692307692308
5	987342	760	9.2222222222222
5	1031756	780	11
5	1077744	800	8.875
5	1124740	820	10.5
5	1172314	840	13.25
5	1221628	860	8.4545454545455
5	1271958	880	9.25
5	1323570	900	11.833333333333
5	1376365	920	11.5
5	1430413	940	9.3333333333333
5	1485888	960	9.1666666666667
5	1542691	980	13.25
5	1600789	1000	12.25
5	1660429	1020	9.8571428571429
5	1721171	1040	8.0909090909091
5	1783833	1060	9.2222222222222
5	1848611	1080	10.857142857143
5	1914247	1100	11.6
5	1981772	1120	14.285714285714
5	2051137	1140	12.428571428571
5	2123227	1160	10.8
5	2197322	1180	12.4
5	2272676	1200	11.428571428571
5	2349548	1220	7.6666666666667
5	2428463	1240	10.7
5	2509242	1260	12.833333333333
5	2592366	1280	8.25
5	2677082	1300	7
5	2763628	1320	11.818181818182
5	2852609	1340	14
5	2942916	1360	11.857142857143
5	3035399	1380	9.7777777777778
5	3130094	1400	10.5
5	3226812	1420	7.9375
5	3325311	1440	11.714285714286
5	3426378	1460	11.7
5	3530607	1480	10.714285714286
5	3637085	1500	9.4545454545455
5	3745257	1520	12
5	3856455	1540	9.6363636363636
5	3969584	1560	9.8666666666667
5	4084532	1580	11
5	4201884	1600	13.142857142857
5	4322423	1620	9.4666666666667
5	4444568	1640	13.75
5	4568458	1660	7.8888888888889
5	4695313	1680	13
5	4823870	1700	11.571428571429
5	4954830	1720	11.166666666667
5	5088356	1740	11.909090909091
5	5224754	1760	14.333333333333
5	5362767	1780	13
5	5503690	1800	13.714285714286
5	5647553	1820	13.2
5	5794116	1840	10.642857142857
5	5944274	1860	13.2
5	6095936	1880	10.142857142857
5	6250089	1900	12.75
5	6406687	1920	11.6
5	6566169	1940	10.533333333333
5	6728194	1960	12
5	6892834	1980	10.5
5	7060220	2000	11.230769230769
6	144859	240	1.7320508075689
6	170740	260	4.4944410108488
6	197626	280	3.3022358947782
6	225077	300	5.2519837521962
6	252097	320	4.5806269065645
6	279383	340	6.0221812216726
6	307036	360	3.5923198500081
6	334751	380	4.3525216190669
6	362567	400	4.8989794855664
6	391033	420	4.2819580608835
6	419969	440	4.6583258795408
6	449494	460	0
6	479289	480	3.9370039370059
6	509794	500	4.7559486560567
6	541033	520	4.8185248591433
6	573103	540	3.3266599866332
6	605899	560	2.9336088024924
6	639223	580	4.4541313086039
6	673649	600	0.70710678118655
6	708697	620	4.7116875957559
6	744890	640	4.9187848544579
6	782356	660	4.1173269183271
6	820525	680	3.1304951684997
6	860296	700	2.7386127875258
6	901228	720	0
6	943774	740	4.1863636996373
6	987342	760	5.8476015976163
6	1031756	780	3.5118845842842
6	1077744	800	4.0861263528467
6	1124740	820	4.4721359549996
6	1172314	840	2.5495097567964
6	1221628	860	4.2038942984722
6	1271958	880	3.414541097877
6	1323570	900	4.1673332800085
6	1376365	920	2.4289915602982
6	1430413	940	5.7008771254957
6	1485888	960	3.5376760048302
6	1542691	980	2.3754698783308
6	1600789	1000	1.8322507626258
6	1660429	1020	5.6103645582253
6	1721171	1040	3.7001228480834
6	1783833	1060	4.6844897741851
6	1848611	1080	5.0473944244719
6	1914247	1100	2.7162065049951
6	1981772	1120	0.95118973121134
6	2051137	1140	3.5523298860111
6	2123227	1160	3.6147844564603
6	2197322	1180	3.7148351242013
6	2272676	1200	4.8599431703516
6	2349548	1220	4.4991581704164
6	2428463	1240	4.571651780265
6	2509242	1260	2.1369760566433
6	2592366	1280	5.3278854751546
6	2677082	1300	4.1382363393117
6	2763628	1320	4.6865377800287
6	2852609	1340	1.8257418583506
6	2942916	1360	2.0354009783964
6	3035399	1380	5.0194067821252
6	3130094	1400	3.8019133938775
6	3226812	1420	4.1226003121008
6	3325311	1440	4.0708019567929
6	3426378	1460	3.1287200080686
6	3530607	1480	3.4982989063394
6	3637085	1500	3.9588795476406
6	3745257	1520	3.3466401061363
6	3856455	1540	4.8015149124568
6	3969584	1560	4.1553178779326
6	4084532	1580	3
6	4201884	1600	1.3451854182691
6	4322423	1620	5.4098675276449
6	4444568	1640	2.5495097567964
6	4568458	1660	4.5229986004717
6	4695313	1680	1.897366596101
6	4823870	1700	4.6496287614225
6	4954830	1720	4.4072942293705
6	5088356	1740	3.7270509911871
6	5224754	1760	0.70710678118655
6	5362767	1780	3.605551275464
6	5503690	1800	3.401680257083
6	5647553	1820	1.6865480854231
6	5794116	1840	3.4553669037543
6	5944274	1860	2.2010098692292
6	6095936	1880	4.521013209399
6	6250089	1900	1.9820624179302
6	6406687	1920	4.4271887242357
6	6566169	1940	4.5334733871923
6	6728194	1960	2.932575659723
6	6892834	1980	4.3779751788546
6	7060220	2000	4.5305232617923
7	144859	240	3
7	170740	260	20.2
7	197626	280	10.904761904762
7	225077	300	27.583333333333
7	252097	320	20.982142857143
7	279383	340	36.266666666667
7	307036	360	12.904761904762
7	334751	380	18.944444444444
7	362567	400	24
7	391033	420	18.335164835165
7	419969	440	21.7
7	449494	460	0
7	479289	480	15.5
7	509794	500	22.619047619048
7	541033	520	23.218181818182
7	573103	540	11.066666666667
7	605899	560	8.6060606060606
7	639223	580	19.839285714286
7	673649	600	0.5
7	708697	620	22.2
7	744890	640	24.194444444444
7	782356	660	16.952380952381
7	820525	680	9.8
7	860296	700	7.5
7	901228	720	0
7	943774	740	17.525641025641
7	987342	760	34.194444444444
7	1031756	780	12.333333333333
7	1077744	800	16.696428571429
7	1124740	820	20
7	1172314	840	6.5
7	1221628	860	17.672727272727
7	1271958	880	11.659090909091
7	1323570	900	17.366666666667
7	1376365	920	5.9
7	1430413	940	32.5
7	1485888	960	12.515151515152
7	1542691	980	5.6428571428571
7	1600789	1000	3.3571428571429
7	1660429	1020	31.47619047619
7	1721171	1040	13.690909090909
7	1783833	1060	21.944444444444
7	1848611	1080	25.47619047619
7	1914247	1100	7.3777777777778
7	1981772	1120	0.9047619047619
7	2051137	1140	12.619047619048
7	2123227	1160	13.066666666667
7	2197322	1180	13.8
7	2272676	1200	23.619047619048
7	2349548	1220	20.242424242424
7	2428463	1240	20.9
7	2509242	1260	4.5666666666667
7	2592366	1280	28.386363636364
7	2677082	1300	17.125
7	2763628	1320	21.963636363636
7	2852609	1340	3.3333333333333
7	2942916	1360	4.1428571428571
7	3035399	1380	25.194444444444
7	3130094	1400	14.454545454545
7	3226812	1420	16.995833333333
7	3325311	1440	16.571428571429
7	3426378	1460	9.7888888888889
7	3530607	1480	12.238095238095
7	3637085	1500	15.672727272727
7	3745257	1520	11.2
7	3856455	1540	23.054545454545
7	3969584	1560	17.266666666667
7	4084532	1580	9
7	4201884	1600	1.8095238095238
7	4322423	1620	29.266666666667
7	4444568	1640	6.5
7	4568458	1660	20.457516339869
7	4695313	1680	3.6
7	4823870	1700	21.619047619048
7	4954830	1720	19.424242424242
7	5088356	1740	13.890909090909
7	5224754	1760	0.5
7	5362767	1780	13
7	5503690	1800	11.571428571429
7	5647553	1820	2.8444444444444
7	5794116	1840	11.93956043956
7	5944274	1860	4.8444444444444
7	6095936	1880	20.43956043956
7	6250089	1900	3.9285714285714
7	6406687	1920	19.6
7	6566169	1940	20.552380952381
7	6728194	1960	8.6
7	6892834	1980	19.166666666667
7	7060220	2000	20.525641025641
8	144859	240	22.675324675325
8	170740	260	22.717647058824
8	197626	280	22.355555555556
8	225077	300	22.351063829787
8	252097	320	22.358695652174
8	279383	340	22.301075268817
8	307036	360	22.421052631579
8	334751	380	22.168421052632
8	362567	400	21.969072164948
8	391033	420	22.041237113402
8	419969	440	22.298969072165
8	449494	460	22.30303030303
8	479289	480	22.02
8	509794	500	22.116504854369
8	541033	520	22.637254901961
8	573103	540	22.632075471698
8	605899	560	23.019230769231
8	639223	580	23.349056603774
8	673649	600	23.445454545455
8	708697	620	24.064220183486
8	744890	640	24.266055045872
8	782356	660	24.982142857143
8	820525	680	25.387387387387
8	860296	700	26.070175438596
8	901228	720	26.620689655172
8	943774	740	27.353448275862
8	987342	760	28.161016949153
8	1031756	780	28.308333333333
8	1077744	800	28.540983606557
8	1124740	820	28.286885245902
8	1172314	840	29.162601626016
8	1221628	860	29.096774193548
8	1271958	880	29.714285714286
8	1323570	900	30.656
8	1376365	920	30.546875
8	1430413	940	30.969230769231
8	1485888	960	30.625954198473
8	1542691	980	31.847328244275
8	1600789	1000	32.518796992481
8	1660429	1020	32.333333333333
8	1721171	1040	32.352941176471
8	1783833	1060	33.379562043796
8	1848611	1080	33.876811594203
8	1914247	1100	34.782608695652
8	1981772	1120	35.485714285714
8	2051137	1140	36.507142857143
8	2123227	1160	36.93006993007
8	2197322	1180	37.506849315068
8	2272676	1200	37.829931972789
8	2349548	1220	38.760273972603
8	2428463	1240	38.96
8	2509242	1260	39.966216216216
8	2592366	1280	40.668874172185
8	2677082	1300	41.476821192053
8	2763628	1320	41.588235294118
8	2852609	1340	42.766233766234
8	2942916	1360	43.270967741935
8	3035399	1380	44.01935483871
8	3130094	1400	44.898089171975
8	3226812	1420	45.579617834395
8	3325311	1440	45.614906832298
8	3426378	1460	46.65625
8	3530607	1480	46.94512195122
8	3637085	1500	48.41717791411
8	3745257	1520	48.648484848485
8	3856455	1540	49.14371257485
8	3969584	1560	50.232142857143
8	4084532	1580	50.446428571429
8	4201884	1600	50.625730994152
8	4322423	1620	51.219653179191
8	4444568	1640	51.861271676301
8	4568458	1660	52.149425287356
8	4695313	1680	52.789772727273
8	4823870	1700	53.6
8	4954830	1720	53.441340782123
8	5088356	1740	54.668539325843
8	5224754	1760	55.061452513966
8	5362767	1780	55.502762430939
8	5503690	1800	56.054945054945
8	5647553	1820	56.451086956522
8	5794116	1840	57.075268817204
8	5944274	1860	58.263440860215
8	6095936	1880	58.329787234043
8	6250089	1900	58.963157894737
8	6406687	1920	59.57671957672
8	6566169	1940	60.263157894737
8	6728194	1960	61.068062827225
8	6892834	1980	61.481865284974
8	7060220	2000	61.938461538462
9	144859	240	3.8744831860505
9	170740	260	4.8931725143205
9	197626	280	4.2487568865668
9	225077	300	4.5807156477285
9	252097	320	4.2155690548021
9	279383	340	4.1592875284444
9	307036	360	4.8478531053697
9	334751	380	4.8304280053061
9	362567	400	5.0733240423304
9	391033	420	4.9705749285445
9	419969	440	4.0650055054637
9	449494	460	4.31290078399
9	479289	480	4.057615361791
9	509794	500	4.6045607630972
9	541033	520	3.4606392578533
9	573103	540	3.8155707847316
9	605899	560	3.6095363692028
9	639223	580	2.9569690171177
9	673649	600	4.4155404536608
9	708697	620	3.2239704913116
9	744890	640	3.5943427819254
9	782356	660	4.915469500652
9	820525	680	4.4336957109907
9	860296	700	4.9933040088404
9	901228	720	5.6285841488104
9	943774	740	6.5637400663167
9	987342	760	6.8387662442359
9	1031756	780	7.3379362305249
9	1077744	800	8.3012968627218
9	1124740	820	8.3344148690753
9	1172314	840	8.1475873767213
9	1221628	860	8.5019551599672
9	1271958	880	9.1711348417584
9	1323570	900	8.9398563891186
9	1376365	920	9.5882633102709
9	1430413	940	10.52419763392
9	1485888	960	10.456014741516
9	1542691	980	10.901286644205
9	1600789	1000	11.200379798592
9	1660429	1020	11.72062858077
9	1721171	1040	11.796125799516
9	1783833	1060	12.302039158361
9	1848611	1080	12.827008969473
9	1914247	1100	13.663173975034
9	1981772	1120	14.090910236201
9	2051137	1140	14.484671346227
9	2123227	1160	15.542604033299
9	2197322	1180	16.217592225449
9	2272676	1200	16.597728079246
9	2349548	1220	16.909619704331
9	2428463	1240	17.640283368343
9	2509242	1260	17.93200139474
9	2592366	1280	18.997446093025
9	2677082	1300	19.454163029058
9	2763628	1320	19.920740782227
9	2852609	1340	20.152617763364
9	2942916	1360	20.456259854607
9	3035399	1380	21.199874714082
9	3130094	1400	21.595104120294
9	3226812	1420	22.41740606593
9	3325311	1440	22.650348262168
9	3426378	1460	23.492818888081
9	3530607	1480	24.104387770715
9	3637085	1500	24.813082956655
9	3745257	1520	24.668733558358
9	3856455	1540	25.15309160837
9	3969584	1560	26.026235776118
9	4084532	1580	26.26665629039
9	4201884	1600	26.363973500351
9	4322423	1620	26.589652338963
9	4444568	1640	26.794943826261
9	4568458	1660	26.884049350765
9	4695313	1680	27.091086735668
9	4823870	1700	27.085433163514
9	4954830	1720	27.420173627964
9	5088356	1740	27.831762919961
9	5224754	1760	28.081374932561
9	5362767	1780	28.088278359762
9	5503690	1800	28.425093045368
9	5647553	1820	28.791464257877
9	5794116	1840	29.227065042669
9	5944274	1860	29.486606340878
9	6095936	1880	30.07811160654
9	6250089	1900	30.300325849546
9	6406687	1920	30.320463699766
9	6566169	1940	30.181009666217
9	6728194	1960	30.729388914681
9	6892834	1980	31.150523882742
9	7060220	2000	31.49908045937
10	144859	240	15.011619958988
10	170740	260	23.943137254902
10	197626	280	18.051935081149
10	225077	300	20.982955845344
10	252097	320	17.771022455805
10	279383	340	17.299672744273
10	307036	360	23.501679731243
10	334751	380	23.333034714446
10	362567	400	25.738616838488
10	391033	420	24.706615120275
10	419969	440	16.52426975945
10	449494	460	18.601113172542
10	479289	480	16.464242424242
10	509794	500	21.201979821055
10	541033	520	11.976024072996
10	573103	540	14.558580413297
10	605899	560	13.028752800597
10	639223	580	8.7436657681941
10	673649	600	19.496997497915
10	708697	620	10.393985728848
10	744890	640	12.919300033979
10	782356	660	24.16184041184
10	820525	680	19.657657657658
10	860296	700	24.933084924701
10	901228	720	31.68095952024
10	943774	740	43.082683658171
10	987342	760	46.7687237433
10	1031756	780	53.845308123249
10	1077744	800	68.911529603035
10	1124740	820	69.462471209863
10	1172314	840	66.383180061309
10	1221628	860	72.283241542093
10	1271958	880	84.109714285714
10	1323570	900	79.921032258065
10	1376365	920	91.934793307087
10	1430413	940	110.75873583781
10	1485888	960	109.32824427481
10	1542691	980	118.83805049912
10	1600789	1000	125.44850763272
10	1660429	1020	137.37313432836
10	1721171	1040	139.148583878
10	1783833	1060	151.34016745384
10	1848611	1080	164.53215910293
10	1914247	1100	186.68232307204
10	1981772	1120	198.55375128469
10	2051137	1140	209.80570400822
10	2123227	1160	241.57254013592
10	2197322	1180	263.01029759093
10	2272676	1200	275.4845773926
10	2349548	1220	285.93523854511
10	2428463	1240	311.17959731544
10	2509242	1260	321.55667402096
10	2592366	1280	360.9029580574
10	2677082	1300	378.46445916115
10	2763628	1320	396.83591331269
10	2852609	1340	406.12800271624
10	2942916	1360	418.45856723921
10	3035399	1380	449.43468789275
10	3130094	1400	466.34852196636
10	3226812	1420	502.54009472481
10	3325311	1440	513.03827639752
10	3426378	1460	551.91253930818
10	3530607	1480	581.02150980099
10	3637085	1500	615.68908581383
10	3745257	1520	608.54641537324
10	3856455	1540	632.67801745906
10	3969584	1560	677.36494867408
10	4084532	1580	689.9372326775
10	4201884	1600	695.05909872721
10	4322423	1620	707.00961150692
10	4444568	1640	717.96901465251
10	4568458	1660	722.75210949439
10	4695313	1680	733.92698051948
10	4823870	1700	733.62068965517
10	4954830	1720	751.86592178771
10	5088356	1740	774.60702723291
10	5224754	1760	788.56361810307
10	5362767	1780	788.95138121547
10	5503690	1800	807.98591463785
10	5647553	1820	828.94841411262
10	5794116	1840	854.22133100843
10	5944274	1860	869.45995350189
10	6095936	1880	904.69279781545
10	6250089	1900	918.10974658869
10	6406687	1920	919.33051896882
10	6566169	1940	910.89334447229
10	6728194	1960	944.29534306972
10	6892834	1980	970.35513816926
10	7060220	2000	992.19206978588
11	144859	240	137.74806392395
11	170740	260	227.94510779182
11	197626	280	323.68776064312
11	225077	300	183.75614656294
11	252097	320	378.73109368437
11	279383	340	282.54701267061
11	307036	360	318.46817327507
11	334751	380	417.77551409459
11	362567	400	189.88516973067
11	391033	420	661.99605121259
11	419969	440	234.62367741351
11	449494	460	137.12273682983
11	479289	480	416.29601862708
11	509794	500	324.83236211064
11	541033	520	512.18328875927
11	573103	540	470.64750227853
11	605899	560	559.28010362324
11	639223	580	371.58458617795
11	673649	600	91.327632108868
11	708697	620	231.45583775853
11	744890	640	430.08589360588
11	782356	660	334.15501891234
11	820525	680	233.62716309301
11	860296	700	273.77157978823
11	901228	720	182.75345776556
11	943774	740	616.41352098263
11	987342	760	434.93044715129
11	1031756	780	327.42079411996
11	1077744	800	391.988959939
11	1124740	820	371.38697204188
11	1172314	840	372.17380328573
11	1221628	860	515.96162989626
11	1271958	880	567.27290208562
11	1323570	900	275.37319048217
11	1376365	920	289.39200920028
11	1430413	940	420.67117015336
11	1485888	960	571.0422546123
11	1542691	980	371.19769952877
11	1600789	1000	378.84139045935
11	1660429	1020	340.09216382251
11	1721171	1040	517.48143308394
11	1783833	1060	434.12919626827
11	1848611	1080	338.78541481646
11	1914247	1100	470.93535640852
11	1981772	1120	329.82403420077
11	2051137	1140	329.86524004678
11	2123227	1160	468.9902908244
11	2197322	1180	235.34369535607
11	2272676	1200	327.9069301276
11	2349548	1220	580.71942950626
11	2428463	1240	473.5741975227
11	2509242	1260	277.33764646406
11	2592366	1280	584.54408479896
11	2677082	1300	804.56970317811
11	2763628	1320	528.89815699881
11	2852609	1340	327.98378544812
11	2942916	1360	330.36198103035
11	3035399	1380	424.92035461535
11	3130094	1400	569.89255750581
11	3226812	1420	779.62796964703
11	3325311	1440	326.80685953622
11	3426378	1460	468.76997719437
11	3530607	1480	323.36042322445
11	3637085	1500	534.15506903066
11	3745257	1520	526.05201118564
11	3856455	1540	526.94045889543
11	3969584	1560	721.80003234643
11	4084532	1580	627.50154422847
11	4201884	1600	334.78215932212
11	4322423	1620	725.91336772528
11	4444568	1640	377.42378580605
11	4568458	1660	861.72420687476
11	4695313	1680	288.7555550909
11	4823870	1700	327.88883747173
11	4954830	1720	567.18647183079
11	5088356	1740	521.6944298031
11	5224754	1760	430.98579152655
11	5362767	1780	332.39932990324
11	5503690	1800	332.99594794793
11	5647553	1820	473.72462700901
11	5794116	1840	660.61840759957
11	5944274	1860	474.95996755315
11	6095936	1880	674.61579416935
11	6250089	1900	383.44389634808
11	6406687	1920	474.78748500346
11	6566169	1940	711.74746242134
11	6728194	1960	525.16943027089
11	6892834	1980	483.96017266827
11	7060220	2000	620.06378076179
12	144859	240	45.916021307983
12	170740	260	45.589021558364
12	197626	280	46.241108663304
12	225077	300	45.939036640736
12	252097	320	47.341386710546
12	279383	340	47.091168778434
12	307036	360	45.49545332501
12	334751	380	46.419501566066
12	362567	400	47.471292432668
12	391033	420	47.285432229471
12	419969	440	46.924735482703
12	449494	460	45.707578943275
12	479289	480	46.255113180786
12	509794	500	46.404623158663
12	541033	520	46.562117159934
12	573103	540	47.064750227853
12	605899	560	46.606675301936
12	639223	580	46.448073272244
12	673649	600	45.663816054434
12	708697	620	46.291167551706
12	744890	640	47.787321511764
12	782356	660	47.736431273192
12	820525	680	46.725432618603
12	860296	700	45.628596631371
12	901228	720	45.68836444139
12	943774	740	47.416424690971
12	987342	760	48.325605239032
12	1031756	780	46.774399159994
12	1077744	800	48.998619992375
12	1124740	820	46.423371505235
12	1172314	840	46.521725410717
12	1221628	860	46.905602717842
12	1271958	880	47.272741840468
12	1323570	900	45.895531747028
12	1376365	920	48.232001533381
12	1430413	940	46.741241128151
12	1485888	960	47.586854551025
12	1542691	980	46.399712441097
12	1600789	1000	47.355173807419
12	1660429	1020	48.584594831788
12	1721171	1040	47.043766643994
12	1783833	1060	48.236577363141
12	1848611	1080	48.397916402351
12	1914247	1100	47.093535640852
12	1981772	1120	47.117719171538
12	2051137	1140	47.123605720968
12	2123227	1160	46.89902908244
12	2197322	1180	47.068739071214
12	2272676	1200	46.843847161086
12	2349548	1220	48.393285792188
12	2428463	1240	47.35741975227
12	2509242	1260	46.222941077343
12	2592366	1280	48.71200706658
12	2677082	1300	47.327629598712
12	2763628	1320	48.081650636256
12	2852609	1340	46.854826492588
12	2942916	1360	47.194568718622
12	3035399	1380	47.213372735039
12	3130094	1400	47.491046458818
12	3226812	1420	48.726748102939
12	3325311	1440	46.686694219461
12	3426378	1460	46.876997719437
12	3530607	1480	46.194346174922
12	3637085	1500	48.55955173006
12	3745257	1520	47.822910107786
12	3856455	1540	47.903678081403
12	3969584	1560	48.120002156429
12	4084532	1580	48.269349556036
12	4201884	1600	47.826022760302
12	4322423	1620	48.394224515019
12	4444568	1640	47.177973225757
12	4568458	1660	47.873567048598
12	4695313	1680	48.125925848483
12	4823870	1700	46.841262495962
12	4954830	1720	47.265539319232
12	5088356	1740	47.426766345736
12	5224754	1760	47.887310169617
12	5362767	1780	47.485618557605
12	5503690	1800	47.570849706847
12	5647553	1820	47.372462700901
12	5794116	1840	47.187029114255
12	5944274	1860	47.495996755315
12	6095936	1880	48.186842440668
12	6250089	1900	47.930487043509
12	6406687	1920	47.478748500346
12	6566169	1940	47.449830828089
12	6728194	1960	47.742675479172
12	6892834	1980	48.396017266827
12	7060220	2000	47.697213904753
13	144859	240	0.58038237566931
13	170740	260	0.99181905518626
13	197626	280	0.78680026109286
13	225077	300	0.80333248627857
13	252097	320	1.873788014091
13	279383	340	2.6033781004264
13	307036	360	0.81616378373174
13	334751	380	2.1154336940454
13	362567	400	3.0144333246881
13	391033	420	1.8600356428395
13	419969	440	1.8233479549824
13	449494	460	0.2902721253626
13	479289	480	0.62980814494377
13	509794	500	0.82831252228311
13	541033	520	0.98804447158983
13	573103	540	2.3351224221582
13	605899	560	1.0738910838229
13	639223	580	1.8385847814218
13	673649	600	0.18899285942441
13	708697	620	0.88080049602137
13	744890	640	2.3225399025431
13	782356	660	2.8065080237464
13	820525	680	1.6980457536026
13	860296	700	0.55220419930821
13	901228	720	0.64006595888914
13	943774	740	2.239042743163
13	987342	760	2.8031008597951
13	1031756	780	1.2119199033264
13	1077744	800	2.9393390941798
13	1124740	820	1.1856768788903
13	1172314	840	1.6168363782034
13	1221628	860	1.25414349606
13	1271958	880	1.6466714432392
13	1323570	900	1.5970241355427
13	1376365	920	1.732197564815
13	1430413	940	1.5618201436064
13	1485888	960	1.9875041416709
13	1542691	980	2.0259070699946
13	1600789	1000	2.4669354897666
13	1660429	1020	2.1779692946743
13	1721171	1040	1.1351681794047
13	1783833	1060	1.6526312524376
13	1848611	1080	2.4664945583492
13	1914247	1100	1.4314405439071
13	1981772	1120	1.7039920037634
13	2051137	1140	1.8160980112431
13	2123227	1160	1.4919696389823
13	2197322	1180	1.9080192965104
13	2272676	1200	1.48362581594
13	2349548	1220	2.5195127724494
13	2428463	1240	1.6402958985858
13	2509242	1260	1.3163965727168
13	2592366	1280	1.7402515942868
13	2677082	1300	1.4590860604786
13	2763628	1320	2.4143308201601
13	2852609	1340	1.7806177892863
13	2942916	1360	1.7406097863332
13	3035399	1380	1.6581286683331
13	3130094	1400	2.4154744162527
13	3226812	1420	2.7681364201973
13	3325311	1440	1.5766399038642
13	3426378	1460	1.52828485253
13	3530607	1480	1.5237408951483
13	3637085	1500	2.2997694593601
13	3745257	1520	1.8203273533547
13	3856455	1540	1.9998976847238
13	3969584	1560	1.9862961832699
13	4084532	1580	1.9577103568023
13	4201884	1600	2.1467952175434
13	4322423	1620	2.2789896674823
13	4444568	1640	1.9803144939412
13	4568458	1660	2.6398613458483
13	4695313	1680	1.1322336033631
13	4823870	1700	1.8395106995928
13	4954830	1720	1.9880665107174
13	5088356	1740	1.583559487065
13	5224754	1760	2.0461917460479
13	5362767	1780	1.548870579528
13	5503690	1800	2.0857734105804
13	5647553	1820	1.8773052874533
13	5794116	1840	1.4126586152943
13	5944274	1860	1.9127983863002
13	6095936	1880	1.919718492999
13	6250089	1900	1.2913508889512
13	6406687	1920	1.7183735773886
13	6566169	1940	1.7242726345836
13	6728194	1960	2.2296314348609
13	6892834	1980	1.9836057296973
13	7060220	2000	1.5551336797364
14	144859	240	0.33684370198756
14	170740	260	0.98370503823057
14	197626	280	0.61905465085579
14	225077	300	0.64534308351051
14	252097	320	3.5110815217511
14	279383	340	6.7775775337798
14	307036	360	0.66612332187532
14	334751	380	4.4750597139026
14	362567	400	9.0868082689902
14	391033	420	3.4597325926332
14	419969	440	3.3245977649385
14	449494	460	0.084257906762522
14	479289	480	0.39665829943751
14	509794	500	0.68610163457101
14	541033	520	0.97623187783922
14	573103	540	5.4527967264662
14	605899	560	1.1532420599143
14	639223	580	3.3803939984758
14	673649	600	0.035718300913414
14	708697	620	0.7758095137915
14	744890	640	5.3941915989051
14	782356	660	7.8764872873527
14	820525	680	2.8833593813278
14	860296	700	0.30492947773363
14	901228	720	0.40968443172868
14	943774	740	5.0133124057107
14	987342	760	7.857374430184
14	1031756	780	1.4687498520787
14	1077744	800	8.6397143105739
14	1124740	820	1.4058296611349
14	1172314	840	2.6141598738819
14	1221628	860	1.5728759087096
14	1271958	880	2.7115268419796
14	1323570	900	2.5504860895058
14	1376365	920	3.000508403551
14	1430413	940	2.4392821609747
14	1485888	960	3.950172713159
14	1542691	980	4.1042994562539
14	1600789	1000	6.0857707106699
14	1660429	1020	4.7435502485443
14	1721171	1040	1.288606795533
14	1783833	1060	2.7311900565335
14	1848611	1080	6.0835954063664
14	1914247	1100	2.049022030741
14	1981772	1120	2.9035887488898
14	2051137	1140	3.298211986441
14	2123227	1160	2.2259734036449
14	2197322	1180	3.640537635856
14	2272676	1200	2.2011455617235
14	2349548	1220	6.3479446105357
14	2428463	1240	2.6905706349173
14	2509242	1260	1.7328999366606
14	2592366	1280	3.0284756114176
14	2677082	1300	2.128932131883
14	2763628	1320	5.8289933091748
14	2852609	1340	3.1705997115227
14	2942916	1360	3.0297224282788
14	3035399	1380	2.749390680748
14	3130094	1400	5.8345166555714
14	3226812	1420	7.6625792408228
14	3325311	1440	2.485793386457
14	3426378	1460	2.3356545904726
14	3530607	1480	2.3217863155474
14	3637085	1500	5.2889395662052
14	3745257	1520	3.3135916733713
14	3856455	1540	3.9995907493635
14	3969584	1560	3.9453725276724
14	4084532	1580	3.8326298411311
14	4201884	1600	4.608729706067
14	4322423	1620	5.193793904491
14	4444568	1640	3.9216454949137
14	4568458	1660	6.9688679253042
14	4695313	1680	1.2819529325845
14	4823870	1700	3.3837996139163
14	4954830	1720	3.9524084510362
14	5088356	1740	2.5076606490737
14	5224754	1760	4.1869006615946
14	5362767	1780	2.3990000721275
14	5503690	1800	4.3504507202841
14	5647553	1820	3.5242751423002
14	5794116	1840	1.9956043633652
14	5944274	1860	3.6587976666325
14	6095936	1880	3.6853190923624
14	6250089	1900	1.6675871183951
14	6406687	1920	2.9528077514674
14	6566169	1940	2.9731161183738
14	6728194	1960	4.9712563353201
14	6892834	1980	3.9346916908881
14	7060220	2000	2.4184407618503
15	144859	240	135.50832334399
15	170740	260	222.43088435894
15	197626	280	314.27810271624
15	225077	300	181.05092593989
15	252097	320	408.27122805727
15	279383	340	268.28211647955
15	307036	360	312.60459522568
15	334751	380	405.17763955613
15	362567	400	182.98724023154
15	391033	420	638.5741180803
15	419969	440	229.85186803455
15	449494	460	179.15733470065
15	479289	480	446.4233797275
15	509794	500	316.02728597274
15	541033	520	492.24046333915
15	573103	540	457.59227332339
15	605899	560	542.21904672953
15	639223	580	365.27367210017
15	673649	600	89.342509683712
15	708697	620	229.25542057922
15	744890	640	415.67538051692
15	782356	660	323.11225025104
15	820525	680	226.46578862732
15	860296	700	269.54688339238
15	901228	720	179.28074979597
15	943774	740	589.94482073764
15	987342	760	415.60669480571
15	1031756	780	316.47961814935
15	1077744	800	370.57510769454
15	1124740	820	360.08745319906
15	1172314	840	362.53767121803
15	1221628	860	495.82470136719
15	1271958	880	547.26025021001
15	1323570	900	271.44489493803
15	1376365	920	278.45729236854
15	1430413	940	407.89528141826
15	1485888	960	549.82337042415
15	1542691	980	364.16109257223
15	1600789	1000	368.77469104692
15	1660429	1020	324.87613216883
15	1721171	1040	496.0846211235
15	1783833	1060	414.12067140339
15	1848611	1080	324.29134119363
15	1914247	1100	501.10360102837
15	1981772	1120	318.7971043994
15	2051137	1140	318.59264634689
15	2123227	1160	453.33016098001
15	2197322	1180	274.58987144075
15	2272676	1200	316.38552166887
15	2349548	1220	601.63974134102
15	2428463	1240	454.82027069247
15	2509242	1260	269.9689810591
15	2592366	1280	549.20753129113
15	2677082	1300	770.19012701391
15	2763628	1320	506.89829126474
15	2852609	1340	318.4655130981
15	2942916	1360	321.56240812669
15	3035399	1380	449.54425604583
15	3130094	1400	548.62243040583
15	3226812	1420	775.56474321623
15	3325311	1440	315.18596767195
15	3426378	1460	453.97066238806
15	3530607	1480	313.92609671958
15	3637085	1500	549.44571729337
15	3745257	1520	504.7936014635
15	3856455	1540	594.07639207249
15	3969584	1560	683.43432133893
15	4084532	1580	594.44378758422
15	4201884	1600	319.06629612819
15	4322423	1620	683.59416643204
15	4444568	1640	363.54116581863
15	4568458	1660	819.84371673808
15	4695313	1680	274.74482179851
15	4823870	1700	318.76770023271
15	4954830	1720	542.74776245708
15	5088356	1740	502.09735593526
15	5224754	1760	409.85355189933
15	5362767	1780	318.29222729145
15	5503690	1800	319.09758647705
15	5647553	1820	456.14022625316
15	5794116	1840	635.89292868857
15	5944274	1860	453.43982160345
15	6095936	1880	634.60608185612
15	6250089	1900	365.70757658161
15	6406687	1920	453.47037515779
15	6566169	1940	681.39446786039
15	6728194	1960	502.25465220779
15	6892834	1980	459.58044538683
15	7060220	2000	588.10377241946
16	144859	240	45.169441114663
16	170740	260	44.486176871788
16	197626	280	44.896871816605
16	225077	300	45.262731484973
16	252097	320	45.363469784141
16	279383	340	44.713686079925
16	307036	360	44.657799317954
16	334751	380	45.019737728459
16	362567	400	45.746810057886
16	391033	420	45.612437005735
16	419969	440	45.97037360691
16	449494	460	44.789333675162
16	479289	480	44.64233797275
16	509794	500	45.146755138962
16	541033	520	44.749133030832
16	573103	540	45.759227332339
16	605899	560	45.184920560794
16	639223	580	45.659209012522
16	673649	600	44.671254841856
16	708697	620	45.851084115843
16	744890	640	46.186153390769
16	782356	660	46.158892893006
16	820525	680	45.293157725465
16	860296	700	44.924480565396
16	901228	720	44.820187448992
16	943774	740	45.380370825972
16	987342	760	46.178521645079
16	1031756	780	45.211374021335
16	1077744	800	46.321888461817
16	1124740	820	45.010931649882
16	1172314	840	45.317208902254
16	1221628	860	45.074972851563
16	1271958	880	45.605020850834
16	1323570	900	45.240815823006
16	1376365	920	46.40954872809
16	1430413	940	45.321697935362
16	1485888	960	45.818614202012
16	1542691	980	45.520136571529
16	1600789	1000	46.096836380866
16	1660429	1020	46.410876024119
16	1721171	1040	45.098601920318
16	1783833	1060	46.01340793371
16	1848611	1080	46.327334456233
16	1914247	1100	45.554872820761
16	1981772	1120	45.542443485629
16	2051137	1140	45.513235192413
16	2123227	1160	45.333016098001
16	2197322	1180	45.764978573459
16	2272676	1200	45.197931666981
16	2349548	1220	46.279980103155
16	2428463	1240	45.482027069247
16	2509242	1260	44.994830176516
16	2592366	1280	45.767294274261
16	2677082	1300	45.305301589054
16	2763628	1320	46.081662842249
16	2852609	1340	45.495073299729
16	2942916	1360	45.937486875241
16	3035399	1380	44.954425604583
16	3130094	1400	45.718535867152
16	3226812	1420	45.621455483308
16	3325311	1440	45.026566810278
16	3426378	1460	45.397066238806
16	3530607	1480	44.846585245654
16	3637085	1500	45.787143107781
16	3745257	1520	45.890327405773
16	3856455	1540	45.698184005576
16	3969584	1560	45.562288089262
16	4084532	1580	45.726445198786
16	4201884	1600	45.580899446884
16	4322423	1620	45.572944428803
16	4444568	1640	45.442645727328
16	4568458	1660	45.546873152116
16	4695313	1680	45.790803633085
16	4823870	1700	45.538242890388
16	4954830	1720	45.228980204757
16	5088356	1740	45.645214175932
16	5224754	1760	45.53928354437
16	5362767	1780	45.470318184493
16	5503690	1800	45.585369496722
16	5647553	1820	45.614022625316
16	5794116	1840	45.420923477755
16	5944274	1860	45.343982160345
16	6095936	1880	45.329005846866
16	6250089	1900	45.713447072702
16	6406687	1920	45.347037515779
16	6566169	1940	45.426297857359
16	6728194	1960	45.659513837072
16	6892834	1980	45.958044538683
16	7060220	2000	45.238751724574
17	144859	240	0.53629290965115
17	170740	260	0.18426097320769
17	197626	280	0.55176819470368
17	225077	300	0.6970953972294
17	252097	320	0.932079343688
17	279383	340	0.26726727868057
17	307036	360	0.53051653925982
17	334751	380	1.0232671387647
17	362567	400	1.2251701201364
17	391033	420	1.6387839936283
17	419969	440	1.5266895283316
17	449494	460	0.52931115111064
17	479289	480	0.4192990527151
17	509794	500	0.29136959064944
17	541033	520	0.39041719971237
17	573103	540	1.8462172763873
17	605899	560	1.295491872617
17	639223	580	1.3558220170109
17	673649	600	0.10988375710856
17	708697	620	1.154754152768
17	744890	640	1.4632340634185
17	782356	660	1.6353201398398
17	820525	680	1.2789798257332
17	860296	700	0.47297149653195
17	901228	720	0.44214540709138
17	943774	740	1.2145390278979
17	987342	760	1.3902858904891
17	1031756	780	1.073939308091
17	1077744	800	1.2089992083991
17	1124740	820	1.0036930814264
17	1172314	840	1.1639781184667
17	1221628	860	0.90980525353375
17	1271958	880	1.1379533985699
17	1323570	900	1.1630510225011
17	1376365	920	1.2555713519001
17	1430413	940	1.0255315532847
17	1485888	960	1.348989096718
17	1542691	980	1.2968312256165
17	1600789	1000	1.2834214370417
17	1660429	1020	0.93419817210089
17	1721171	1040	1.1158716907481
17	1783833	1060	1.4090382372299
17	1848611	1080	1.254363130565
17	1914247	1100	0.94833348164348
17	1981772	1120	0.95829338709658
17	2051137	1140	1.1780153512879
17	2123227	1160	0.97746207091185
17	2197322	1180	0.81166528194121
17	2272676	1200	0.55599144533942
17	2349548	1220	1.1910393089734
17	2428463	1240	0.85223138019741
17	2509242	1260	0.79079402605467
17	2592366	1280	1.042591910344
17	2677082	1300	0.86991963868857
17	2763628	1320	1.0938609358207
17	2852609	1340	1.2436117020183
17	2942916	1360	0.9828035776193
17	3035399	1380	0.6569526196423
17	3130094	1400	1.0197036016716
17	3226812	1420	0.82863372819616
17	3325311	1440	0.74090050547523
17	3426378	1460	0.80825585239405
17	3530607	1480	0.58775982035383
17	3637085	1500	0.65995960198372
17	3745257	1520	0.95697969246257
17	3856455	1540	1.1649635047737
17	3969584	1560	0.7947955544557
17	4084532	1580	1.0209002411507
17	4201884	1600	0.95744297208003
17	4322423	1620	0.82735003134728
17	4444568	1640	1.033788492492
17	4568458	1660	0.99499414975895
17	4695313	1680	0.3510844093113
17	4823870	1700	0.72724276370711
17	4954830	1720	0.73449687072247
17	5088356	1740	0.92027236441413
17	5224754	1760	0.56253720458808
17	5362767	1780	0.51393148481345
17	5503690	1800	1.2629271946637
17	5647553	1820	0.83501093088406
17	5794116	1840	1.0053742106692
17	5944274	1860	0.70953979217224
17	6095936	1880	0.65635629321424
17	6250089	1900	0.57567573670207
17	6406687	1920	0.91922229067373
17	6566169	1940	0.8075769709108
17	6728194	1960	1.0124734087448
17	6892834	1980	0.90373111384004
17	7060220	2000	0.92093271852305
18	144859	240	0.28761008494209
18	170740	260	0.033952106247443
18	197626	280	0.30444814068656
18	225077	300	0.48594199283841
18	252097	320	0.86877190292985
18	279383	340	0.071431798253315
18	307036	360	0.28144779842822
18	334751	380	1.0470756372757
18	362567	400	1.501041823275
18	391033	420	2.6856129777724
18	419969	440	2.3307809159174
18	449494	460	0.28017029469007
18	479289	480	0.17581169560778
18	509794	500	0.084896238355223
18	541033	520	0.15242558983125
18	573103	540	3.4085182316309
18	605899	560	1.6782991920168
18	639223	580	1.8382533418115
18	673649	600	0.012074440076292
18	708697	620	1.3334571533349
18	744890	640	2.1410539243483
18	782356	660	2.6742719597657
18	820525	680	1.6357893946325
18	860296	700	0.22370203653168
18	901228	720	0.195492561012
18	943774	740	1.4751050502871
18	987342	760	1.932894857293
18	1031756	780	1.1533456374629
18	1077744	800	1.4616790859097
18	1124740	820	1.0073998017032
18	1172314	840	1.3548450602693
18	1221628	860	0.82774559935762
18	1271958	880	1.2949379373169
18	1323570	900	1.3526876809409
18	1376365	920	1.5764594197122
18	1430413	940	1.0517149667824
18	1485888	960	1.8197715830641
18	1542691	980	1.681771227734
18	1600789	1000	1.6471705850581
18	1660429	1020	0.87272622475665
18	1721171	1040	1.245169630213
18	1783833	1060	1.9853887539758
18	1848611	1080	1.5734268633208
18	1914247	1100	0.89933639240604
18	1981772	1120	0.91832621575303
18	2051137	1140	1.3877201678698
18	2123227	1160	0.95543210007129
18	2197322	1180	0.65880052990871
18	2272676	1200	0.30912648729062
18	2349548	1220	1.4185746355197
18	2428463	1240	0.72629832539318
18	2509242	1260	0.62535519164376
18	2592366	1280	1.0869978915147
18	2677082	1300	0.75676017777605
18	2763628	1320	1.1965317469146
18	2852609	1340	1.5465700653968
18	2942916	1360	0.9659028721813
18	3035399	1380	0.43158674445488
18	3130094	1400	1.0397954352621
18	3226812	1420	0.68663385550427
18	3325311	1440	0.54893355901345
18	3426378	1460	0.65327752292923
18	3530607	1480	0.34546160642237
18	3637085	1500	0.43554667625051
18	3745257	1520	0.91581013178575
18	3856455	1540	1.3571399674546
18	3969584	1560	0.63169997338255
18	4084532	1580	1.0422373023816
18	4201884	1600	0.91669704478543
18	4322423	1620	0.68450807437035
18	4444568	1640	1.068718647209
18	4568458	1660	0.99001335805453
18	4695313	1680	0.12326026246146
18	4823870	1700	0.52888203736436
18	4954830	1720	0.5394856531011
18	5088356	1740	0.84690122470437
18	5224754	1760	0.31644810654577
18	5362767	1780	0.26412557108256
18	5503690	1800	1.5949850990211
18	5647553	1820	0.69724325469586
18	5794116	1840	1.0107773034786
18	5944274	1860	0.50344671667583
18	6095936	1880	0.43080358364193
18	6250089	1900	0.33140255382747
18	6406687	1920	0.84496961967146
18	6566169	1940	0.65218056394546
18	6728194	1960	1.0251024034154
18	6892834	1980	0.81672992612256
18	7060220	2000	0.84811707204625
19	144859	240	1789.8223676778
19	170740	260	1855.8475095952
19	197626	280	3455.7114147775
19	225077	300	2150.0201966924
19	252097	320	2647.887282649
19	279383	340	2379.7997142294
19	307036	360	3406.8904454886
19	334751	380	3640.8337286155
19	362567	400	2046.9037950002
19	391033	420	3761.2205306874
19	419969	440	2505.9314915661
19	449494	460	2056.8410524474
19	479289	480	3453.0361394367
19	509794	500	2444.3537377194
19	541033	520	3412.2144237272
19	573103	540	4306.1386424572
19	605899	560	4105.2101276338
19	639223	580	4021.0474042656
19	673649	600	1324.3843037111
19	708697	620	2585.8515617201
19	744890	640	3699.8887270801
19	782356	660	3467.698880549
19	820525	680	2897.1503643989
19	860296	700	3422.2694846835
19	901228	720	2741.3018664834
19	943774	740	4758.7796627419
19	987342	760	3899.5838008086
19	1031756	780	3599.7828706581
19	1077744	800	3411.6657430027
19	1124740	820	3907.1365909698
19	1172314	840	4942.9230256728
19	1221628	860	4355.8609216314
19	1271958	880	5238.8790038204
19	1323570	900	3269.0052210197
19	1376365	920	3315.9139993539
19	1430413	940	3938.0916814628
19	1485888	960	5203.9196663864
19	1542691	980	4935.6419595555
19	1600789	1000	4627.6559018427
19	1660429	1020	3290.2890510426
19	1721171	1040	4188.4029662042
19	1783833	1060	3991.3593005213
19	1848611	1080	3629.4389237652
19	1914247	1100	5452.0094427495
19	1981772	1120	4714.6789777774
19	2051137	1140	4100.3866509225
19	2123227	1160	5069.1750086901
19	2197322	1180	2935.4111667181
19	2272676	1200	3731.7989296037
19	2349548	1220	4382.0903947138
19	2428463	1240	5071.5266565946
19	2509242	1260	3566.5442685677
19	2592366	1280	4769.3176992158
19	2677082	1300	5667.2996702209
19	2763628	1320	6165.0098472677
19	2852609	1340	4594.6353270617
19	2942916	1360	3934.2431182506
19	3035399	1380	4148.2322658177
19	3130094	1400	5947.0169993858
19	3226812	1420	6084.0120513342
19	3325311	1440	3825.145062451
19	3426378	1460	5487.0320566869
19	3530607	1480	3471.4112301063
19	3637085	1500	4986.1728858051
19	3745257	1520	6317.0082969731
19	3856455	1540	5078.78727785
19	3969584	1560	7096.495965182
19	4084532	1580	6881.5129503828
19	4201884	1600	4385.9873032984
19	4322423	1620	6817.887296802
19	4444568	1640	5204.1387557954
19	4568458	1660	6792.8655857154
19	4695313	1680	3748.7748626194
19	4823870	1700	3827.8249395532
19	4954830	1720	6356.4012860909
19	5088356	1740	6245.3950133687
19	5224754	1760	6177.3875053983
19	5362767	1780	4331.8967073063
19	5503690	1800	4587.5639879659
19	5647553	1820	6261.3556395117
19	5794116	1840	7049.2998583695
19	5944274	1860	6305.5814426311
19	6095936	1880	6777.3542732781
19	6250089	1900	4884.5912941217
19	6406687	1920	5525.6176635213
19	6566169	1940	7461.6577081125
19	6728194	1960	6316.8104022651
19	6892834	1980	5075.6540647522
19	7060220	2000	6961.9327975031
20	144859	240	45.892881222508
20	170740	260	45.26457340476
20	197626	280	46.076152197034
20	225077	300	45.745110567924
20	252097	320	46.454162853492
20	279383	340	45.765379119795
20	307036	360	45.425205939848
20	334751	380	46.086502893867
20	362567	400	46.520540795459
20	391033	420	46.434821366512
20	419969	440	46.406138732705
20	449494	460	45.707578943275
20	479289	480	46.040481859156
20	509794	500	46.119881843763
20	541033	520	46.111005726043
20	573103	540	46.805854809318
20	605899	560	46.650115086748
20	639223	580	46.218935681214
20	673649	600	45.668424265899
20	708697	620	46.175920745002
20	744890	640	46.834034520001
20	782356	660	46.860795683095
20	820525	680	46.728231683853
20	860296	700	45.63025979578
20	901228	720	45.68836444139
20	943774	740	47.116630324177
20	987342	760	46.982937359139
20	1031756	780	46.750426891663
20	1077744	800	48.051630183136
20	1124740	820	46.513530844879
20	1172314	840	46.6313492988
20	1221628	860	46.83721421109
20	1271958	880	47.197108142526
20	1323570	900	46.042327056615
20	1376365	920	48.056724628317
20	1430413	940	46.882043826938
20	1485888	960	47.308360603513
20	1542691	980	46.562659995807
20	1600789	1000	47.220978590232
20	1660429	1020	47.685348565835
20	1721171	1040	47.06070748544
20	1783833	1060	48.08866627134
20	1848611	1080	47.7557753127
20	1914247	1100	47.000081403013
20	1981772	1120	47.146789777774
20	2051137	1140	47.130881045087
20	2123227	1160	46.93680563602
20	2197322	1180	47.345341398679
20	2272676	1200	46.647486620046
20	2349548	1220	47.631417333846
20	2428463	1240	47.397445388735
20	2509242	1260	46.318756734645
20	2592366	1280	48.174926254705
20	2677082	1300	47.624366976646
20	2763628	1320	47.42315267129
20	2852609	1340	46.884033949609
20	2942916	1360	47.400519496995
20	3035399	1380	47.139003020655
20	3130094	1400	47.198547614173
20	3226812	1420	47.905606703419
20	3325311	1440	46.648110517696
20	3426378	1460	46.897709886213
20	3530607	1480	46.285483068084
20	3637085	1500	47.943970055818
20	3745257	1520	47.856123461917
20	3856455	1540	47.913087526886
20	3969584	1560	47.94929706204
20	4084532	1580	48.122468184495
20	4201884	1600	47.673775035852
20	4322423	1620	48.013290822549
20	4444568	1640	47.310352325413
20	4568458	1660	47.837081589545
20	4695313	1680	48.061216187428
20	4823870	1700	47.257098019175
20	4954830	1720	47.435830493215
20	5088356	1740	47.674771094417
20	5224754	1760	47.886724848049
20	5362767	1780	47.603260519849
20	5503690	1800	47.787124874645
20	5647553	1820	47.434512420543
20	5794116	1840	47.310737304493
20	5944274	1860	47.769556383569
20	6095936	1880	47.727846994916
20	6250089	1900	47.888149942369
20	6406687	1920	47.634635030356
20	6566169	1940	47.225681696915
20	6728194	1960	47.854624259584
20	6892834	1980	48.33956252145
20	7060220	2000	47.684471215775
21	144859	240	2.2505908777483
21	170740	260	2.0651193961357
21	197626	280	2.1204045483453
21	225077	300	2.0848157820412
21	252097	320	1.9775073150984
21	279383	340	2.1729911060232
21	307036	360	1.9312181475622
21	334751	380	2.3666376336084
21	362567	400	2.7431096610205
21	391033	420	2.3188604017335
21	419969	440	2.2892092285868
21	449494	460	1.8838934370791
21	479289	480	1.9114154954477
21	509794	500	1.9318870696969
21	541033	520	1.7370199885183
21	573103	540	2.793156051891
21	605899	560	1.9800511574144
21	639223	580	2.3872148724398
21	673649	600	1.9252607348457
21	708697	620	2.0134669136455
21	744890	640	2.7350468434984
21	782356	660	3.0303068565177
21	820525	680	2.8908636684192
21	860296	700	1.8000252070213
21	901228	720	2.5617124245696
21	943774	740	2.8276249463093
21	987342	760	2.9422802091746
21	1031756	780	2.738154575605
21	1077744	800	3.5098255573343
21	1124740	820	2.4424187269503
21	1172314	840	2.2611732598374
21	1221628	860	2.2373260939054
21	1271958	880	2.2945299290048
21	1323570	900	2.613314190944
21	1376365	920	2.3857793669519
21	1430413	940	2.4262775137114
21	1485888	960	2.5517186501207
21	1542691	980	2.4581190409838
21	1600789	1000	3.0237059873091
21	1660429	1020	2.6362379676356
21	1721171	1040	2.4882617062825
21	1783833	1060	2.4002641025156
21	1848611	1080	2.7903787449263
21	1914247	1100	2.5072673026645
21	1981772	1120	2.9857895480072
21	2051137	1140	2.7216960373423
21	2123227	1160	2.5471952910608
21	2197322	1180	2.4630471827457
21	2272676	1200	2.5698039978209
21	2349548	1220	2.9389412838831
21	2428463	1240	2.8034597051274
21	2509242	1260	2.513083621745
21	2592366	1280	2.8584845348278
21	2677082	1300	2.3201277850941
21	2763628	1320	2.9506247948655
21	2852609	1340	2.2241944190245
21	2942916	1360	3.0086155394409
21	3035399	1380	2.6964591924131
21	3130094	1400	2.7637997412879
21	3226812	1420	2.8729848883195
21	3325311	1440	2.5324412304267
21	3426378	1460	2.5761032009317
21	3530607	1480	2.3656451224091
21	3637085	1500	2.8855561022507
21	3745257	1520	2.6678315160331
21	3856455	1540	2.6812447671003
21	3969584	1560	3.1262953202141
21	4084532	1580	2.9304811220472
21	4201884	1600	3.3894922461443
21	4322423	1620	2.8689267709747
21	4444568	1640	2.4755228300754
21	4568458	1660	3.1022402817898
21	4695313	1680	2.4583055116558
21	4823870	1700	2.6478618897896
21	4954830	1720	3.1518161907254
21	5088356	1740	2.4098489277071
21	5224754	1760	2.738192105095
21	5362767	1780	2.52011072583
21	5503690	1800	2.7929137196305
21	5647553	1820	2.5624790933467
21	5794116	1840	2.2823586656336
21	5944274	1860	2.5730333335101
21	6095936	1880	2.5536547252392
21	6250089	1900	2.2379684851558
21	6406687	1920	2.736838180613
21	6566169	1940	2.3401536136431
21	6728194	1960	2.7736096205279
21	6892834	1980	2.6004415731592
21	7060220	2000	2.5447762959115
22	144859	240	5.065159299004
22	170740	260	4.2647181202959
22	197626	280	4.4961154486436
22	225077	300	4.346456845048
22	252097	320	3.9105351812676
22	279383	340	4.721890346856
22	307036	360	3.7296035334735
22	334751	380	5.6009736888117
22	362567	400	7.5246506123841
22	391033	420	5.3771135627278
22	419969	440	5.2404788922468
22	449494	460	3.5490544822698
22	479289	480	3.6535091962377
22	509794	500	3.7321876500622
22	541033	520	3.0172384405122
22	573103	540	7.8017207302156
22	605899	560	3.9206025859781
22	639223	580	5.6987948471977
22	673649	600	3.7066288971385
22	708697	620	4.0540490123451
22	744890	640	7.4804812361307
22	782356	660	9.1827596446584
22	820525	680	8.3570927493862
22	860296	700	3.2400907459122
22	901228	720	6.562370546194
22	943774	740	7.9954628369905
22	987342	760	8.6570128293004
22	1031756	780	7.4974904799065
22	1077744	800	12.318875442917
22	1124740	820	5.9654092377573
22	1172314	840	5.1129045110035
22	1221628	860	5.0056280504699
22	1271958	880	5.2648675950987
22	1323570	900	6.8294110605892
22	1376365	920	5.6919431877734
22	1430413	940	5.8868225735418
22	1485888	960	6.5112680693736
22	1542691	980	6.0423492196472
22	1600789	1000	9.1427978976888
22	1660429	1020	6.9497506220035
22	1721171	1040	6.1914463189517
22	1783833	1060	5.7612677618249
22	1848611	1080	7.7862135401362
22	1914247	1100	6.2863893270105
22	1981772	1120	8.9149392249889
22	2051137	1140	7.4076293196847
22	2123227	1160	6.4882038508024
22	2197322	1180	6.0666014244316
22	2272676	1200	6.6038925872163
22	2349548	1220	8.6373758701124
22	2428463	1240	7.8593863182728
22	2509242	1260	6.315589289883
22	2592366	1280	8.1709338358496
22	2677082	1300	5.3829929391654
22	2763628	1320	8.706186680075
22	2852609	1340	4.9470408136199
22	2942916	1360	9.0517674641654
22	3035399	1380	7.2708921763494
22	3130094	1400	7.6385890099431
22	3226812	1420	8.2540421685123
22	3325311	1440	6.413258585565
22	3426378	1460	6.6363077018507
22	3530607	1480	5.596276845178
22	3637085	1500	8.3264340192363
22	3745257	1520	7.1173249979397
22	3856455	1540	7.1890735011025
22	3969584	1560	9.7737224291929
22	4084532	1580	8.5877196066749
22	4201884	1600	11.488657686673
22	4322423	1620	8.2307408172152
22	4444568	1640	6.1282132822244
22	4568458	1660	9.6238947659593
22	4695313	1680	6.0432659886375
22	4823870	1700	7.0111725874001
22	4954830	1720	9.9339453001186
22	5088356	1740	5.8073718543709
22	5224754	1760	7.4976960044043
22	5362767	1780	6.3509580704435
22	5503690	1800	7.8003670453006
22	5647553	1820	6.566299103839
22	5794116	1840	5.2091610785926
22	5944274	1860	6.6205005353543
22	6095936	1880	6.5211524557366
22	6250089	1900	5.0085029405506
22	6406687	1920	7.4902832268611
22	6566169	1940	5.4763189354467
22	6728194	1960	7.6929103270848
22	6892834	1980	6.7622963754147
22	7060220	2000	6.4758863962332
23	144859	240	3314.3911698148
23	170740	260	3588.7602801047
23	197626	280	3730.1842729483
23	225077	300	4056.4362524753
23	252097	320	3727.9635076671
23	279383	340	3913.7624677315
23	307036	360	3965.9570576045
23	334751	380	3873.4837925451
23	362567	400	4199.3349943516
23	391033	420	3756.7602474727
23	419969	440	4153.8275646964
23	449494	460	4314.3822575725
23	479289	480	4091.8252079101
23	509794	500	4362.1254018612
23	541033	520	4138.6301079424
23	573103	540	4369.2067778464
23	605899	560	4181.2759630646
23	639223	580	4453.1554788129
23	673649	600	4918.8292593743
23	708697	620	4736.8192354453
23	744890	640	4544.2388686673
23	782356	660	4774.6275600796
23	820525	680	4821.9068016129
23	860296	700	4922.1021793764
23	901228	720	5103.9983052335
23	943774	740	4685.6523644518
23	987342	760	4956.4471069566
23	1031756	780	5152.893941156
23	1077744	800	5184.6396562388
23	1124740	820	5198.8879884579
23	1172314	840	5244.082290638
23	1221628	860	5159.0792169342
23	1271958	880	5201.7832160497
23	1323570	900	5428.9266456865
23	1376365	920	5563.5868854584
23	1430413	940	5521.637881491
23	1485888	960	5428.7183099323
23	1542691	980	5613.7519308756
23	1600789	1000	5710.1008986426
23	1660429	1020	5844.8246799321
23	1721171	1040	5719.6230505824
23	1783833	1060	5848.8402078336
23	1848611	1080	5978.794772153
23	1914247	1100	5801.1298398914
23	1981772	1120	6080.5235605016
23	2051137	1140	6079.9983677688
23	2123227	1160	6081.2914908481
23	2197322	1180	6390.9205279103
23	2272676	1200	6400.6440347336
23	2349548	1220	6068.0700951837
23	2428463	1240	6398.6361676559
23	2509242	1260	6485.4764131378
23	2592366	1280	6340.9036161848
23	2677082	1300	6121.3518960755
23	2763628	1320	6477.6225258282
23	2852609	1340	6710.7776693789
23	2942916	1360	6758.535541049
23	3035399	1380	6620.6884733127
23	3130094	1400	6622.90160587
23	3226812	1420	6388.5736943626
23	3325311	1440	7032.409949746
23	3426378	1460	6842.8208584076
23	3530607	1480	7167.3603871497
23	3637085	1500	6877.6617640596
23	3745257	1520	7024.079615186
23	3856455	1540	7025.9411272638
23	3969584	1560	6977.7419441379
23	4084532	1580	7063.6277922825
23	4201884	1600	7473.6329100792
23	4322423	1620	7205.9909455033
23	4444568	1640	7528.9127242337
23	4568458	1660	7115.8168953773
23	4695313	1680	7761.825775275
23	4823870	1700	7661.6133028679
23	4954830	1720	7623.4495884643
23	5088356	1740	7619.3777504958
23	5224754	1760	7756.2518374817
23	5362767	1780	7935.4539097769
23	5503690	1800	7984.2930126162
23	5647553	1820	7937.8324175435
23	5794116	1840	7844.6443188805
23	5944274	1860	8024.6877534468
23	6095936	1880	7931.2950928303
23	6250089	1900	8299.8925465489
23	6406687	1920	8159.622380373
23	6566169	1940	7976.0528987596
23	6728194	1960	8198.6220087048
23	6892834	1980	8333.1178019413
23	7060220	2000	8294.2292520617
24	144859	240	44.789069862362
24	170740	260	44.859503501308
24	197626	280	44.941979192148
24	225077	300	45.071513916392
24	252097	320	44.915222983941
24	279383	340	44.985775491167
24	307036	360	45.067693836415
24	334751	380	45.04050921564
24	362567	400	45.154139724211
24	391033	420	45.262171656297
24	419969	440	45.150299616265
24	449494	460	45.414550079711
24	479289	480	45.464724532334
24	509794	500	45.438806269387
24	541033	520	45.479451735631
24	573103	540	45.512570602567
24	605899	560	45.448651772441
24	639223	580	45.440362028703
24	673649	600	45.544715364577
24	708697	620	45.546338802359
24	744890	640	45.442388686673
24	782356	660	45.47264342933
24	820525	680	45.489686807669
24	860296	700	45.575020179411
24	901228	720	45.571413439585
24	943774	740	45.491770528658
24	987342	760	45.471991806941
24	1031756	780	45.600831337664
24	1077744	800	45.479295230165
24	1124740	820	45.604280600508
24	1172314	840	45.600715570765
24	1221628	860	45.655568291453
24	1271958	880	45.629677333769
24	1323570	900	45.621232316693
24	1376365	920	45.603171192282
24	1430413	940	45.633370921413
24	1485888	960	45.61948159607
24	1542691	980	45.640259600614
24	1600789	1000	45.680807189141
24	1660429	1020	45.662692811969
24	1721171	1040	45.756984404659
24	1783833	1060	45.6940641237
24	1848611	1080	45.639654749259
24	1914247	1100	45.67818771568
24	1981772	1120	45.718222259411
24	2051137	1140	45.71427344187
24	2123227	1160	45.72399617179
24	2197322	1180	45.649432342217
24	2272676	1200	45.718885962383
24	2349548	1220	45.624587181832
24	2428463	1240	45.704544054685
24	2509242	1260	45.672369106604
24	2592366	1280	45.618011627229
24	2677082	1300	45.681730567728
24	2763628	1320	45.617060041044
24	2852609	1340	45.651548771285
24	2942916	1360	45.665780682764
24	3035399	1380	45.659920505605
24	3130094	1400	45.675183488759
24	3226812	1420	45.632669245447
24	3325311	1440	45.664999673675
24	3426378	1460	45.618805722718
24	3530607	1480	45.651976988215
24	3637085	1500	45.547428901057
24	3745257	1520	45.610906592117
24	3856455	1540	45.622994332882
24	3969584	1560	45.606156497633
24	4084532	1580	45.571792208274
24	4201884	1600	45.570932378532
24	4322423	1620	45.607537629768
24	4444568	1640	45.629774086265
24	4568458	1660	45.614210867803
24	4695313	1680	45.657798678088
24	4823870	1700	45.604841088499
24	4954830	1720	45.649398733319
24	5088356	1740	45.625016470035
24	5224754	1760	45.625010808716
24	5362767	1780	45.606056952741
24	5503690	1800	45.624531500664
24	5647553	1820	45.619726537606
24	5794116	1840	45.608397202794
24	5944274	1860	45.594816780948
24	6095936	1880	45.582155705921
24	6250089	1900	45.603805200818
24	6406687	1920	45.584482571916
24	6566169	1940	45.577445135769
24	6728194	1960	45.54790004836
24	6892834	1980	45.536162852138
24	7060220	2000	45.572688198141
25	144859	240	0.37869321745219
25	170740	260	0.41111774338348
25	197626	280	0.5265432162539
25	225077	300	0.97828956333932
25	252097	320	0.49723946399888
25	279383	340	0.59445069041405
25	307036	360	0.82913148875815
25	334751	380	0.81620964439834
25	362567	400	1.1427980934392
25	391033	420	1.3637409711223
25	419969	440	1.0768572613569
25	449494	460	1.4909932605564
25	479289	480	1.401693452688
25	509794	500	1.4096868387567
25	541033	520	1.3108220741744
25	573103	540	1.4945802041077
25	605899	560	1.2667993876775
25	639223	580	1.2733032928267
25	673649	600	1.3641616811743
25	708697	620	1.3577963865819
25	744890	640	1.259206808165
25	782356	660	1.2245037426379
25	820525	680	1.2371431556256
25	860296	700	1.2660300128092
25	901228	720	1.2262879322051
25	943774	740	1.1507035989357
25	987342	760	1.1046558995584
25	1031756	780	1.209026337945
25	1077744	800	1.14439538159
25	1124740	820	1.1270555154511
25	1172314	840	1.1909952053489
25	1221628	860	1.1877486641453
25	1271958	880	1.1813265135002
25	1323570	900	1.1919436522037
25	1376365	920	1.1703495071773
25	1430413	940	1.1902796557601
25	1485888	960	1.1976441617922
25	1542691	980	1.1377146986234
25	1600789	1000	1.1745869523519
25	1660429	1020	1.1964335638027
25	1721171	1040	1.1857174353023
25	1783833	1060	1.1551312142359
25	1848611	1080	1.1474232850723
25	1914247	1100	1.0817893685082
25	1981772	1120	1.1370959518893
25	2051137	1140	1.0982763362351
25	2123227	1160	1.0857331338187
25	2197322	1180	1.1137425840918
25	2272676	1200	1.0664834643754
25	2349548	1220	1.0058575333307
25	2428463	1240	1.0769551688071
25	2509242	1260	0.99521731962274
25	2592366	1280	0.97485656802846
25	2677082	1300	0.99072007644742
25	2763628	1320	0.99454035272831
25	2852609	1340	1.0007458366688
25	2942916	1360	1.0403412980358
25	3035399	1380	0.99366222232888
25	3130094	1400	1.0676587346459
25	3226812	1420	0.94672602371253
25	3325311	1440	1.0009280733927
25	3426378	1460	0.93854183228299
25	3530607	1480	0.97098438318204
25	3637085	1500	0.8831033116682
25	3745257	1520	0.92130344568263
25	3856455	1540	0.93900006771076
25	3969584	1560	0.93257291770308
25	4084532	1580	0.90153023071324
25	4201884	1600	0.91746301469619
25	4322423	1620	0.86569034499439
25	4444568	1640	0.8901312559031
25	4568458	1660	0.91823110373026
25	4695313	1680	0.94332811424266
25	4823870	1700	0.84233603469412
25	4954830	1720	0.91475904812806
25	5088356	1740	0.90146981391332
25	5224754	1760	0.84452665023556
25	5362767	1780	0.86062813933694
25	5503690	1800	0.89078519853355
25	5647553	1820	0.84786989081776
25	5794116	1840	0.84340628383295
25	5944274	1860	0.84808819161183
25	6095936	1880	0.8947012920136
25	6250089	1900	0.91321050569728
25	6406687	1920	0.85259228129569
25	6566169	1940	0.83279882574131
25	6728194	1960	0.81456455423619
25	6892834	1980	0.83460993551051
25	7060220	2000	0.77799743203888
26	144859	240	0.14340855294429
26	170740	260	0.16901779892473
26	197626	280	0.27724775858301
26	225077	300	0.95705046973864
26	252097	320	0.2472470845579
26	279383	340	0.35337162333374
26	307036	360	0.6874590256503
26	334751	380	0.66619818360887
26	362567	400	1.3059874823683
26	391033	420	1.8597894363176
26	419969	440	1.1596215613372
26	449494	460	2.2230609030246
26	479289	480	1.9647445353085
26	509794	500	1.9872169833638
26	541033	520	1.718254510143
26	573103	540	2.2337699865106
26	605899	560	1.60478068862
26	639223	580	1.6213012755233
26	673649	600	1.8609370923842
26	708697	620	1.8436110274149
26	744890	640	1.585601785729
26	782356	660	1.4994094157343
26	820525	680	1.5305231875114
26	860296	700	1.6028319933337
26	901228	720	1.5037820926719
26	943774	740	1.3241187726035
26	987342	760	1.2202646564292
26	1031756	780	1.4617446858447
26	1077744	800	1.3096407894045
26	1124740	820	1.2702541349087
26	1172314	840	1.418469579164
26	1221628	860	1.410746889179
26	1271958	880	1.3955323314985
26	1323570	900	1.4207296700286
26	1376365	920	1.3697179689501
26	1430413	940	1.4167656589164
26	1485888	960	1.434351538275
26	1542691	980	1.2943947354637
26	1600789	1000	1.3796545086353
26	1660429	1020	1.4314532725936
26	1721171	1040	1.4059258363797
26	1783833	1060	1.3343281221022
26	1848611	1080	1.3165801951261
26	1914247	1100	1.1702682378173
26	1981772	1120	1.2929872038029
26	2051137	1140	1.206210910734
26	2123227	1160	1.1788164378718
26	2197322	1180	1.2404225436195
26	2272676	1200	1.1373869797862
26	2349548	1220	1.011749377358
26	2428463	1240	1.1598324356204
26	2509242	1260	0.99045751327707
26	2592366	1280	0.95034532822823
26	2677082	1300	0.98152626987598
26	2763628	1320	0.98911051320495
26	2852609	1340	1.0014922296099
26	2942916	1360	1.0823100163988
26	3035399	1380	0.98736461208357
26	3130094	1400	1.1398951736656
26	3226812	1420	0.89629016397453
26	3325311	1440	1.0018570081055
26	3426378	1460	0.88086077094511
26	3530607	1480	0.94281067238342
26	3637085	1500	0.77987145907934
26	3745257	1520	0.84880003902668
26	3856455	1540	0.88172112716082
26	3969584	1560	0.86969224683324
26	4084532	1580	0.81275675688987
26	4201884	1600	0.84173838333541
26	4322423	1620	0.74941977341651
26	4444568	1640	0.79233365273562
26	4568458	1660	0.8431483598577
26	4695313	1680	0.88986793112061
26	4823870	1700	0.70952999534421
26	4954830	1720	0.83678411613215
26	5088356	1740	0.81264782539692
26	5224754	1760	0.71322526295809
26	5362767	1780	0.74068079421856
26	5503690	1800	0.79349826992646
26	5647553	1820	0.71888335175532
26	5794116	1840	0.71133415960891
26	5944274	1860	0.71925358075142
26	6095936	1880	0.8004904019308
26	6250089	1900	0.83395342771588
26	6406687	1920	0.726913598125
26	6566169	1940	0.69355388415611
26	6728194	1960	0.66351541301801
26	6892834	1980	0.69657374445286
26	7060220	2000	0.60528000425909
