version 2
run statisticRVV-143-20150325-15:18:24-13972
attr c 16
attr configname statisticRVV
attr datetime 20150325-15:18:24
attr experiment statisticRVV
attr inifile omnetpp.ini
attr iterationvars "$sc=\"erlangen-medium.launchd.xml\", $p=1/15, $c=16"
attr iterationvars2 "$sc=\"erlangen-medium.launchd.xml\", $p=1/15, $c=16, $repetition=3"
attr measurement "$sc=\"erlangen-medium.launchd.xml\", $p=1/15, $c=16"
attr network RSUExampleScenario
attr p 1/15
attr processid 13972
attr repetition 3
attr replication #3
attr resultdir results
attr runnumber 143
attr sc "\"erlangen-medium.launchd.xml\""
attr seedset 143

vector 0  RSUExampleScenario.rsu[0].appl  Number_CH  ETV
vector 1  RSUExampleScenario.rsu[0].appl  Number_ON  ETV
vector 2  RSUExampleScenario.rsu[0].appl  Number_FN  ETV
vector 3  RSUExampleScenario.rsu[0].appl  Number_CH_Losts  ETV
vector 4  RSUExampleScenario.rsu[0].appl  Mean_Cluster_Size  ETV
vector 5  RSUExampleScenario.rsu[0].appl  StdDev_Cluster_Size  ETV
vector 6  RSUExampleScenario.rsu[0].appl  Variance_Cluster_Size  ETV
vector 7  RSUExampleScenario.rsu[0].appl  Mean_Neighbors  ETV
vector 8  RSUExampleScenario.rsu[0].appl  StdDev_Neighbors  ETV
vector 9  RSUExampleScenario.rsu[0].appl  Variance_Neighbors  ETV
vector 10  RSUExampleScenario.rsu[0].appl  Total_CH_Utility  ETV
vector 11  RSUExampleScenario.rsu[0].appl  Mean_CH_Utility  ETV
vector 12  RSUExampleScenario.rsu[0].appl  StdDev_CH_Utility  ETV
vector 13  RSUExampleScenario.rsu[0].appl  Variance_CH_Utility  ETV
vector 14  RSUExampleScenario.rsu[0].appl  Total_exp_CH_Utility  ETV
vector 15  RSUExampleScenario.rsu[0].appl  Mean_exp_CH_Utility  ETV
vector 16  RSUExampleScenario.rsu[0].appl  StdDev_exp_CH_Utility  ETV
vector 17  RSUExampleScenario.rsu[0].appl  Variance_exp_CH_Utility  ETV
vector 18  RSUExampleScenario.rsu[0].appl  Total_ON_Utility  ETV
vector 19  RSUExampleScenario.rsu[0].appl  Mean_ON_Utility  ETV
vector 20  RSUExampleScenario.rsu[0].appl  StdDev_ON_Utility  ETV
vector 21  RSUExampleScenario.rsu[0].appl  Variance_ON_Utility  ETV
vector 22  RSUExampleScenario.rsu[0].appl  Total_exp_ON_Utility  ETV
vector 23  RSUExampleScenario.rsu[0].appl  Mean_exp_ON_Utility  ETV
vector 24  RSUExampleScenario.rsu[0].appl  StdDev_exp_ON_Utility  ETV
vector 25  RSUExampleScenario.rsu[0].appl  Variance_exp_ON_Utility  ETV
0	144977	240	9
0	171114	260	3
0	198389	280	2
0	225546	300	2
0	252598	320	5
0	280091	340	5
0	307980	360	5
0	335765	380	5
0	363767	400	5
0	392164	420	4
0	421280	440	8
0	450717	460	5
0	480732	480	6
0	511481	500	9
0	542977	520	6
0	575160	540	3
0	608260	560	3
0	641752	580	6
0	676412	600	6
0	711803	620	4
0	748085	640	12
0	786061	660	5
0	824591	680	6
0	864377	700	6
0	905540	720	7
0	948352	740	8
0	992547	760	9
0	1037598	780	12
0	1084197	800	4
0	1131335	820	8
0	1180093	840	10
0	1229525	860	7
0	1279863	880	7
0	1331647	900	7
0	1384417	920	7
0	1438829	940	9
0	1494364	960	6
0	1551369	980	8
0	1610123	1000	10
0	1670332	1020	7
0	1731751	1040	7
0	1794781	1060	8
0	1858949	1080	11
0	1925536	1100	5
0	1994091	1120	10
0	2063936	1140	9
0	2135744	1160	6
0	2209258	1180	7
0	2285220	1200	10
0	2362666	1220	9
0	2441842	1240	6
0	2523292	1260	4
0	2605795	1280	7
0	2691142	1300	6
0	2778359	1320	6
0	2868000	1340	9
0	2959809	1360	11
0	3053735	1380	7
0	3149159	1400	9
0	3248093	1420	8
0	3348252	1440	10
0	3450199	1460	9
0	3555388	1480	10
0	3662566	1500	11
0	3772379	1520	8
0	3885135	1540	9
0	4000465	1560	12
0	4117204	1580	12
0	4236144	1600	8
0	4357790	1620	10
0	4482428	1640	6
0	4608244	1660	14
0	4736142	1680	4
0	4865559	1700	6
0	4997997	1720	9
0	5133356	1740	11
0	5270801	1760	10
0	5411014	1780	10
0	5553779	1800	3
0	5699949	1820	14
0	5847616	1840	10
0	5997606	1860	12
0	6150291	1880	12
0	6305606	1900	7
0	6463601	1920	8
0	6625067	1940	10
0	6788743	1960	13
0	6954147	1980	8
0	7122356	2000	10
1	144977	240	14
1	171114	260	5
1	198389	280	2
1	225546	300	3
1	252598	320	6
1	280091	340	8
1	307980	360	9
1	335765	380	6
1	363767	400	6
1	392164	420	4
1	421280	440	11
1	450717	460	6
1	480732	480	8
1	511481	500	14
1	542977	520	9
1	575160	540	5
1	608260	560	4
1	641752	580	6
1	676412	600	8
1	711803	620	7
1	748085	640	14
1	786061	660	9
1	824591	680	8
1	864377	700	7
1	905540	720	9
1	948352	740	8
1	992547	760	11
1	1037598	780	16
1	1084197	800	7
1	1131335	820	12
1	1180093	840	15
1	1229525	860	13
1	1279863	880	9
1	1331647	900	13
1	1384417	920	8
1	1438829	940	13
1	1494364	960	11
1	1551369	980	14
1	1610123	1000	17
1	1670332	1020	9
1	1731751	1040	9
1	1794781	1060	12
1	1858949	1080	18
1	1925536	1100	6
1	1994091	1120	13
1	2063936	1140	11
1	2135744	1160	8
1	2209258	1180	11
1	2285220	1200	14
1	2362666	1220	15
1	2441842	1240	7
1	2523292	1260	8
1	2605795	1280	12
1	2691142	1300	10
1	2778359	1320	9
1	2868000	1340	11
1	2959809	1360	19
1	3053735	1380	13
1	3149159	1400	16
1	3248093	1420	12
1	3348252	1440	11
1	3450199	1460	11
1	3555388	1480	14
1	3662566	1500	16
1	3772379	1520	11
1	3885135	1540	10
1	4000465	1560	15
1	4117204	1580	18
1	4236144	1600	12
1	4357790	1620	17
1	4482428	1640	8
1	4608244	1660	19
1	4736142	1680	5
1	4865559	1700	9
1	4997997	1720	12
1	5133356	1740	15
1	5270801	1760	17
1	5411014	1780	17
1	5553779	1800	5
1	5699949	1820	20
1	5847616	1840	16
1	5997606	1860	20
1	6150291	1880	19
1	6305606	1900	9
1	6463601	1920	13
1	6625067	1940	12
1	6788743	1960	17
1	6954147	1980	10
1	7122356	2000	14
2	144977	240	57
2	171114	260	79
2	198389	280	89
2	225546	300	90
2	252598	320	85
2	280091	340	84
2	307980	360	81
2	335765	380	82
2	363767	400	85
2	392164	420	88
2	421280	440	79
2	450717	460	89
2	480732	480	87
2	511481	500	79
2	542977	520	90
2	575160	540	97
2	608260	560	100
2	641752	580	95
2	676412	600	95
2	711803	620	99
2	748085	640	85
2	786061	660	97
2	824591	680	101
2	864377	700	101
2	905540	720	99
2	948352	740	101
2	992547	760	98
2	1037598	780	92
2	1084197	800	112
2	1131335	820	101
2	1180093	840	100
2	1229525	860	104
2	1279863	880	109
2	1331647	900	107
2	1384417	920	114
2	1438829	940	109
2	1494364	960	115
2	1551369	980	111
2	1610123	1000	108
2	1670332	1020	119
2	1731751	1040	119
2	1794781	1060	117
2	1858949	1080	109
2	1925536	1100	130
2	1994091	1120	117
2	2063936	1140	122
2	2135744	1160	130
2	2209258	1180	127
2	2285220	1200	122
2	2362666	1220	123
2	2441842	1240	134
2	2523292	1260	138
2	2605795	1280	132
2	2691142	1300	136
2	2778359	1320	138
2	2868000	1340	134
2	2959809	1360	126
2	3053735	1380	136
2	3149159	1400	134
2	3248093	1420	140
2	3348252	1440	140
2	3450199	1460	142
2	3555388	1480	140
2	3662566	1500	137
2	3772379	1520	146
2	3885135	1540	150
2	4000465	1560	141
2	4117204	1580	140
2	4236144	1600	151
2	4357790	1620	146
2	4482428	1640	160
2	4608244	1660	142
2	4736142	1680	167
2	4865559	1700	162
2	4997997	1720	156
2	5133356	1740	153
2	5270801	1760	155
2	5411014	1780	156
2	5553779	1800	176
2	5699949	1820	150
2	5847616	1840	160
2	5997606	1860	155
2	6150291	1880	157
2	6305606	1900	174
2	6463601	1920	169
2	6625067	1940	170
2	6788743	1960	164
2	6954147	1980	176
2	7122356	2000	174
3	144977	240	2
3	171114	260	0
3	198389	280	2
3	225546	300	2
3	252598	320	1
3	280091	340	2
3	307980	360	1
3	335765	380	1
3	363767	400	3
3	392164	420	3
3	421280	440	0
3	450717	460	3
3	480732	480	2
3	511481	500	3
3	542977	520	3
3	575160	540	3
3	608260	560	0
3	641752	580	1
3	676412	600	2
3	711803	620	2
3	748085	640	4
3	786061	660	0
3	824591	680	0
3	864377	700	0
3	905540	720	4
3	948352	740	2
3	992547	760	0
3	1037598	780	4
3	1084197	800	1
3	1131335	820	0
3	1180093	840	0
3	1229525	860	3
3	1279863	880	4
3	1331647	900	1
3	1384417	920	2
3	1438829	940	4
3	1494364	960	3
3	1551369	980	4
3	1610123	1000	2
3	1670332	1020	2
3	1731751	1040	2
3	1794781	1060	1
3	1858949	1080	1
3	1925536	1100	4
3	1994091	1120	1
3	2063936	1140	2
3	2135744	1160	1
3	2209258	1180	1
3	2285220	1200	1
3	2362666	1220	1
3	2441842	1240	4
3	2523292	1260	1
3	2605795	1280	1
3	2691142	1300	2
3	2778359	1320	1
3	2868000	1340	4
3	2959809	1360	7
3	3053735	1380	2
3	3149159	1400	1
3	3248093	1420	2
3	3348252	1440	3
3	3450199	1460	5
3	3555388	1480	3
3	3662566	1500	2
3	3772379	1520	3
3	3885135	1540	2
3	4000465	1560	1
3	4117204	1580	4
3	4236144	1600	4
3	4357790	1620	3
3	4482428	1640	4
3	4608244	1660	0
3	4736142	1680	0
3	4865559	1700	3
3	4997997	1720	4
3	5133356	1740	5
3	5270801	1760	2
3	5411014	1780	2
3	5553779	1800	6
3	5699949	1820	2
3	5847616	1840	1
3	5997606	1860	2
3	6150291	1880	4
3	6305606	1900	3
3	6463601	1920	5
3	6625067	1940	0
3	6788743	1960	4
3	6954147	1980	3
3	7122356	2000	3
4	144977	240	1.5555555555556
4	171114	260	1.6666666666667
4	198389	280	1
4	225546	300	1.5
4	252598	320	1.2
4	280091	340	1.6
4	307980	360	1.8
4	335765	380	1.2
4	363767	400	1.2
4	392164	420	1
4	421280	440	1.375
4	450717	460	1.2
4	480732	480	1.3333333333333
4	511481	500	1.5555555555556
4	542977	520	1.5
4	575160	540	1.6666666666667
4	608260	560	1.3333333333333
4	641752	580	1
4	676412	600	1.3333333333333
4	711803	620	1.75
4	748085	640	1.1666666666667
4	786061	660	1.8
4	824591	680	1.3333333333333
4	864377	700	1.1666666666667
4	905540	720	1.2857142857143
4	948352	740	1
4	992547	760	1.2222222222222
4	1037598	780	1.3333333333333
4	1084197	800	1.75
4	1131335	820	1.5
4	1180093	840	1.5
4	1229525	860	1.8571428571429
4	1279863	880	1.2857142857143
4	1331647	900	1.8571428571429
4	1384417	920	1.1428571428571
4	1438829	940	1.4444444444444
4	1494364	960	1.8333333333333
4	1551369	980	1.75
4	1610123	1000	1.7
4	1670332	1020	1.2857142857143
4	1731751	1040	1.2857142857143
4	1794781	1060	1.5
4	1858949	1080	1.6363636363636
4	1925536	1100	1.2
4	1994091	1120	1.3
4	2063936	1140	1.2222222222222
4	2135744	1160	1.3333333333333
4	2209258	1180	1.5714285714286
4	2285220	1200	1.4
4	2362666	1220	1.6666666666667
4	2441842	1240	1.1666666666667
4	2523292	1260	2
4	2605795	1280	1.7142857142857
4	2691142	1300	1.6666666666667
4	2778359	1320	1.5
4	2868000	1340	1.2222222222222
4	2959809	1360	1.7272727272727
4	3053735	1380	1.8571428571429
4	3149159	1400	1.7777777777778
4	3248093	1420	1.5
4	3348252	1440	1.1
4	3450199	1460	1.2222222222222
4	3555388	1480	1.4
4	3662566	1500	1.4545454545455
4	3772379	1520	1.375
4	3885135	1540	1.1111111111111
4	4000465	1560	1.25
4	4117204	1580	1.5
4	4236144	1600	1.5
4	4357790	1620	1.7
4	4482428	1640	1.3333333333333
4	4608244	1660	1.3571428571429
4	4736142	1680	1.25
4	4865559	1700	1.5
4	4997997	1720	1.3333333333333
4	5133356	1740	1.3636363636364
4	5270801	1760	1.7
4	5411014	1780	1.7
4	5553779	1800	1.6666666666667
4	5699949	1820	1.4285714285714
4	5847616	1840	1.6
4	5997606	1860	1.6666666666667
4	6150291	1880	1.5833333333333
4	6305606	1900	1.2857142857143
4	6463601	1920	1.625
4	6625067	1940	1.2
4	6788743	1960	1.3076923076923
4	6954147	1980	1.25
4	7122356	2000	1.4
5	144977	240	0.52704627669473
5	171114	260	0.57735026918963
5	198389	280	0
5	225546	300	0.70710678118655
5	252598	320	0.44721359549996
5	280091	340	0.54772255750517
5	307980	360	0.44721359549996
5	335765	380	0.44721359549996
5	363767	400	0.44721359549996
5	392164	420	0
5	421280	440	0.51754916950677
5	450717	460	0.44721359549996
5	480732	480	0.51639777949432
5	511481	500	0.52704627669473
5	542977	520	0.54772255750517
5	575160	540	0.57735026918963
5	608260	560	0.57735026918963
5	641752	580	0
5	676412	600	0.51639777949432
5	711803	620	0.5
5	748085	640	0.38924947208076
5	786061	660	0.44721359549996
5	824591	680	0.51639777949432
5	864377	700	0.40824829046386
5	905540	720	0.48795003647427
5	948352	740	0
5	992547	760	0.4409585518441
5	1037598	780	0.49236596391733
5	1084197	800	0.5
5	1131335	820	0.53452248382485
5	1180093	840	0.52704627669473
5	1229525	860	0.69006555934235
5	1279863	880	0.48795003647427
5	1331647	900	0.69006555934235
5	1384417	920	0.37796447300923
5	1438829	940	0.52704627669473
5	1494364	960	0.40824829046386
5	1551369	980	0.46291004988628
5	1610123	1000	0.82327260234856
5	1670332	1020	0.48795003647427
5	1731751	1040	0.48795003647427
5	1794781	1060	0.53452248382485
5	1858949	1080	0.50452497910951
5	1925536	1100	0.44721359549996
5	1994091	1120	0.48304589153965
5	2063936	1140	0.4409585518441
5	2135744	1160	0.51639777949432
5	2209258	1180	0.53452248382485
5	2285220	1200	0.51639777949432
5	2362666	1220	0.5
5	2441842	1240	0.40824829046386
5	2523292	1260	0
5	2605795	1280	0.48795003647427
5	2691142	1300	0.51639777949432
5	2778359	1320	0.54772255750517
5	2868000	1340	0.4409585518441
5	2959809	1360	0.64666979068286
5	3053735	1380	0.69006555934235
5	3149159	1400	0.66666666666667
5	3248093	1420	0.53452248382485
5	3348252	1440	0.31622776601684
5	3450199	1460	0.4409585518441
5	3555388	1480	0.51639777949432
5	3662566	1500	0.52223296786709
5	3772379	1520	0.51754916950677
5	3885135	1540	0.33333333333333
5	4000465	1560	0.45226701686665
5	4117204	1580	0.52223296786709
5	4236144	1600	0.53452248382485
5	4357790	1620	0.48304589153965
5	4482428	1640	0.51639777949432
5	4608244	1660	0.49724515809885
5	4736142	1680	0.5
5	4865559	1700	0.54772255750517
5	4997997	1720	0.5
5	5133356	1740	0.50452497910951
5	5270801	1760	0.48304589153965
5	5411014	1780	0.48304589153965
5	5553779	1800	0.57735026918963
5	5699949	1820	0.5135525910131
5	5847616	1840	0.51639777949432
5	5997606	1860	0.49236596391733
5	6150291	1880	0.51492865054444
5	6305606	1900	0.48795003647427
5	6463601	1920	0.51754916950677
5	6625067	1940	0.42163702135578
5	6788743	1960	0.48038446141526
5	6954147	1980	0.46291004988628
5	7122356	2000	0.51639777949432
6	144977	240	0.27777777777778
6	171114	260	0.33333333333333
6	198389	280	0
6	225546	300	0.5
6	252598	320	0.2
6	280091	340	0.3
6	307980	360	0.2
6	335765	380	0.2
6	363767	400	0.2
6	392164	420	0
6	421280	440	0.26785714285714
6	450717	460	0.2
6	480732	480	0.26666666666667
6	511481	500	0.27777777777778
6	542977	520	0.3
6	575160	540	0.33333333333333
6	608260	560	0.33333333333333
6	641752	580	0
6	676412	600	0.26666666666667
6	711803	620	0.25
6	748085	640	0.15151515151515
6	786061	660	0.2
6	824591	680	0.26666666666667
6	864377	700	0.16666666666667
6	905540	720	0.23809523809524
6	948352	740	0
6	992547	760	0.19444444444444
6	1037598	780	0.24242424242424
6	1084197	800	0.25
6	1131335	820	0.28571428571429
6	1180093	840	0.27777777777778
6	1229525	860	0.47619047619048
6	1279863	880	0.23809523809524
6	1331647	900	0.47619047619048
6	1384417	920	0.14285714285714
6	1438829	940	0.27777777777778
6	1494364	960	0.16666666666667
6	1551369	980	0.21428571428571
6	1610123	1000	0.67777777777778
6	1670332	1020	0.23809523809524
6	1731751	1040	0.23809523809524
6	1794781	1060	0.28571428571429
6	1858949	1080	0.25454545454545
6	1925536	1100	0.2
6	1994091	1120	0.23333333333333
6	2063936	1140	0.19444444444444
6	2135744	1160	0.26666666666667
6	2209258	1180	0.28571428571429
6	2285220	1200	0.26666666666667
6	2362666	1220	0.25
6	2441842	1240	0.16666666666667
6	2523292	1260	0
6	2605795	1280	0.23809523809524
6	2691142	1300	0.26666666666667
6	2778359	1320	0.3
6	2868000	1340	0.19444444444444
6	2959809	1360	0.41818181818182
6	3053735	1380	0.47619047619048
6	3149159	1400	0.44444444444444
6	3248093	1420	0.28571428571429
6	3348252	1440	0.1
6	3450199	1460	0.19444444444444
6	3555388	1480	0.26666666666667
6	3662566	1500	0.27272727272727
6	3772379	1520	0.26785714285714
6	3885135	1540	0.11111111111111
6	4000465	1560	0.20454545454545
6	4117204	1580	0.27272727272727
6	4236144	1600	0.28571428571429
6	4357790	1620	0.23333333333333
6	4482428	1640	0.26666666666667
6	4608244	1660	0.24725274725275
6	4736142	1680	0.25
6	4865559	1700	0.3
6	4997997	1720	0.25
6	5133356	1740	0.25454545454545
6	5270801	1760	0.23333333333333
6	5411014	1780	0.23333333333333
6	5553779	1800	0.33333333333333
6	5699949	1820	0.26373626373626
6	5847616	1840	0.26666666666667
6	5997606	1860	0.24242424242424
6	6150291	1880	0.26515151515152
6	6305606	1900	0.23809523809524
6	6463601	1920	0.26785714285714
6	6625067	1940	0.17777777777778
6	6788743	1960	0.23076923076923
6	6954147	1980	0.21428571428571
6	7122356	2000	0.26666666666667
7	144977	240	22.4875
7	171114	260	23.047058823529
7	198389	280	22
7	225546	300	22.117021276596
7	252598	320	21.895833333333
7	280091	340	21.773195876289
7	307980	360	22.568421052632
7	335765	380	22.344086021505
7	363767	400	22.336842105263
7	392164	420	22.052083333333
7	421280	440	22.377551020408
7	450717	460	21.76
7	480732	480	22.257425742574
7	511481	500	22.539215686275
7	542977	520	22.219047619048
7	575160	540	22.742857142857
7	608260	560	23.327102803738
7	641752	580	23.345794392523
7	676412	600	23.761467889908
7	711803	620	23.981818181818
7	748085	640	24.290909090909
7	786061	660	25.567567567568
7	824591	680	25.521739130435
7	864377	700	26.535087719298
7	905540	720	26.826086956522
7	948352	740	27.461538461538
7	992547	760	27.957627118644
7	1037598	780	28.208333333333
7	1084197	800	28.536585365854
7	1131335	820	28.818181818182
7	1180093	840	29.16
7	1229525	860	29.620967741935
7	1279863	880	30.104838709677
7	1331647	900	29.874015748031
7	1384417	920	30.410852713178
7	1438829	940	30.916030534351
7	1494364	960	31.325757575758
7	1551369	980	31.676691729323
7	1610123	1000	31.992592592593
7	1670332	1020	33.119402985075
7	1731751	1040	33.288888888889
7	1794781	1060	33.985294117647
7	1858949	1080	34.007246376812
7	1925536	1100	34.283687943262
7	1994091	1120	35.928057553957
7	2063936	1140	35.985915492958
7	2135744	1160	36.909722222222
7	2209258	1180	37.006896551724
7	2285220	1200	38.198630136986
7	2362666	1220	38.891156462585
7	2441842	1240	39.462585034014
7	2523292	1260	40.563758389262
7	2605795	1280	40.913333333333
7	2691142	1300	41.205298013245
7	2778359	1320	42.190789473684
7	2868000	1340	42.396103896104
7	2959809	1360	43.282051282051
7	3053735	1380	44.339743589744
7	3149159	1400	44.308176100629
7	3248093	1420	46.006289308176
7	3348252	1440	46.459627329193
7	3450199	1460	47.037037037037
7	3555388	1480	46.914634146341
7	3662566	1500	48.012195121951
7	3772379	1520	48.89696969697
7	3885135	1540	49.692307692308
7	4000465	1560	50.803571428571
7	4117204	1580	50.794117647059
7	4236144	1600	51.017647058824
7	4357790	1620	51.462427745665
7	4482428	1640	52.293103448276
7	4608244	1660	53.241379310345
7	4736142	1680	53.306818181818
7	4865559	1700	53.744318181818
7	4997997	1720	54.16384180791
7	5133356	1740	54.837988826816
7	5270801	1760	55.032967032967
7	5411014	1780	55.72131147541
7	5553779	1800	56.554347826087
7	5699949	1820	57.190217391304
7	5847616	1840	57.559139784946
7	5997606	1860	58.096256684492
7	6150291	1880	58.936170212766
7	6305606	1900	58.794736842105
7	6463601	1920	60.375661375661
7	6625067	1940	60.816753926702
7	6788743	1960	60.974226804124
7	6954147	1980	61.737113402062
7	7122356	2000	61.583756345178
8	144977	240	5.1039665637173
8	171114	260	4.4425054126851
8	198389	280	4.7204458153497
8	225546	300	4.7038222457883
8	252598	320	5.0356187445388
8	280091	340	5.0010522947659
8	307980	360	4.2792240089415
8	335765	380	4.4611721594216
8	363767	400	4.4281750871509
8	392164	420	4.5407390811969
8	421280	440	4.366024651815
8	450717	460	5.0554900650659
8	480732	480	4.5247175941633
8	511481	500	4.4224261264727
8	542977	520	4.5212765223929
8	575160	540	3.5949445577959
8	608260	560	4.0649809137257
8	641752	580	3.453471875528
8	676412	600	3.2657002044505
8	711803	620	4.1286242197965
8	748085	640	3.8915232614507
8	786061	660	4.1639614477772
8	824591	680	5.0841132437437
8	864377	700	5.3648805949012
8	905540	720	6.2101513804263
8	948352	740	6.1202581384855
8	992547	760	7.1173245571088
8	1037598	780	7.7686028651354
8	1084197	800	8.6491662470606
8	1131335	820	7.6332605527826
8	1180093	840	8.8394278022374
8	1229525	860	8.3710619834438
8	1279863	880	8.8472296416165
8	1331647	900	9.2504758573303
8	1384417	920	10.241316751202
8	1438829	940	10.738885608951
8	1494364	960	10.838506567445
8	1551369	980	10.923666878084
8	1610123	1000	11.436715095845
8	1670332	1020	11.21696136203
8	1731751	1040	12.319058567119
8	1794781	1060	12.605104958863
8	1858949	1080	13.354512825265
8	1925536	1100	14.115506286722
8	1994091	1120	14.677025469568
8	2063936	1140	14.78881401864
8	2135744	1160	15.091290126578
8	2209258	1180	15.768506125839
8	2285220	1200	16.566946678506
8	2362666	1220	17.105686490091
8	2441842	1240	17.854155001178
8	2523292	1260	18.075787204887
8	2605795	1280	18.924766865007
8	2691142	1300	18.883967761321
8	2778359	1320	19.523032263882
8	2868000	1340	20.234707396302
8	2959809	1360	21.055317272426
8	3053735	1380	21.23068284647
8	3149159	1400	21.940930390464
8	3248093	1420	21.915689095912
8	3348252	1440	22.917240723094
8	3450199	1460	23.771136756981
8	3555388	1480	23.663904961456
8	3662566	1500	23.943437387411
8	3772379	1520	24.511227950458
8	3885135	1540	25.524964437268
8	4000465	1560	25.798217208184
8	4117204	1580	25.902616225458
8	4236144	1600	26.180410384905
8	4357790	1620	26.746115321098
8	4482428	1640	27.040330799288
8	4608244	1660	26.835170398953
8	4736142	1680	27.107134729564
8	4865559	1700	27.282385140618
8	4997997	1720	27.716733601207
8	5133356	1740	28.114962795834
8	5270801	1760	28.337722764534
8	5411014	1780	28.696477833156
8	5553779	1800	28.447195499957
8	5699949	1820	29.148418246815
8	5847616	1840	29.683178370501
8	5997606	1860	29.493234815645
8	6150291	1880	30.054605744058
8	6305606	1900	30.399021386438
8	6463601	1920	30.249347455801
8	6625067	1940	30.979669597252
8	6788743	1960	31.090447288701
8	6954147	1980	31.339160291721
8	7122356	2000	31.711700990256
9	144977	240	26.050474683544
9	171114	260	19.735854341737
9	198389	280	22.282608695652
9	225546	300	22.125943719973
9	252598	320	25.357456140351
9	280091	340	25.010524054983
9	307980	360	18.311758118701
9	335765	380	19.902057035998
9	363767	400	19.608734602464
9	392164	420	20.618311403509
9	421280	440	19.062171260257
9	450717	460	25.55797979798
9	480732	480	20.473069306931
9	511481	500	19.557852844108
9	542977	520	20.441941391941
9	575160	540	12.923626373626
9	608260	560	16.524069828954
9	641752	580	11.926467995063
9	676412	600	10.664797825348
9	711803	620	17.04553794829
9	748085	640	15.143953294412
9	786061	660	17.338574938575
9	824591	680	25.84820747521
9	864377	700	28.781943797547
9	905540	720	38.565980167811
9	948352	740	37.457559681698
9	992547	760	50.656308851224
9	1037598	780	60.35119047619
9	1084197	800	74.808076769292
9	1131335	820	58.266666666667
9	1180093	840	78.135483870968
9	1229525	860	70.074678730658
9	1279863	880	78.273472331498
9	1331647	900	85.571303587052
9	1384417	920	104.88456879845
9	1438829	940	115.32366412214
9	1494364	960	117.47322461254
9	1551369	980	119.32649806334
9	1610123	1000	130.79845218353
9	1670332	1020	125.82022219728
9	1731751	1040	151.7592039801
9	1794781	1060	158.88867102397
9	1858949	1080	178.34301280017
9	1925536	1100	199.2475177305
9	1994091	1120	215.41507663434
9	2063936	1140	218.70902007791
9	2135744	1160	227.74703768454
9	2209258	1180	248.64578544061
9	2285220	1200	274.46372224846
9	2362666	1220	292.60451029727
9	2441842	1240	318.77085080608
9	2523292	1260	326.73408307636
9	2605795	1280	358.14680089485
9	2691142	1300	356.6042384106
9	2778359	1320	381.14878877658
9	2868000	1340	409.44338341397
9	2959809	1360	443.32638544251
9	3053735	1380	450.74189412738
9	3149159	1400	481.40442639917
9	3248093	1420	480.29742854868
9	3348252	1440	525.19992236025
9	3450199	1460	565.06694271912
9	3555388	1480	559.98039802484
9	3662566	1500	573.28819392488
9	3772379	1520	600.80029563932
9	3885135	1540	651.52380952381
9	4000465	1560	665.54801112062
9	4117204	1580	670.94552732336
9	4236144	1600	685.41388792203
9	4357790	1620	715.35468476946
9	4482428	1640	731.1794897349
9	4608244	1660	720.12637034084
9	4736142	1680	734.79675324675
9	4865559	1700	744.32853896104
9	4997997	1720	768.21732152029
9	5133356	1740	790.45113301111
9	5270801	1760	803.02653147957
9	5411014	1780	823.48784002882
9	5553779	1800	809.24293181278
9	5699949	1820	849.63028629128
9	5847616	1840	881.09107817495
9	5997606	1860	869.85089989075
9	6150291	1880	903.27932643077
9	6305606	1900	924.10050125313
9	6463601	1920	915.02302150174
9	6625067	1940	959.73992835492
9	6788743	1960	966.61591261151
9	6954147	1980	982.14296779018
9	7122356	2000	1005.6319796954
10	144977	240	422.63831918024
10	171114	260	141.72715597876
10	198389	280	96.246759952907
10	225546	300	98.679262142842
10	252598	320	241.38920890404
10	280091	340	246.42742651124
10	307980	360	249.43261294299
10	335765	380	238.70658457048
10	363767	400	237.44992391932
10	392164	420	193.44855494368
10	421280	440	382.18809742373
10	450717	460	239.03036066614
10	480732	480	290.88600336007
10	511481	500	438.93994078014
10	542977	520	281.0584614959
10	575160	540	147.35044242311
10	608260	560	145.78863163309
10	641752	580	295.23105200093
10	676412	600	296.32480057457
10	711803	620	194.84136025957
10	748085	640	592.56106313939
10	786061	660	250.12402786276
10	824591	680	295.64672371935
10	864377	700	298.66055162174
10	905540	720	339.52131815508
10	948352	740	393.00750439873
10	992547	760	449.11339792772
10	1037598	780	594.16075532359
10	1084197	800	193.54690081661
10	1131335	820	388.73328228252
10	1180093	840	493.10895827547
10	1229525	860	342.54389454586
10	1279863	880	343.48492118846
10	1331647	900	351.47762074848
10	1384417	920	338.26857412618
10	1438829	940	430.34593758877
10	1494364	960	290.23226685859
10	1551369	980	387.77272160027
10	1610123	1000	479.53327180614
10	1670332	1020	348.32717911905
10	1731751	1040	345.51555173465
10	1794781	1060	397.4786803728
10	1858949	1080	552.46648792806
10	1925536	1100	250.20946862153
10	1994091	1120	504.22324203292
10	2063936	1140	436.62205613997
10	2135744	1160	288.13613940798
10	2209258	1180	348.08600609128
10	2285220	1200	489.81245098005
10	2362666	1220	441.25867012708
10	2441842	1240	302.60889857849
10	2523292	1260	201.47744599954
10	2605795	1280	349.90740561084
10	2691142	1300	300.84163995751
10	2778359	1320	295.12850177942
10	2868000	1340	440.58179416453
10	2959809	1360	555.99010260908
10	3053735	1380	345.79384681903
10	3149159	1400	449.63980614316
10	3248093	1420	404.56617988749
10	3348252	1440	507.26400857141
10	3450199	1460	454.7085481363
10	3555388	1480	498.34812501271
10	3662566	1500	547.54183032361
10	3772379	1520	408.13123815152
10	3885135	1540	457.67718850873
10	4000465	1560	609.82833410028
10	4117204	1580	596.46867825948
10	4236144	1600	394.64040595008
10	4357790	1620	519.59650689312
10	4482428	1640	316.1461325594
10	4608244	1660	696.25688059601
10	4736142	1680	203.52877105673
10	4865559	1700	304.05363432077
10	4997997	1720	457.65395714277
10	5133356	1740	536.47744517867
10	5270801	1760	495.89067305178
10	5411014	1780	510.19716100894
10	5553779	1800	150.788390656
10	5699949	1820	694.95874647626
10	5847616	1840	505.94332361726
10	5997606	1860	602.28128670269
10	6150291	1880	620.79162406797
10	6305606	1900	343.27492888745
10	6463601	1920	410.26781141441
10	6625067	1940	503.84745091333
10	6788743	1960	654.97006431502
10	6954147	1980	394.81112697586
10	7122356	2000	513.03067946917
11	144977	240	46.959813242248
11	171114	260	47.242385326255
11	198389	280	48.123379976453
11	225546	300	49.339631071421
11	252598	320	48.277841780808
11	280091	340	49.285485302247
11	307980	360	49.886522588598
11	335765	380	47.741316914096
11	363767	400	47.489984783863
11	392164	420	48.36213873592
11	421280	440	47.773512177966
11	450717	460	47.806072133228
11	480732	480	48.481000560012
11	511481	500	48.771104531127
11	542977	520	46.843076915984
11	575160	540	49.116814141038
11	608260	560	48.596210544363
11	641752	580	49.205175333489
11	676412	600	49.387466762428
11	711803	620	48.710340064893
11	748085	640	49.380088594949
11	786061	660	50.024805572552
11	824591	680	49.274453953225
11	864377	700	49.776758603623
11	905540	720	48.503045450726
11	948352	740	49.125938049841
11	992547	760	49.901488658636
11	1037598	780	49.513396276966
11	1084197	800	48.386725204152
11	1131335	820	48.591660285315
11	1180093	840	49.310895827547
11	1229525	860	48.934842077981
11	1279863	880	49.069274455494
11	1331647	900	50.211088678354
11	1384417	920	48.324082018025
11	1438829	940	47.816215287641
11	1494364	960	48.372044476432
11	1551369	980	48.471590200034
11	1610123	1000	47.953327180614
11	1670332	1020	49.761025588435
11	1731751	1040	49.359364533521
11	1794781	1060	49.684835046599
11	1858949	1080	50.224226175278
11	1925536	1100	50.041893724306
11	1994091	1120	50.422324203292
11	2063936	1140	48.51356179333
11	2135744	1160	48.02268990133
11	2209258	1180	49.726572298754
11	2285220	1200	48.981245098005
11	2362666	1220	49.028741125231
11	2441842	1240	50.434816429748
11	2523292	1260	50.369361499885
11	2605795	1280	49.986772230119
11	2691142	1300	50.140273326252
11	2778359	1320	49.188083629903
11	2868000	1340	48.953532684948
11	2959809	1360	50.544554782644
11	3053735	1380	49.399120974147
11	3149159	1400	49.959978460351
11	3248093	1420	50.570772485936
11	3348252	1440	50.726400857141
11	3450199	1460	50.523172015144
11	3555388	1480	49.834812501271
11	3662566	1500	49.776530029419
11	3772379	1520	51.01640476894
11	3885135	1540	50.853020945415
11	4000465	1560	50.81902784169
11	4117204	1580	49.70572318829
11	4236144	1600	49.33005074376
11	4357790	1620	51.959650689312
11	4482428	1640	52.691022093233
11	4608244	1660	49.732634328286
11	4736142	1680	50.882192764182
11	4865559	1700	50.675605720129
11	4997997	1720	50.85043968253
11	5133356	1740	48.770676834424
11	5270801	1760	49.589067305178
11	5411014	1780	51.019716100894
11	5553779	1800	50.262796885334
11	5699949	1820	49.63991046259
11	5847616	1840	50.594332361726
11	5997606	1860	50.190107225224
11	6150291	1880	51.732635338997
11	6305606	1900	49.039275555349
11	6463601	1920	51.283476426801
11	6625067	1940	50.384745091333
11	6788743	1960	50.382312639617
11	6954147	1980	49.351390871983
11	7122356	2000	51.303067946917
12	144977	240	0.87759911783625
12	171114	260	0.65184658645586
12	198389	280	2.0925500125083
12	225546	300	0.95174007169435
12	252598	320	2.0584512051976
12	280091	340	2.4000183479261
12	307980	360	2.2798078823571
12	335765	380	1.6596009276878
12	363767	400	1.810801196889
12	392164	420	1.0281687316432
12	421280	440	1.073728604933
12	450717	460	1.531899816597
12	480732	480	1.7928347340074
12	511481	500	2.2721419496231
12	542977	520	1.9017340709095
12	575160	540	0.72490189704644
12	608260	560	2.6166203533378
12	641752	580	2.1135170433249
12	676412	600	2.9968690344515
12	711803	620	4.0076379109568
12	748085	640	2.6319415203225
12	786061	660	2.1855868138584
12	824591	680	2.3401803357288
12	864377	700	3.2282885575373
12	905540	720	2.0595845787443
12	948352	740	2.0891975508054
12	992547	760	2.8200809168855
12	1037598	780	3.0769507910568
12	1084197	800	1.3188866055608
12	1131335	820	1.9601027184133
12	1180093	840	2.4175634728009
12	1229525	860	2.0394911363377
12	1279863	880	2.5715898574287
12	1331647	900	2.383011164319
12	1384417	920	2.2841756063359
12	1438829	940	1.4239326737934
12	1494364	960	2.2345099783399
12	1551369	980	1.9513896842665
12	1610123	1000	1.8827897425737
12	1670332	1020	2.068039454733
12	1731751	1040	3.0195135136987
12	1794781	1060	2.3958872746507
12	1858949	1080	3.3379588375057
12	1925536	1100	1.8963357314952
12	1994091	1120	2.1386447253474
12	2063936	1140	2.0487005745569
12	2135744	1160	1.4554775221832
12	2209258	1180	2.3984491604171
12	2285220	1200	2.2258442450458
12	2362666	1220	2.103961046559
12	2441842	1240	2.2351196275414
12	2523292	1260	0.36873071481889
12	2605795	1280	2.8277751019727
12	2691142	1300	2.3380163250347
12	2778359	1320	2.834794063206
12	2868000	1340	2.5619696043606
12	2959809	1360	2.7918000803617
12	3053735	1380	3.6427366672681
12	3149159	1400	1.763769552203
12	3248093	1420	2.9421340575404
12	3348252	1440	3.5163369540527
12	3450199	1460	2.5795602930373
12	3555388	1480	2.070172590834
12	3662566	1500	2.187641850638
12	3772379	1520	2.2581505397733
12	3885135	1540	2.7412586045583
12	4000465	1560	2.752089234015
12	4117204	1580	1.9221416692283
12	4236144	1600	2.7925193790726
12	4357790	1620	3.0229931348722
12	4482428	1640	5.7232035127233
12	4608244	1660	2.463701638892
12	4736142	1680	1.3337676961312
12	4865559	1700	1.199074908665
12	4997997	1720	3.1056889676903
12	5133356	1740	1.7894797638907
12	5270801	1760	1.3467721583815
12	5411014	1780	3.5510542041044
12	5553779	1800	0.9964319565803
12	5699949	1820	2.0488419728044
12	5847616	1840	2.3546789104546
12	5997606	1860	3.2620949951451
12	6150291	1880	2.2232351480067
12	6305606	1900	1.88054845344
12	6463601	1920	2.4304167890961
12	6625067	1940	1.3673704608096
12	6788743	1960	2.1641004324073
12	6954147	1980	2.2576909999666
12	7122356	2000	1.6421145345461
13	144977	240	0.77018021162697
13	171114	260	0.42490397227415
13	198389	280	4.3787655548485
13	225546	300	0.90580916406877
13	252598	320	4.2372213641794
13	280091	340	5.760088070382
13	307980	360	5.1975239804577
13	335765	380	2.7542752391821
13	363767	400	3.2790009746546
13	392164	420	1.0571309407288
13	421280	440	1.1528931170515
13	450717	460	2.3467170480898
13	480732	480	3.2142563834636
13	511481	500	5.1626290392372
13	542977	520	3.6165924764579
13	575160	540	0.52548276034152
13	608260	560	6.8467020735014
13	641752	580	4.4669542924248
13	676412	600	8.981224009654
13	711803	620	16.061161625338
13	748085	640	6.9271161663973
13	786061	660	4.7767897209117
13	824591	680	5.4764440037318
13	864377	700	10.421847010726
13	905540	720	4.2418886370012
13	948352	740	4.3647464062912
13	992547	760	7.9528563777817
13	1037598	780	9.4676261705851
13	1084197	800	1.7394618783276
13	1131335	820	3.842002666731
13	1180093	840	5.8446131450211
13	1229525	860	4.1595240951999
13	1279863	880	6.6130743948301
13	1331647	900	5.6787422092689
13	1384417	920	5.2174582005802
13	1438829	940	2.0275842594964
13	1494364	960	4.9930348433004
13	1551369	980	3.8079216998618
13	1610123	1000	3.5448972147408
13	1670332	1020	4.2767871863323
13	1731751	1040	9.1174618594089
13	1794781	1060	5.7402758328332
13	1858949	1080	11.141969200882
13	1925536	1100	3.5960892065456
13	1994091	1120	4.5738012612565
13	2063936	1140	4.1971740441899
13	2135744	1160	2.1184148175804
13	2209258	1180	5.7525583751057
13	2285220	1200	4.9543826032035
13	2362666	1220	4.4266520854377
13	2441842	1240	4.9957597494208
13	2523292	1260	0.13596234005085
13	2605795	1280	7.9963120273367
13	2691142	1300	5.466320336129
13	2778359	1320	8.036057380788
13	2868000	1340	6.5636882536678
13	2959809	1360	7.7941476887074
13	3053735	1380	13.269530427059
13	3149159	1400	3.1108830332784
13	3248093	1420	8.6561528125392
13	3348252	1440	12.364625574436
13	3450199	1460	6.6541313054146
13	3555388	1480	4.2856145558403
13	3662566	1500	4.7857768666628
13	3772379	1520	5.0992438602786
13	3885135	1540	7.5144987370648
13	4000465	1560	7.5739951519815
13	4117204	1580	3.6946285965836
13	4236144	1600	7.7981644824962
13	4357790	1620	9.1384874934843
13	4482428	1640	32.755058448049
13	4608244	1660	6.0698257654789
13	4736142	1680	1.7789362672432
13	4865559	1700	1.43778063659
13	4997997	1720	9.6453039640333
13	5133356	1740	3.2022378253742
13	5270801	1760	1.8137952465915
13	5411014	1780	12.609985960488
13	5553779	1800	0.99287664409444
13	5699949	1820	4.1977534295252
13	5847616	1840	5.5445127713398
13	5997606	1860	10.641263757351
13	6150291	1880	4.9427745233322
13	6305606	1900	3.5364624857356
13	6463601	1920	5.9069257687204
13	6625067	1940	1.8697019770947
13	6788743	1960	4.6833306815456
13	6954147	1980	5.0971686513304
13	7122356	2000	2.6965401445674
14	144977	240	495.61288848243
14	171114	260	134.20633034831
14	198389	280	179.13117385463
14	225546	300	179.99181507816
14	252598	320	270.79156828876
14	280091	340	317.55559031192
14	307980	360	273.26462204679
14	335765	380	268.05090628995
14	363767	400	358.6281306731
14	392164	420	313.53424034447
14	421280	440	359.51183977109
14	450717	460	357.73151261795
14	480732	480	365.33003911039
14	511481	500	549.73834838653
14	542977	520	409.06791968479
14	575160	540	273.28761990138
14	608260	560	136.58017577417
14	641752	580	324.71683749112
14	676412	600	368.55847380152
14	711803	620	273.68355234032
14	748085	640	724.99699421166
14	786061	660	232.99285094923
14	824591	680	277.67877523983
14	864377	700	273.38484073108
14	905540	720	496.63356474595
14	948352	740	454.04824674506
14	992547	760	409.82818697373
14	1037598	780	725.21466579902
14	1084197	800	225.78349567595
14	1131335	820	364.76008124667
14	1180093	840	454.71740636429
14	1229525	860	454.71814158901
14	1279863	880	504.22179415654
14	1331647	900	368.08201198096
14	1384417	920	407.53738463475
14	1438829	940	588.01063109775
14	1494364	960	407.78562752995
14	1551369	980	544.88778994707
14	1610123	1000	548.07527025007
14	1670332	1020	413.16593954442
14	1731751	1040	412.55201256182
14	1794781	1060	414.43874053719
14	1858949	1080	551.78538270468
14	1925536	1100	412.25648927479
14	1994091	1120	508.47372149383
14	2063936	1140	498.95152034936
14	2135744	1160	315.43282314947
14	2209258	1180	362.86933993341
14	2285220	1200	498.20601813264
14	2362666	1220	456.66852844756
14	2441842	1240	457.27229731657
14	2523292	1260	231.4360970481
14	2605795	1280	365.56177182072
14	2691142	1300	368.11612776915
14	2778359	1320	317.70336186018
14	2868000	1340	592.66969420423
14	2959809	1360	814.32398044403
14	3053735	1380	407.13961026886
14	3149159	1400	456.37809471304
14	3248093	1420	458.26912060735
14	3348252	1440	592.94235295801
14	3450199	1460	636.84470976085
14	3555388	1480	592.21080129818
14	3662566	1500	591.02671541494
14	3772379	1520	501.55673343796
14	3885135	1540	501.53083021006
14	4000465	1560	598.07828100896
14	4117204	1580	729.31271245887
14	4236144	1600	542.30160214036
14	4357790	1620	593.98295754911
14	4482428	1640	456.98992746084
14	4608244	1660	638.97324627237
14	4736142	1680	184.00769843451
14	4865559	1700	362.67913842405
14	4997997	1720	589.96287661404
14	5133356	1740	725.48144297302
14	5270801	1760	546.72941108382
14	5411014	1780	544.38965465747
14	5553779	1800	408.95458990302
14	5699949	1820	728.66453589316
14	5847616	1840	502.63248893515
14	5997606	1860	633.92253564763
14	6150291	1880	734.61413689564
14	6305606	1900	456.53164764335
14	6463601	1920	592.20638080221
14	6625067	1940	457.55603309415
14	6788743	1960	778.16404694337
14	6954147	1980	498.77084631317
14	7122356	2000	593.47435321214
15	144977	240	45.055717134766
15	171114	260	44.735443449438
15	198389	280	44.782793463658
15	225546	300	44.99795376954
15	252598	320	45.131928048127
15	280091	340	45.365084330274
15	307980	360	45.544103674465
15	335765	380	44.675151048325
15	363767	400	44.828516334137
15	392164	420	44.790605763496
15	421280	440	44.938979971386
15	450717	460	44.716439077244
15	480732	480	45.666254888799
15	511481	500	45.811529032211
15	542977	520	45.451991076088
15	575160	540	45.54793665023
15	608260	560	45.526725258057
15	641752	580	46.388119641589
15	676412	600	46.06980922519
15	711803	620	45.613925390053
15	748085	640	45.312312138229
15	786061	660	46.598570189846
15	824591	680	46.279795873305
15	864377	700	45.564140121847
15	905540	720	45.148505885995
15	948352	740	45.404824674506
15	992547	760	45.536465219303
15	1037598	780	45.325916612439
15	1084197	800	45.156699135191
15	1131335	820	45.595010155833
15	1180093	840	45.471740636429
15	1229525	860	45.471814158901
15	1279863	880	45.838344923322
15	1331647	900	46.01025149762
15	1384417	920	45.281931626083
15	1438829	940	45.231587007519
15	1494364	960	45.309514169995
15	1551369	980	45.407315828923
15	1610123	1000	45.672939187506
15	1670332	1020	45.907326616046
15	1731751	1040	45.839112506869
15	1794781	1060	46.048748948577
15	1858949	1080	45.98211522539
15	1925536	1100	45.806276586088
15	1994091	1120	46.224883772166
15	2063936	1140	45.359229122669
15	2135744	1160	45.061831878495
15	2209258	1180	45.358667491676
15	2285220	1200	45.291456193877
15	2362666	1220	45.666852844756
15	2441842	1240	45.727229731657
15	2523292	1260	46.28721940962
15	2605795	1280	45.69522147759
15	2691142	1300	46.014515971143
15	2778359	1320	45.386194551454
15	2868000	1340	45.589976477249
15	2959809	1360	45.24022113578
15	3053735	1380	45.237734474317
15	3149159	1400	45.637809471304
15	3248093	1420	45.826912060735
15	3348252	1440	45.610950227539
15	3450199	1460	45.48890784006
15	3555388	1480	45.554677022937
15	3662566	1500	45.463593493457
15	3772379	1520	45.596066676178
15	3885135	1540	45.593711837278
15	4000465	1560	46.006021616073
15	4117204	1580	45.582044528679
15	4236144	1600	45.191800178364
15	4357790	1620	45.690996734547
15	4482428	1640	45.698992746084
15	4608244	1660	45.640946162312
15	4736142	1680	46.001924608627
15	4865559	1700	45.334892303007
15	4997997	1720	45.381759739542
15	5133356	1740	45.342590185814
15	5270801	1760	45.560784256985
15	5411014	1780	45.365804554789
15	5553779	1800	45.439398878114
15	5699949	1820	45.541533493322
15	5847616	1840	45.693862630468
15	5997606	1860	45.280181117688
15	6150291	1880	45.913383555977
15	6305606	1900	45.653164764335
15	6463601	1920	45.554336984785
15	6625067	1940	45.755603309415
15	6788743	1960	45.774355702551
15	6954147	1980	45.342804210289
15	7122356	2000	45.651873324011
16	144977	240	0.37517958550929
16	171114	260	0.59920262400584
16	198389	280	0.18620236847955
16	225546	300	0.15952975151322
16	252598	320	0.76576255862046
16	280091	340	0.98531163537957
16	307980	360	1.4204396883543
16	335765	380	0.26465647325953
16	363767	400	0.22218258147885
16	392164	420	0.61688646290655
16	421280	440	0.5336303683775
16	450717	460	0.48417632037847
16	480732	480	1.368614688239
16	511481	500	1.8456170505571
16	542977	520	1.5289721296611
16	575160	540	1.2975461171704
16	608260	560	1.6163809852468
16	641752	580	1.5431543079075
16	676412	600	1.8645895296559
16	711803	620	1.3912954797509
16	748085	640	1.1737346480173
16	786061	660	1.4579218803696
16	824591	680	1.643967317099
16	864377	700	1.2522543562566
16	905540	720	1.143531842768
16	948352	740	1.0274295429288
16	992547	760	1.3809347239306
16	1037598	780	1.1969792784738
16	1084197	800	1.2978934087596
16	1131335	820	1.2707252938213
16	1180093	840	1.1401674996673
16	1229525	860	1.1668489909851
16	1279863	880	1.4301934887115
16	1331647	900	1.1756380830164
16	1384417	920	0.98441724916004
16	1438829	940	1.0387417517381
16	1494364	960	1.1198928780074
16	1551369	980	1.1820925826058
16	1610123	1000	1.1449012516165
16	1670332	1020	1.176895826733
16	1731751	1040	1.2896686747827
16	1794781	1060	1.3066058355465
16	1858949	1080	1.1618502473833
16	1925536	1100	1.3485372255433
16	1994091	1120	1.0686202552802
16	2063936	1140	1.0960545926568
16	2135744	1160	0.75633859843597
16	2209258	1180	1.0745295706138
16	2285220	1200	0.96683511845534
16	2362666	1220	1.3952632600541
16	2441842	1240	1.1565397626867
16	2523292	1260	1.1525978153801
16	2605795	1280	0.84641471985971
16	2691142	1300	1.0068972513681
16	2778359	1320	1.0815788804394
16	2868000	1340	0.8746438865947
16	2959809	1360	0.79368294362927
16	3053735	1380	0.85217534406234
16	3149159	1400	1.0309914380074
16	3248093	1420	1.0392087860923
16	3348252	1440	0.91387106163019
16	3450199	1460	0.92957047671444
16	3555388	1480	1.0296884787124
16	3662566	1500	0.93012305663184
16	3772379	1520	0.84482535790816
16	3885135	1540	0.92433976646135
16	4000465	1560	0.8739339515087
16	4117204	1580	0.65141211155252
16	4236144	1600	0.75471104070598
16	4357790	1620	0.99730805762716
16	4482428	1640	1.2478227477379
16	4608244	1660	0.99721514479577
16	4736142	1680	1.089523466766
16	4865559	1700	0.67347993513753
16	4997997	1720	0.56154929857188
16	5133356	1740	1.0036430633537
16	5270801	1760	0.82741275213312
16	5411014	1780	0.9576010253391
16	5553779	1800	1.0429509100451
16	5699949	1820	0.9401095514471
16	5847616	1840	1.0710308397949
16	5997606	1860	0.91649059392544
16	6150291	1880	0.81694011190021
16	6305606	1900	0.91828354857041
16	6463601	1920	0.80223179857281
16	6625067	1940	0.91635432976247
16	6788743	1960	0.71712229845243
16	6954147	1980	1.0031953672601
16	7122356	2000	0.8064967297089
17	144977	240	0.14075972138292
17	171114	260	0.35904378461548
17	198389	280	0.034671322027394
17	225546	300	0.025449741617871
17	252598	320	0.58639229618495
17	280091	340	0.97083901881436
17	307980	360	2.0176489082521
17	335765	380	0.070043048838173
17	363767	400	0.049365099512606
17	392164	420	0.38054890811735
17	421280	440	0.2847613700547
17	450717	460	0.23442670921524
17	480732	480	1.8731061648634
17	511481	500	3.406302297307
17	542977	520	2.3377557732804
17	575160	540	1.6836259261839
17	608260	560	2.6126874894675
17	641752	580	2.3813252180134
17	676412	600	3.4766941141026
17	711803	620	1.9357031119753
17	748085	640	1.3776530239562
17	786061	660	2.1255362092604
17	824591	680	2.7026285396895
17	864377	700	1.5681409727636
17	905540	720	1.3076650754243
17	948352	740	1.055611465683
17	992547	760	1.9069807117572
17	1037598	780	1.4327593930956
17	1084197	800	1.6845273005015
17	1131335	820	1.6147427723573
17	1180093	840	1.2999819272976
17	1229525	860	1.3615365677629
17	1279863	880	2.0454534151528
17	1331647	900	1.3821249022385
17	1384417	920	0.96907732044382
17	1438829	940	1.078984426804
17	1494364	960	1.2541600582118
17	1551369	980	1.3973428738516
17	1610123	1000	1.310798875953
17	1670332	1020	1.3850837869815
17	1731751	1040	1.6632452907157
17	1794781	1060	1.7072188094843
17	1858949	1080	1.3498959973445
17	1925536	1100	1.8185526486762
17	1994091	1120	1.1419492499951
17	2063936	1140	1.2013356700842
17	2135744	1160	0.57204807548408
17	2209258	1180	1.1546137981235
17	2285220	1200	0.93477014627855
17	2362666	1220	1.9467595648568
17	2441842	1240	1.3375842226754
17	2523292	1260	1.3284817240191
17	2605795	1280	0.71641787799519
17	2691142	1300	1.0138420748126
17	2778359	1320	1.1698128746125
17	2868000	1340	0.76500192835749
17	2959809	1360	0.62993261500803
17	3053735	1380	0.72620281702777
17	3149159	1400	1.0629433452445
17	3248093	1420	1.0799549010915
17	3348252	1440	0.8351603172851
17	3450199	1460	0.86410127117911
17	3555388	1480	1.0602583631931
17	3662566	1500	0.86512890047816
17	3772379	1520	0.71372988536466
17	3885135	1540	0.85440400386181
17	4000465	1560	0.76376055159961
17	4117204	1580	0.42433773907731
17	4236144	1600	0.56958875496351
17	4357790	1620	0.99462336180806
17	4482428	1640	1.5570616097722
17	4608244	1660	0.99443804501005
17	4736142	1680	1.1870613846339
17	4865559	1700	0.45357522303285
17	4997997	1720	0.31533761472657
17	5133356	1740	1.007299398618
17	5270801	1760	0.6846118623925
17	5411014	1780	0.9169997237305
17	5553779	1800	1.087746600764
17	5699949	1820	0.88380596872207
17	5847616	1840	1.1471070597917
17	5997606	1860	0.8399550087538
17	6150291	1880	0.66739114643152
17	6305606	1900	0.84324467557506
17	6463601	1920	0.64357585864136
17	6625067	1940	0.83970525767443
17	6788743	1960	0.51426439093769
17	6954147	1980	1.0064009448922
17	7122356	2000	0.65043697503114
18	144977	240	1182.9429342253
18	171114	260	1564.884173
18	198389	280	1658.6474733454
18	225546	300	1526.1309123974
18	252598	320	1682.681419405
18	280091	340	1535.9969200939
18	307980	360	1585.5518121114
18	335765	380	1438.5763593863
18	363767	400	1651.6104590314
18	392164	420	1452.053753508
18	421280	440	1758.2987965525
18	450717	460	1694.1370257362
18	480732	480	1735.6450611728
18	511481	500	1957.9659629869
18	542977	520	2117.4077435596
18	575160	540	2114.0337646094
18	608260	560	2084.4186887034
18	641752	580	1785.1582562203
18	676412	600	1675.8640530955
18	711803	620	1779.3827858439
18	748085	640	1973.8908093934
18	786061	660	2127.7224010909
18	824591	680	2166.5736149554
18	864377	700	2120.7108058553
18	905540	720	2032.5089373573
18	948352	740	2238.866870847
18	992547	760	2651.9722649575
18	1037598	780	2586.5207124153
18	1084197	800	2874.3334313193
18	1131335	820	2815.2467317236
18	1180093	840	2794.8505474334
18	1229525	860	2958.4891043767
18	1279863	880	2719.8385197068
18	1331647	900	3140.6557498678
18	1384417	920	3226.1597463507
18	1438829	940	3313.4738287995
18	1494364	960	3123.0795424144
18	1551369	980	2926.7922683392
18	1610123	1000	3562.7676938724
18	1670332	1020	3520.5262867086
18	1731751	1040	3452.2392192355
18	1794781	1060	3441.3932780231
18	1858949	1080	3136.0385325543
18	1925536	1100	3052.8133712768
18	1994091	1120	3259.3474406692
18	2063936	1140	3111.3233460938
18	2135744	1160	3378.3102524024
18	2209258	1180	3336.7635869135
18	2285220	1200	3619.7929584242
18	2362666	1220	3442.7355659761
18	2441842	1240	3328.5162317716
18	2523292	1260	3581.6889842135
18	2605795	1280	3406.1209030389
18	2691142	1300	3434.5332640048
18	2778359	1320	3731.3021617686
18	2868000	1340	3476.789500581
18	2959809	1360	3633.7284370012
18	3053735	1380	4094.6599292324
18	3149159	1400	3701.8709837773
18	3248093	1420	3809.3953336229
18	3348252	1440	3854.9068233838
18	3450199	1460	3664.7254865986
18	3555388	1480	3512.6941372126
18	3662566	1500	3847.7705325718
18	3772379	1520	3996.8155708669
18	3885135	1540	3940.2736262652
18	4000465	1560	4113.865477412
18	4117204	1580	3968.2821370907
18	4236144	1600	4204.4969029556
18	4357790	1620	4512.4907592567
18	4482428	1640	4475.7260855329
18	4608244	1660	4585.2151332294
18	4736142	1680	4856.1663091161
18	4865559	1700	4611.8932424578
18	4997997	1720	4520.5113643229
18	5133356	1740	4647.8835826597
18	5270801	1760	4658.1773285516
18	5411014	1780	4905.3955186886
18	5553779	1800	4783.9281063249
18	5699949	1820	4742.6560739244
18	5847616	1840	4929.4355650558
18	5997606	1860	5185.717329932
18	6150291	1880	5068.3923562084
18	6305606	1900	5366.4272451265
18	6463601	1920	5240.5195367089
18	6625067	1940	5216.0644517087
18	6788743	1960	5174.6385615157
18	6954147	1980	5337.7131746366
18	7122356	2000	5409.0238822769
19	144977	240	47.317717369013
19	171114	260	47.42073251515
19	198389	280	47.389927809868
19	225546	300	47.691591012419
19	252598	320	48.076611983
19	280091	340	47.999903752935
19	307980	360	48.047024609437
19	335765	380	47.952545312875
19	363767	400	48.576778206806
19	392164	420	48.401791783601
19	421280	440	48.841633237571
19	450717	460	48.403915021033
19	480732	480	48.212362810356
19	511481	500	48.949149074671
19	542977	520	49.242040547897
19	575160	540	49.163575921149
19	608260	560	49.6290163977
19	641752	580	49.587729339453
19	676412	600	49.290119208693
19	711803	620	49.427299606775
19	748085	640	49.347270234836
19	786061	660	49.481916304439
19	824591	680	49.240309430805
19	864377	700	49.318855950124
19	905540	720	49.573388716032
19	948352	740	49.752597129932
19	992547	760	50.037212546368
19	1037598	780	49.740782931063
19	1084197	800	49.557472953781
19	1131335	820	49.390293539011
19	1180093	840	49.908045489881
19	1229525	860	49.308151739611
19	1279863	880	49.451609449214
19	1331647	900	49.85167856933
19	1384417	920	49.633226866933
19	1438829	940	49.454833265664
19	1494364	960	49.572691149435
19	1551369	980	49.606648615919
19	1610123	1000	49.482884637117
19	1670332	1020	49.584877277586
19	1731751	1040	50.032452452689
19	1794781	1060	49.875264898886
19	1858949	1080	49.778389405623
19	1925536	1100	50.046120840604
19	1994091	1120	50.143806779526
19	2063936	1140	50.182634614417
19	2135744	1160	50.422541080633
19	2209258	1180	50.557024044143
19	2285220	1200	50.274902200336
19	2362666	1220	50.628464205531
19	2441842	1240	50.432064117752
19	2523292	1260	50.446323721317
19	2605795	1280	50.837625418491
19	2691142	1300	50.507842117718
19	2778359	1320	50.423002186063
19	2868000	1340	50.388253631609
19	2959809	1360	50.468450513905
19	3053735	1380	50.551357151017
19	3149159	1400	50.710561421607
19	3248093	1420	50.791937781639
19	3348252	1440	50.722458202419
19	3450199	1460	50.898965091648
19	3555388	1480	50.90861068424
19	3662566	1500	50.628559639102
19	3772379	1520	50.592602162873
19	3885135	1540	50.516328541862
19	4000465	1560	50.788462684099
19	4117204	1580	50.875412013983
19	4236144	1600	50.656589192236
19	4357790	1620	50.702143362435
19	4482428	1640	50.860523699237
19	4608244	1660	50.386979486037
19	4736142	1680	50.585065719959
19	4865559	1700	50.680145521515
19	4997997	1720	50.792262520482
19	5133356	1740	50.520473724562
19	5270801	1760	50.632362266865
19	5411014	1780	50.571087821532
19	5553779	1800	50.892852194946
19	5699949	1820	50.453788020473
19	5847616	1840	50.81892335109
19	5997606	1860	50.840365979725
19	6150291	1880	50.683923562084
19	6305606	1900	50.626672123835
19	6463601	1920	50.878830453484
19	6625067	1940	50.641402443774
19	6788743	1960	50.731750603096
19	6954147	1980	50.835363567968
19	7122356	2000	51.028527191291
20	144977	240	1.5567088652634
20	171114	260	1.7488501954415
20	198389	280	1.5300868774661
20	225546	300	1.8241231901918
20	252598	320	1.9253458921188
20	280091	340	2.1648557127019
20	307980	360	3.0870279078295
20	335765	380	3.0388259724504
20	363767	400	2.8092258438235
20	392164	420	2.9227817563776
20	421280	440	2.2402286564827
20	450717	460	2.4286882811606
20	480732	480	2.3663314518161
20	511481	500	2.7167981759199
20	542977	520	3.2684840482899
20	575160	540	3.527183030611
20	608260	560	3.4755033291845
20	641752	580	3.4048381380878
20	676412	600	2.4662322492661
20	711803	620	3.1133543484155
20	748085	640	3.5876911808314
20	786061	660	3.4774671662021
20	824591	680	3.8161973320116
20	864377	700	3.7655769136383
20	905540	720	4.1001540145571
20	948352	740	3.3673075688219
20	992547	760	3.2872450379001
20	1037598	780	2.9641866421703
20	1084197	800	3.1554736226994
20	1131335	820	2.9971464126914
20	1180093	840	3.2972607902386
20	1229525	860	2.6940513531795
20	1279863	880	2.2993944185228
20	1331647	900	2.4569633086134
20	1384417	920	2.5957334665772
20	1438829	940	2.3068425282364
20	1494364	960	2.4570068148057
20	1551369	980	2.6426428967471
20	1610123	1000	2.4684859052463
20	1670332	1020	2.7027181538032
20	1731751	1040	2.9094244005229
20	1794781	1060	2.8884336174178
20	1858949	1080	3.1617661579948
20	1925536	1100	2.9225935501277
20	1994091	1120	3.2366772303152
20	2063936	1140	3.2913059412604
20	2135744	1160	3.0376171339354
20	2209258	1180	3.1915864951369
20	2285220	1200	2.8584573550474
20	2362666	1220	2.6133014528768
20	2441842	1240	2.4540318300529
20	2523292	1260	2.5357614452365
20	2605795	1280	2.8017117734698
20	2691142	1300	1.9769783718424
20	2778359	1320	2.4812189539394
20	2868000	1340	2.444134606644
20	2959809	1360	2.2281685080972
20	3053735	1380	2.595973981944
20	3149159	1400	2.4177534221799
20	3248093	1420	2.6506968952706
20	3348252	1440	2.8449069949045
20	3450199	1460	2.8635072577655
20	3555388	1480	2.799288956718
20	3662566	1500	3.0013176237881
20	3772379	1520	2.8980083856597
20	3885135	1540	2.9150669479602
20	4000465	1560	2.7780035152077
20	4117204	1580	2.9598834642354
20	4236144	1600	2.7653886445255
20	4357790	1620	3.0520167269903
20	4482428	1640	3.3229906157726
20	4608244	1660	2.8584678194227
20	4736142	1680	2.7655729691209
20	4865559	1700	2.7989462308265
20	4997997	1720	2.7246022503559
20	5133356	1740	2.574138539374
20	5270801	1760	2.3689811520863
20	5411014	1780	2.5150109769674
20	5553779	1800	2.7483446319284
20	5699949	1820	2.4336597974445
20	5847616	1840	2.3091521273922
20	5997606	1860	2.5985774687251
20	6150291	1880	2.3845427238664
20	6305606	1900	2.5631712240297
20	6463601	1920	2.4736990918809
20	6625067	1940	2.5218627649852
20	6788743	1960	2.5562730097496
20	6954147	1980	2.5602654517847
20	7122356	2000	2.3373905947823
21	144977	240	2.4233424911896
21	171114	260	3.0584770060957
21	198389	280	2.3411658525938
21	225546	300	3.3274254129956
21	252598	320	3.7069568042987
21	280091	340	4.6866002568182
21	307980	360	9.5297413037181
21	335765	380	9.2344632908388
21	363767	400	7.8917498416058
21	392164	420	8.5426531954135
21	421280	440	5.0186244333264
21	450717	460	5.8985267670468
21	480732	480	5.5995245398539
21	511481	500	7.3809923286815
21	542977	520	10.682987973926
21	575160	540	12.44102013143
21	608260	560	12.079123391173
21	641752	580	11.592922746577
21	676412	600	6.0823015073203
21	711803	620	9.6929752987974
21	748085	640	12.871528009015
21	786061	660	12.092777892014
21	824591	680	14.563362076852
21	864377	700	14.179569492526
21	905540	720	16.811262943089
21	948352	740	11.338760263045
21	992547	760	10.805979939199
21	1037598	780	8.786402449621
21	1084197	800	9.957013783552
21	1131335	820	8.9828866191088
21	1180093	840	10.871928718845
21	1229525	860	7.2579126935683
21	1279863	880	5.287214691934
21	1331647	900	6.0366686998726
21	1384417	920	6.7378322295087
21	1438829	940	5.32152245008
21	1494364	960	6.0368824880016
21	1551369	980	6.983561479728
21	1610123	1000	6.0934226643996
21	1670332	1020	7.3046854188975
21	1731751	1040	8.4647503423579
21	1794781	1060	8.3430487622294
21	1858949	1080	9.9967652378412
21	1925536	1100	8.5415530592479
21	1994091	1120	10.476079493241
21	2063936	1140	10.832694798976
21	2135744	1160	9.2271178523777
21	2209258	1180	10.18622435594
21	2285220	1200	8.1707784506247
21	2362666	1220	6.8293444836077
21	2441842	1240	6.0222722229129
21	2523292	1260	6.4300861071481
21	2605795	1280	7.849588861599
21	2691142	1300	3.9084434827326
21	2778359	1320	6.1564474973881
21	2868000	1340	5.9737939753946
21	2959809	1360	4.9647349004761
21	3053735	1380	6.7390809149303
21	3149159	1400	5.8455316104625
21	3248093	1420	7.026194030597
21	3348252	1440	8.0934958096565
21	3450199	1460	8.1996738152755
21	3555388	1480	7.8360186632031
21	3662566	1500	9.0079074788613
21	3772379	1520	8.3984526033539
21	3885135	1540	8.49761531109
21	4000465	1560	7.7173035305065
21	4117204	1580	8.7609101218543
21	4236144	1600	7.6473743552705
21	4357790	1620	9.3148061018287
21	4482428	1640	11.042266632513
21	4608244	1660	8.1708382746749
21	4736142	1680	7.6483938475324
21	4865559	1700	7.8341000030578
21	4997997	1720	7.4234574226445
21	5133356	1740	6.6261892198906
21	5270801	1760	5.6120716989399
21	5411014	1780	6.3252802142663
21	5553779	1800	7.5533982158498
21	5699949	1820	5.9227000096978
21	5847616	1840	5.33218354744
21	5997606	1860	6.7526048609656
21	6150291	1880	5.6860440019441
21	6305606	1900	6.5698467236937
21	6463601	1920	6.1191871971723
21	6625067	1940	6.3597918054186
21	6788743	1960	6.5345317003742
21	6954147	1980	6.5549591836022
21	7122356	2000	5.4633947925766
22	144977	240	3092.7005978335
22	171114	260	3678.469173591
22	198389	280	4002.9705077464
22	225546	300	4048.9600876167
22	252598	320	4057.9864309439
22	280091	340	4058.9138838281
22	307980	360	4010.810896854
22	335765	380	3924.6277724285
22	363767	400	3931.7284144022
22	392164	420	4028.4127693792
22	421280	440	4083.2678022673
22	450717	460	4178.4172585709
22	480732	480	4217.4115844961
22	511481	500	4083.9496199818
22	542977	520	4360.1567531663
22	575160	540	4499.9592945792
22	608260	560	4728.3095890371
22	641752	580	4538.9927612527
22	676412	600	4594.2917258964
22	711803	620	4731.0971382294
22	748085	640	4276.3478057844
22	786061	660	4816.1098954991
22	824591	680	4960.632127781
22	864377	700	4914.2705361186
22	905540	720	4734.3733906597
22	948352	740	4872.7243840176
22	992547	760	4962.1193885585
22	1037598	780	4738.7445500432
22	1084197	800	5379.4756218919
22	1131335	820	5143.5292281203
22	1180093	840	5243.9665642193
22	1229525	860	5203.5221347028
22	1279863	880	5151.384130704
22	1331647	900	5427.0509727827
22	1384417	920	5481.8789777988
22	1438829	940	5389.4399418367
22	1494364	960	5621.9909440897
22	1551369	980	5532.8386614969
22	1610123	1000	5618.5519060289
22	1670332	1020	5706.917509974
22	1731751	1040	5757.3432598795
22	1794781	1060	5803.554706857
22	1858949	1080	5750.2265905067
22	1925536	1100	6027.2785938052
22	1994091	1120	5841.2253275775
22	2063936	1140	5988.7962886434
22	2135744	1160	6270.4326449338
22	2209258	1180	6264.4215499231
22	2285220	1200	6171.4651892509
22	2362666	1220	6263.7987537028
22	2441842	1240	6254.2055275703
22	2523292	1260	6574.6646160388
22	2605795	1280	6481.4782415092
22	2691142	1300	6525.999977338
22	2778359	1320	6621.4264361159
22	2868000	1340	6429.9584382499
22	2959809	1360	6303.5434510022
22	3053735	1380	6710.5272240869
22	3149159	1400	6800.2341912424
22	3248093	1420	6800.8523378931
22	3348252	1440	6756.2255222562
22	3450199	1460	6757.7219559088
22	3555388	1480	6887.6342658099
22	3662566	1500	6890.9633858968
22	3772379	1520	7024.2116885727
22	3885135	1540	7206.4834841742
22	4000465	1560	7063.4615713423
22	4117204	1580	7020.3401195733
22	4236144	1600	7209.0627684235
22	4357790	1620	7296.2301127125
22	4482428	1640	7479.9234929089
22	4608244	1660	7297.2208756342
22	4736142	1680	7849.1965981085
22	4865559	1700	7668.8468381722
22	4997997	1720	7478.5084764577
22	5133356	1740	7432.4392816973
22	5270801	1760	7752.7048673077
22	5411014	1780	7805.0557935595
22	5553779	1800	7986.1079189444
22	5699949	1820	7659.1266898867
22	5847616	1840	7978.2850447465
22	5997606	1860	7893.9215180105
22	6150291	1880	7831.0471333701
22	6305606	1900	8197.3087523217
22	6463601	1920	8022.0226060214
22	6625067	1940	8240.7199371401
22	6788743	1960	8064.3889618511
22	6954147	1980	8336.1051523363
22	7122356	2000	8389.6406473017
23	144977	240	44.821747794689
23	171114	260	44.859380165744
23	198389	280	44.977196716252
23	225546	300	44.988445417963
23	252598	320	45.088738121599
23	280091	340	45.099043153645
23	307980	360	45.065290975887
23	335765	380	45.110664050902
23	363767	400	45.192280625313
23	392164	420	45.263064824486
23	421280	440	45.369642247414
23	450717	460	45.41757889751
23	480732	480	45.348511661249
23	511481	500	45.377217999798
23	542977	520	45.418299512149
23	575160	540	45.454134288678
23	608260	560	45.464515279203
23	641752	580	45.389927612527
23	676412	600	45.488036890064
23	711803	620	45.491318636821
23	748085	640	45.493061763663
23	786061	660	45.434999014143
23	824591	680	45.510386493404
23	864377	700	45.502504964061
23	905540	720	45.522821064036
23	948352	740	45.539480224464
23	992547	760	45.524031087693
23	1037598	780	45.564851442723
23	1084197	800	45.588776456711
23	1131335	820	45.517957770976
23	1180093	840	45.599709254081
23	1229525	860	45.644931006165
23	1279863	880	45.587470183221
23	1331647	900	45.605470359519
23	1384417	920	45.68232481499
23	1438829	940	45.673219846074
23	1494364	960	45.707243447884
23	1551369	980	45.725939351214
23	1610123	1000	45.679283788853
23	1670332	1020	45.655340079792
23	1731751	1040	45.693200475234
23	1794781	1060	45.697281156354
23	1858949	1080	45.636718972275
23	1925536	1100	45.661201468222
23	1994091	1120	45.634572871699
23	2063936	1140	45.716002203385
23	2135744	1160	45.769581349882
23	2209258	1180	45.725704743964
23	2285220	1200	45.714556957414
23	2362666	1220	45.721158786152
23	2441842	1240	45.65113523774
23	2523292	1260	45.657393166936
23	2605795	1280	45.644212968375
23	2691142	1300	45.636363477888
23	2778359	1320	45.665009904247
23	2868000	1340	45.602542115248
23	2959809	1360	45.677851094219
23	3053735	1380	45.649845061816
23	3149159	1400	45.639155645922
23	3248093	1420	45.643304281161
23	3348252	1440	45.650172447677
23	3450199	1460	45.660283485871
23	3555388	1480	45.613471959006
23	3662566	1500	45.635519111899
23	3772379	1520	45.611764211511
23	3885135	1540	45.610654963128
23	4000465	1560	45.570719815112
23	4117204	1580	45.586624153073
23	4236144	1600	45.626979546984
23	4357790	1620	45.601438204453
23	4482428	1640	45.609289590908
23	4608244	1660	45.607630472714
23	4736142	1680	45.634863942491
23	4865559	1700	45.647897846263
23	4997997	1720	45.600661441815
23	5133356	1740	45.597787004278
23	5270801	1760	45.604146278281
23	5411014	1780	45.643601131927
23	5553779	1800	45.634902393968
23	5699949	1820	45.590039820754
23	5847616	1840	45.590200255694
23	5997606	1860	45.62960415035
23	6150291	1880	45.529343798663
23	6305606	1900	45.540604179565
23	6463601	1920	45.579673897849
23	6625067	1940	45.528839431713
23	6788743	1960	45.561519558481
23	6954147	1980	45.552487171236
23	7122356	2000	45.595873083161
24	144977	240	0.4743984425275
24	171114	260	0.43159257615991
24	198389	280	0.62611258455892
24	225546	300	0.65642390837493
24	252598	320	0.80830846733494
24	280091	340	0.91327128688353
24	307980	360	0.73551587463164
24	335765	380	0.93074038251556
24	363767	400	1.1010791158572
24	392164	420	1.3252752482092
24	421280	440	1.496346462266
24	450717	460	1.4959798416902
24	480732	480	1.4258349971548
24	511481	500	1.4269326687329
24	542977	520	1.4593253566144
24	575160	540	1.3530757995492
24	608260	560	1.3478017182001
24	641752	580	1.2617449201188
24	676412	600	1.3396617146187
24	711803	620	1.3482785108634
24	748085	640	1.3001937727824
24	786061	660	1.1902871674746
24	824591	680	1.2322909656546
24	864377	700	1.2422886652069
24	905540	720	1.2117539339568
24	948352	740	1.2228748969103
24	992547	760	1.1921041852016
24	1037598	780	1.2521962006
24	1084197	800	1.1838180437776
24	1131335	820	1.1571863486591
24	1180093	840	1.2366064809689
24	1229525	860	1.229810108508
24	1279863	880	1.1840751744978
24	1331647	900	1.2067359960969
24	1384417	920	1.2089412641176
24	1438829	940	1.1895704939238
24	1494364	960	1.1996621661714
24	1551369	980	1.1710528073474
24	1610123	1000	1.1656853595465
24	1670332	1020	1.1663024179663
24	1731751	1040	1.1683235241542
24	1794781	1060	1.1487014581837
24	1858949	1080	1.1312999289687
24	1925536	1100	1.1382757753424
24	1994091	1120	1.0855178574452
24	2063936	1140	1.0856018988588
24	2135744	1160	1.1230366000414
24	2209258	1180	1.0752405026259
24	2285220	1200	1.1096627283054
24	2362666	1220	1.0578962463598
24	2441842	1240	0.9961592695095
24	2523292	1260	1.0631677209355
24	2605795	1280	1.0501187180493
24	2691142	1300	1.0239523806424
24	2778359	1320	1.0348962853575
24	2868000	1340	1.002135364488
24	2959809	1360	0.98417479566513
24	3053735	1380	0.98754218861824
24	3149159	1400	0.99236582212721
24	3248093	1420	1.0093858925796
24	3348252	1440	0.9908025499204
24	3450199	1460	0.99852993424922
24	3555388	1480	0.93249273910674
24	3662566	1500	0.93886511968419
24	3772379	1520	0.92873388306237
24	3885135	1540	0.91333834178391
24	4000465	1560	0.90359809276305
24	4117204	1580	0.9454586874717
24	4236144	1600	0.90496711864034
24	4357790	1620	0.88432829111682
24	4482428	1640	0.87922021868045
24	4608244	1660	0.88542141156584
24	4736142	1680	0.94512867484535
24	4865559	1700	0.94601248918519
24	4997997	1720	0.89218876304408
24	5133356	1740	0.86257007891101
24	5270801	1760	0.87198378749206
24	5411014	1780	0.89219341214008
24	5553779	1800	0.90046035134117
24	5699949	1820	0.85513243984604
24	5847616	1840	0.8973102116508
24	5997606	1860	0.897136632616
24	6150291	1880	0.85369672367985
24	6305606	1900	0.83372868854873
24	6463601	1920	0.87602644014228
24	6625067	1940	0.82114183694091
24	6788743	1960	0.87022835594119
24	6954147	1980	0.7880619992686
24	7122356	2000	0.90976809189847
25	144977	240	0.22505388227252
25	171114	260	0.18627215179635
25	198389	280	0.39201696854305
25	225546	300	0.43089234748622
25	252598	320	0.65336257836537
25	280091	340	0.83406444344589
25	307980	360	0.54098360183515
25	335765	380	0.86627765964521
25	363767	400	1.212375219377
25	392164	420	1.7563544835159
25	421280	440	2.239052735136
25	450717	460	2.2379556867433
25	480732	480	2.0330054391114
25	511481	500	2.0361368410973
25	542977	520	2.1296304964577
25	575160	540	1.8308141193257
25	608260	560	1.8165694715832
25	641752	580	1.5920002434456
25	676412	600	1.7946935096151
25	711803	620	1.8178549428561
25	748085	640	1.6905038467823
25	786061	660	1.4167835410546
25	824591	680	1.518541024034
25	864377	700	1.5432811277016
25	905540	720	1.4683475964597
25	948352	740	1.4954230134933
25	992547	760	1.4211123883751
25	1037598	780	1.567995324797
25	1084197	800	1.4014251607734
25	1131335	820	1.3390802455229
25	1180093	840	1.5291955887744
25	1229525	860	1.5124329029884
25	1279863	880	1.402034018862
25	1331647	900	1.4562117642759
25	1384417	920	1.4615389800862
25	1438829	940	1.4150779600141
25	1494364	960	1.439189312943
25	1551369	980	1.3713646775963
25	1610123	1000	1.3588223574611
25	1670332	1020	1.360261330154
25	1731751	1040	1.3649798570921
25	1794781	1060	1.3195150400333
25	1858949	1080	1.2798395292845
25	1925536	1100	1.2956717407313
25	1994091	1120	1.1783490188324
25	2063936	1140	1.1785314828058
25	2135744	1160	1.2612112050326
25	2209258	1180	1.1561421384872
25	2285220	1200	1.2313513705902
25	2362666	1220	1.1191444680621
25	2441842	1240	0.99233329022971
25	2523292	1260	1.1303256028392
25	2605795	1280	1.1027493219975
25	2691142	1300	1.0484784778233
25	2778359	1320	1.0710103214467
25	2868000	1340	1.0042752887575
25	2959809	1360	0.9686000284225
25	3053735	1380	0.97523957430091
25	3149159	1400	0.98478992492621
25	3248093	1420	1.0188598801387
25	3348252	1440	0.98168969292877
25	3450199	1460	0.99706202959176
25	3555388	1480	0.86954270848679
25	3662566	1500	0.88146771295962
25	3772379	1520	0.86254662554811
25	3885135	1540	0.83418692657259
25	4000465	1560	0.81648951324502
25	4117204	1580	0.8938921297157
25	4236144	1600	0.8189654858202
25	4357790	1620	0.78203652646959
25	4482428	1640	0.77302819293651
25	4608244	1660	0.78397107605924
25	4736142	1680	0.89326821201492
25	4865559	1700	0.89493962969436
25	4997997	1720	0.79600078890213
25	5133356	1740	0.74402714103255
25	5270801	1760	0.76035572564899
25	5411014	1780	0.79600908466615
25	5553779	1800	0.81082884433746
25	5699949	1820	0.73125148967704
25	5847616	1840	0.8051656159328
25	5997606	1860	0.80485413758158
25	6150291	1880	0.7287980960217
25	6305606	1900	0.69510352610918
25	6463601	1920	0.76742232382835
25	6625067	1940	0.67427391637469
25	6788743	1960	0.7572973914841
25	6954147	1980	0.62104171469123
25	7122356	2000	0.82767798103658
