version 2
run statisticRVV-84-20150327-02:43:59-12252
attr c 9
attr configname statisticRVV
attr datetime 20150327-02:43:59
attr experiment statisticRVV
attr inifile omnetpp.ini
attr iterationvars "$sc=\"erlangen-low.launchd.xml\", $p=1/8, $c=9"
attr iterationvars2 "$sc=\"erlangen-low.launchd.xml\", $p=1/8, $c=9, $repetition=4"
attr measurement "$sc=\"erlangen-low.launchd.xml\", $p=1/8, $c=9"
attr network RSUExampleScenario
attr p 1/8
attr processid 12252
attr repetition 4
attr replication #4
attr resultdir results
attr runnumber 84
attr sc "\"erlangen-low.launchd.xml\""
attr seedset 84

vector 0  RSUExampleScenario.rsu[0].appl  Number_CH  ETV
vector 1  RSUExampleScenario.rsu[0].appl  Number_ON  ETV
vector 2  RSUExampleScenario.rsu[0].appl  Number_FN  ETV
vector 3  RSUExampleScenario.rsu[0].appl  Number_CH_Losts  ETV
vector 4  RSUExampleScenario.rsu[0].appl  Number_CH_Losts  ETV
vector 5  RSUExampleScenario.rsu[0].appl  Mean_Cluster_Size  ETV
vector 6  RSUExampleScenario.rsu[0].appl  StdDev_Cluster_Size  ETV
vector 7  RSUExampleScenario.rsu[0].appl  Variance_Cluster_Size  ETV
vector 8  RSUExampleScenario.rsu[0].appl  Mean_Neighbors  ETV
vector 9  RSUExampleScenario.rsu[0].appl  StdDev_Neighbors  ETV
vector 10  RSUExampleScenario.rsu[0].appl  Variance_Neighbors  ETV
vector 11  RSUExampleScenario.rsu[0].appl  Total_CH_Utility  ETV
vector 12  RSUExampleScenario.rsu[0].appl  Mean_CH_Utility  ETV
vector 13  RSUExampleScenario.rsu[0].appl  StdDev_CH_Utility  ETV
vector 14  RSUExampleScenario.rsu[0].appl  Variance_CH_Utility  ETV
vector 15  RSUExampleScenario.rsu[0].appl  Total_exp_CH_Utility  ETV
vector 16  RSUExampleScenario.rsu[0].appl  Mean_exp_CH_Utility  ETV
vector 17  RSUExampleScenario.rsu[0].appl  StdDev_exp_CH_Utility  ETV
vector 18  RSUExampleScenario.rsu[0].appl  Variance_exp_CH_Utility  ETV
vector 19  RSUExampleScenario.rsu[0].appl  Total_ON_Utility  ETV
vector 20  RSUExampleScenario.rsu[0].appl  Mean_ON_Utility  ETV
vector 21  RSUExampleScenario.rsu[0].appl  StdDev_ON_Utility  ETV
vector 22  RSUExampleScenario.rsu[0].appl  Variance_ON_Utility  ETV
vector 23  RSUExampleScenario.rsu[0].appl  Total_exp_ON_Utility  ETV
vector 24  RSUExampleScenario.rsu[0].appl  Mean_exp_ON_Utility  ETV
vector 25  RSUExampleScenario.rsu[0].appl  StdDev_exp_ON_Utility  ETV
vector 26  RSUExampleScenario.rsu[0].appl  Variance_exp_ON_Utility  ETV
0	34167	240	7
0	39656	260	7
0	45001	280	4
0	50257	300	3
0	55649	320	5
0	60968	340	6
0	66245	360	8
0	71608	380	4
0	76955	400	3
0	82304	420	6
0	87583	440	2
0	92832	460	6
0	98157	480	5
0	103538	500	5
0	108839	520	2
0	114268	540	9
0	119555	560	8
0	124841	580	6
0	130120	600	6
0	135483	620	3
0	140755	640	6
0	146059	660	7
0	151437	680	7
0	156720	700	3
0	161940	720	7
0	167198	740	5
0	172503	760	4
0	177785	780	7
0	183104	800	5
0	188469	820	5
0	193666	840	4
0	198983	860	4
0	204412	880	3
0	209619	900	2
0	214863	920	6
0	220216	940	1
0	225500	960	5
0	230788	980	8
0	236214	1000	8
0	241638	1020	4
0	246942	1040	6
0	252194	1060	2
0	257570	1080	3
0	262854	1100	2
0	268070	1120	9
0	273338	1140	6
0	278657	1160	5
0	284000	1180	5
0	289378	1200	7
0	294674	1220	2
0	299999	1240	5
0	305188	1260	6
0	310434	1280	4
0	315723	1300	5
0	321013	1320	5
0	326223	1340	7
0	331494	1360	4
0	336747	1380	5
0	341928	1400	2
0	347229	1420	7
0	352580	1440	4
0	357858	1460	4
0	363260	1480	8
0	368546	1500	3
0	373836	1520	2
0	379159	1540	2
0	384368	1560	4
0	389723	1580	5
0	395025	1600	6
0	400391	1620	2
0	405712	1640	6
0	411108	1660	4
0	416323	1680	6
0	421583	1700	1
0	426847	1720	5
0	432160	1740	6
0	437440	1760	1
0	442792	1780	5
0	448127	1800	4
0	453048	1820	3
0	457340	1840	3
0	461108	1860	5
0	464407	1880	3
0	467355	1900	4
0	469844	1920	2
0	471903	1940	2
0	473455	1960	1
0	474508	1980	2
0	475063	2000	1
1	34167	240	17
1	39656	260	12
1	45001	280	6
1	50257	300	6
1	55649	320	15
1	60968	340	11
1	66245	360	19
1	71608	380	15
1	76955	400	13
1	82304	420	14
1	87583	440	11
1	92832	460	16
1	98157	480	11
1	103538	500	17
1	108839	520	7
1	114268	540	22
1	119555	560	19
1	124841	580	17
1	130120	600	10
1	135483	620	5
1	140755	640	15
1	146059	660	14
1	151437	680	16
1	156720	700	10
1	161940	720	13
1	167198	740	14
1	172503	760	10
1	177785	780	16
1	183104	800	11
1	188469	820	15
1	193666	840	11
1	198983	860	12
1	204412	880	9
1	209619	900	4
1	214863	920	9
1	220216	940	6
1	225500	960	12
1	230788	980	17
1	236214	1000	20
1	241638	1020	10
1	246942	1040	11
1	252194	1060	3
1	257570	1080	11
1	262854	1100	11
1	268070	1120	20
1	273338	1140	13
1	278657	1160	8
1	284000	1180	7
1	289378	1200	19
1	294674	1220	9
1	299999	1240	11
1	305188	1260	14
1	310434	1280	8
1	315723	1300	12
1	321013	1320	7
1	326223	1340	17
1	331494	1360	16
1	336747	1380	14
1	341928	1400	11
1	347229	1420	15
1	352580	1440	10
1	357858	1460	8
1	363260	1480	18
1	368546	1500	9
1	373836	1520	4
1	379159	1540	9
1	384368	1560	10
1	389723	1580	15
1	395025	1600	12
1	400391	1620	2
1	405712	1640	16
1	411108	1660	9
1	416323	1680	14
1	421583	1700	2
1	426847	1720	14
1	432160	1740	15
1	437440	1760	2
1	442792	1780	17
1	448127	1800	13
1	453048	1820	7
1	457340	1840	10
1	461108	1860	7
1	464407	1880	4
1	467355	1900	10
1	469844	1920	5
1	471903	1940	3
1	473455	1960	1
1	474508	1980	4
1	475063	2000	2
2	34167	240	15
2	39656	260	22
2	45001	280	31
2	50257	300	31
2	55649	320	21
2	60968	340	25
2	66245	360	13
2	71608	380	22
2	76955	400	23
2	82304	420	21
2	87583	440	27
2	92832	460	18
2	98157	480	24
2	103538	500	20
2	108839	520	32
2	114268	540	10
2	119555	560	13
2	124841	580	18
2	130120	600	25
2	135483	620	33
2	140755	640	19
2	146059	660	20
2	151437	680	17
2	156720	700	27
2	161940	720	20
2	167198	740	21
2	172503	760	27
2	177785	780	17
2	183104	800	26
2	188469	820	20
2	193666	840	24
2	198983	860	24
2	204412	880	29
2	209619	900	35
2	214863	920	26
2	220216	940	33
2	225500	960	23
2	230788	980	15
2	236214	1000	13
2	241638	1020	26
2	246942	1040	22
2	252194	1060	35
2	257570	1080	27
2	262854	1100	26
2	268070	1120	11
2	273338	1140	21
2	278657	1160	27
2	284000	1180	28
2	289378	1200	15
2	294674	1220	30
2	299999	1240	25
2	305188	1260	20
2	310434	1280	27
2	315723	1300	24
2	321013	1320	28
2	326223	1340	15
2	331494	1360	21
2	336747	1380	20
2	341928	1400	28
2	347229	1420	18
2	352580	1440	27
2	357858	1460	27
2	363260	1480	14
2	368546	1500	27
2	373836	1520	34
2	379159	1540	30
2	384368	1560	25
2	389723	1580	20
2	395025	1600	24
2	400391	1620	37
2	405712	1640	18
2	411108	1660	27
2	416323	1680	20
2	421583	1700	37
2	426847	1720	20
2	432160	1740	18
2	437440	1760	38
2	442792	1780	18
2	448127	1800	22
2	453048	1820	27
2	457340	1840	21
2	461108	1860	18
2	464407	1880	21
2	467355	1900	9
2	469844	1920	13
2	471903	1940	13
2	473455	1960	12
2	474508	1980	4
2	475063	2000	5
3	34167	240	2
3	39656	260	1
3	45001	280	0
3	50257	300	1
3	55649	320	0
3	60968	340	0
3	66245	360	1
3	71608	380	1
3	76955	400	0
3	82304	420	0
3	87583	440	0
3	92832	460	0
3	98157	480	0
3	103538	500	0
3	108839	520	0
3	114268	540	2
3	119555	560	1
3	124841	580	0
3	130120	600	2
3	135483	620	0
3	140755	640	0
3	146059	660	0
3	151437	680	0
3	156720	700	0
3	161940	720	0
3	167198	740	0
3	172503	760	0
3	177785	780	0
3	183104	800	0
3	188469	820	1
3	193666	840	1
3	198983	860	1
3	204412	880	0
3	209619	900	1
3	214863	920	0
3	220216	940	0
3	225500	960	0
3	230788	980	1
3	236214	1000	0
3	241638	1020	0
3	246942	1040	1
3	252194	1060	0
3	257570	1080	1
3	262854	1100	0
3	268070	1120	0
3	273338	1140	0
3	278657	1160	0
3	284000	1180	0
3	289378	1200	1
3	294674	1220	1
3	299999	1240	0
3	305188	1260	2
3	310434	1280	0
3	315723	1300	0
3	321013	1320	0
3	326223	1340	0
3	331494	1360	1
3	336747	1380	1
3	341928	1400	0
3	347229	1420	0
3	352580	1440	0
3	357858	1460	0
3	363260	1480	1
3	368546	1500	0
3	373836	1520	0
3	379159	1540	0
3	384368	1560	0
3	389723	1580	1
3	395025	1600	0
3	400391	1620	0
3	405712	1640	0
3	411108	1660	0
3	416323	1680	0
3	421583	1700	1
3	426847	1720	0
3	432160	1740	0
3	437440	1760	0
3	442792	1780	2
3	448127	1800	1
3	453048	1820	0
3	457340	1840	0
3	461108	1860	0
3	464407	1880	0
3	467355	1900	0
3	469844	1920	1
3	471903	1940	0
3	473455	1960	0
3	474508	1980	0
3	475063	2000	0
4	34167	240	13
4	39656	260	21
4	45001	280	30
4	50257	300	30
4	55649	320	20
4	60968	340	25
4	66245	360	12
4	71608	380	21
4	76955	400	23
4	82304	420	21
4	87583	440	27
4	92832	460	17
4	98157	480	24
4	103538	500	20
4	108839	520	31
4	114268	540	8
4	119555	560	12
4	124841	580	18
4	130120	600	22
4	135483	620	33
4	140755	640	19
4	146059	660	20
4	151437	680	17
4	156720	700	27
4	161940	720	20
4	167198	740	21
4	172503	760	26
4	177785	780	17
4	183104	800	25
4	188469	820	19
4	193666	840	23
4	198983	860	23
4	204412	880	28
4	209619	900	34
4	214863	920	25
4	220216	940	33
4	225500	960	23
4	230788	980	14
4	236214	1000	13
4	241638	1020	26
4	246942	1040	21
4	252194	1060	35
4	257570	1080	26
4	262854	1100	26
4	268070	1120	11
4	273338	1140	21
4	278657	1160	27
4	284000	1180	28
4	289378	1200	14
4	294674	1220	28
4	299999	1240	25
4	305188	1260	17
4	310434	1280	27
4	315723	1300	24
4	321013	1320	28
4	326223	1340	15
4	331494	1360	20
4	336747	1380	19
4	341928	1400	27
4	347229	1420	17
4	352580	1440	27
4	357858	1460	27
4	363260	1480	13
4	368546	1500	27
4	373836	1520	34
4	379159	1540	30
4	384368	1560	25
4	389723	1580	19
4	395025	1600	24
4	400391	1620	36
4	405712	1640	18
4	411108	1660	27
4	416323	1680	20
4	421583	1700	36
4	426847	1720	20
4	432160	1740	18
4	437440	1760	38
4	442792	1780	16
4	448127	1800	21
4	453048	1820	27
4	457340	1840	21
4	461108	1860	18
4	464407	1880	21
4	467355	1900	9
4	469844	1920	12
4	471903	1940	13
4	473455	1960	12
4	474508	1980	4
4	475063	2000	5
5	34167	240	2.4285714285714
5	39656	260	1.7142857142857
5	45001	280	1.5
5	50257	300	2
5	55649	320	3
5	60968	340	1.8333333333333
5	66245	360	2.375
5	71608	380	3.75
5	76955	400	4.3333333333333
5	82304	420	2.3333333333333
5	87583	440	5.5
5	92832	460	2.6666666666667
5	98157	480	2.2
5	103538	500	3.4
5	108839	520	3.5
5	114268	540	2.4444444444444
5	119555	560	2.375
5	124841	580	2.8333333333333
5	130120	600	1.6666666666667
5	135483	620	1.6666666666667
5	140755	640	2.5
5	146059	660	2
5	151437	680	2.2857142857143
5	156720	700	3.3333333333333
5	161940	720	1.8571428571429
5	167198	740	2.8
5	172503	760	2.5
5	177785	780	2.2857142857143
5	183104	800	2.2
5	188469	820	3
5	193666	840	2.75
5	198983	860	3
5	204412	880	3
5	209619	900	2
5	214863	920	1.5
5	220216	940	6
5	225500	960	2.4
5	230788	980	2.125
5	236214	1000	2.5
5	241638	1020	2.5
5	246942	1040	1.8333333333333
5	252194	1060	1.5
5	257570	1080	3.6666666666667
5	262854	1100	5.5
5	268070	1120	2.2222222222222
5	273338	1140	2.1666666666667
5	278657	1160	1.6
5	284000	1180	1.4
5	289378	1200	2.7142857142857
5	294674	1220	4.5
5	299999	1240	2.2
5	305188	1260	2.3333333333333
5	310434	1280	2
5	315723	1300	2.4
5	321013	1320	1.4
5	326223	1340	2.4285714285714
5	331494	1360	4
5	336747	1380	2.8
5	341928	1400	5.5
5	347229	1420	2.1428571428571
5	352580	1440	2.5
5	357858	1460	2
5	363260	1480	2.25
5	368546	1500	3
5	373836	1520	2
5	379159	1540	4.5
5	384368	1560	2.5
5	389723	1580	3
5	395025	1600	2
5	400391	1620	1
5	405712	1640	2.6666666666667
5	411108	1660	2.25
5	416323	1680	2.3333333333333
5	421583	1700	2
5	426847	1720	2.8
5	432160	1740	2.5
5	437440	1760	2
5	442792	1780	3.4
5	448127	1800	3.25
5	453048	1820	2.3333333333333
5	457340	1840	3.3333333333333
5	461108	1860	1.4
5	464407	1880	1.3333333333333
5	467355	1900	2.5
5	469844	1920	2.5
5	471903	1940	1.5
5	473455	1960	1
5	474508	1980	2
5	475063	2000	2
6	34167	240	1.2724180205607
6	39656	260	0.75592894601845
6	45001	280	0.57735026918963
6	50257	300	1.7320508075689
6	55649	320	2.2360679774998
6	60968	340	0.75277265270908
6	66245	360	0.9161253813129
6	71608	380	2.5
6	76955	400	4.1633319989323
6	82304	420	1.6329931618555
6	87583	440	0.70710678118655
6	92832	460	1.5055453054182
6	98157	480	1.3038404810405
6	103538	500	2.1908902300207
6	108839	520	0.70710678118655
6	114268	540	1.5092308563562
6	119555	560	1.5979898086569
6	124841	580	1.471960144388
6	130120	600	0.81649658092773
6	135483	620	0.57735026918963
6	140755	640	1.378404875209
6	146059	660	0.81649658092773
6	151437	680	1.7994708216849
6	156720	700	2.5166114784236
6	161940	720	0.89973541084244
6	167198	740	2.4899799195977
6	172503	760	0.57735026918963
6	177785	780	1.8898223650461
6	183104	800	0.83666002653408
6	188469	820	1
6	193666	840	1.7078251276599
6	198983	860	1.8257418583506
6	204412	880	2.6457513110646
6	209619	900	1.4142135623731
6	214863	920	0.83666002653408
6	220216	940	nan
6	225500	960	1.1401754250991
6	230788	980	0.83452296039628
6	236214	1000	0.75592894601845
6	241638	1020	1.2909944487358
6	246942	1040	0.75277265270908
6	252194	1060	0.70710678118655
6	257570	1080	0.57735026918963
6	262854	1100	4.9497474683058
6	268070	1120	1.2018504251547
6	273338	1140	1.16904519445
6	278657	1160	0.89442719099992
6	284000	1180	0.54772255750517
6	289378	1200	2.8702082220799
6	294674	1220	2.1213203435596
6	299999	1240	0.83666002653408
6	305188	1260	0.81649658092773
6	310434	1280	1.4142135623731
6	315723	1300	2.0736441353328
6	321013	1320	0.54772255750517
6	326223	1340	1.7182493859684
6	331494	1360	2.1602468994693
6	336747	1380	1.6431676725155
6	341928	1400	3.5355339059327
6	347229	1420	1.4638501094228
6	352580	1440	2.3804761428476
6	357858	1460	0
6	363260	1480	1.3887301496588
6	368546	1500	1.7320508075689
6	373836	1520	0
6	379159	1540	4.9497474683058
6	384368	1560	1.2909944487358
6	389723	1580	2.8284271247462
6	395025	1600	2
6	400391	1620	0
6	405712	1640	1.6329931618555
6	411108	1660	0.95742710775634
6	416323	1680	1.0327955589886
6	421583	1700	nan
6	426847	1720	2.4899799195977
6	432160	1740	2.0736441353328
6	437440	1760	nan
6	442792	1780	1.1401754250991
6	448127	1800	1.2583057392118
6	453048	1820	1.5275252316519
6	457340	1840	2.3094010767585
6	461108	1860	0.54772255750517
6	464407	1880	0.57735026918963
6	467355	1900	0.57735026918963
6	469844	1920	0.70710678118655
6	471903	1940	0.70710678118655
6	473455	1960	nan
6	474508	1980	0
6	475063	2000	nan
7	34167	240	1.6190476190476
7	39656	260	0.57142857142857
7	45001	280	0.33333333333333
7	50257	300	3
7	55649	320	5
7	60968	340	0.56666666666667
7	66245	360	0.83928571428571
7	71608	380	6.25
7	76955	400	17.333333333333
7	82304	420	2.6666666666667
7	87583	440	0.5
7	92832	460	2.2666666666667
7	98157	480	1.7
7	103538	500	4.8
7	108839	520	0.5
7	114268	540	2.2777777777778
7	119555	560	2.5535714285714
7	124841	580	2.1666666666667
7	130120	600	0.66666666666667
7	135483	620	0.33333333333333
7	140755	640	1.9
7	146059	660	0.66666666666667
7	151437	680	3.2380952380952
7	156720	700	6.3333333333333
7	161940	720	0.80952380952381
7	167198	740	6.2
7	172503	760	0.33333333333333
7	177785	780	3.5714285714286
7	183104	800	0.7
7	188469	820	1
7	193666	840	2.9166666666667
7	198983	860	3.3333333333333
7	204412	880	7
7	209619	900	2
7	214863	920	0.7
7	220216	940	nan
7	225500	960	1.3
7	230788	980	0.69642857142857
7	236214	1000	0.57142857142857
7	241638	1020	1.6666666666667
7	246942	1040	0.56666666666667
7	252194	1060	0.5
7	257570	1080	0.33333333333333
7	262854	1100	24.5
7	268070	1120	1.4444444444444
7	273338	1140	1.3666666666667
7	278657	1160	0.8
7	284000	1180	0.3
7	289378	1200	8.2380952380952
7	294674	1220	4.5
7	299999	1240	0.7
7	305188	1260	0.66666666666667
7	310434	1280	2
7	315723	1300	4.3
7	321013	1320	0.3
7	326223	1340	2.952380952381
7	331494	1360	4.6666666666667
7	336747	1380	2.7
7	341928	1400	12.5
7	347229	1420	2.1428571428571
7	352580	1440	5.6666666666667
7	357858	1460	0
7	363260	1480	1.9285714285714
7	368546	1500	3
7	373836	1520	0
7	379159	1540	24.5
7	384368	1560	1.6666666666667
7	389723	1580	8
7	395025	1600	4
7	400391	1620	0
7	405712	1640	2.6666666666667
7	411108	1660	0.91666666666667
7	416323	1680	1.0666666666667
7	421583	1700	nan
7	426847	1720	6.2
7	432160	1740	4.3
7	437440	1760	nan
7	442792	1780	1.3
7	448127	1800	1.5833333333333
7	453048	1820	2.3333333333333
7	457340	1840	5.3333333333333
7	461108	1860	0.3
7	464407	1880	0.33333333333333
7	467355	1900	0.33333333333333
7	469844	1920	0.5
7	471903	1940	0.5
7	473455	1960	nan
7	474508	1980	0
7	475063	2000	nan
8	34167	240	8.8461538461538
8	39656	260	8.9756097560976
8	45001	280	9.25
8	50257	300	9.125
8	55649	320	9.25
8	60968	340	8.7142857142857
8	66245	360	8.85
8	71608	380	8.8536585365854
8	76955	400	9.025641025641
8	82304	420	9
8	87583	440	8.95
8	92832	460	9.1794871794872
8	98157	480	9.1
8	103538	500	8.8333333333333
8	108839	520	8.925
8	114268	540	9.0975609756098
8	119555	560	9.075
8	124841	580	8.8536585365854
8	130120	600	9.1
8	135483	620	9.1951219512195
8	140755	640	8.925
8	146059	660	8.9024390243902
8	151437	680	9.05
8	156720	700	8.775
8	161940	720	8.775
8	167198	740	8.6
8	172503	760	9.125
8	177785	780	9.1
8	183104	800	8.8780487804878
8	188469	820	9.15
8	193666	840	9.1025641025641
8	198983	860	8.8
8	204412	880	9.075
8	209619	900	8.8780487804878
8	214863	920	9.05
8	220216	940	8.825
8	225500	960	9.05
8	230788	980	8.95
8	236214	1000	8.9756097560976
8	241638	1020	9.125
8	246942	1040	9.2051282051282
8	252194	1060	8.95
8	257570	1080	8.8536585365854
8	262854	1100	9.025641025641
8	268070	1120	8.775
8	273338	1140	8.775
8	278657	1160	8.975
8	284000	1180	8.95
8	289378	1200	8.9512195121951
8	294674	1220	9.2
8	299999	1240	8.9512195121951
8	305188	1260	9.1538461538462
8	310434	1280	8.8974358974359
8	315723	1300	8.8048780487805
8	321013	1320	8.8
8	326223	1340	8.9487179487179
8	331494	1360	8.5365853658537
8	336747	1380	8.8717948717949
8	341928	1400	8.8
8	347229	1420	9.2051282051282
8	352580	1440	8.9756097560976
8	357858	1460	9.2051282051282
8	363260	1480	9.1025641025641
8	368546	1500	9.025641025641
8	373836	1520	8.75
8	379159	1540	8.7073170731707
8	384368	1560	9.0512820512821
8	389723	1580	9
8	395025	1600	8.7142857142857
8	400391	1620	8.95
8	405712	1640	8.95
8	411108	1660	9.025
8	416323	1680	8.825
8	421583	1700	8.9
8	426847	1720	8.974358974359
8	432160	1740	8.974358974359
8	437440	1760	8.7073170731707
8	442792	1780	9.075
8	448127	1800	9.1538461538462
8	453048	1820	9
8	457340	1840	8.3529411764706
8	461108	1860	8.3
8	464407	1880	8.3571428571429
8	467355	1900	7.8260869565217
8	469844	1920	8.5
8	471903	1940	7.8333333333333
8	473455	1960	7.1428571428571
8	474508	1980	6.1
8	475063	2000	5.375
9	34167	240	1.4962841965219
9	39656	260	1.8505108062107
9	45001	280	1.391365313603
9	50257	300	1.4176090379986
9	55649	320	1.6290629680421
9	60968	340	1.7430798966578
9	66245	360	1.6725537053966
9	71608	380	2.068344454023
9	76955	400	1.5974845273475
9	82304	420	1.6881943016134
9	87583	440	1.9993588715976
9	92832	460	1.5538033959457
9	98157	480	1.97159313429
9	103538	500	2.1966345285533
9	108839	520	2.0303782646187
9	114268	540	1.5460413650479
9	119555	560	1.9662211577098
9	124841	580	1.8379468927278
9	130120	600	1.7511900715418
9	135483	620	1.5846058215708
9	140755	640	1.8589699381026
9	146059	660	1.8139029473594
9	151437	680	1.5012815038647
9	156720	700	1.7612277186449
9	161940	720	1.4586171884919
9	167198	740	1.691608247065
9	172503	760	2.0151668506348
9	177785	780	1.8088103471052
9	183104	800	2.1586468209415
9	188469	820	1.8194110064129
9	193666	840	1.2730996528339
9	198983	860	1.9108328161517
9	204412	880	1.8029534174906
9	209619	900	1.7634500553066
9	214863	920	1.5681117176319
9	220216	940	2.0986870132269
9	225500	960	2.1477477768166
9	230788	980	1.738699779455
9	236214	1000	1.968347084206
9	241638	1020	2.1977552650667
9	246942	1040	1.2178386199261
9	252194	1060	1.3387709633495
9	257570	1080	2.1512900270507
9	262854	1100	1.5974845273475
9	268070	1120	1.5605308104156
9	273338	1140	1.6868647902286
9	278657	1160	1.6249260338196
9	284000	1180	1.4133067244713
9	289378	1200	1.6575768385236
9	294674	1220	1.7423826892785
9	299999	1240	2.0850805681339
9	305188	1260	1.3286015904833
9	310434	1280	1.2936051580731
9	315723	1300	1.4869349715963
9	321013	1320	1.3048233989947
9	326223	1340	1.356247104265
9	331494	1360	1.8986516396592
9	336747	1380	1.7041665223101
9	341928	1400	1.9108328161517
9	347229	1420	1.6886538889942
9	352580	1440	2.0060882941442
9	357858	1460	1.4542041987121
9	363260	1480	1.586038955433
9	368546	1500	1.2873305608931
9	373836	1520	1.8912755158683
9	379159	1540	2.2050385760687
9	384368	1560	1.3367028947675
9	389723	1580	1.7686732677929
9	395025	1600	2.4020896825901
9	400391	1620	2.074880286939
9	405712	1640	1.5681117176319
9	411108	1660	1.3679012559954
9	416323	1680	1.6312257464549
9	421583	1700	1.3358949751441
9	426847	1720	2.1087184869536
9	432160	1740	1.6778303578883
9	437440	1760	1.9005775758835
9	442792	1780	1.6074745282506
9	448127	1800	2.0201414950243
9	453048	1820	1.2909944487358
9	457340	1840	1.5152228147217
9	461108	1860	1.4890404223225
9	464407	1880	1.768328059774
9	467355	1900	1.9691293395131
9	469844	1920	1.6383560438183
9	471903	1940	1.757337558387
9	473455	1960	1.4064216928155
9	474508	1980	0.73786478737262
9	475063	2000	0.74402380914284
10	34167	240	2.2388663967611
10	39656	260	3.4243902439024
10	45001	280	1.9358974358974
10	50257	300	2.0096153846154
10	55649	320	2.6538461538462
10	60968	340	3.0383275261324
10	66245	360	2.7974358974359
10	71608	380	4.2780487804878
10	76955	400	2.5519568151147
10	82304	420	2.85
10	87583	440	3.9974358974359
10	92832	460	2.4143049932524
10	98157	480	3.8871794871795
10	103538	500	4.8252032520325
10	108839	520	4.1224358974359
10	114268	540	2.390243902439
10	119555	560	3.8660256410256
10	124841	580	3.3780487804878
10	130120	600	3.0666666666667
10	135483	620	2.5109756097561
10	140755	640	3.4557692307692
10	146059	660	3.290243902439
10	151437	680	2.2538461538462
10	156720	700	3.1019230769231
10	161940	720	2.1275641025641
10	167198	740	2.8615384615385
10	172503	760	4.0608974358974
10	177785	780	3.2717948717949
10	183104	800	4.659756097561
10	188469	820	3.3102564102564
10	193666	840	1.6207827260459
10	198983	860	3.6512820512821
10	204412	880	3.250641025641
10	209619	900	3.109756097561
10	214863	920	2.4589743589744
10	220216	940	4.4044871794872
10	225500	960	4.6128205128205
10	230788	980	3.0230769230769
10	236214	1000	3.8743902439024
10	241638	1020	4.8301282051282
10	246942	1040	1.4831309041835
10	252194	1060	1.7923076923077
10	257570	1080	4.6280487804878
10	262854	1100	2.5519568151147
10	268070	1120	2.4352564102564
10	273338	1140	2.8455128205128
10	278657	1160	2.6403846153846
10	284000	1180	1.9974358974359
10	289378	1200	2.7475609756098
10	294674	1220	3.0358974358974
10	299999	1240	4.3475609756098
10	305188	1260	1.7651821862348
10	310434	1280	1.6734143049933
10	315723	1300	2.2109756097561
10	321013	1320	1.7025641025641
10	326223	1340	1.8394062078273
10	331494	1360	3.6048780487805
10	336747	1380	2.9041835357625
10	341928	1400	3.6512820512821
10	347229	1420	2.8515519568151
10	352580	1440	4.0243902439024
10	357858	1460	2.114709851552
10	363260	1480	2.5155195681511
10	368546	1500	1.6572199730094
10	373836	1520	3.5769230769231
10	379159	1540	4.8621951219512
10	384368	1560	1.7867746288799
10	389723	1580	3.1282051282051
10	395025	1600	5.7700348432056
10	400391	1620	4.3051282051282
10	405712	1640	2.4589743589744
10	411108	1660	1.8711538461538
10	416323	1680	2.6608974358974
10	421583	1700	1.7846153846154
10	426847	1720	4.44669365722
10	432160	1740	2.8151147098516
10	437440	1760	3.6121951219512
10	442792	1780	2.5839743589744
10	448127	1800	4.080971659919
10	453048	1820	1.6666666666667
10	457340	1840	2.2959001782531
10	461108	1860	2.2172413793103
10	464407	1880	3.1269841269841
10	467355	1900	3.8774703557312
10	469844	1920	2.6842105263158
10	471903	1940	3.0882352941176
10	473455	1960	1.978021978022
10	474508	1980	0.54444444444444
10	475063	2000	0.55357142857143
11	34167	240	323.83949645318
11	39656	260	321.5594971143
11	45001	280	182.72322030099
11	50257	300	136.66460103024
11	55649	320	230.14198924346
11	60968	340	279.7863153873
11	66245	360	365.44180737658
11	71608	380	186.80094332326
11	76955	400	136.93119718626
11	82304	420	282.91304249172
11	87583	440	89.874104010694
11	92832	460	272.65087891191
11	98157	480	230.82414841195
11	103538	500	228.6940951891
11	108839	520	92.443043844392
11	114268	540	416.22608799587
11	119555	560	366.1622537574
11	124841	580	276.37717639115
11	130120	600	276.06172809287
11	135483	620	146.36054908991
11	140755	640	273.79898859601
11	146059	660	324.66834926028
11	151437	680	322.82094915967
11	156720	700	136.44660110559
11	161940	720	325.12915031319
11	167198	740	238.08691395707
11	172503	760	178.54038472162
11	177785	780	332.9208566335
11	183104	800	229.81275628518
11	188469	820	230.5567695276
11	193666	840	183.09372253216
11	198983	860	184.82794181926
11	204412	880	139.82473704372
11	209619	900	95.852103245645
11	214863	920	284.52071981017
11	220216	940	45.420461319231
11	225500	960	228.30152501638
11	230788	980	367.01991477624
11	236214	1000	369.47127878093
11	241638	1020	187.39574078348
11	246942	1040	279.54911194935
11	252194	1060	94.201086129608
11	257570	1080	137.82488831153
11	262854	1100	90.23249418318
11	268070	1120	421.86496819941
11	273338	1140	276.22635046834
11	278657	1160	235.21727773602
11	284000	1180	234.84457077446
11	289378	1200	324.16774786359
11	294674	1220	92.749390224932
11	299999	1240	231.15582035082
11	305188	1260	279.17670755453
11	310434	1280	186.0564625132
11	315723	1300	230.60407208164
11	321013	1320	241.54769159335
11	326223	1340	327.09221070462
11	331494	1360	185.67588365122
11	336747	1380	236.88787155436
11	341928	1400	90.448092199576
11	347229	1420	329.94055211367
11	352580	1440	180.65132387238
11	357858	1460	188.84483311519
11	363260	1480	371.35154357595
11	368546	1500	135.88520556165
11	373836	1520	91.628944293356
11	379159	1540	91.671375294575
11	384368	1560	185.15695532148
11	389723	1580	234.06667468121
11	395025	1600	277.98399726535
11	400391	1620	91.680800851718
11	405712	1640	281.02462264299
11	411108	1660	183.94373885354
11	416323	1680	278.48002992185
11	421583	1700	46.081930177743
11	426847	1720	227.25372869858
11	432160	1740	271.69377519808
11	437440	1760	45.028309782124
11	442792	1780	229.01689957198
11	448127	1800	182.70561772715
11	453048	1820	137.58045857218
11	457340	1840	135.60682281834
11	461108	1860	233.52843332476
11	464407	1880	138.2902575312
11	467355	1900	184.41083452053
11	469844	1920	93.917037316539
11	471903	1940	96.008800383142
11	473455	1960	47.221909791608
11	474508	1980	97.825638435486
11	475063	2000	43.901070920236
12	34167	240	46.262785207597
12	39656	260	45.937071016328
12	45001	280	45.680805075247
12	50257	300	45.554867010079
12	55649	320	46.028397848693
12	60968	340	46.63105256455
12	66245	360	45.680225922073
12	71608	380	46.700235830814
12	76955	400	45.64373239542
12	82304	420	47.15217374862
12	87583	440	44.937052005347
12	92832	460	45.441813151985
12	98157	480	46.164829682391
12	103538	500	45.73881903782
12	108839	520	46.221521922196
12	114268	540	46.247343110652
12	119555	560	45.770281719675
12	124841	580	46.062862731858
12	130120	600	46.010288015479
12	135483	620	48.786849696638
12	140755	640	45.633164766001
12	146059	660	46.381192751468
12	151437	680	46.117278451382
12	156720	700	45.48220036853
12	161940	720	46.447021473313
12	167198	740	47.617382791413
12	172503	760	44.635096180404
12	177785	780	47.560122376214
12	183104	800	45.962551257036
12	188469	820	46.111353905519
12	193666	840	45.77343063304
12	198983	860	46.206985454815
12	204412	880	46.608245681241
12	209619	900	47.926051622823
12	214863	920	47.420119968362
12	220216	940	45.420461319231
12	225500	960	45.660305003276
12	230788	980	45.877489347029
12	236214	1000	46.183909847617
12	241638	1020	46.84893519587
12	246942	1040	46.591518658226
12	252194	1060	47.100543064804
12	257570	1080	45.941629437178
12	262854	1100	45.11624709159
12	268070	1120	46.87388535549
12	273338	1140	46.037725078056
12	278657	1160	47.043455547204
12	284000	1180	46.968914154891
12	289378	1200	46.309678266228
12	294674	1220	46.374695112466
12	299999	1240	46.231164070163
12	305188	1260	46.529451259088
12	310434	1280	46.514115628299
12	315723	1300	46.120814416328
12	321013	1320	48.30953831867
12	326223	1340	46.727458672088
12	331494	1360	46.418970912806
12	336747	1380	47.377574310872
12	341928	1400	45.224046099788
12	347229	1420	47.134364587667
12	352580	1440	45.162830968095
12	357858	1460	47.211208278797
12	363260	1480	46.418942946994
12	368546	1500	45.295068520549
12	373836	1520	45.814472146678
12	379159	1540	45.835687647288
12	384368	1560	46.28923883037
12	389723	1580	46.813334936241
12	395025	1600	46.330666210891
12	400391	1620	45.840400425859
12	405712	1640	46.837437107165
12	411108	1660	45.985934713385
12	416323	1680	46.413338320308
12	421583	1700	46.081930177743
12	426847	1720	45.450745739715
12	432160	1740	45.282295866346
12	437440	1760	45.028309782124
12	442792	1780	45.803379914395
12	448127	1800	45.676404431787
12	453048	1820	45.860152857394
12	457340	1840	45.20227427278
12	461108	1860	46.705686664953
12	464407	1880	46.096752510401
12	467355	1900	46.102708630132
12	469844	1920	46.958518658269
12	471903	1940	48.004400191571
12	473455	1960	47.221909791608
12	474508	1980	48.912819217743
12	475063	2000	43.901070920236
13	34167	240	0.53838705619694
13	39656	260	1.0268067447677
13	45001	280	0.88597834695784
13	50257	300	0.69101261267773
13	55649	320	1.924283160579
13	60968	340	1.5760806984333
13	66245	360	1.0690220747798
13	71608	380	1.257519091147
13	76955	400	1.6416602535332
13	82304	420	2.0795743862312
13	87583	440	0.85401590493371
13	92832	460	0.6879064354939
13	98157	480	0.89516214120743
13	103538	500	1.2535136078237
13	108839	520	2.9231343163531
13	114268	540	0.9974161828003
13	119555	560	0.89018077149631
13	124841	580	1.1506053934327
13	130120	600	0.76992607837868
13	135483	620	2.0874568966816
13	140755	640	0.58958059788446
13	146059	660	2.3149731422799
13	151437	680	1.7557935736292
13	156720	700	0.92358323271742
13	161940	720	1.25636490501
13	167198	740	4.0396639068345
13	172503	760	0.3257961107727
13	177785	780	3.7199620075069
13	183104	800	1.1820599816347
13	188469	820	0.71414221952466
13	193666	840	0.22581439099393
13	198983	860	0.68722096197399
13	204412	880	1.7617147049301
13	209619	900	0.70049465852851
13	214863	920	1.6634671421629
13	220216	940	nan
13	225500	960	1.3584384819883
13	230788	980	1.8036181574787
13	236214	1000	0.75277119559084
13	241638	1020	1.1271290585138
13	246942	1040	1.5575251189004
13	252194	1060	1.7954887643996
13	257570	1080	0.43578721591972
13	262854	1100	0.49832710324893
13	268070	1120	1.9435948899781
13	273338	1140	1.2245723303583
13	278657	1160	1.2596198609849
13	284000	1180	2.6351490264868
13	289378	1200	1.4505112501071
13	294674	1220	0.43623257915636
13	299999	1240	1.1340806326345
13	305188	1260	2.6359735860979
13	310434	1280	2.2305312294355
13	315723	1300	0.73176764342869
13	321013	1320	2.499983479449
13	326223	1340	2.0341748228213
13	331494	1360	2.2675284831973
13	336747	1380	2.6971033163866
13	341928	1400	0.5593028594021
13	347229	1420	2.5640038048007
13	352580	1440	1.1850506538189
13	357858	1460	0.79882616763661
13	363260	1480	1.4142559048979
13	368546	1500	1.7724883008914
13	373836	1520	0.012945753913312
13	379159	1540	1.2536293000476
13	384368	1560	1.1771172633949
13	389723	1580	2.0190716723125
13	395025	1600	1.0233639785481
13	400391	1620	0.74028282353883
13	405712	1640	2.5145037697909
13	411108	1660	0.48341781470855
13	416323	1680	1.1244237328824
13	421583	1700	nan
13	426847	1720	0.67868161170471
13	432160	1740	0.69632057054631
13	437440	1760	nan
13	442792	1780	1.1549003036637
13	448127	1800	0.11239689751129
13	453048	1820	1.3026425274703
13	457340	1840	0.71321074759177
13	461108	1860	0.61709511192677
13	464407	1880	1.5238589479731
13	467355	1900	1.7586601350976
13	469844	1920	1.5684495820709
13	471903	1940	0.69653971553759
13	473455	1960	nan
13	474508	1980	2.2923051521444
13	475063	2000	nan
14	34167	240	0.28986062228041
14	39656	260	1.0543320911004
14	45001	280	0.78495763127814
14	50257	300	0.47749843087971
14	55649	320	3.7028656820881
14	60968	340	2.4840303679741
14	66245	360	1.1428081963664
14	71608	380	1.5813542645993
14	76955	400	2.6950483880307
14	82304	420	4.3246296278687
14	87583	440	0.72934316587975
14	92832	460	0.47321526399392
14	98157	480	0.80131525905108
14	103538	500	1.5712963649993
14	108839	520	8.5447142314409
14	114268	540	0.99483904171191
14	119555	560	0.79242180594177
14	124841	580	1.3238927713964
14	130120	600	0.59278616616758
14	135483	620	4.3574762955037
14	140755	640	0.3476052814018
14	146059	660	5.3591006494773
14	151437	680	3.0828110731975
14	156720	700	0.85300598775677
14	161940	720	1.5784527745409
14	167198	740	16.318884480181
14	172503	760	0.10614310579462
14	177785	780	13.838117337295
14	183104	800	1.3972658001823
14	188469	820	0.50999910970761
14	193666	840	0.050992139179961
14	198983	860	0.47227265057645
14	204412	880	3.1036387015669
14	209619	900	0.49069276662697
14	214863	920	2.7671229330555
14	220216	940	nan
14	225500	960	1.8453551093468
14	230788	980	3.2530384579868
14	236214	1000	0.56666447291127
14	241638	1020	1.2704199145463
14	246942	1040	2.4258844960058
14	252194	1060	3.2237799030851
14	257570	1080	0.18991049755906
14	262854	1100	0.24832990183247
14	268070	1120	3.7775610963489
14	273338	1140	1.4995773922793
14	278657	1160	1.5866421941877
14	284000	1180	6.9440103917943
14	289378	1200	2.1039828866872
14	294674	1220	0.19029886311741
14	299999	1240	1.2861388813167
14	305188	1260	6.9483567466059
14	310434	1280	4.9752695654868
14	315723	1300	0.53548388396918
14	321013	1320	6.2499173975177
14	326223	1340	4.1378672098003
14	331494	1360	5.1416854221112
14	336747	1380	7.2743662992636
14	341928	1400	0.31281968853536
14	347229	1420	6.5741155110325
14	352580	1440	1.4043450521167
14	357858	1460	0.638123246101
14	363260	1480	2.0001197645385
14	368546	1500	3.1417147767968
14	373836	1520	0.00016759254438403
14	379159	1540	1.5715864219378
14	384368	1560	1.3856050517824
14	389723	1580	4.0766504179347
14	395025	1600	1.0472738325898
14	400391	1620	0.54801865882662
14	405712	1640	6.3227292082928
14	411108	1660	0.23369278357759
14	416323	1680	1.2643287310693
14	421583	1700	nan
14	426847	1720	0.46060873006611
14	432160	1740	0.48486233696594
14	437440	1760	nan
14	442792	1780	1.3337947114025
14	448127	1800	0.012633062570163
14	453048	1820	1.6968775543741
14	457340	1840	0.50866957048041
14	461108	1860	0.38080637716391
14	464407	1880	2.3221460933177
14	467355	1900	3.0928854707816
14	469844	1920	2.4600340914983
14	471903	1940	0.48516757532118
14	473455	1960	nan
14	474508	1980	5.2546629105478
14	475063	2000	nan
15	34167	240	405.78505831804
15	39656	260	355.63405030296
15	45001	280	178.12779942612
15	50257	300	179.89646970361
15	55649	320	225.01052506752
15	60968	340	268.98024738325
15	66245	360	402.1596964283
15	71608	380	227.08069147723
15	76955	400	136.49937004775
15	82304	420	268.90923936362
15	87583	440	88.648997609231
15	92832	460	265.34041702887
15	98157	480	221.58840729354
15	103538	500	222.95515463199
15	108839	520	90.499933163605
15	114268	540	492.29263495872
15	119555	560	404.32871087835
15	124841	580	272.07681658152
15	130120	600	360.24097971418
15	135483	620	137.21939505407
15	140755	640	270.60144301196
15	146059	660	314.51348953822
15	151437	680	313.89915862741
15	156720	700	132.58583375697
15	161940	720	315.19123865619
15	167198	740	224.25665474451
15	172503	760	179.59656716767
15	177785	780	316.75108540003
15	183104	800	224.61933936936
15	188469	820	268.39845101474
15	193666	840	224.06238751618
15	198983	860	226.68036870583
15	204412	880	136.09602757666
15	209619	900	134.7990686934
15	214863	920	272.47446851557
15	220216	940	44.62855854228
15	225500	960	223.95075558094
15	230788	980	403.14120865488
15	236214	1000	359.03728321441
15	241638	1020	178.52840016431
15	246942	1040	313.65860940423
15	252194	1060	89.767344774907
15	257570	1080	177.90913345407
15	262854	1100	89.143735835233
15	268070	1120	402.04086713465
15	273338	1140	266.67509358359
15	278657	1160	223.0216711615
15	284000	1180	224.6217652751
15	289378	1200	358.32467676051
15	294674	1220	135.99269943136
15	299999	1240	223.6859045483
15	305188	1260	356.25395396911
15	310434	1280	177.66021756818
15	315723	1300	223.20335771168
15	321013	1320	223.78333839774
15	326223	1340	312.49467411163
15	331494	1360	226.59484722367
15	336747	1380	270.03809934383
15	341928	1400	88.772996515269
15	347229	1420	314.99354618349
15	352580	1440	178.67223589137
15	357858	1460	178.63012263626
15	363260	1480	357.54788800056
15	368546	1500	134.83228744131
15	373836	1520	88.699162678643
15	379159	1540	88.791431756163
15	384368	1560	177.9082967722
15	389723	1580	270.22712901299
15	395025	1600	271.87950661173
15	400391	1620	89.743545336515
15	405712	1640	269.06469153192
15	411108	1660	177.78517619931
15	416323	1680	267.78265107451
15	421583	1700	89.41398211589
15	426847	1720	223.23387181855
15	432160	1740	266.50515512793
15	437440	1760	44.143615509839
15	442792	1780	312.00857505165
15	448127	1800	220.94335928661
15	453048	1820	136.15193234745
15	457340	1840	133.28693775611
15	461108	1860	223.18638880299
15	464407	1880	138.25608565816
15	467355	1900	178.46484809246
15	469844	1920	133.85400815763
15	471903	1940	93.056884919927
15	473455	1960	48.251737844881
15	474508	1980	91.943630649363
15	475063	2000	45.861023045485
16	34167	240	45.087228702004
16	39656	260	44.45425628787
16	45001	280	44.531949856529
16	50257	300	44.974117425903
16	55649	320	45.002105013504
16	60968	340	44.830041230542
16	66245	360	44.684410714255
16	71608	380	45.416138295446
16	76955	400	45.499790015917
16	82304	420	44.818206560604
16	87583	440	44.324498804616
16	92832	460	44.223402838146
16	98157	480	44.317681458709
16	103538	500	44.591030926398
16	108839	520	45.249966581803
16	114268	540	44.753875905338
16	119555	560	44.925412319817
16	124841	580	45.346136096919
16	130120	600	45.030122464272
16	135483	620	45.739798351356
16	140755	640	45.100240501993
16	146059	660	44.93049850546
16	151437	680	44.842736946773
16	156720	700	44.195277918989
16	161940	720	45.027319808027
16	167198	740	44.851330948902
16	172503	760	44.899141791917
16	177785	780	45.250155057147
16	183104	800	44.923867873872
16	188469	820	44.733075169123
16	193666	840	44.812477503236
16	198983	860	45.336073741166
16	204412	880	45.365342525553
16	209619	900	44.933022897799
16	214863	920	45.412411419262
16	220216	940	44.62855854228
16	225500	960	44.790151116188
16	230788	980	44.79346762832
16	236214	1000	44.879660401801
16	241638	1020	44.632100041076
16	246942	1040	44.808372772033
16	252194	1060	44.883672387453
16	257570	1080	44.477283363517
16	262854	1100	44.571867917617
16	268070	1120	44.671207459406
16	273338	1140	44.445848930598
16	278657	1160	44.604334232301
16	284000	1180	44.92435305502
16	289378	1200	44.790584595064
16	294674	1220	45.330899810453
16	299999	1240	44.73718090966
16	305188	1260	44.531744246138
16	310434	1280	44.415054392045
16	315723	1300	44.640671542337
16	321013	1320	44.756667679549
16	326223	1340	44.642096301661
16	331494	1360	45.318969444734
16	336747	1380	45.006349890638
16	341928	1400	44.386498257634
16	347229	1420	44.999078026212
16	352580	1440	44.668058972843
16	357858	1460	44.657530659065
16	363260	1480	44.69348600007
16	368546	1500	44.944095813768
16	373836	1520	44.349581339322
16	379159	1540	44.395715878082
16	384368	1560	44.477074193049
16	389723	1580	45.037854835498
16	395025	1600	45.313251101955
16	400391	1620	44.871772668257
16	405712	1640	44.84411525532
16	411108	1660	44.446294049827
16	416323	1680	44.630441845751
16	421583	1700	44.706991057945
16	426847	1720	44.646774363711
16	432160	1740	44.417525854654
16	437440	1760	44.143615509839
16	442792	1780	44.572653578807
16	448127	1800	44.188671857322
16	453048	1820	45.383977449149
16	457340	1840	44.428979252037
16	461108	1860	44.637277760598
16	464407	1880	46.085361886054
16	467355	1900	44.616212023114
16	469844	1920	44.618002719211
16	471903	1940	46.528442459963
16	473455	1960	48.251737844881
16	474508	1980	45.971815324681
16	475063	2000	45.861023045485
17	34167	240	1.1325882660721
17	39656	260	0.27974914766346
17	45001	280	0.43365253390837
17	50257	300	0.64471477086052
17	55649	320	1.1498733970492
17	60968	340	0.61101487395859
17	66245	360	0.50740329029832
17	71608	380	0.83428658696449
17	76955	400	1.3488806657575
17	82304	420	0.45906643012574
17	87583	440	0.46681852297499
17	92832	460	0.37067750628083
17	98157	480	0.26280664651223
17	103538	500	0.64133094797234
17	108839	520	1.9466941736818
17	114268	540	0.72617407266469
17	119555	560	0.98393941767552
17	124841	580	1.723106959584
17	130120	600	1.0684715676596
17	135483	620	2.0571742402296
17	140755	640	0.54092668881907
17	146059	660	0.78043249499124
17	151437	680	0.7972662359793
17	156720	700	0.13888030911633
17	161940	720	0.65919122483564
17	167198	740	0.70060971793829
17	172503	760	1.1220911187487
17	177785	780	1.1894892943341
17	183104	800	0.92580185969271
17	188469	820	0.44342739897926
17	193666	840	0.51975611010861
17	198983	860	0.94918424467415
17	204412	880	1.3206426064025
17	209619	900	0.97122932831574
17	214863	920	1.3153363332618
17	220216	940	nan
17	225500	960	0.756073325863
17	230788	980	0.67650615993748
17	236214	1000	0.5456653025103
17	241638	1020	0.34691396002953
17	246942	1040	0.43865751202339
17	252194	1060	0.25759760418152
17	257570	1080	0.19818109327256
17	262854	1100	0.12581032462256
17	268070	1120	0.56346630593899
17	273338	1140	0.58199198064346
17	278657	1160	0.64453205900897
17	284000	1180	1.1679049788016
17	289378	1200	0.73823188852772
17	294674	1220	0.91818379489984
17	299999	1240	0.52861723234631
17	305188	1260	0.58746543225277
17	310434	1280	0.25679138590274
17	315723	1300	0.26868922513976
17	321013	1320	0.33604959112364
17	326223	1340	0.60029819991432
17	331494	1360	1.9002023450667
17	336747	1380	0.71567042146993
17	341928	1400	0.25344000870324
17	347229	1420	0.72631511580079
17	352580	1440	0.52259157876065
17	357858	1460	0.22734302785043
17	363260	1480	0.5155728327962
17	368546	1500	1.0316837565592
17	373836	1520	0.39146735008641
17	379159	1540	0.23717142204232
17	384368	1560	0.42556842022587
17	389723	1580	1.1346950718528
17	395025	1600	1.6697255200079
17	400391	1620	0.28009253452207
17	405712	1640	0.50874665425008
17	411108	1660	0.31454454972359
17	416323	1680	0.37403616043181
17	421583	1700	0.8200263276683
17	426847	1720	0.7044936377567
17	432160	1740	0.32868614041544
17	437440	1760	nan
17	442792	1780	0.52205642547015
17	448127	1800	0.55979314994962
17	453048	1820	0.95686751209782
17	457340	1840	0.22447000442443
17	461108	1860	0.57341303323288
17	464407	1880	2.7940728865597
17	467355	1900	0.64880622790058
17	469844	1920	0.81485309624284
17	471903	1940	1.713300929161
17	473455	1960	nan
17	474508	1980	0.80034564375985
17	475063	2000	nan
18	34167	240	1.2827561804442
18	39656	260	0.078259585618431
18	45001	280	0.18805452016515
18	50257	300	0.41565713576573
18	55649	320	1.3222088292415
18	60968	340	0.37333917619863
18	66245	360	0.25745809900557
18	71608	380	0.69603410918886
18	76955	400	1.8194790504544
18	82304	420	0.21074198726839
18	87583	440	0.21791953339255
18	92832	460	0.13740181366257
18	98157	480	0.069067333451004
18	103538	500	0.4113053848271
18	108839	520	3.7896182058465
18	114268	540	0.52732878381042
18	119555	560	0.96813677765564
18	124841	580	2.9690975941668
18	130120	600	1.141631490897
18	135483	620	4.2319658546642
18	140755	640	0.29260168267677
18	146059	660	0.60907487923825
18	151437	680	0.6356334510326
18	156720	700	0.019287740260247
18	161940	720	0.43453307090031
18	167198	740	0.49085397686958
18	172503	760	1.2590884787746
18	177785	780	1.4148847813354
18	183104	800	0.85710908341049
18	188469	820	0.19662785816551
18	193666	840	0.27014641399523
18	198983	860	0.90095073033763
18	204412	880	1.7440968938455
18	209619	900	0.94328640818064
18	214863	920	1.7301096695987
18	220216	940	nan
18	225500	960	0.57164687408155
18	230788	980	0.45766058443336
18	236214	1000	0.29775062236365
18	241638	1020	0.12034929566337
18	246942	1040	0.19242041285455
18	252194	1060	0.066356525680061
18	257570	1080	0.039275745730706
18	262854	1100	0.015828237781634
18	268070	1120	0.31749427792853
18	273338	1140	0.33871466553329
18	278657	1160	0.41542157509034
18	284000	1180	1.3640020395097
18	289378	1200	0.54498632123921
18	294674	1220	0.84306148121666
18	299999	1240	0.27943617833348
18	305188	1260	0.34511563409193
18	310434	1280	0.065941815873852
18	315723	1300	0.072193899706205
18	321013	1320	0.11292932769437
18	326223	1340	0.36035792882037
18	331494	1360	3.6107689521969
18	336747	1380	0.51218415216695
18	341928	1400	0.064231838011501
18	347229	1420	0.52753364744072
18	352580	1440	0.27310195819155
18	357858	1460	0.051684852312203
18	363260	1480	0.2658153459175
18	368546	1500	1.0643713735481
18	373836	1520	0.15324668618368
18	379159	1540	0.056250283433575
18	384368	1560	0.18110848029354
18	389723	1580	1.2875329060871
18	395025	1600	2.7879833121657
18	400391	1620	0.078451827895
18	405712	1640	0.25882315821065
18	411108	1660	0.098938273760814
18	416323	1680	0.13990304931057
18	421583	1700	0.67244317806917
18	426847	1720	0.49631128563967
18	432160	1740	0.1080345789012
18	437440	1760	nan
18	442792	1780	0.27254291137467
18	448127	1800	0.31336837073052
18	453048	1820	0.91559543570827
18	457340	1840	0.050386782886302
18	461108	1860	0.32880250668133
18	464407	1880	7.806843295408
18	467355	1900	0.42094952136259
18	469844	1920	0.66398556845654
18	471903	1940	2.9354000738641
18	473455	1960	nan
18	474508	1980	0.64055314948537
18	475063	2000	nan
19	34167	240	1394.2690603082
19	39656	260	1453.9197210371
19	45001	280	1496.977210553
19	50257	300	1347.1358113654
19	55649	320	1538.3266329551
19	60968	340	1338.419858873
19	66245	360	1341.1667005672
19	71608	380	1520.5201810965
19	76955	400	1550.2182203854
19	82304	420	1528.73350743
19	87583	440	1563.4075952519
19	92832	460	1462.417550656
19	98157	480	1515.0056590891
19	103538	500	1563.4072002111
19	108839	520	1509.979768974
19	114268	540	1329.1052661251
19	119555	560	1387.4831031837
19	124841	580	1523.6763789406
19	130120	600	1440.3882002218
19	135483	620	1449.905734074
19	140755	640	1523.7147166105
19	146059	660	1288.9975908692
19	151437	680	1472.1401206479
19	156720	700	1523.5904949159
19	161940	720	1206.1809041155
19	167198	740	1550.8610478487
19	172503	760	1372.2788483491
19	177785	780	1523.9077618117
19	183104	800	1433.2847791517
19	188469	820	1548.0246779229
19	193666	840	1516.9236510008
19	198983	860	1605.4560692311
19	204412	880	1647.738506692
19	209619	900	1508.6541941429
19	214863	920	1215.9406978956
19	220216	940	1478.9756109591
19	225500	960	1568.1892854166
19	230788	980	1385.280940038
19	236214	1000	1437.7438008743
19	241638	1020	1582.7170185832
19	246942	1040	1507.3585532354
19	252194	1060	1481.3968250973
19	257570	1080	1639.3302916629
19	262854	1100	1657.5022375046
19	268070	1120	1418.2575967783
19	273338	1140	1543.2585624957
19	278657	1160	1317.9415702183
19	284000	1180	1260.3874053258
19	289378	1200	1428.237573774
19	294674	1220	1628.8286892684
19	299999	1240	1638.9146098827
19	305188	1260	1376.9805729913
19	310434	1280	1469.2244026379
19	315723	1300	1585.8945615594
19	321013	1320	1392.9460935893
19	326223	1340	1427.5131051827
19	331494	1360	1573.5741950594
19	336747	1380	1524.1082687168
19	341928	1400	1752.8239456613
19	347229	1420	1500.7662048596
19	352580	1440	1616.1695790516
19	357858	1460	1425.6949168133
19	363260	1480	1430.8991177206
19	368546	1500	1513.5225272736
19	373836	1520	1414.8554676211
19	379159	1540	1656.5713666317
19	384368	1560	1489.2651329973
19	389723	1580	1532.2809551614
19	395025	1600	1530.4321375412
19	400391	1620	1515.6251471124
19	405712	1640	1523.1294620451
19	411108	1660	1389.6315511778
19	416323	1680	1536.1087227556
19	421583	1700	1440.5228698669
19	426847	1720	1478.2858856319
19	432160	1740	1440.8520556829
19	437440	1760	1530.4833048718
19	442792	1780	1526.0219502586
19	448127	1800	1564.5242797481
19	453048	1820	1430.2166655075
19	457340	1840	1440.4897453794
19	461108	1860	1161.5812828851
19	464407	1880	1162.1706149444
19	467355	1900	878.16485330547
19	469844	1920	784.0188919135
19	471903	1940	735.14281409327
19	473455	1960	593.0677493831
19	474508	1980	379.43668814182
19	475063	2000	336.9821988714
20	34167	240	46.475635343605
20	39656	260	46.900636162487
20	45001	280	46.780537829781
20	50257	300	46.452959012599
20	55649	320	46.615958574398
20	60968	340	46.152408926657
20	66245	360	46.247127605767
20	71608	380	46.076369124135
20	76955	400	45.594653540746
20	82304	420	46.325257800909
20	87583	440	45.982576330939
20	92832	460	45.700548457999
20	98157	480	45.909262396641
20	103538	500	45.982564712093
20	108839	520	45.756962696181
20	114268	540	45.831216073279
20	119555	560	46.24943677279
20	124841	580	46.172011483048
20	130120	600	46.464135491026
20	135483	620	46.771152712065
20	140755	640	46.173173230622
20	146059	660	46.035628245329
20	151437	680	46.004378770247
20	156720	700	46.169408936847
20	161940	720	46.39157323521
20	167198	740	45.613560230844
20	172503	760	45.742628278304
20	177785	780	46.179023085204
20	183104	800	46.23499287586
20	188469	820	46.909838724938
20	193666	840	45.967383363661
20	198983	860	45.870173406602
20	204412	880	45.770514074778
20	209619	900	45.716793761907
20	214863	920	46.766949919062
20	220216	940	46.217987842471
20	225500	960	46.123214276959
20	230788	980	46.176031334599
20	236214	1000	46.378832286267
20	241638	1020	46.550500546565
20	246942	1040	47.104954788606
20	252194	1060	46.29365078429
20	257570	1080	46.838008333225
20	262854	1100	46.041728819572
20	268070	1120	47.275253225942
20	273338	1140	46.765410984718
20	278657	1160	47.069341793511
20	284000	1180	46.681015012067
20	289378	1200	46.07217979916
20	294674	1220	46.537962550527
20	299999	1240	46.826131710935
20	305188	1260	45.899352433042
20	310434	1280	45.913262582435
20	315723	1300	46.643957692923
20	321013	1320	46.431536452977
20	326223	1340	46.048809844603
20	331494	1360	46.281593972334
20	336747	1380	46.185099052023
20	341928	1400	46.126945938457
20	347229	1420	46.898943901862
20	352580	1440	46.17627368719
20	357858	1460	45.990158606881
20	363260	1480	46.158036055504
20	368546	1500	45.86431900829
20	373836	1520	45.64049895552
20	379159	1540	46.015871295324
20	384368	1560	46.539535406165
20	389723	1580	46.432756217012
20	395025	1600	46.376731440643
20	400391	1620	45.928034760981
20	405712	1640	46.155438243789
20	411108	1660	46.321051705926
20	416323	1680	46.548749174411
20	421583	1700	46.468479673125
20	426847	1720	46.196433925998
20	432160	1740	46.479098570418
20	437440	1760	46.378281965814
20	442792	1780	46.243089401776
20	448127	1800	46.015419992591
20	453048	1820	46.136021467983
20	457340	1840	46.46741114127
20	461108	1860	46.463251315405
20	464407	1880	46.486824597774
20	467355	1900	46.219202805551
20	469844	1920	46.118758347853
20	471903	1940	45.946425880829
20	473455	1960	45.620596106392
20	474508	1980	47.429586017727
20	475063	2000	48.140314124485
21	34167	240	1.4014319304239
21	39656	260	1.7059071530565
21	45001	280	2.3022219230771
21	50257	300	1.834596699766
21	55649	320	3.3261382501557
21	60968	340	2.0652406644421
21	66245	360	2.0003041670756
21	71608	380	1.6336025588415
21	76955	400	2.2437975951434
21	82304	420	2.0303613746731
21	87583	440	2.1183477971588
21	92832	460	1.5069632336732
21	98157	480	1.6703232746564
21	103538	500	2.015743840062
21	108839	520	1.7741544228239
21	114268	540	2.5268186546307
21	119555	560	1.8730022447348
21	124841	580	1.6986847555282
21	130120	600	1.9544973350128
21	135483	620	2.3796056336814
21	140755	640	2.4262340286223
21	146059	660	2.6932769127461
21	151437	680	2.31625753621
21	156720	700	2.9886006126937
21	161940	720	3.3476370602551
21	167198	740	2.2679562831242
21	172503	760	3.3980691838094
21	177785	780	2.6096967322712
21	183104	800	2.5921296124398
21	188469	820	3.0767940220729
21	193666	840	1.5882679726756
21	198983	860	1.5592337496301
21	204412	880	1.9972853685633
21	209619	900	2.1069880503645
21	214863	920	2.2101083896463
21	220216	940	1.8236301315914
21	225500	960	1.6983916877092
21	230788	980	1.6826996780029
21	236214	1000	1.8517571532386
21	241638	1020	2.1508839970565
21	246942	1040	2.5689338875165
21	252194	1060	2.3599408079855
21	257570	1080	2.3419106995507
21	262854	1100	2.4328130392422
21	268070	1120	2.3101570374321
21	273338	1140	2.3027728605457
21	278657	1160	2.4136014989098
21	284000	1180	2.6963741815199
21	289378	1200	2.4254730117899
21	294674	1220	2.4414200080186
21	299999	1240	2.5861261094123
21	305188	1260	2.2955612349422
21	310434	1280	2.3097426018721
21	315723	1300	2.5124298778453
21	321013	1320	2.4578593517422
21	326223	1340	2.4723034367231
21	331494	1360	2.2303115374952
21	336747	1380	2.0493411894853
21	341928	1400	2.3731505636042
21	347229	1420	2.5070936348893
21	352580	1440	2.1443359862541
21	357858	1460	2.1331657188768
21	363260	1480	1.7042391988329
21	368546	1500	1.8139712489549
21	373836	1520	2.1348972848349
21	379159	1540	2.2676455762519
21	384368	1560	1.9492787250824
21	389723	1580	1.9504495802956
21	395025	1600	1.7273871298375
21	400391	1620	1.7261797341765
21	405712	1640	1.7959009288481
21	411108	1660	1.9864629018674
21	416323	1680	1.7551620695381
21	421583	1700	2.0428501416584
21	426847	1720	1.7110742731658
21	432160	1740	2.7355370862672
21	437440	1760	2.7223048365747
21	442792	1780	2.3390924641783
21	448127	1800	2.1302398407072
21	453048	1820	1.9410660729224
21	457340	1840	2.1824080344635
21	461108	1860	1.8459162782064
21	464407	1880	2.0580330147955
21	467355	1900	1.6879172638358
21	469844	1920	1.3809154005265
21	471903	1940	2.10551150135
21	473455	1960	2.0214424036383
21	474508	1980	2.8219290922964
21	475063	2000	2.7315142161052
22	34167	240	1.9640114556116
22	39656	260	2.9101192148493
22	45001	280	5.3002257830968
22	50257	300	3.3657450507924
22	55649	320	11.063195659149
22	60968	340	4.2652190020651
22	66245	360	4.0012167608201
22	71608	380	2.6686573202534
22	76955	400	5.0346276479713
22	82304	420	4.1223673117644
22	87583	440	4.4873973897277
22	92832	460	2.2709381876428
22	98157	480	2.789979841859
22	103538	500	4.0632232287479
22	108839	520	3.1476239160257
22	114268	540	6.3848125133899
22	119555	560	3.5081374087816
22	124841	580	2.885529898664
22	130120	600	3.8200598325722
22	135483	620	5.6625229718481
22	140755	640	5.8866115616447
22	146059	660	7.2537405287314
22	151437	680	5.3650489740494
22	156720	700	8.9317336221933
22	161940	720	11.206673887193
22	167198	740	5.1436257021627
22	172503	760	11.546874177955
22	177785	780	6.8105170344269
22	183104	800	6.7191359276874
22	188469	820	9.4666614542637
22	193666	840	2.5225951530272
22	198983	860	2.4312098859855
22	204412	880	3.9891488434772
22	209619	900	4.4393986443789
22	214863	920	4.884579093985
22	220216	940	3.3256268568482
22	225500	960	2.8845343248796
22	230788	980	2.831478206351
22	236214	1000	3.4290045545703
22	241638	1020	4.6263019687936
22	246942	1040	6.5994213184309
22	252194	1060	5.5693206171952
22	257570	1080	5.48454572467
22	262854	1100	5.9185792839069
22	268070	1120	5.3368255375971
22	273338	1140	5.3027628472661
22	278657	1160	5.8254721955397
22	284000	1180	7.2704337267672
22	289378	1200	5.8829193309211
22	294674	1220	5.9605316555536
22	299999	1240	6.6880482537838
22	305188	1260	5.2696013833695
22	310434	1280	5.3349108869031
22	315723	1300	6.3123038910898
22	321013	1320	6.0410725929465
22	326223	1340	6.1122842832329
22	331494	1360	4.9742895542841
22	336747	1380	4.1997993109209
22	341928	1400	5.6318435975351
22	347229	1420	6.2855184941026
22	352580	1440	4.5981768219443
22	357858	1460	4.5503959841911
22	363260	1480	2.9044312468384
22	368546	1500	3.2904916920349
22	373836	1520	4.5577864167952
22	379159	1540	5.1422164594948
22	384368	1560	3.799687548059
22	389723	1580	3.8042535652752
22	395025	1600	2.9838662963282
22	400391	1620	2.9796964746815
22	405712	1640	3.2252601462373
22	411108	1660	3.9460348604954
22	416323	1680	3.0805938903451
22	421583	1700	4.1732367012737
22	426847	1720	2.9277751682899
22	432160	1740	7.4831631503433
22	437440	1760	7.4109436232381
22	442792	1780	5.4713535559755
22	448127	1800	4.5379217789363
22	453048	1820	3.7677374994503
22	457340	1840	4.7629048288909
22	461108	1860	3.4074069061473
22	464407	1880	4.2354998899883
22	467355	1900	2.8490646895548
22	469844	1920	1.9069273434113
22	471903	1940	4.433178682317
22	473455	1960	4.086229391227
22	474508	1980	7.9632838019489
22	475063	2000	7.4611699127848
23	34167	240	1342.7158178372
23	39656	260	1481.877528428
23	45001	280	1617.725730801
23	50257	300	1611.2545418846
23	55649	320	1572.8169412722
23	60968	340	1615.6335393299
23	66245	360	1389.4266281515
23	71608	380	1607.9443750331
23	76955	400	1609.8726708911
23	82304	420	1568.5242013361
23	87583	440	1702.5697857888
23	92832	460	1479.9071393363
23	98157	480	1569.5874223154
23	103538	500	1658.5052643663
23	108839	520	1701.8792397419
23	114268	540	1349.9232006735
23	119555	560	1385.7195480067
23	124841	580	1569.0704780012
23	130120	600	1436.2163881239
23	135483	620	1703.790994483
23	140755	640	1522.9465916674
23	146059	660	1524.2848442415
23	151437	680	1481.5109848096
23	156720	700	1667.7016252558
23	161940	720	1482.7660195288
23	167198	740	1568.3836235868
23	172503	760	1616.9597722264
23	177785	780	1476.4286370801
23	183104	800	1614.5701656242
23	188469	820	1527.3950922717
23	193666	840	1520.9051723741
23	198983	860	1565.3432098473
23	204412	880	1654.9669065834
23	209619	900	1697.6612401267
23	214863	920	1523.3010915615
23	220216	940	1745.2456556072
23	225500	960	1574.3901253988
23	230788	980	1390.0954898225
23	236214	1000	1477.5528146375
23	241638	1020	1613.2325807922
23	246942	1040	1433.4363697713
23	252194	1060	1701.9854055175
23	257570	1080	1659.7717598129
23	262854	1100	1658.5174304915
23	268070	1120	1394.1293816492
23	273338	1140	1530.4610328371
23	278657	1160	1570.6371533185
23	284000	1180	1571.6241883177
23	289378	1200	1481.0312182552
23	294674	1220	1660.8767437605
23	299999	1240	1624.8795403094
23	305188	1260	1390.470501221
23	310434	1280	1568.5615962814
23	315723	1300	1623.7915250802
23	321013	1320	1570.6156647772
23	326223	1340	1438.6890962846
23	331494	1360	1614.5294251089
23	336747	1380	1477.4467398438
23	341928	1400	1708.4778560216
23	347229	1420	1437.6161368212
23	352580	1440	1656.988781092
23	357858	1460	1567.8767802873
23	363260	1480	1389.3284743344
23	368546	1500	1611.9409864003
23	373836	1520	1703.963215541
23	379159	1540	1753.5698809449
23	384368	1560	1571.7351978986
23	389723	1580	1523.0074381246
23	395025	1600	1611.1530439325
23	400391	1620	1704.8985260129
23	405712	1640	1522.1142850825
23	411108	1660	1620.5211707752
23	416323	1680	1524.7099323304
23	421583	1700	1699.9496594505
23	426847	1720	1520.9085861878
23	432160	1740	1480.2303580995
23	437440	1760	1797.0113202716
23	442792	1780	1481.2626120592
23	448127	1800	1521.9195293415
23	453048	1820	1516.9868743105
23	457340	1840	1394.6674692037
23	461108	1860	1117.4510214475
23	464407	1880	1120.8971629049
23	467355	1900	853.08236321372
23	469844	1920	761.63403848578
23	471903	1940	723.67675223466
23	473455	1960	588.78229176639
23	474508	1980	364.93623239349
23	475063	2000	325.26974891871
24	34167	240	44.757193927907
24	39656	260	44.905379649335
24	45001	280	44.936825855583
24	50257	300	44.757070607904
24	55649	320	44.937626893491
24	60968	340	44.87870942583
24	66245	360	44.82021381134
24	71608	380	44.665121528698
24	76955	400	44.71868530253
24	82304	420	44.814977181032
24	87583	440	44.804468047074
24	92832	460	44.845670888979
24	98157	480	44.845354923297
24	103538	500	44.824466604494
24	108839	520	44.786295782682
24	114268	540	44.997440022449
24	119555	560	44.70063058086
24	124841	580	44.830585085749
24	130120	600	44.881762128871
24	135483	620	44.836605117973
24	140755	640	44.792546813746
24	146059	660	44.831907183573
24	151437	680	44.894272266956
24	156720	700	45.073016898805
24	161940	720	44.932303622084
24	167198	740	44.810960673909
24	172503	760	44.915549228511
24	177785	780	44.7402617297
24	183104	800	44.849171267339
24	188469	820	44.923385066814
24	193666	840	44.732505069827
24	198983	860	44.724091709924
24	204412	880	44.728835313065
24	209619	900	44.675295792809
24	214863	920	44.802973281219
24	220216	940	44.749888605313
24	225500	960	44.982575011393
24	230788	980	44.841789994273
24	236214	1000	44.774327716287
24	241638	1020	44.812016133116
24	246942	1040	44.794886555354
24	252194	1060	44.789089618881
24	257570	1080	44.858696211161
24	262854	1100	44.824795418689
24	268070	1120	44.971915537072
24	273338	1140	45.013559789327
24	278657	1160	44.875347237671
24	284000	1180	44.90354823765
24	289378	1200	44.879733886521
24	294674	1220	44.888560642176
24	299999	1240	45.135542786371
24	305188	1260	44.85388713616
24	310434	1280	44.81604560804
24	315723	1300	45.105320141116
24	321013	1320	44.874733279348
24	326223	1340	44.959034258894
24	331494	1360	44.848039586359
24	336747	1380	44.7711133286
24	341928	1400	44.959943579514
24	347229	1420	44.925504275661
24	352580	1440	44.783480570053
24	357858	1460	44.79647943678
24	363260	1480	44.817047559175
24	368546	1500	44.776138511119
24	373836	1520	44.841137251079
24	379159	1540	44.963330280638
24	384368	1560	44.906719939961
24	389723	1580	44.794336415431
24	395025	1600	44.754251220348
24	400391	1620	44.86575068455
24	405712	1640	44.768067208307
24	411108	1660	45.014476965978
24	416323	1680	44.844409774424
24	421583	1700	44.735517353962
24	426847	1720	44.732605476112
24	432160	1740	44.855465396953
24	437440	1760	44.92528300679
24	442792	1780	44.886745819976
24	448127	1800	44.762339098278
24	453048	1820	44.617261009133
24	457340	1840	44.989273200119
24	461108	1860	44.698040857898
24	464407	1880	44.835886516198
24	467355	1900	44.899071748091
24	469844	1920	44.802002263869
24	471903	1940	45.229797014666
24	473455	1960	45.290945520491
24	474508	1980	45.617029049186
24	475063	2000	46.467106988387
25	34167	240	0.6236185460786
25	39656	260	0.64479083525899
25	45001	280	0.90987489174009
25	50257	300	0.74930742443289
25	55649	320	1.0242190882078
25	60968	340	0.91107461530641
25	66245	360	0.76122067669264
25	71608	380	0.72456193257099
25	76955	400	0.70334216186036
25	82304	420	0.87417733393572
25	87583	440	0.78333361339989
25	92832	460	1.041591786315
25	98157	480	0.89689846189322
25	103538	500	0.8533786133606
25	108839	520	0.72642609014212
25	114268	540	1.0052377378199
25	119555	560	0.54863180353068
25	124841	580	0.99317129099784
25	130120	600	0.77088139721357
25	135483	620	0.74968731298207
25	140755	640	0.83312073843345
25	146059	660	0.75024161191328
25	151437	680	0.72030944924708
25	156720	700	1.2431048734792
25	161940	720	1.0102286457786
25	167198	740	0.6874023176429
25	172503	760	0.9183277686904
25	177785	780	0.80604751692245
25	183104	800	0.9575886431401
25	188469	820	1.1716789646352
25	193666	840	0.63277575993384
25	198983	860	0.69669888103817
25	204412	880	0.65834520993144
25	209619	900	0.52742970363495
25	214863	920	0.82305297518655
25	220216	940	0.79312069673146
25	225500	960	1.4327065022207
25	230788	980	0.66701124354161
25	236214	1000	0.64311385848097
25	241638	1020	0.75017588025634
25	246942	1040	0.77192239850691
25	252194	1060	0.6383747265392
25	257570	1080	0.79516023334973
25	262854	1100	0.7745215221854
25	268070	1120	0.84494937848993
25	273338	1140	0.92389400895182
25	278657	1160	0.73264767618557
25	284000	1180	0.81460057049382
25	289378	1200	0.72605610836549
25	294674	1220	0.86641211379636
25	299999	1240	1.4735205593633
25	305188	1260	0.64705126340203
25	310434	1280	0.74120589770109
25	315723	1300	1.3159196517155
25	321013	1320	0.87983349625763
25	326223	1340	0.94393612337623
25	331494	1360	0.96133343979177
25	336747	1380	0.74427328131348
25	341928	1400	0.98142282557511
25	347229	1420	1.1642794570972
25	352580	1440	0.61644271386675
25	357858	1460	0.72005228115769
25	363260	1480	0.66872630695787
25	368546	1500	0.66943635085113
25	373836	1520	0.81976326853336
25	379159	1540	1.0526129510208
25	384368	1560	0.78933093255156
25	389723	1580	0.73395483769754
25	395025	1600	0.95371767001687
25	400391	1620	0.81949071901168
25	405712	1640	0.61131801229197
25	411108	1660	1.0795868833304
25	416323	1680	0.69368989857763
25	421583	1700	0.64664981450964
25	426847	1720	0.77313100955393
25	432160	1740	0.86325522071274
25	437440	1760	0.86036062392439
25	442792	1780	0.84155555663359
25	448127	1800	0.70231746679295
25	453048	1820	0.63010720922991
25	457340	1840	1.0664096655357
25	461108	1860	0.52825686598016
25	464407	1880	0.8302750180635
25	467355	1900	0.62654974176185
25	469844	1920	0.46271336223415
25	471903	1940	0.99216510840194
25	473455	1960	0.69749203841544
25	474508	1980	0.71193739242122
25	475063	2000	0.77671558558337
26	34167	240	0.38890009101318
26	39656	260	0.41575522123399
26	45001	280	0.82787231861903
26	50257	300	0.56146161631024
26	55649	320	1.0490247406492
26	60968	340	0.83005695465573
26	66245	360	0.5794569186244
26	71608	380	0.524989994131
26	76955	400	0.49469019665041
26	82304	420	0.76418601116696
26	87583	440	0.61361154988213
26	92832	460	1.084913449319
26	98157	480	0.80442685094643
26	103538	500	0.72825505774127
26	108839	520	0.52769486443916
26	114268	540	1.0105029095372
26	119555	560	0.30099685584533
26	124841	580	0.98638921326232
26	130120	600	0.59425812856994
26	135483	620	0.56203106724627
26	140755	640	0.6940901648079
26	146059	660	0.56286247624623
26	151437	680	0.51884570267463
26	156720	700	1.5453097264677
26	161940	720	1.0205619167517
26	167198	740	0.47252194630083
26	172503	760	0.84332589074788
26	177785	780	0.64971259953685
26	183104	800	0.91697600947091
26	188469	820	1.3728315961685
26	193666	840	0.40040516235985
26	198983	860	0.48538933083984
26	204412	880	0.43341841543967
26	209619	900	0.27818209227646
26	214863	920	0.67741619996343
26	220216	940	0.6290404395838
26	225500	960	2.0526479215056
26	230788	980	0.44490399901092
26	236214	1000	0.41359543497028
26	241638	1020	0.56276385131837
26	246942	1040	0.59586418931665
26	252194	1060	0.407522291484
26	257570	1080	0.6322797967008
26	262854	1100	0.59988358832839
26	268070	1120	0.71393945221052
26	273338	1140	0.85358013977707
26	278657	1160	0.53677261742011
26	284000	1180	0.66357408944885
26	289378	1200	0.52715747249484
26	294674	1220	0.75066995093307
26	299999	1240	2.1712628388662
26	305188	1260	0.41867533747017
26	310434	1280	0.54938618278688
26	315723	1300	1.7316445297709
26	321013	1320	0.77410698113692
26	326223	1340	0.89101540501455
26	331494	1360	0.92416198246187
26	336747	1380	0.55394271727714
26	341928	1400	0.96319076255983
26	347229	1420	1.3555466542185
26	352580	1440	0.38000161947941
26	357858	1460	0.51847528760039
26	363260	1480	0.44719487361752
26	368546	1500	0.44814502784088
26	373836	1520	0.67201181643649
26	379159	1540	1.1079940246567
26	384368	1560	0.62304332108272
26	389723	1580	0.53868970377962
26	395025	1600	0.9095773941024
26	400391	1620	0.67156503854628
26	405712	1640	0.37370971215261
26	411108	1660	1.1655078386591
26	416323	1680	0.48120567538865
26	421583	1700	0.41815598260535
26	426847	1720	0.59773155793389
26	432160	1740	0.7452095760878
26	437440	1760	0.74022040319956
26	442792	1780	0.70821575490087
26	448127	1800	0.49324982416246
26	453048	1820	0.39703509512351
26	457340	1840	1.1372295747481
26	461108	1860	0.27905531645518
26	464407	1880	0.68935660562035
26	467355	1900	0.39256457890184
26	469844	1920	0.21410365559003
26	471903	1940	0.98439160233024
26	473455	1960	0.48649514365293
26	474508	1980	0.50685485072753
26	475063	2000	0.60328710088811
