version 2
run statisticRVV-218-20150326-07:20:42-6316
attr c 4
attr configname statisticRVV
attr datetime 20150326-07:20:42
attr experiment statisticRVV
attr inifile omnetpp.ini
attr iterationvars "$sc=\"erlangen-medium.launchd.xml\", $p=1/5, $c=4"
attr iterationvars2 "$sc=\"erlangen-medium.launchd.xml\", $p=1/5, $c=4, $repetition=8"
attr measurement "$sc=\"erlangen-medium.launchd.xml\", $p=1/5, $c=4"
attr network RSUExampleScenario
attr p 1/5
attr processid 6316
attr repetition 8
attr replication #8
attr resultdir results
attr runnumber 218
attr sc "\"erlangen-medium.launchd.xml\""
attr seedset 218

vector 0  RSUExampleScenario.rsu[0].appl  Number_CH  ETV
vector 1  RSUExampleScenario.rsu[0].appl  Number_ON  ETV
vector 2  RSUExampleScenario.rsu[0].appl  Number_FN  ETV
vector 3  RSUExampleScenario.rsu[0].appl  Number_CH_Losts  ETV
vector 4  RSUExampleScenario.rsu[0].appl  Mean_Cluster_Size  ETV
vector 5  RSUExampleScenario.rsu[0].appl  StdDev_Cluster_Size  ETV
vector 6  RSUExampleScenario.rsu[0].appl  Variance_Cluster_Size  ETV
vector 7  RSUExampleScenario.rsu[0].appl  Mean_Neighbors  ETV
vector 8  RSUExampleScenario.rsu[0].appl  StdDev_Neighbors  ETV
vector 9  RSUExampleScenario.rsu[0].appl  Variance_Neighbors  ETV
vector 10  RSUExampleScenario.rsu[0].appl  Total_CH_Utility  ETV
vector 11  RSUExampleScenario.rsu[0].appl  Mean_CH_Utility  ETV
vector 12  RSUExampleScenario.rsu[0].appl  StdDev_CH_Utility  ETV
vector 13  RSUExampleScenario.rsu[0].appl  Variance_CH_Utility  ETV
vector 14  RSUExampleScenario.rsu[0].appl  Total_exp_CH_Utility  ETV
vector 15  RSUExampleScenario.rsu[0].appl  Mean_exp_CH_Utility  ETV
vector 16  RSUExampleScenario.rsu[0].appl  StdDev_exp_CH_Utility  ETV
vector 17  RSUExampleScenario.rsu[0].appl  Variance_exp_CH_Utility  ETV
vector 18  RSUExampleScenario.rsu[0].appl  Total_ON_Utility  ETV
vector 19  RSUExampleScenario.rsu[0].appl  Mean_ON_Utility  ETV
vector 20  RSUExampleScenario.rsu[0].appl  StdDev_ON_Utility  ETV
vector 21  RSUExampleScenario.rsu[0].appl  Variance_ON_Utility  ETV
vector 22  RSUExampleScenario.rsu[0].appl  Total_exp_ON_Utility  ETV
vector 23  RSUExampleScenario.rsu[0].appl  Mean_exp_ON_Utility  ETV
vector 24  RSUExampleScenario.rsu[0].appl  StdDev_exp_ON_Utility  ETV
vector 25  RSUExampleScenario.rsu[0].appl  Variance_exp_ON_Utility  ETV
0	145483	240	10
0	171730	260	12
0	198914	280	14
0	225975	300	15
0	253328	320	13
0	280619	340	9
0	308348	360	7
0	336561	380	18
0	365194	400	20
0	394045	420	20
0	423754	440	15
0	453913	460	13
0	484923	480	15
0	516540	500	18
0	548379	520	16
0	581347	540	18
0	614742	560	12
0	649372	580	20
0	684433	600	16
0	720827	620	18
0	758605	640	21
0	797867	660	17
0	837920	680	22
0	879003	700	17
0	921573	720	19
0	965167	740	16
0	1010411	760	13
0	1056414	780	14
0	1103438	800	22
0	1151441	820	23
0	1200924	840	18
0	1251743	860	20
0	1303878	880	21
0	1356956	900	23
0	1410999	920	21
0	1466713	940	22
0	1523736	960	29
0	1582629	980	23
0	1642606	1000	16
0	1704311	1020	23
0	1767797	1040	20
0	1831805	1060	18
0	1898104	1080	19
0	1966084	1100	21
0	2036069	1120	24
0	2107744	1140	25
0	2181567	1160	22
0	2257386	1180	18
0	2334673	1200	20
0	2413914	1220	23
0	2495266	1240	19
0	2578510	1260	23
0	2664035	1280	26
0	2752125	1300	29
0	2841754	1320	17
0	2933876	1340	29
0	3027894	1360	27
0	3123607	1380	29
0	3221543	1400	24
0	3322259	1420	29
0	3424423	1440	30
0	3529477	1460	32
0	3636974	1480	20
0	3746991	1500	25
0	3859303	1520	28
0	3974378	1540	26
0	4091182	1560	23
0	4210349	1580	30
0	4331701	1600	28
0	4454729	1620	24
0	4580822	1640	29
0	4709535	1660	20
0	4840397	1680	30
0	4973781	1700	22
0	5109443	1720	22
0	5246826	1740	29
0	5386955	1760	30
0	5528991	1780	28
0	5673311	1800	26
0	5819709	1820	25
0	5969700	1840	39
0	6122398	1860	31
0	6277324	1880	29
0	6435012	1900	34
0	6594175	1920	34
0	6757360	1940	33
0	6923379	1960	34
0	7091573	1980	31
0	7262145	2000	30
1	145483	240	14
1	171730	260	14
1	198914	280	18
1	225975	300	22
1	253328	320	18
1	280619	340	14
1	308348	360	12
1	336561	380	24
1	365194	400	23
1	394045	420	27
1	423754	440	18
1	453913	460	18
1	484923	480	19
1	516540	500	25
1	548379	520	24
1	581347	540	27
1	614742	560	16
1	649372	580	29
1	684433	600	22
1	720827	620	23
1	758605	640	28
1	797867	660	22
1	837920	680	35
1	879003	700	22
1	921573	720	28
1	965167	740	19
1	1010411	760	19
1	1056414	780	22
1	1103438	800	26
1	1151441	820	29
1	1200924	840	24
1	1251743	860	28
1	1303878	880	29
1	1356956	900	30
1	1410999	920	29
1	1466713	940	27
1	1523736	960	42
1	1582629	980	30
1	1642606	1000	22
1	1704311	1020	30
1	1767797	1040	28
1	1831805	1060	27
1	1898104	1080	27
1	1966084	1100	30
1	2036069	1120	32
1	2107744	1140	29
1	2181567	1160	31
1	2257386	1180	23
1	2334673	1200	28
1	2413914	1220	35
1	2495266	1240	25
1	2578510	1260	33
1	2664035	1280	35
1	2752125	1300	38
1	2841754	1320	25
1	2933876	1340	44
1	3027894	1360	37
1	3123607	1380	41
1	3221543	1400	29
1	3322259	1420	37
1	3424423	1440	42
1	3529477	1460	47
1	3636974	1480	32
1	3746991	1500	34
1	3859303	1520	44
1	3974378	1540	36
1	4091182	1560	32
1	4210349	1580	47
1	4331701	1600	40
1	4454729	1620	35
1	4580822	1640	43
1	4709535	1660	30
1	4840397	1680	44
1	4973781	1700	31
1	5109443	1720	32
1	5246826	1740	43
1	5386955	1760	46
1	5528991	1780	41
1	5673311	1800	37
1	5819709	1820	35
1	5969700	1840	57
1	6122398	1860	41
1	6277324	1880	42
1	6435012	1900	47
1	6594175	1920	48
1	6757360	1940	50
1	6923379	1960	48
1	7091573	1980	43
1	7262145	2000	41
2	145483	240	55
2	171730	260	60
2	198914	280	61
2	225975	300	57
2	253328	320	63
2	280619	340	71
2	308348	360	77
2	336561	380	54
2	365194	400	56
2	394045	420	52
2	423754	440	67
2	453913	460	71
2	484923	480	68
2	516540	500	61
2	548379	520	63
2	581347	540	62
2	614742	560	78
2	649372	580	59
2	684433	600	71
2	720827	620	69
2	758605	640	62
2	797867	660	74
2	837920	680	58
2	879003	700	79
2	921573	720	71
2	965167	740	83
2	1010411	760	89
2	1056414	780	83
2	1103438	800	72
2	1151441	820	71
2	1200924	840	83
2	1251743	860	79
2	1303878	880	76
2	1356956	900	75
2	1410999	920	78
2	1466713	940	82
2	1523736	960	62
2	1582629	980	80
2	1642606	1000	97
2	1704311	1020	83
2	1767797	1040	90
2	1831805	1060	93
2	1898104	1080	94
2	1966084	1100	91
2	2036069	1120	85
2	2107744	1140	90
2	2181567	1160	90
2	2257386	1180	104
2	2334673	1200	99
2	2413914	1220	90
2	2495266	1240	106
2	2578510	1260	95
2	2664035	1280	90
2	2752125	1300	89
2	2841754	1320	113
2	2933876	1340	84
2	3027894	1360	93
2	3123607	1380	89
2	3221543	1400	105
2	3322259	1420	96
2	3424423	1440	91
2	3529477	1460	83
2	3636974	1480	112
2	3746991	1500	107
2	3859303	1520	95
2	3974378	1540	104
2	4091182	1560	114
2	4210349	1580	94
2	4331701	1600	103
2	4454729	1620	113
2	4580822	1640	102
2	4709535	1660	127
2	4840397	1680	104
2	4973781	1700	126
2	5109443	1720	126
2	5246826	1740	109
2	5386955	1760	105
2	5528991	1780	114
2	5673311	1800	121
2	5819709	1820	126
2	5969700	1840	91
2	6122398	1860	116
2	6277324	1880	118
2	6435012	1900	110
2	6594175	1920	111
2	6757360	1940	111
2	6923379	1960	112
2	7091573	1980	119
2	7262145	2000	127
3	145483	240	7
3	171730	260	7
3	198914	280	4
3	225975	300	6
3	253328	320	3
3	280619	340	6
3	308348	360	5
3	336561	380	5
3	365194	400	3
3	394045	420	5
3	423754	440	4
3	453913	460	4
3	484923	480	7
3	516540	500	8
3	548379	520	8
3	581347	540	5
3	614742	560	7
3	649372	580	2
3	684433	600	3
3	720827	620	3
3	758605	640	2
3	797867	660	3
3	837920	680	8
3	879003	700	3
3	921573	720	2
3	965167	740	3
3	1010411	760	6
3	1056414	780	4
3	1103438	800	6
3	1151441	820	7
3	1200924	840	8
3	1251743	860	8
3	1303878	880	8
3	1356956	900	8
3	1410999	920	5
3	1466713	940	3
3	1523736	960	8
3	1582629	980	6
3	1642606	1000	9
3	1704311	1020	4
3	1767797	1040	2
3	1831805	1060	6
3	1898104	1080	12
3	1966084	1100	5
3	2036069	1120	9
3	2107744	1140	7
3	2181567	1160	6
3	2257386	1180	8
3	2334673	1200	8
3	2413914	1220	3
3	2495266	1240	7
3	2578510	1260	4
3	2664035	1280	6
3	2752125	1300	10
3	2841754	1320	10
3	2933876	1340	8
3	3027894	1360	8
3	3123607	1380	8
3	3221543	1400	6
3	3322259	1420	6
3	3424423	1440	9
3	3529477	1460	4
3	3636974	1480	6
3	3746991	1500	4
3	3859303	1520	6
3	3974378	1540	5
3	4091182	1560	5
3	4210349	1580	6
3	4331701	1600	8
3	4454729	1620	8
3	4580822	1640	4
3	4709535	1660	4
3	4840397	1680	10
3	4973781	1700	6
3	5109443	1720	7
3	5246826	1740	7
3	5386955	1760	15
3	5528991	1780	10
3	5673311	1800	11
3	5819709	1820	6
3	5969700	1840	7
3	6122398	1860	7
3	6277324	1880	9
3	6435012	1900	5
3	6594175	1920	11
3	6757360	1940	9
3	6923379	1960	3
3	7091573	1980	13
3	7262145	2000	14
4	145483	240	1.4
4	171730	260	1.1666666666667
4	198914	280	1.2857142857143
4	225975	300	1.4666666666667
4	253328	320	1.3846153846154
4	280619	340	1.5555555555556
4	308348	360	1.7142857142857
4	336561	380	1.3333333333333
4	365194	400	1.15
4	394045	420	1.35
4	423754	440	1.2
4	453913	460	1.3846153846154
4	484923	480	1.2666666666667
4	516540	500	1.3888888888889
4	548379	520	1.5
4	581347	540	1.5
4	614742	560	1.3333333333333
4	649372	580	1.45
4	684433	600	1.375
4	720827	620	1.2777777777778
4	758605	640	1.3333333333333
4	797867	660	1.2941176470588
4	837920	680	1.5909090909091
4	879003	700	1.2941176470588
4	921573	720	1.4736842105263
4	965167	740	1.1875
4	1010411	760	1.4615384615385
4	1056414	780	1.5714285714286
4	1103438	800	1.1818181818182
4	1151441	820	1.2608695652174
4	1200924	840	1.3333333333333
4	1251743	860	1.4
4	1303878	880	1.3809523809524
4	1356956	900	1.304347826087
4	1410999	920	1.3809523809524
4	1466713	940	1.2272727272727
4	1523736	960	1.448275862069
4	1582629	980	1.304347826087
4	1642606	1000	1.375
4	1704311	1020	1.304347826087
4	1767797	1040	1.4
4	1831805	1060	1.5
4	1898104	1080	1.4210526315789
4	1966084	1100	1.4285714285714
4	2036069	1120	1.3333333333333
4	2107744	1140	1.16
4	2181567	1160	1.4090909090909
4	2257386	1180	1.2777777777778
4	2334673	1200	1.4
4	2413914	1220	1.5217391304348
4	2495266	1240	1.3157894736842
4	2578510	1260	1.4347826086957
4	2664035	1280	1.3461538461538
4	2752125	1300	1.3103448275862
4	2841754	1320	1.4705882352941
4	2933876	1340	1.5172413793103
4	3027894	1360	1.3703703703704
4	3123607	1380	1.4137931034483
4	3221543	1400	1.2083333333333
4	3322259	1420	1.2758620689655
4	3424423	1440	1.4
4	3529477	1460	1.46875
4	3636974	1480	1.6
4	3746991	1500	1.36
4	3859303	1520	1.5714285714286
4	3974378	1540	1.3846153846154
4	4091182	1560	1.3913043478261
4	4210349	1580	1.5666666666667
4	4331701	1600	1.4285714285714
4	4454729	1620	1.4583333333333
4	4580822	1640	1.4827586206897
4	4709535	1660	1.5
4	4840397	1680	1.4666666666667
4	4973781	1700	1.4090909090909
4	5109443	1720	1.4545454545455
4	5246826	1740	1.4827586206897
4	5386955	1760	1.5333333333333
4	5528991	1780	1.4642857142857
4	5673311	1800	1.4230769230769
4	5819709	1820	1.4
4	5969700	1840	1.4615384615385
4	6122398	1860	1.3225806451613
4	6277324	1880	1.448275862069
4	6435012	1900	1.3823529411765
4	6594175	1920	1.4117647058824
4	6757360	1940	1.5151515151515
4	6923379	1960	1.4117647058824
4	7091573	1980	1.3870967741935
4	7262145	2000	1.3666666666667
5	145483	240	0.6992058987801
5	171730	260	0.38924947208076
5	198914	280	0.4688072309385
5	225975	300	0.51639777949432
5	253328	320	0.50636968354183
5	280619	340	0.52704627669473
5	308348	360	0.48795003647427
5	336561	380	0.48507125007267
5	365194	400	0.36634754853252
5	394045	420	0.48936048492959
5	423754	440	0.41403933560541
5	453913	460	0.50636968354183
5	484923	480	0.45773770821706
5	516540	500	0.50163132570455
5	548379	520	0.51639777949432
5	581347	540	0.51449575542753
5	614742	560	0.49236596391733
5	649372	580	0.51041778553404
5	684433	600	0.5
5	720827	620	0.46088859896248
5	758605	640	0.48304589153965
5	797867	660	0.46966821831386
5	837920	680	0.5032362797402
5	879003	700	0.46966821831386
5	921573	720	0.51298917604258
5	965167	740	0.40311288741493
5	1010411	760	0.51887452166277
5	1056414	780	0.5135525910131
5	1103438	800	0.39477101697586
5	1151441	820	0.44897775854488
5	1200924	840	0.48507125007267
5	1251743	860	0.50262468995003
5	1303878	880	0.49761335152812
5	1356956	900	0.47047196889696
5	1410999	920	0.49761335152812
5	1466713	940	0.42893202722889
5	1523736	960	0.50612017887848
5	1582629	980	0.47047196889696
5	1642606	1000	0.5
5	1704311	1020	0.47047196889696
5	1767797	1040	0.50262468995003
5	1831805	1060	0.51449575542753
5	1898104	1080	0.50725727350179
5	1966084	1100	0.50709255283711
5	2036069	1120	0.48154341234308
5	2107744	1140	0.37416573867739
5	2181567	1160	0.5032362797402
5	2257386	1180	0.46088859896248
5	2334673	1200	0.50262468995003
5	2413914	1220	0.51075391845525
5	2495266	1240	0.47756693294092
5	2578510	1260	0.5068698018697
5	2664035	1280	0.48516452403758
5	2752125	1300	0.47082361543076
5	2841754	1320	0.51449575542753
5	2933876	1340	0.50854762771561
5	3027894	1360	0.49210287762341
5	3123607	1380	0.50123001415877
5	3221543	1400	0.41485111699905
5	3322259	1420	0.45485882614734
5	3424423	1440	0.49827287912244
5	3529477	1460	0.50700734867742
5	3636974	1480	0.50262468995003
5	3746991	1500	0.48989794855664
5	3859303	1520	0.50395263067897
5	3974378	1540	0.49613893835683
5	4091182	1560	0.49901087934785
5	4210349	1580	0.50400693299373
5	4331701	1600	0.50395263067897
5	4454729	1620	0.50897737770405
5	4580822	1640	0.57449913932376
5	4709535	1660	0.51298917604258
5	4840397	1680	0.50741626340492
5	4973781	1700	0.5032362797402
5	5109443	1720	0.50964719143763
5	5246826	1740	0.50854762771561
5	5386955	1760	0.50741626340492
5	5528991	1780	0.50787450018337
5	5673311	1800	0.50383147365578
5	5819709	1820	0.5
5	5969700	1840	0.50503537375608
5	6122398	1860	0.47519096331149
5	6277324	1880	0.50612017887848
5	6435012	1900	0.49327021805638
5	6594175	1920	0.49955416843564
5	6757360	1940	0.50751921892255
5	6923379	1960	0.49955416843564
5	7091573	1980	0.49513764785419
5	7262145	2000	0.49013251785356
6	145483	240	0.48888888888889
6	171730	260	0.15151515151515
6	198914	280	0.21978021978022
6	225975	300	0.26666666666667
6	253328	320	0.25641025641026
6	280619	340	0.27777777777778
6	308348	360	0.23809523809524
6	336561	380	0.23529411764706
6	365194	400	0.13421052631579
6	394045	420	0.23947368421053
6	423754	440	0.17142857142857
6	453913	460	0.25641025641026
6	484923	480	0.20952380952381
6	516540	500	0.2516339869281
6	548379	520	0.26666666666667
6	581347	540	0.26470588235294
6	614742	560	0.24242424242424
6	649372	580	0.26052631578947
6	684433	600	0.25
6	720827	620	0.21241830065359
6	758605	640	0.23333333333333
6	797867	660	0.22058823529412
6	837920	680	0.25324675324675
6	879003	700	0.22058823529412
6	921573	720	0.26315789473684
6	965167	740	0.1625
6	1010411	760	0.26923076923077
6	1056414	780	0.26373626373626
6	1103438	800	0.15584415584416
6	1151441	820	0.20158102766798
6	1200924	840	0.23529411764706
6	1251743	860	0.25263157894737
6	1303878	880	0.24761904761905
6	1356956	900	0.22134387351779
6	1410999	920	0.24761904761905
6	1466713	940	0.18398268398268
6	1523736	960	0.25615763546798
6	1582629	980	0.22134387351779
6	1642606	1000	0.25
6	1704311	1020	0.22134387351779
6	1767797	1040	0.25263157894737
6	1831805	1060	0.26470588235294
6	1898104	1080	0.25730994152047
6	1966084	1100	0.25714285714286
6	2036069	1120	0.23188405797101
6	2107744	1140	0.14
6	2181567	1160	0.25324675324675
6	2257386	1180	0.21241830065359
6	2334673	1200	0.25263157894737
6	2413914	1220	0.26086956521739
6	2495266	1240	0.2280701754386
6	2578510	1260	0.25691699604743
6	2664035	1280	0.23538461538462
6	2752125	1300	0.22167487684729
6	2841754	1320	0.26470588235294
6	2933876	1340	0.25862068965517
6	3027894	1360	0.24216524216524
6	3123607	1380	0.2512315270936
6	3221543	1400	0.17210144927536
6	3322259	1420	0.20689655172414
6	3424423	1440	0.24827586206897
6	3529477	1460	0.2570564516129
6	3636974	1480	0.25263157894737
6	3746991	1500	0.24
6	3859303	1520	0.25396825396825
6	3974378	1540	0.24615384615385
6	4091182	1560	0.24901185770751
6	4210349	1580	0.25402298850575
6	4331701	1600	0.25396825396825
6	4454729	1620	0.25905797101449
6	4580822	1640	0.33004926108374
6	4709535	1660	0.26315789473684
6	4840397	1680	0.25747126436782
6	4973781	1700	0.25324675324675
6	5109443	1720	0.25974025974026
6	5246826	1740	0.25862068965517
6	5386955	1760	0.25747126436782
6	5528991	1780	0.25793650793651
6	5673311	1800	0.25384615384615
6	5819709	1820	0.25
6	5969700	1840	0.25506072874494
6	6122398	1860	0.2258064516129
6	6277324	1880	0.25615763546798
6	6435012	1900	0.24331550802139
6	6594175	1920	0.24955436720143
6	6757360	1940	0.25757575757576
6	6923379	1960	0.24955436720143
6	7091573	1980	0.24516129032258
6	7262145	2000	0.24022988505747
7	145483	240	22.291139240506
7	171730	260	23.094117647059
7	198914	280	22.204301075269
7	225975	300	22.202127659574
7	253328	320	22.287234042553
7	280619	340	22.191489361702
7	308348	360	21.875
7	336561	380	22.09375
7	365194	400	22.234693877551
7	394045	420	22.121212121212
7	423754	440	22.14
7	453913	460	22.47
7	484923	480	22.693069306931
7	516540	500	22.865384615385
7	548379	520	22.893203883495
7	581347	540	22.953271028037
7	614742	560	23.481132075472
7	649372	580	23.453703703704
7	684433	600	24.137614678899
7	720827	620	24.372727272727
7	758605	640	24.90990990991
7	797867	660	25.725663716814
7	837920	680	26.061403508772
7	879003	700	26.754237288136
7	921573	720	27.389830508475
7	965167	740	27.830508474576
7	1010411	760	28.090909090909
7	1056414	780	28.453781512605
7	1103438	800	29.075630252101
7	1151441	820	29.463414634146
7	1200924	840	29.048
7	1251743	860	29.417322834646
7	1303878	880	30.222222222222
7	1356956	900	30.3203125
7	1410999	920	30.7421875
7	1466713	940	31.282442748092
7	1523736	960	32.037593984962
7	1582629	980	32.203007518797
7	1642606	1000	32.888888888889
7	1704311	1020	33.051470588235
7	1767797	1040	33.775362318841
7	1831805	1060	34.239130434783
7	1898104	1080	35.064285714286
7	1966084	1100	35.439716312057
7	2036069	1120	36.22695035461
7	2107744	1140	36.909722222222
7	2181567	1160	37.608391608392
7	2257386	1180	38.763888888889
7	2334673	1200	38.863945578231
7	2413914	1220	39.459459459459
7	2495266	1240	39.686666666667
7	2578510	1260	40.569536423841
7	2664035	1280	41.496688741722
7	2752125	1300	42.225806451613
7	2841754	1320	42.993548387097
7	2933876	1340	43.445859872611
7	3027894	1360	44.146496815287
7	3123607	1380	44.710691823899
7	3221543	1400	45.481012658228
7	3322259	1420	46.018518518519
7	3424423	1440	46.791411042945
7	3529477	1460	48.104938271605
7	3636974	1480	48.823170731707
7	3746991	1500	49.284848484848
7	3859303	1520	49.784431137725
7	3974378	1540	50.650602409639
7	4091182	1560	51.166666666667
7	4210349	1580	51.59649122807
7	4331701	1600	52.070175438596
7	4454729	1620	52.523255813953
7	4580822	1640	52.896551724138
7	4709535	1660	52.932203389831
7	4840397	1680	53.634831460674
7	4973781	1700	54.421348314607
7	5109443	1720	54.577777777778
7	5246826	1740	55.270718232044
7	5386955	1760	56.121546961326
7	5528991	1780	56.136612021858
7	5673311	1800	56.804347826087
7	5819709	1820	57.139784946237
7	5969700	1840	58.026737967914
7	6122398	1860	58.734042553191
7	6277324	1880	59.10582010582
7	6435012	1900	60.115789473684
7	6594175	1920	60.316062176166
7	6757360	1940	60.386597938144
7	6923379	1960	61.675257731959
7	7091573	1980	62.694300518135
7	7262145	2000	62.781725888325
8	145483	240	4.6108898377372
8	171730	260	4.3277166788806
8	198914	280	4.959749160437
8	225975	300	4.3566283383084
8	253328	320	4.7533176652056
8	280619	340	4.5655950294572
8	308348	360	4.3847822967023
8	336561	380	4.772901853722
8	365194	400	4.5289470349662
8	394045	420	4.8218734763463
8	423754	440	5.1227754472384
8	453913	460	4.4048985587788
8	484923	480	3.9312658883811
8	516540	500	3.5281329596164
8	548379	520	3.3340566510096
8	581347	540	4.0267576206279
8	614742	560	3.3728075971143
8	649372	580	2.8296965236684
8	684433	600	3.8884155820902
8	720827	620	3.6819896169892
8	758605	640	4.4118632418217
8	797867	660	4.5439280277771
8	837920	680	5.0734169032988
8	879003	700	6.3379692084139
8	921573	720	6.3407970842265
8	965167	740	6.7650498065087
8	1010411	760	8.0952661063941
8	1056414	780	7.7051027546901
8	1103438	800	7.8255986545954
8	1151441	820	8.5548305622975
8	1200924	840	9.1632646668553
8	1251743	860	9.3659641703028
8	1303878	880	9.5673518918362
8	1356956	900	9.8340030328247
8	1410999	920	9.8885490872615
8	1466713	940	10.459647596035
8	1523736	960	11.421276009378
8	1582629	980	11.75169839337
8	1642606	1000	11.763633986873
8	1704311	1020	12.106514838097
8	1767797	1040	13.532884045823
8	1831805	1060	13.367655892334
8	1898104	1080	13.880378322071
8	1966084	1100	14.329474516497
8	2036069	1120	14.874891977676
8	2107744	1140	15.881076038672
8	2181567	1160	16.125404226852
8	2257386	1180	16.610295110319
8	2334673	1200	17.59383432466
8	2413914	1220	17.732470841786
8	2495266	1240	18.519402728083
8	2578510	1260	18.698488328837
8	2664035	1280	18.876749074699
8	2752125	1300	20.151874131238
8	2841754	1320	20.378399811703
8	2933876	1340	20.780721744227
8	3027894	1360	21.222815277198
8	3123607	1380	21.850280510307
8	3221543	1400	22.329244917503
8	3322259	1420	23.474440235614
8	3424423	1440	23.301685942218
8	3529477	1460	24.10036159227
8	3636974	1480	24.500891676677
8	3746991	1500	25.073503179945
8	3859303	1520	25.931819724474
8	3974378	1540	25.687838761581
8	4091182	1560	26.023864374187
8	4210349	1580	26.630053554621
8	4331701	1600	26.609502713785
8	4454729	1620	26.844680718998
8	4580822	1640	27.023874900359
8	4709535	1660	27.652591778155
8	4840397	1680	27.829308621182
8	4973781	1700	27.349113421671
8	5109443	1720	27.853959841161
8	5246826	1740	28.354084049023
8	5386955	1760	28.654777182372
8	5528991	1780	28.829127583917
8	5673311	1800	29.463783133064
8	5819709	1820	29.087042307938
8	5969700	1840	29.524444611618
8	6122398	1860	29.512138545661
8	6277324	1880	30.213767081669
8	6435012	1900	30.299864025362
8	6594175	1920	30.859030975488
8	6757360	1940	31.343492697528
8	6923379	1960	31.411075341005
8	7091573	1980	31.72168715716
8	7262145	2000	31.928780297591
9	145483	240	21.260305095748
9	171730	260	18.729131652661
9	198914	280	24.599111734455
9	225975	300	18.980210478151
9	253328	320	22.594028826356
9	280619	340	20.844657973004
9	308348	360	19.226315789474
9	336561	380	22.780592105263
9	365194	400	20.511361245529
9	394045	420	23.250463821892
9	423754	440	26.242828282828
9	453913	460	19.403131313131
9	484923	480	15.454851485149
9	516540	500	12.447722180732
9	548379	520	11.115933752142
9	581347	540	16.214776935285
9	614742	560	11.375831087152
9	649372	580	8.0071824160609
9	684433	600	15.119775739042
9	720827	620	13.557047539616
9	758605	640	19.464537264537
9	797867	660	20.647281921618
9	837920	680	25.739559074678
9	879003	700	40.169853686803
9	921573	720	40.205707663335
9	965167	740	45.765898884543
9	1010411	760	65.533333333333
9	1056414	780	59.368608460333
9	1103438	800	61.239994302806
9	1151441	820	73.18512594962
9	1200924	840	83.965419354839
9	1251743	860	87.721284839395
9	1303878	880	91.534222222222
9	1356956	900	96.707615649606
9	1410999	920	97.783403051181
9	1466713	940	109.40422783324
9	1523736	960	130.44554568239
9	1582629	980	138.10241512873
9	1642606	1000	138.38308457711
9	1704311	1020	146.56770152505
9	1767797	1040	183.13895059769
9	1831805	1060	178.69422405586
9	1898104	1080	192.66490236382
9	1966084	1100	205.33383991895
9	2036069	1120	221.26241134752
9	2107744	1140	252.20857614608
9	2181567	1160	260.02866147937
9	2257386	1180	275.9019036519
9	2334673	1200	309.54300624359
9	2413914	1220	314.44052215481
9	2495266	1240	342.96827740492
9	2578510	1260	349.63346578366
9	2664035	1280	356.33165562914
9	2752125	1300	406.09803100126
9	2841754	1320	415.27917888563
9	2933876	1340	431.83839621101
9	3027894	1360	450.40788829005
9	3123607	1380	477.43475837911
9	3221543	1400	498.59517858583
9	3322259	1420	551.04934437543
9	3424423	1440	542.96856774975
9	3529477	1460	580.82742887815
9	3636974	1480	600.29369295227
9	3746991	1500	628.68056171471
9	3859303	1520	672.45927422264
9	3974378	1540	659.86506024096
9	4091182	1560	677.24151696607
9	4210349	1580	709.15975232198
9	4331701	1600	708.06563467492
9	4454729	1620	720.63688290494
9	4580822	1640	730.28981463026
9	4709535	1660	764.66583204931
9	4840397	1680	774.47041833302
9	4973781	1700	747.97400495144
9	5109443	1720	775.84307883302
9	5246826	1740	803.95408225905
9	5386955	1760	821.09625537139
9	5528991	1780	831.11859724974
9	5673311	1800	868.11451651224
9	5819709	1820	846.05603022377
9	5969700	1840	871.69282962452
9	6122398	1860	870.96632153829
9	6277324	1880	912.87172126534
9	6435012	1900	918.08175995544
9	6594175	1920	952.27979274611
9	6757360	1940	982.41453448
9	6923379	1960	986.65565407831
9	7091573	1980	1006.2654360967
9	7262145	2000	1019.4470112918
10	145483	240	493.92261553108
10	171730	260	588.88482485131
10	198914	280	679.95789008873
10	225975	300	740.761984764
10	253328	320	631.8610809274
10	280619	340	435.80157512521
10	308348	360	344.79561686889
10	336561	380	866.60229413126
10	365194	400	968.8416315653
10	394045	420	962.58704062545
10	423754	440	732.26339836948
10	453913	460	630.88527804505
10	484923	480	733.23233359145
10	516540	500	889.08293985191
10	548379	520	782.49431691161
10	581347	540	874.16702843598
10	614742	560	571.91413914203
10	649372	580	977.20682385418
10	684433	600	781.37996469474
10	720827	620	873.161184035
10	758605	640	1035.0505990689
10	797867	660	842.78076250325
10	837920	680	1068.6076027624
10	879003	700	835.37291137463
10	921573	720	932.23402222692
10	965167	740	802.55340394643
10	1010411	760	645.59250032919
10	1056414	780	696.89326585322
10	1103438	800	1100.7844919855
10	1151441	820	1141.9190654419
10	1200924	840	902.01485176269
10	1251743	860	982.59465223488
10	1303878	880	1030.9967095797
10	1356956	900	1148.3016595587
10	1410999	920	1050.1000667304
10	1466713	940	1108.554087805
10	1523736	960	1464.836849618
10	1582629	980	1157.0145742483
10	1642606	1000	805.89835052878
10	1704311	1020	1165.7945197347
10	1767797	1040	1001.1915008832
10	1831805	1060	902.38985325454
10	1898104	1080	946.46254711725
10	1966084	1100	1039.5398433748
10	2036069	1120	1207.865329227
10	2107744	1140	1235.7787857717
10	2181567	1160	1091.3330565325
10	2257386	1180	891.43183933042
10	2334673	1200	1001.9270001211
10	2413914	1220	1135.9241634348
10	2495266	1240	949.40181231938
10	2578510	1260	1153.6894469706
10	2664035	1280	1281.0364269354
10	2752125	1300	1448.9579822432
10	2841754	1320	876.06292788263
10	2933876	1340	1454.9494628981
10	3027894	1360	1375.2734758633
10	3123607	1380	1431.7424854356
10	3221543	1400	1197.8314724814
10	3322259	1420	1482.4495348507
10	3424423	1440	1484.8961923539
10	3529477	1460	1617.2546897777
10	3636974	1480	1000.6191801893
10	3746991	1500	1250.4108637519
10	3859303	1520	1428.7594590226
10	3974378	1540	1305.2833493009
10	4091182	1560	1170.9158052191
10	4210349	1580	1524.1950329007
10	4331701	1600	1404.1167503329
10	4454729	1620	1198.1535190825
10	4580822	1640	1447.4488183682
10	4709535	1660	995.60209210507
10	4840397	1680	1514.9538487189
10	4973781	1700	1089.5086260175
10	5109443	1720	1108.0450309265
10	5246826	1740	1456.7142699376
10	5386955	1760	1517.7882869363
10	5528991	1780	1410.488316119
10	5673311	1800	1315.0386135652
10	5819709	1820	1279.846362073
10	5969700	1840	1964.647222143
10	6122398	1860	1556.0141100052
10	6277324	1880	1437.2057797858
10	6435012	1900	1704.2028627111
10	6594175	1920	1722.3352590476
10	6757360	1940	1661.6602817541
10	6923379	1960	1707.7470900134
10	7091573	1980	1563.0030037414
10	7262145	2000	1505.4729027241
11	145483	240	49.392261553108
11	171730	260	49.073735404275
11	198914	280	48.568420720623
11	225975	300	49.3841323176
11	253328	320	48.604698532877
11	280619	340	48.422397236135
11	308348	360	49.256516695556
11	336561	380	48.144571896181
11	365194	400	48.442081578265
11	394045	420	48.129352031272
11	423754	440	48.817559891299
11	453913	460	48.529636772696
11	484923	480	48.882155572763
11	516540	500	49.39349665844
11	548379	520	48.905894806976
11	581347	540	48.56483491311
11	614742	560	47.659511595169
11	649372	580	48.860341192709
11	684433	600	48.836247793421
11	720827	620	48.508954668611
11	758605	640	49.288123765187
11	797867	660	49.57533897078
11	837920	680	48.573072852838
11	879003	700	49.139583022037
11	921573	720	49.064948538259
11	965167	740	50.159587746652
11	1010411	760	49.660961563784
11	1056414	780	49.778090418087
11	1103438	800	50.035658726615
11	1151441	820	49.648655019214
11	1200924	840	50.111936209038
11	1251743	860	49.129732611744
11	1303878	880	49.095081408559
11	1356956	900	49.926159111249
11	1410999	920	50.004765082399
11	1466713	940	50.388822172953
11	1523736	960	50.511615504068
11	1582629	980	50.304981489058
11	1642606	1000	50.368646908048
11	1704311	1020	50.686718249337
11	1767797	1040	50.05957504416
11	1831805	1060	50.132769625252
11	1898104	1080	49.813818269329
11	1966084	1100	49.501897303562
11	2036069	1120	50.327722051123
11	2107744	1140	49.431151430867
11	2181567	1160	49.606048024207
11	2257386	1180	49.523991073912
11	2334673	1200	50.096350006055
11	2413914	1220	49.388007105861
11	2495266	1240	49.968516437862
11	2578510	1260	50.160410737853
11	2664035	1280	49.270631805208
11	2752125	1300	49.964068353213
11	2841754	1320	51.533113404861
11	2933876	1340	50.170671134419
11	3027894	1360	50.936054661604
11	3123607	1380	49.370430532263
11	3221543	1400	49.909644686727
11	3322259	1420	51.118949477611
11	3424423	1440	49.496539745129
11	3529477	1460	50.539209055554
11	3636974	1480	50.030959009464
11	3746991	1500	50.016434550075
11	3859303	1520	51.027123536522
11	3974378	1540	50.203205742342
11	4091182	1560	50.909382835611
11	4210349	1580	50.806501096689
11	4331701	1600	50.147026797605
11	4454729	1620	49.923063295103
11	4580822	1640	49.912028219594
11	4709535	1660	49.780104605254
11	4840397	1680	50.498461623964
11	4973781	1700	49.52311936443
11	5109443	1720	50.36568322393
11	5246826	1740	50.231526549572
11	5386955	1760	50.592942897878
11	5528991	1780	50.374582718537
11	5673311	1800	50.578408214045
11	5819709	1820	51.193854482921
11	5969700	1840	50.375569798539
11	6122398	1860	50.194003548555
11	6277324	1880	49.558819992614
11	6435012	1900	50.123613609151
11	6594175	1920	50.656919383754
11	6757360	1940	50.353341871336
11	6923379	1960	50.227855588631
11	7091573	1980	50.419451733594
11	7262145	2000	50.182430090804
12	145483	240	2.8259783152033
12	171730	260	1.940039792391
12	198914	280	3.7421414896736
12	225975	300	2.9211546242171
12	253328	320	2.4413422521532
12	280619	340	1.8214399972409
12	308348	360	2.4920377249879
12	336561	380	1.9080067996261
12	365194	400	1.714384411377
12	394045	420	1.5438747685764
12	423754	440	1.9370236755128
12	453913	460	2.1930925452879
12	484923	480	2.4812241696295
12	516540	500	2.3136530487475
12	548379	520	2.2352048172543
12	581347	540	2.0645591849635
12	614742	560	2.7966168215066
12	649372	580	2.6364449324366
12	684433	600	1.7182018292658
12	720827	620	2.2707487880404
12	758605	640	1.9677017520988
12	797867	660	1.8992851647881
12	837920	680	2.0152730127823
12	879003	700	3.7179163798076
12	921573	720	2.2525947893088
12	965167	740	2.4991271915025
12	1010411	760	2.0239441088195
12	1056414	780	2.64098458646
12	1103438	800	3.2292355915093
12	1151441	820	2.2628543870095
12	1200924	840	2.3694279979421
12	1251743	860	3.0780600259551
12	1303878	880	2.2940842052875
12	1356956	900	2.93029277309
12	1410999	920	3.0457157070219
12	1466713	940	3.6576994446578
12	1523736	960	3.0504387788677
12	1582629	980	2.3614537044647
12	1642606	1000	1.5189431382906
12	1704311	1020	3.5158633839289
12	1767797	1040	2.6805423792958
12	1831805	1060	2.7822530526959
12	1898104	1080	2.9440117245168
12	1966084	1100	3.4915885530261
12	2036069	1120	2.6890551693812
12	2107744	1140	2.1772845890493
12	2181567	1160	2.4330580029777
12	2257386	1180	2.386151616385
12	2334673	1200	2.7873856039449
12	2413914	1220	2.0267820648948
12	2495266	1240	2.5452936917397
12	2578510	1260	2.7116394257201
12	2664035	1280	2.1178269484056
12	2752125	1300	3.3952938157573
12	2841754	1320	3.1079345925139
12	2933876	1340	2.717931146819
12	3027894	1360	2.064869729893
12	3123607	1380	2.6936310075072
12	3221543	1400	2.035040550854
12	3322259	1420	2.0422996790248
12	3424423	1440	2.4583001562229
12	3529477	1460	2.895431235557
12	3636974	1480	2.0947772508063
12	3746991	1500	2.9502028583566
12	3859303	1520	2.7282892020286
12	3974378	1540	2.1291826649476
12	4091182	1560	2.3230075901897
12	4210349	1580	2.5696807885259
12	4331701	1600	2.1456803343475
12	4454729	1620	2.6230829511723
12	4580822	1640	2.7932890574684
12	4709535	1660	2.2435496699167
12	4840397	1680	2.7555382027195
12	4973781	1700	2.5562903044958
12	5109443	1720	2.481542426319
12	5246826	1740	2.4053323205739
12	5386955	1760	2.722745447133
12	5528991	1780	2.8768697406108
12	5673311	1800	2.9080137353006
12	5819709	1820	2.1263824631531
12	5969700	1840	2.9672389309231
12	6122398	1860	2.5312075737736
12	6277324	1880	2.218463984992
12	6435012	1900	2.1663797214719
12	6594175	1920	2.1118173076662
12	6757360	1940	1.9866726219071
12	6923379	1960	2.3182785648139
12	7091573	1980	1.7059490003653
12	7262145	2000	2.0044750076275
13	145483	240	7.9861534379995
13	171730	260	3.7637543960606
13	198914	280	14.003622928737
13	225975	300	8.5331443385852
13	253328	320	5.9601519921485
13	280619	340	3.317643663549
13	308348	360	6.2102520227628
13	336561	380	3.6404899474196
13	365194	400	2.9391139099725
13	394045	420	2.3835493010469
13	423754	440	3.7520607194971
13	453913	460	4.8096549121972
13	484923	480	6.1564733799535
13	516540	500	5.3529904299786
13	548379	520	4.9961405750769
13	581347	540	4.2624046282171
13	614742	560	7.8210656463335
13	649372	580	6.9508418817705
13	684433	600	2.9522175260922
13	720827	620	5.1563000583869
13	758605	640	3.8718501852128
13	797867	660	3.6072841371841
13	837920	680	4.0613253160486
13	879003	700	13.822902207241
13	921573	720	5.074183284821
13	965167	740	6.245636719307
13	1010411	760	4.0963497556253
13	1056414	780	6.9747995859193
13	1103438	800	10.427962505471
13	1151441	820	5.1205099768082
13	1200924	840	5.6141890374318
13	1251743	860	9.4744535233828
13	1303878	880	5.2628223409494
13	1356956	900	8.5866157360234
13	1410999	920	9.2763841679998
13	1466713	940	13.37876522745
13	1523736	960	9.3051767436197
13	1582629	980	5.5764635983301
13	1642606	1000	2.30718825736
13	1704311	1020	12.361295334452
13	1767797	1040	7.1853074472009
13	1831805	1060	7.7409320492354
13	1898104	1080	8.6672050340923
13	1966084	1100	12.191190623623
13	2036069	1120	7.2310177039756
13	2107744	1140	4.7405681817116
13	2181567	1160	5.9197712458536
13	2257386	1180	5.6937195363769
13	2334673	1200	7.7695185050792
13	2413914	1220	4.1078455385792
13	2495266	1240	6.47851997721
13	2578510	1260	7.3529883751197
13	2664035	1280	4.4851909833929
13	2752125	1300	11.528020095319
13	2841754	1320	9.6592574313444
13	2933876	1340	7.387149718849
13	3027894	1360	4.2636870014285
13	3123607	1380	7.2556480046044
13	3221543	1400	4.14139004362
13	3322259	1420	4.1709879789446
13	3424423	1440	6.0432396580854
13	3529477	1460	8.3835220398394
13	3636974	1480	4.3880917304956
13	3746991	1500	8.7036969054556
13	3859303	1520	7.4435619699058
13	3974378	1540	4.5334188207135
13	4091182	1560	5.396364264079
13	4210349	1580	6.6032593549193
13	4331701	1600	4.6039440972058
13	4454729	1620	6.880564168731
13	4580822	1640	7.8024637585729
13	4709535	1660	5.0335151213834
13	4840397	1680	7.5929907866467
13	4973781	1700	6.5346201208591
13	5109443	1720	6.1580528136209
13	5246826	1740	5.7856235723975
13	5386955	1760	7.4133427698833
13	5528991	1780	8.2763795044423
13	5673311	1800	8.4565438846969
13	5819709	1820	4.5215023796051
13	5969700	1840	8.8045068731857
13	6122398	1860	6.4070117815289
13	6277324	1880	4.9215824527067
13	6435012	1900	4.6932010976045
13	6594175	1920	4.4597723409585
13	6757360	1940	3.9468681066351
13	6923379	1960	5.3744155040754
13	7091573	1980	2.9102619918472
13	7262145	2000	4.0179200562034
14	145483	240	761.20267113943
14	171730	260	851.31131245249
14	198914	280	808.00696365589
14	225975	300	946.09726853973
14	253328	320	721.49189244781
14	280619	340	676.62450137453
14	308348	360	548.11290755096
14	336561	380	1042.5890062263
14	365194	400	1040.8635745439
14	394045	420	1132.5535033412
14	423754	440	868.65227386321
14	453913	460	772.75743495206
14	484923	480	954.07260263673
14	516540	500	1187.4024914067
14	548379	520	1090.2984762977
14	581347	540	1038.6519710821
14	614742	560	871.75256686832
14	649372	580	1002.222736982
14	684433	600	857.9675346083
14	720827	620	943.47406976384
14	758605	640	1047.8623186971
14	797867	660	914.52619839218
14	837920	680	1356.8491293719
14	879003	700	911.09809665501
14	921573	720	952.400473296
14	965167	740	864.75351589348
14	1010411	760	862.79127750937
14	1056414	780	815.48229265951
14	1103438	800	1232.1588214495
14	1151441	820	1370.4263451182
14	1200924	840	1186.5133437838
14	1251743	860	1272.3047771869
14	1303878	880	1321.3296883313
14	1356956	900	1416.7727026684
14	1410999	920	1184.6012201179
14	1466713	940	1139.9752381306
14	1523736	960	1693.6995775987
14	1582629	980	1329.5550477301
14	1642606	1000	1151.657654597
14	1704311	1020	1238.5340202948
14	1767797	1040	1006.5070267372
14	1831805	1060	1091.8652647186
14	1898104	1080	1419.9645678631
14	1966084	1100	1132.2550954797
14	2036069	1120	1507.9736977292
14	2107744	1140	1455.6377483492
14	2181567	1160	1275.0195293562
14	2257386	1180	1186.9718677112
14	2334673	1200	1273.6888890107
14	2413914	1220	1188.3226438845
14	2495266	1240	1190.1037773995
14	2578510	1260	1239.8309893656
14	2664035	1280	1454.8661461968
14	2752125	1300	1782.2853014867
14	2841754	1320	1238.7715074943
14	2933876	1340	1691.2724580177
14	3027894	1360	1606.9622957767
14	3123607	1380	1683.0723792357
14	3221543	1400	1361.7992712499
14	3322259	1420	1609.6550271059
14	3424423	1440	1769.9383577497
14	3529477	1460	1643.3021968351
14	3636974	1480	1181.8260291447
14	3746991	1500	1320.9252610624
14	3859303	1520	1554.3583363153
14	3974378	1540	1419.6409062328
14	4091182	1560	1281.9013566504
14	4210349	1580	1645.0425878021
14	4331701	1600	1639.1846673457
14	4454729	1620	1453.8920335704
14	4580822	1640	1506.1639785971
14	4709535	1660	1094.9626884618
14	4840397	1680	1821.5799659309
14	4973781	1700	1229.7358039474
14	5109443	1720	1328.9247540645
14	5246826	1740	1639.822948037
14	5386955	1760	2051.0331016182
14	5528991	1780	1727.041370738
14	5673311	1800	1680.9711368611
14	5819709	1820	1415.8653134867
14	5969700	1840	2096.195274724
14	6122398	1860	1724.215591955
14	6277324	1880	1717.4151200129
14	6435012	1900	1775.7936813881
14	6594175	1920	2050.8402751115
14	6757360	1940	1911.9964987031
14	6923379	1960	1683.9713539068
14	7091573	1980	2000.7690900003
14	7262145	2000	1954.946970997
15	145483	240	44.776627714084
15	171730	260	44.805858550131
15	198914	280	44.88927575866
15	225975	300	45.052250882844
15	253328	320	45.093243277988
15	280619	340	45.108300091636
15	308348	360	45.676075629247
15	336561	380	45.329956792447
15	365194	400	45.254938023648
15	394045	420	45.302140133649
15	423754	440	45.718540729643
15	453913	460	45.456319703062
15	484923	480	45.432028696987
15	516540	500	45.669326592566
15	548379	520	45.429103179071
15	581347	540	45.158781351395
15	614742	560	45.881714045701
15	649372	580	45.555578953728
15	684433	600	45.156186032016
15	720827	620	44.927336655421
15	758605	640	45.559231247701
15	797867	660	45.726309919609
15	837920	680	45.228304312395
15	879003	700	45.554904832751
15	921573	720	45.352403490286
15	965167	740	45.513342941762
15	1010411	760	45.410067237335
15	1056414	780	45.304571814417
15	1103438	800	45.635511905535
15	1151441	820	45.680878170607
15	1200924	840	45.635128607068
15	1251743	860	45.439456328105
15	1303878	880	45.563092701081
15	1356956	900	45.702345247368
15	1410999	920	45.56158538915
15	1466713	940	45.599009525225
15	1523736	960	45.775664259423
15	1582629	980	45.846725783795
15	1642606	1000	46.06630618388
15	1704311	1020	45.871630381289
15	1767797	1040	45.750319397147
15	1831805	1060	45.494386029942
15	1898104	1080	45.805308640746
15	1966084	1100	45.29020381919
15	2036069	1120	45.696172658462
15	2107744	1140	45.488679635913
15	2181567	1160	45.536411762721
15	2257386	1180	45.652764142739
15	2334673	1200	45.488888893239
15	2413914	1220	45.70471707248
15	2495266	1240	45.773222207672
15	2578510	1260	45.919666272798
15	2664035	1280	45.464567068651
15	2752125	1300	45.699623115043
15	2841754	1320	45.880426203493
15	2933876	1340	45.710066432912
15	3027894	1360	45.913208450761
15	3123607	1380	45.488442682046
15	3221543	1400	45.393309041664
15	3322259	1420	45.990143631596
15	3424423	1440	45.383034814096
15	3529477	1460	45.647283245419
15	3636974	1480	45.454847274795
15	3746991	1500	45.549146933188
15	3859303	1520	45.716421656333
15	3974378	1540	45.794867942992
15	4091182	1560	45.782191308943
15	4210349	1580	45.695627438947
15	4331701	1600	45.53290742627
15	4454729	1620	45.434126049076
15	4580822	1640	45.641332684761
15	4709535	1660	45.623445352575
15	4840397	1680	45.539499148271
15	4973781	1700	45.545770516571
15	5109443	1720	45.824991519464
15	5246826	1740	45.550637445473
15	5386955	1760	45.578513369293
15	5528991	1780	45.448457124684
15	5673311	1800	45.431652347596
15	5819709	1820	45.673074628602
15	5969700	1840	45.569462494001
15	6122398	1860	45.374094525133
15	6277324	1880	45.195134737181
15	6435012	1900	45.533171317643
15	6594175	1920	45.574228335811
15	6757360	1940	45.523726159598
15	6923379	1960	45.512739294778
15	7091573	1980	45.472024772734
15	7262145	2000	45.463883046442
16	145483	240	0.57478333254102
16	171730	260	0.43233393429519
16	198914	280	0.75665378336894
16	225975	300	0.76716203033546
16	253328	320	0.75153356306151
16	280619	340	0.82917510374995
16	308348	360	1.2847649594894
16	336561	380	1.3952321562791
16	365194	400	1.3880497317447
16	394045	420	1.1538992747415
16	423754	440	1.8556620244626
16	453913	460	1.4125723672597
16	484923	480	1.3770456633729
16	516540	500	1.7793191570017
16	548379	520	1.4523160028174
16	581347	540	1.1863060519445
16	614742	560	1.4283978291976
16	649372	580	1.4761942435699
16	684433	600	1.0220177567364
16	720827	620	0.84301413957961
16	758605	640	1.2969006826118
16	797867	660	1.2527230922589
16	837920	680	0.94107956072888
16	879003	700	1.4602666209149
16	921573	720	1.090755590288
16	965167	740	1.0100760305077
16	1010411	760	1.2294914634458
16	1056414	780	1.0458393544181
16	1103438	800	1.1625586341557
16	1151441	820	1.2644747810365
16	1200924	840	1.2216126435649
16	1251743	860	0.99646845963092
16	1303878	880	1.2880294628651
16	1356956	900	1.2258989492692
16	1410999	920	1.2276760752613
16	1466713	940	1.1261481863995
16	1523736	960	1.17210068166
16	1582629	980	1.1620655854346
16	1642606	1000	1.2504262521225
16	1704311	1020	1.2830168578682
16	1767797	1040	1.1143305370772
16	1831805	1060	1.0855509817214
16	1898104	1080	1.1525045621311
16	1966084	1100	1.0528665492619
16	2036069	1120	1.1203008273508
16	2107744	1140	1.0999240126134
16	2181567	1160	1.092219889658
16	2257386	1180	1.005868782226
16	2334673	1200	0.99700806106412
16	2413914	1220	1.156115615009
16	2495266	1240	1.1339997281954
16	2578510	1260	0.89001145727525
16	2664035	1280	1.0194233729441
16	2752125	1300	1.1431119319086
16	2841754	1320	0.95726827303398
16	2933876	1340	0.99825735688285
16	3027894	1360	0.91353288327195
16	3123607	1380	0.99503554681281
16	3221543	1400	0.91579458121248
16	3322259	1420	0.87484580592392
16	3424423	1440	0.95273273117229
16	3529477	1460	0.91848296058334
16	3636974	1480	0.82895814115288
16	3746991	1500	0.97017844499371
16	3859303	1520	0.99784451726681
16	3974378	1540	0.88408112303111
16	4091182	1560	0.92198908688898
16	4210349	1580	1.0289709625358
16	4331701	1600	0.88197208776203
16	4454729	1620	0.75559657103149
16	4580822	1640	1.041723972494
16	4709535	1660	0.98360387688564
16	4840397	1680	0.80945051639007
16	4973781	1700	1.0177469576003
16	5109443	1720	0.90264015582565
16	5246826	1740	0.90299498221722
16	5386955	1760	0.94013842347843
16	5528991	1780	0.816484111347
16	5673311	1800	0.71457172366109
16	5819709	1820	1.0323712488736
16	5969700	1840	1.0158275203551
16	6122398	1860	0.80301805743775
16	6277324	1880	0.68476225848088
16	6435012	1900	0.83721501420451
16	6594175	1920	0.90557477059833
16	6757360	1940	0.8029412274226
16	6923379	1960	0.81783795183485
16	7091573	1980	0.79615691537864
16	7262145	2000	0.82311761004833
17	145483	240	0.33037587936696
17	171730	260	0.18691263074316
17	198914	280	0.57252494788653
17	225975	300	0.58853758078842
17	253328	320	0.56480269640793
17	280619	340	0.68753135267874
17	308348	360	1.6506210011318
17	336561	380	1.9466727699152
17	365194	400	1.9266820577967
17	394045	420	1.331483536249
17	423754	440	3.4434815490325
17	453913	460	1.9953606927456
17	484923	480	1.8962547590142
17	516540	500	3.1659766624733
17	548379	520	2.1092217720396
17	581347	540	1.4073220488802
17	614742	560	2.0403203584565
17	649372	580	2.1791494447488
17	684433	600	1.0445202950846
17	720827	620	0.71067283953115
17	758605	640	1.681951380559
17	797867	660	1.5693151458787
17	837920	680	0.88563073962166
17	879003	700	2.1323786041583
17	921573	720	1.1897477577446
17	965167	740	1.0202535874061
17	1010411	760	1.511649258686
17	1056414	780	1.0937799552496
17	1103438	800	1.3515425778499
17	1151441	820	1.5988964718773
17	1200924	840	1.4923374509175
17	1251743	860	0.99294939103921
17	1303878	880	1.6590198972086
17	1356956	900	1.5028282338193
17	1410999	920	1.507188545769
17	1466713	940	1.2682097377309
17	1523736	960	1.3738200079478
17	1582629	980	1.3503964248515
17	1642606	1000	1.5635658119971
17	1704311	1020	1.6461322575739
17	1767797	1040	1.2417325458627
17	1831805	1060	1.1784209339163
17	1898104	1080	1.3282667657329
17	1966084	1100	1.1085279705546
17	2036069	1120	1.255073943763
17	2107744	1140	1.2098328335236
17	2181567	1160	1.1929442873645
17	2257386	1180	1.0117720070567
17	2334673	1200	0.99402507382684
17	2413914	1220	1.3366033152677
17	2495266	1240	1.2859553835473
17	2578510	1260	0.79212039408122
17	2664035	1280	1.0392240133047
17	2752125	1300	1.3067048888719
17	2841754	1320	0.91636254655746
17	2933876	1340	0.99651775057073
17	3027894	1360	0.83454232881917
17	3123607	1380	0.99009573942108
17	3221543	1400	0.83867971497814
17	3322259	1420	0.76535518414267
17	3424423	1440	0.90769965704701
17	3529477	1460	0.84361094888194
17	3636974	1480	0.68717159978364
17	3746991	1500	0.94124621513042
17	3859303	1520	0.99569368063943
17	3974378	1540	0.78159943209996
17	4091182	1560	0.85006387634238
17	4210349	1580	1.0587812417419
17	4331701	1600	0.77787476359132
17	4454729	1620	0.57092617815455
17	4580822	1640	1.0851888348688
17	4709535	1660	0.96747658662447
17	4840397	1680	0.65521013848414
17	4973781	1700	1.0358088697046
17	5109443	1720	0.81475925090895
17	5246826	1740	0.81539993790948
17	5386955	1760	0.88386025530051
17	5528991	1780	0.6666463040821
17	5673311	1800	0.51061274825598
17	5819709	1820	1.0657903955009
17	5969700	1840	1.0319055511107
17	6122398	1860	0.6448380005711
17	6277324	1880	0.46889935063984
17	6435012	1900	0.70092898000945
17	6594175	1920	0.82006566514421
17	6757360	1940	0.64471461469492
17	6923379	1960	0.66885891546142
17	7091573	1980	0.63386583390524
17	7262145	2000	0.67752259997168
18	145483	240	1306.1427176023
18	171730	260	1812.4903615462
18	198914	280	2109.9403704579
18	225975	300	2185.7704993098
18	253328	320	2465.395620392
18	280619	340	2183.7245582008
18	308348	360	2184.690039708
18	336561	380	2120.4606372594
18	365194	400	2127.1809872517
18	394045	420	2532.8520331376
18	423754	440	2672.5192496557
18	453913	460	2482.0087521884
18	484923	480	2431.5264617528
18	516540	500	2644.9429720378
18	548379	520	2765.7555812522
18	581347	540	2978.6236669811
18	614742	560	3122.2167238534
18	649372	580	3185.9999280902
18	684433	600	3110.7682888632
18	720827	620	3304.9750326744
18	758605	640	3041.8544316872
18	797867	660	2989.2274876493
18	837920	680	3394.8402743133
18	879003	700	3677.7871652271
18	921573	720	3583.2329711033
18	965167	740	3954.5181038204
18	1010411	760	3884.2521776195
18	1056414	780	3676.2466261638
18	1103438	800	3382.3913402084
18	1151441	820	3632.6360446236
18	1200924	840	3692.0045037631
18	1251743	860	3707.5778419953
18	1303878	880	3706.9677418987
18	1356956	900	3660.795494129
18	1410999	920	4178.2929076762
18	1466713	940	4038.7435446077
18	1523736	960	3384.7782434467
18	1582629	980	3648.4248991852
18	1642606	1000	3658.449817086
18	1704311	1020	3851.4130076834
18	1767797	1040	3960.6585798618
18	1831805	1060	3939.4080610129
18	1898104	1080	3858.9229606776
18	1966084	1100	4073.7359782311
18	2036069	1120	3763.7669230179
18	2107744	1140	4142.4908053201
18	2181567	1160	3942.8401052001
18	2257386	1180	4042.8256169059
18	2334673	1200	4251.0769289625
18	2413914	1220	4406.3758631854
18	2495266	1240	4253.4663777923
18	2578510	1260	4218.1713807419
18	2664035	1280	4222.0116018731
18	2752125	1300	4617.3334728905
18	2841754	1320	4501.49767966
18	2933876	1340	4441.9742627959
18	3027894	1360	4478.1437966709
18	3123607	1380	4885.1119994124
18	3221543	1400	4909.4594933163
18	3322259	1420	4800.3838684763
18	3424423	1440	5215.903549221
18	3529477	1460	5189.3450910486
18	3636974	1480	5787.2602578817
18	3746991	1500	5761.2142437387
18	3859303	1520	5490.4907126293
18	3974378	1540	5547.6902650587
18	4091182	1560	5605.8407726082
18	4210349	1580	5584.1439837974
18	4331701	1600	5469.6399829658
18	4454729	1620	5539.1335441784
18	4580822	1640	5404.7289665772
18	4709535	1660	6141.1029925353
18	4840397	1680	5693.8155278813
18	4973781	1700	5902.1269515631
18	5109443	1720	5900.9072808242
18	5246826	1740	5705.8374492101
18	5386955	1760	5707.2129367736
18	5528991	1780	5966.4075870426
18	5673311	1800	6115.2474897132
18	5819709	1820	6186.3218326133
18	5969700	1840	5895.8885556316
18	6122398	1860	5892.8780547855
18	6277324	1880	6477.3441975165
18	6435012	1900	5933.6256338757
18	6594175	1920	6114.3160743814
18	6757360	1940	6071.9734749714
18	6923379	1960	6327.5294542024
18	7091573	1980	6154.282150983
18	7262145	2000	6204.1104273442
19	145483	240	48.375656207494
19	171730	260	48.986225987736
19	198914	280	49.068380708324
19	225975	300	48.57267776244
19	253328	320	48.341090595922
19	280619	340	48.527212404462
19	308348	360	48.548667549066
19	336561	380	48.19228721044
19	365194	400	48.345022437538
19	394045	420	48.708692944955
19	423754	440	48.59125908465
19	453913	460	48.666838278204
19	484923	480	48.630529235056
19	516540	500	48.980425408107
19	548379	520	48.522027741266
19	581347	540	48.829896180017
19	614742	560	48.78463631021
19	649372	580	49.01538350908
19	684433	600	49.3772744264
19	720827	620	49.327985562305
19	758605	640	49.06216825302
19	797867	660	49.003729305726
19	837920	680	49.2005836857
19	879003	700	49.699826557123
19	921573	720	49.085383165798
19	965167	740	49.431476297755
19	1010411	760	49.798104841275
19	1056414	780	49.679008461674
19	1103438	800	49.741049120711
19	1151441	820	49.762137597584
19	1200924	840	49.891952753556
19	1251743	860	50.102403270207
19	1303878	880	50.094158674307
19	1356956	900	50.147883481219
19	1410999	920	49.741582234241
19	1466713	940	49.86103141491
19	1523736	960	50.519078260398
19	1582629	980	49.97842327651
19	1642606	1000	50.115750918986
19	1704311	1020	50.018350749135
19	1767797	1040	50.777674100793
19	1831805	1060	50.505231551448
19	1898104	1080	50.115882606203
19	1966084	1100	50.293036768285
19	2036069	1120	50.183558973572
19	2107744	1140	49.909527774941
19	2181567	1160	49.909368420254
19	2257386	1180	49.911427369208
19	2334673	1200	50.0126697525
19	2413914	1220	50.072452990743
19	2495266	1240	50.040780915203
19	2578510	1260	50.216325961213
19	2664035	1280	50.262042879442
19	2752125	1300	50.188407314027
19	2841754	1320	50.016640885111
19	2933876	1340	50.476980259045
19	3027894	1360	50.316222434504
19	3123607	1380	50.361979375386
19	3221543	1400	50.612984467178
19	3322259	1420	50.530356510277
19	3424423	1440	50.639840283699
19	3529477	1460	50.875932265182
19	3636974	1480	50.765440858611
19	3746991	1500	50.536967050339
19	3859303	1520	50.371474427792
19	3974378	1540	50.43354786417
19	4091182	1560	50.503070023497
19	4210349	1580	50.307603457634
19	4331701	1600	50.644814657091
19	4454729	1620	50.355759492531
19	4580822	1640	50.511485668946
19	4709535	1660	50.33690977488
19	4840397	1680	50.387748034347
19	4973781	1700	50.445529500539
19	5109443	1720	50.43510496431
19	5246826	1740	50.494136718673
19	5386955	1760	50.506309174987
19	5528991	1780	50.562776161378
19	5673311	1800	50.539235452175
19	5819709	1820	50.707556005027
19	5969700	1840	50.826625479583
19	6122398	1860	50.800672886082
19	6277324	1880	50.604251543098
19	6435012	1900	50.714749007485
19	6594175	1920	50.531537804805
19	6757360	1940	50.599778958095
19	6923379	1960	50.620235633619
19	7091573	1980	50.444935663795
19	7262145	2000	50.43992217353
20	145483	240	2.2186490705689
20	171730	260	3.1823636022477
20	198914	280	3.079353017485
20	225975	300	2.9060613791011
20	253328	320	2.1355978887547
20	280619	340	2.5962355927757
20	308348	360	2.7404053555164
20	336561	380	2.0099767331457
20	365194	400	1.718018415837
20	394045	420	2.2869187220156
20	423754	440	2.2595671982019
20	453913	460	2.7547123227001
20	484923	480	3.0083984258019
20	516540	500	2.6544535233311
20	548379	520	2.5604701117411
20	581347	540	2.8400311695496
20	614742	560	2.4588380037453
20	649372	580	2.52627148218
20	684433	600	2.8474359585981
20	720827	620	3.1215688747634
20	758605	640	2.203352991157
20	797867	660	2.6174955848128
20	837920	680	2.1592759902531
20	879003	700	3.1319851338572
20	921573	720	2.8919198152458
20	965167	740	2.4682174360565
20	1010411	760	2.7792393985995
20	1056414	780	3.05020269624
20	1103438	800	3.0382942821387
20	1151441	820	3.0919319453839
20	1200924	840	2.9331256525301
20	1251743	860	2.8311671576156
20	1303878	880	2.819854770288
20	1356956	900	3.3001234138835
20	1410999	920	3.1913557945675
20	1466713	940	3.1883667406953
20	1523736	960	3.1046715335482
20	1582629	980	3.3097464056587
20	1642606	1000	2.8550766620809
20	1704311	1020	3.0178025288628
20	1767797	1040	4.0160883373389
20	1831805	1060	3.5047249822992
20	1898104	1080	3.3819806337755
20	1966084	1100	2.7928537359159
20	2036069	1120	3.0654658168045
20	2107744	1140	3.0549024048423
20	2181567	1160	2.6992504087493
20	2257386	1180	2.5748423097146
20	2334673	1200	2.6049136087219
20	2413914	1220	2.5446367068459
20	2495266	1240	2.8650118443092
20	2578510	1260	3.1581727289559
20	2664035	1280	2.6515526587785
20	2752125	1300	2.872894411217
20	2841754	1320	2.8141551620812
20	2933876	1340	3.1436016041609
20	3027894	1360	2.9317751562165
20	3123607	1380	2.9785045384812
20	3221543	1400	2.7085558969502
20	3322259	1420	2.7844407419848
20	3424423	1440	2.7966267323322
20	3529477	1460	2.9165482399421
20	3636974	1480	2.720407022862
20	3746991	1500	2.7924578874563
20	3859303	1520	3.0999658878385
20	3974378	1540	2.7811904087868
20	4091182	1560	3.0492098740219
20	4210349	1580	2.9071930143942
20	4331701	1600	2.9199741169265
20	4454729	1620	2.9226930417908
20	4580822	1640	2.6207036639934
20	4709535	1660	2.9585325382761
20	4840397	1680	2.9041699276146
20	4973781	1700	2.6798171681098
20	5109443	1720	2.7682052895422
20	5246826	1740	2.4572991455827
20	5386955	1760	2.6751126838972
20	5528991	1780	3.0774321371105
20	5673311	1800	3.1604866977115
20	5819709	1820	2.8337295775872
20	5969700	1840	2.6328030540328
20	6122398	1860	2.7811708550408
20	6277324	1880	2.8729723893903
20	6435012	1900	2.3472888855248
20	6594175	1920	2.3307030886765
20	6757360	1940	2.1696521581926
20	6923379	1960	2.3046855469867
20	7091573	1980	2.1836196899841
20	7262145	2000	2.3137832074201
21	145483	240	4.9224036983363
21	171730	260	10.127438096911
21	198914	280	9.4824150062937
21	225975	300	8.4451927391031
21	253328	320	4.5607783424537
21	280619	340	6.7404392531956
21	308348	360	7.5098215125432
21	336561	380	4.0400064677872
21	365194	400	2.9515872771549
21	394045	420	5.2299972411057
21	423754	440	5.1056439231898
21	453913	460	7.5884399808358
21	484923	480	9.0504610883672
21	516540	500	7.0461235075252
21	548379	520	6.5560071931196
21	581347	540	8.0657770440134
21	614742	560	6.0458843286623
21	649372	580	6.3820476016758
21	684433	600	8.1078915383174
21	720827	620	9.7441922398918
21	758605	640	4.8547644036404
21	797867	660	6.8512831365146
21	837920	680	4.6624728020834
21	879003	700	9.8093308787024
21	921573	720	8.3632002178115
21	965167	740	6.0920973116534
21	1010411	760	7.7241716347278
21	1056414	780	9.30373648815
21	1103438	800	9.2312321448764
21	1151441	820	9.5600431548852
21	1200924	840	8.6032260935301
21	1251743	860	8.0155074743615
21	1303878	880	7.9515809255162
21	1356956	900	10.890814546862
21	1410999	920	10.18475180752
21	1466713	940	10.165682473172
21	1523736	960	9.6389853312245
21	1582629	980	10.954421269771
21	1642606	1000	8.1514627463589
21	1704311	1020	9.1071321032108
21	1767797	1040	16.12896553331
21	1831805	1060	12.283097201552
21	1898104	1080	11.437793007233
21	1966084	1100	7.8000319902196
21	2036069	1120	9.3970806739968
21	2107744	1140	9.3324287031113
21	2181567	1160	7.2859527691331
21	2257386	1180	6.6298129198967
21	2334673	1200	6.7855749089044
21	2413914	1220	6.4751759698274
21	2495266	1240	8.2082928680321
21	2578510	1260	9.9740549859209
21	2664035	1280	7.0307315022751
21	2752125	1300	8.2535222980016
21	2841754	1320	7.919469276268
21	2933876	1340	9.882231045683
21	3027894	1360	8.5953055666083
21	3123607	1380	8.8714892857532
21	3221543	1400	7.3362750469039
21	3322259	1420	7.7531102456249
21	3424423	1440	7.8211210799951
21	3529477	1460	8.5062536359096
21	3636974	1480	7.4006143700369
21	3746991	1500	7.7978210532167
21	3859303	1520	9.6097885057623
21	3974378	1540	7.7350200899278
21	4091182	1560	9.2976808558327
21	4210349	1580	8.4517712229425
21	4331701	1600	8.5262488435209
21	4454729	1620	8.5421346165325
21	4580822	1640	6.8680876944683
21	4709535	1660	8.7529147800387
21	4840397	1680	8.4342029684609
21	4973781	1700	7.1814200544962
21	5109443	1720	7.6629605250495
21	5246826	1740	6.0383190908814
21	5386955	1760	7.1562278715479
21	5528991	1780	9.4705885585205
21	5673311	1800	9.9886761664115
21	5819709	1820	8.0300233188926
21	5969700	1840	6.9316519213246
21	6122398	1860	7.7349113249285
21	6277324	1880	8.2539703501992
21	6435012	1900	5.509765112108
21	6594175	1920	5.4321768875663
21	6757360	1940	4.7073904875497
21	6923379	1960	5.3115754704892
21	7091573	1980	4.7681949504861
21	7262145	2000	5.3535927309394
22	145483	240	2779.2606782775
22	171730	260	2960.4278777127
22	198914	280	3379.4090154657
22	225975	300	3293.083949523
22	253328	320	3508.0286040565
22	280619	340	3550.6268296581
22	308348	360	3789.59893085
22	336561	380	3291.7725300627
22	365194	400	3389.140293095
22	394045	420	3359.6299203966
22	423754	440	3666.22083582
22	453913	460	3760.7106536712
22	484923	480	3627.0892448879
22	516540	500	3548.8457233671
22	548379	520	3586.2079804519
22	581347	540	3828.9597448297
22	614742	560	3954.6749227933
22	649372	580	3912.5717124198
22	684433	600	4102.8284792318
22	720827	620	4069.4072457709
22	758605	640	3996.9943881815
22	797867	660	4227.7197385202
22	837920	680	3827.3743640083
22	879003	700	4465.0692673792
22	921573	720	4419.4646571174
22	965167	740	4512.8135269366
22	1010411	760	4646.0206669589
22	1056414	780	4605.9461215435
22	1103438	800	4182.6940758834
22	1151441	820	4238.3013708707
22	1200924	840	4513.2203710744
22	1251743	860	4520.9214717288
22	1303878	880	4425.6392801573
22	1356956	900	4429.8117674244
22	1410999	920	4658.2860325072
22	1466713	940	4845.6136718893
22	1523736	960	4381.2270304039
22	1582629	980	4738.9658222125
22	1642606	1000	5017.5784949736
22	1704311	1020	4975.5625244409
22	1767797	1040	5299.3792193076
22	1831805	1060	5210.5684798136
22	1898104	1080	4977.9523830609
22	1966084	1100	5313.2388839771
22	2036069	1120	4925.6228047289
22	2107744	1140	5123.4114896468
22	2181567	1160	5246.39849323
22	2257386	1180	5384.2761751631
22	2334673	1200	5438.4626783302
22	2413914	1220	5565.8678547665
22	2495266	1240	5659.8384263626
22	2578510	1260	5656.3819654089
22	2664035	1280	5435.4013840753
22	2752125	1300	5295.1316865638
22	2841754	1320	5840.1390118649
22	2933876	1340	5476.4878080192
22	3027894	1360	5559.2927346457
22	3123607	1380	5571.0316879963
22	3221543	1400	5845.9300075536
22	3322259	1420	5783.4721270014
22	3424423	1440	5667.3176739184
22	3529477	1460	5748.4522222447
22	3636974	1480	6299.2378069632
22	3746991	1500	6196.0119340512
22	3859303	1520	6058.2219325185
22	3974378	1540	6146.1079817443
22	4091182	1560	6381.1493676845
22	4210349	1580	6151.9542203652
22	4331701	1600	6153.4482965143
22	4454729	1620	6389.4421860023
22	4580822	1640	6427.0028033467
22	4709535	1660	6977.6618033367
22	4840397	1680	6290.1677700743
22	4973781	1700	6886.2916352005
22	5109443	1720	6881.9764604263
22	5246826	1740	6616.7099476942
22	5386955	1760	6201.1444597847
22	5528991	1780	6612.6927787556
22	5673311	1800	6703.0724045048
22	5819709	1820	7065.5925833866
22	5969700	1840	6425.8201745157
22	6122398	1860	6845.5304573272
22	6277324	1880	6888.8292756636
22	6435012	1900	6881.9834607716
22	6594175	1920	6743.065269355
22	6757360	1940	6928.8530075046
22	6923379	1960	7146.034043804
22	7091573	1980	6780.6592807078
22	7262145	2000	7011.5999661294
23	145483	240	44.826785133508
23	171730	260	44.854967844131
23	198914	280	45.058786872876
23	225975	300	45.110739034562
23	253328	320	44.974725693032
23	280619	340	44.944643413393
23	308348	360	45.114272986309
23	336561	380	45.09277438442
23	365194	400	45.188537241267
23	394045	420	45.400404329683
23	423754	440	45.261985627407
23	453913	460	45.309766911701
23	484923	480	45.338615561099
23	516540	500	45.49802209445
23	548379	520	45.39503772724
23	581347	540	45.582854105115
23	614742	560	45.456033595326
23	649372	580	45.495019911858
23	684433	600	45.586983102576
23	720827	620	45.723676918775
23	758605	640	45.42039077479
23	797867	660	45.459352027099
23	837920	680	45.563980523909
23	879003	700	45.561931299788
23	921573	720	45.561491310488
23	965167	740	45.583975019561
23	1010411	760	45.549222225088
23	1056414	780	45.603426945975
23	1103438	800	45.46406604221
23	1151441	820	45.573133020115
23	1200924	840	45.588084556307
23	1251743	860	45.665873451806
23	1303878	880	45.625147218117
23	1356956	900	45.668162550767
23	1410999	920	45.669470906933
23	1466713	940	45.713336527258
23	1523736	960	45.637781566707
23	1582629	980	45.566979059736
23	1642606	1000	45.614349954306
23	1704311	1020	45.647362609549
23	1767797	1040	45.68430361472
23	1831805	1060	45.706741050996
23	1898104	1080	45.66928791799
23	1966084	1100	45.803783482561
23	2036069	1120	45.607618562304
23	2107744	1140	45.744745443275
23	2181567	1160	45.620856462869
23	2257386	1180	45.629459111551
23	2334673	1200	45.701367044791
23	2413914	1220	45.62186766202
23	2495266	1240	45.643858277118
23	2578510	1260	45.615983592007
23	2664035	1280	45.675641882986
23	2752125	1300	45.647686953137
23	2841754	1320	45.626086030195
23	2933876	1340	45.63739840016
23	3027894	1360	45.567973234801
23	3123607	1380	45.664194163904
23	3221543	1400	45.671328184013
23	3322259	1420	45.53915060631
23	3424423	1440	45.704174789664
23	3529477	1460	45.622636684482
23	3636974	1480	45.646650775096
23	3746991	1500	45.558911279788
23	3859303	1520	45.550540846004
23	3974378	1540	45.526725790698
23	4091182	1560	45.579638340603
23	4210349	1580	45.570031261965
23	4331701	1600	45.581098492698
23	4454729	1620	45.638872757159
23	4580822	1640	45.581580165579
23	4709535	1660	45.605632701547
23	4840397	1680	45.580925870104
23	4973781	1700	45.604580365566
23	5109443	1720	45.576003049181
23	5246826	1740	45.632482397891
23	5386955	1760	45.596650439593
23	5528991	1780	45.604777784521
23	5673311	1800	45.599132003434
23	5819709	1820	45.584468279914
23	5969700	1840	45.573192727062
23	6122398	1860	45.636869715514
23	6277324	1880	45.621385931547
23	6435012	1900	45.576049409084
23	6594175	1920	45.561251819966
23	6757360	1940	45.584559259898
23	6923379	1960	45.516140406395
23	7091573	1980	45.507780407435
23	7262145	2000	45.529869909931
24	145483	240	0.35969681935159
24	171730	260	0.43909257612551
24	198914	280	0.84800188955343
24	225975	300	1.0189690288192
24	253328	320	0.63294264104406
24	280619	340	0.54913933819206
24	308348	360	1.09613514002
24	336561	380	0.93080896638629
24	365194	400	1.1143473010706
24	394045	420	1.545798533136
24	423754	440	1.2804477740981
24	453913	460	1.2790672826148
24	484923	480	1.3516187487742
24	516540	500	1.5440177262441
24	548379	520	1.2701128407213
24	581347	540	1.4795269461886
24	614742	560	1.3603189482011
24	649372	580	1.2765969922885
24	684433	600	1.3269166790221
24	720827	620	1.4249795930439
24	758605	640	1.1466803815596
24	797867	660	1.1682788850598
24	837920	680	1.2239354174103
24	879003	700	1.3270211867153
24	921573	720	1.158489592049
24	965167	740	1.2119457254714
24	1010411	760	1.1764752386069
24	1056414	780	1.1716857032091
24	1103438	800	1.1192507761778
24	1151441	820	1.2032932852377
24	1200924	840	1.1755625401421
24	1251743	860	1.2475740858404
24	1303878	880	1.1573090585511
24	1356956	900	1.2376597220422
24	1410999	920	1.2234568197601
24	1466713	940	1.2074795225145
24	1523736	960	1.2276342468052
24	1582629	980	1.1639228547685
24	1642606	1000	1.1915385073077
24	1704311	1020	1.125750021619
24	1767797	1040	1.169726805892
24	1831805	1060	1.1899224941728
24	1898104	1080	1.1635454488767
24	1966084	1100	1.1565651175897
24	2036069	1120	1.0404747196067
24	2107744	1140	1.1143458496393
24	2181567	1160	1.0863490323168
24	2257386	1180	1.0384318363123
24	2334673	1200	1.0882202383339
24	2413914	1220	1.0662824781653
24	2495266	1240	1.0145288816716
24	2578510	1260	1.0731923196584
24	2664035	1280	0.97528741661325
24	2752125	1300	0.99923575169672
24	2841754	1320	0.99463915758155
24	2933876	1340	0.96525680528674
24	3027894	1360	0.92886352493173
24	3123607	1380	0.96885631056129
24	3221543	1400	0.93760259780149
24	3322259	1420	0.95343591457722
24	3424423	1440	0.97560570468016
24	3529477	1460	0.95952452305501
24	3636974	1480	0.95232548215764
24	3746991	1500	0.85276945147613
24	3859303	1520	0.89825986478475
24	3974378	1540	0.88615827321102
24	4091182	1560	0.92820444582607
24	4210349	1580	0.89135082096077
24	4331701	1600	0.86000591296763
24	4454729	1620	0.94189592666024
24	4580822	1640	0.87889219961224
24	4709535	1660	0.88861179013422
24	4840397	1680	0.86411793752194
24	4973781	1700	0.82799429431416
24	5109443	1720	0.85476473714106
24	5246826	1740	0.89599242350979
24	5386955	1760	0.8425661182162
24	5528991	1780	0.87043631065818
24	5673311	1800	0.87762802187499
24	5819709	1820	0.8990864972868
24	5969700	1840	0.84238505284728
24	6122398	1860	0.87254788364686
24	6277324	1880	0.80859069546971
24	6435012	1900	0.88248202419205
24	6594175	1920	0.87683536436172
24	6757360	1940	0.84878497748743
24	6923379	1960	0.83969710627626
24	7091573	1980	0.79914231270652
24	7262145	2000	0.83322559151027
25	145483	240	0.12938180185165
25	171730	260	0.19280229040854
25	198914	280	0.71910720468618
25	225975	300	1.0382978816927
25	253328	320	0.40061638685183
25	280619	340	0.30155401275002
25	308348	360	1.2015122451866
25	336561	380	0.86640533190511
25	365194	400	1.2417699074034
25	394045	420	2.3894931050454
25	423754	440	1.6395465021928
25	453913	460	1.6360131134556
25	484923	480	1.826873242038
25	516540	500	2.383990738956
25	548379	520	1.613186628165
25	581347	540	2.1889999844982
25	614742	560	1.8504676408351
25	649372	580	1.62969988072
25	684433	600	1.7607078730672
25	720827	620	2.0305668405915
25	758605	640	1.3148758974536
25	797867	660	1.3648755532765
25	837920	680	1.4980179059914
25	879003	700	1.7609852299914
25	921573	720	1.3420981348859
25	965167	740	1.4688124414884
25	1010411	760	1.3840939870553
25	1056414	780	1.3728473871047
25	1103438	800	1.2527222999747
25	1151441	820	1.4479147302982
25	1200924	840	1.3819472857853
25	1251743	860	1.5564410996605
25	1303878	880	1.3393642570045
25	1356956	900	1.5318015875655
25	1410999	920	1.4968465898175
25	1466713	940	1.4580067972919
25	1523736	960	1.507085843929
25	1582629	980	1.3547164118524
25	1642606	1000	1.4197640143971
25	1704311	1020	1.2673131111751
25	1767797	1040	1.3682608004222
25	1831805	1060	1.4159155421384
25	1898104	1080	1.3538380116016
25	1966084	1100	1.3376428712253
25	2036069	1120	1.0825876421407
25	2107744	1140	1.2417666726084
25	2181567	1160	1.1801542200157
25	2257386	1180	1.078340678667
25	2334673	1200	1.1842232871194
25	2413914	1220	1.1369583232423
25	2495266	1240	1.0292688517459
25	2578510	1260	1.1517417549737
25	2664035	1280	0.95118554500414
25	2752125	1300	0.99847208746891
25	2841754	1320	0.98930705379454
25	2933876	1340	0.93172070015236
25	3027894	1360	0.86278744794861
25	3123607	1380	0.93868255051443
25	3221543	1400	0.87909863140411
25	3322259	1420	0.90904004320569
25	3424423	1440	0.95180649100448
25	3529477	1460	0.92068731034395
25	3636974	1480	0.90692382396679
25	3746991	1500	0.72721573737089
25	3859303	1520	0.80687078468311
25	3974378	1540	0.78527648518033
25	4091182	1560	0.86156349325128
25	4210349	1580	0.79450628602743
25	4331701	1600	0.73961017033929
25	4454729	1620	0.88716793665915
25	4580822	1640	0.77245149853924
25	4709535	1660	0.78963091356555
25	4840397	1680	0.74669980994717
25	4973781	1700	0.6855745514168
25	5109443	1720	0.73062275585983
25	5246826	1740	0.80280242298695
25	5386955	1760	0.70991766356591
25	5528991	1780	0.75765937091222
25	5673311	1800	0.77023094478021
25	5819709	1820	0.80835652960345
25	5969700	1840	0.70961257726052
25	6122398	1860	0.76133980925661
25	6277324	1880	0.65381891280018
25	6435012	1900	0.7787745230221
25	6594175	1920	0.76884025619535
25	6757360	1940	0.72043593800833
25	6923379	1960	0.70509123028872
25	7091573	1980	0.63862843595793
25	7262145	2000	0.69426488634764
