version 2
run statisticRVV-188-20150327-13:50:12-12044
attr c 7
attr configname statisticRVV
attr datetime 20150327-13:50:12
attr experiment statisticRVV
attr inifile omnetpp.ini
attr iterationvars "$sc=\"erlangen-medium.launchd.xml\", $p=1/8, $c=7"
attr iterationvars2 "$sc=\"erlangen-medium.launchd.xml\", $p=1/8, $c=7, $repetition=8"
attr measurement "$sc=\"erlangen-medium.launchd.xml\", $p=1/8, $c=7"
attr network RSUExampleScenario
attr p 1/8
attr processid 12044
attr repetition 8
attr replication #8
attr resultdir results
attr runnumber 188
attr sc "\"erlangen-medium.launchd.xml\""
attr seedset 188

vector 0  RSUExampleScenario.rsu[0].appl  Number_CH  ETV
vector 1  RSUExampleScenario.rsu[0].appl  Number_ON  ETV
vector 2  RSUExampleScenario.rsu[0].appl  Number_FN  ETV
vector 3  RSUExampleScenario.rsu[0].appl  Number_CH_Losts  ETV
vector 4  RSUExampleScenario.rsu[0].appl  Number_CH_Losts  ETV
vector 5  RSUExampleScenario.rsu[0].appl  Mean_Cluster_Size  ETV
vector 6  RSUExampleScenario.rsu[0].appl  StdDev_Cluster_Size  ETV
vector 7  RSUExampleScenario.rsu[0].appl  Variance_Cluster_Size  ETV
vector 8  RSUExampleScenario.rsu[0].appl  Mean_Neighbors  ETV
vector 9  RSUExampleScenario.rsu[0].appl  StdDev_Neighbors  ETV
vector 10  RSUExampleScenario.rsu[0].appl  Variance_Neighbors  ETV
vector 11  RSUExampleScenario.rsu[0].appl  Total_CH_Utility  ETV
vector 12  RSUExampleScenario.rsu[0].appl  Mean_CH_Utility  ETV
vector 13  RSUExampleScenario.rsu[0].appl  StdDev_CH_Utility  ETV
vector 14  RSUExampleScenario.rsu[0].appl  Variance_CH_Utility  ETV
vector 15  RSUExampleScenario.rsu[0].appl  Total_exp_CH_Utility  ETV
vector 16  RSUExampleScenario.rsu[0].appl  Mean_exp_CH_Utility  ETV
vector 17  RSUExampleScenario.rsu[0].appl  StdDev_exp_CH_Utility  ETV
vector 18  RSUExampleScenario.rsu[0].appl  Variance_exp_CH_Utility  ETV
vector 19  RSUExampleScenario.rsu[0].appl  Total_ON_Utility  ETV
vector 20  RSUExampleScenario.rsu[0].appl  Mean_ON_Utility  ETV
vector 21  RSUExampleScenario.rsu[0].appl  StdDev_ON_Utility  ETV
vector 22  RSUExampleScenario.rsu[0].appl  Variance_ON_Utility  ETV
vector 23  RSUExampleScenario.rsu[0].appl  Total_exp_ON_Utility  ETV
vector 24  RSUExampleScenario.rsu[0].appl  Mean_exp_ON_Utility  ETV
vector 25  RSUExampleScenario.rsu[0].appl  StdDev_exp_ON_Utility  ETV
vector 26  RSUExampleScenario.rsu[0].appl  Variance_exp_ON_Utility  ETV
0	146707	240	10
0	172677	260	9
0	199851	280	9
0	226944	300	10
0	254334	320	11
0	281411	340	6
0	308378	360	9
0	335661	380	12
0	363093	400	7
0	391068	420	14
0	419552	440	8
0	448333	460	9
0	477655	480	13
0	507489	500	13
0	537948	520	15
0	569009	540	13
0	600829	560	20
0	633624	580	12
0	667297	600	13
0	701557	620	12
0	736688	640	9
0	773171	660	8
0	810956	680	12
0	849553	700	14
0	889577	720	12
0	930349	740	10
0	972575	760	11
0	1015879	780	15
0	1060420	800	17
0	1106151	820	12
0	1152888	840	17
0	1200690	860	16
0	1249841	880	14
0	1300364	900	12
0	1352141	920	12
0	1405450	940	15
0	1459899	960	15
0	1515509	980	18
0	1572576	1000	13
0	1630538	1020	19
0	1691018	1040	15
0	1751879	1060	25
0	1814673	1080	18
0	1878708	1100	18
0	1944970	1120	18
0	2012947	1140	19
0	2083153	1160	19
0	2155171	1180	15
0	2228149	1200	17
0	2303301	1220	15
0	2380013	1240	12
0	2459521	1260	16
0	2541086	1280	12
0	2624262	1300	23
0	2709863	1320	22
0	2796867	1340	14
0	2886411	1360	23
0	2978359	1380	20
0	3071673	1400	22
0	3166914	1420	17
0	3263769	1440	22
0	3363644	1460	21
0	3466053	1480	27
0	3571053	1500	24
0	3677996	1520	21
0	3787092	1540	23
0	3898623	1560	20
0	4012368	1580	21
0	4128466	1600	29
0	4246353	1620	23
0	4366903	1640	14
0	4489823	1660	17
0	4614554	1680	22
0	4741766	1700	25
0	4871487	1720	18
0	5003669	1740	26
0	5138577	1760	27
0	5275706	1780	15
0	5415219	1800	21
0	5556856	1820	25
0	5700925	1840	22
0	5847962	1860	19
0	5997698	1880	17
0	6150031	1900	25
0	6305311	1920	22
0	6462747	1940	18
0	6622779	1960	19
0	6785624	1980	26
0	6950832	2000	29
1	146707	240	51
1	172677	260	39
1	199851	280	41
1	226944	300	48
1	254334	320	50
1	281411	340	37
1	308378	360	59
1	335661	380	59
1	363093	400	40
1	391068	420	73
1	419552	440	48
1	448333	460	46
1	477655	480	64
1	507489	500	65
1	537948	520	66
1	569009	540	68
1	600829	560	77
1	633624	580	65
1	667297	600	76
1	701557	620	68
1	736688	640	58
1	773171	660	53
1	810956	680	55
1	849553	700	68
1	889577	720	75
1	930349	740	52
1	972575	760	68
1	1015879	780	63
1	1060420	800	82
1	1106151	820	66
1	1152888	840	79
1	1200690	860	90
1	1249841	880	76
1	1300364	900	73
1	1352141	920	63
1	1405450	940	78
1	1459899	960	85
1	1515509	980	96
1	1572576	1000	75
1	1630538	1020	95
1	1691018	1040	69
1	1751879	1060	103
1	1814673	1080	89
1	1878708	1100	93
1	1944970	1120	93
1	2012947	1140	101
1	2083153	1160	97
1	2155171	1180	70
1	2228149	1200	83
1	2303301	1220	91
1	2380013	1240	71
1	2459521	1260	96
1	2541086	1280	63
1	2624262	1300	85
1	2709863	1320	93
1	2796867	1340	88
1	2886411	1360	102
1	2978359	1380	106
1	3071673	1400	106
1	3166914	1420	98
1	3263769	1440	115
1	3363644	1460	114
1	3466053	1480	114
1	3571053	1500	109
1	3677996	1520	96
1	3787092	1540	119
1	3898623	1560	93
1	4012368	1580	101
1	4128466	1600	121
1	4246353	1620	115
1	4366903	1640	81
1	4489823	1660	85
1	4614554	1680	99
1	4741766	1700	104
1	4871487	1720	105
1	5003669	1740	114
1	5138577	1760	119
1	5275706	1780	85
1	5415219	1800	118
1	5556856	1820	131
1	5700925	1840	115
1	5847962	1860	115
1	5997698	1880	85
1	6150031	1900	117
1	6305311	1920	105
1	6462747	1940	96
1	6622779	1960	99
1	6785624	1980	127
1	6950832	2000	131
2	146707	240	17
2	172677	260	38
2	199851	280	43
2	226944	300	37
2	254334	320	33
2	281411	340	51
2	308378	360	24
2	335661	380	25
2	363093	400	49
2	391068	420	10
2	419552	440	40
2	448333	460	43
2	477655	480	22
2	507489	500	21
2	537948	520	19
2	569009	540	23
2	600829	560	6
2	633624	580	28
2	667297	600	19
2	701557	620	28
2	736688	640	42
2	773171	660	50
2	810956	680	44
2	849553	700	30
2	889577	720	28
2	930349	740	53
2	972575	760	38
2	1015879	780	39
2	1060420	800	19
2	1106151	820	41
2	1152888	840	26
2	1200690	860	18
2	1249841	880	34
2	1300364	900	40
2	1352141	920	52
2	1405450	940	37
2	1459899	960	30
2	1515509	980	16
2	1572576	1000	42
2	1630538	1020	19
2	1691018	1040	51
2	1751879	1060	9
2	1814673	1080	31
2	1878708	1100	30
2	1944970	1120	29
2	2012947	1140	23
2	2083153	1160	28
2	2155171	1180	60
2	2228149	1200	43
2	2303301	1220	41
2	2380013	1240	62
2	2459521	1260	37
2	2541086	1280	74
2	2624262	1300	42
2	2709863	1320	37
2	2796867	1340	51
2	2886411	1360	28
2	2978359	1380	31
2	3071673	1400	29
2	3166914	1420	44
2	3263769	1440	24
2	3363644	1460	25
2	3466053	1480	19
2	3571053	1500	30
2	3677996	1520	48
2	3787092	1540	24
2	3898623	1560	53
2	4012368	1580	45
2	4128466	1600	18
2	4246353	1620	31
2	4366903	1640	77
2	4489823	1660	72
2	4614554	1680	54
2	4741766	1700	47
2	4871487	1720	53
2	5003669	1740	37
2	5138577	1760	35
2	5275706	1780	80
2	5415219	1800	44
2	5556856	1820	26
2	5700925	1840	49
2	5847962	1860	50
2	5997698	1880	86
2	6150031	1900	47
2	6305311	1920	62
2	6462747	1940	77
2	6622779	1960	72
2	6785624	1980	40
2	6950832	2000	34
3	146707	240	0
3	172677	260	0
3	199851	280	0
3	226944	300	2
3	254334	320	0
3	281411	340	1
3	308378	360	0
3	335661	380	0
3	363093	400	2
3	391068	420	1
3	419552	440	0
3	448333	460	0
3	477655	480	0
3	507489	500	1
3	537948	520	1
3	569009	540	0
3	600829	560	0
3	633624	580	0
3	667297	600	2
3	701557	620	0
3	736688	640	0
3	773171	660	0
3	810956	680	1
3	849553	700	0
3	889577	720	0
3	930349	740	0
3	972575	760	0
3	1015879	780	0
3	1060420	800	0
3	1106151	820	0
3	1152888	840	0
3	1200690	860	0
3	1249841	880	0
3	1300364	900	0
3	1352141	920	0
3	1405450	940	0
3	1459899	960	0
3	1515509	980	1
3	1572576	1000	0
3	1630538	1020	0
3	1691018	1040	1
3	1751879	1060	2
3	1814673	1080	0
3	1878708	1100	0
3	1944970	1120	2
3	2012947	1140	1
3	2083153	1160	0
3	2155171	1180	1
3	2228149	1200	0
3	2303301	1220	1
3	2380013	1240	0
3	2459521	1260	1
3	2541086	1280	0
3	2624262	1300	2
3	2709863	1320	0
3	2796867	1340	0
3	2886411	1360	0
3	2978359	1380	1
3	3071673	1400	1
3	3166914	1420	0
3	3263769	1440	1
3	3363644	1460	1
3	3466053	1480	1
3	3571053	1500	0
3	3677996	1520	1
3	3787092	1540	1
3	3898623	1560	1
3	4012368	1580	0
3	4128466	1600	0
3	4246353	1620	0
3	4366903	1640	0
3	4489823	1660	0
3	4614554	1680	1
3	4741766	1700	2
3	4871487	1720	0
3	5003669	1740	1
3	5138577	1760	1
3	5275706	1780	0
3	5415219	1800	0
3	5556856	1820	0
3	5700925	1840	1
3	5847962	1860	0
3	5997698	1880	0
3	6150031	1900	1
3	6305311	1920	1
3	6462747	1940	0
3	6622779	1960	0
3	6785624	1980	1
3	6950832	2000	0
4	146707	240	17
4	172677	260	38
4	199851	280	43
4	226944	300	35
4	254334	320	32
4	281411	340	50
4	308378	360	24
4	335661	380	24
4	363093	400	47
4	391068	420	9
4	419552	440	39
4	448333	460	42
4	477655	480	22
4	507489	500	20
4	537948	520	18
4	569009	540	23
4	600829	560	6
4	633624	580	28
4	667297	600	17
4	701557	620	28
4	736688	640	42
4	773171	660	49
4	810956	680	43
4	849553	700	30
4	889577	720	28
4	930349	740	53
4	972575	760	38
4	1015879	780	39
4	1060420	800	19
4	1106151	820	41
4	1152888	840	26
4	1200690	860	18
4	1249841	880	34
4	1300364	900	40
4	1352141	920	52
4	1405450	940	37
4	1459899	960	29
4	1515509	980	15
4	1572576	1000	42
4	1630538	1020	19
4	1691018	1040	50
4	1751879	1060	7
4	1814673	1080	31
4	1878708	1100	30
4	1944970	1120	27
4	2012947	1140	22
4	2083153	1160	28
4	2155171	1180	59
4	2228149	1200	43
4	2303301	1220	40
4	2380013	1240	61
4	2459521	1260	36
4	2541086	1280	73
4	2624262	1300	40
4	2709863	1320	37
4	2796867	1340	51
4	2886411	1360	28
4	2978359	1380	30
4	3071673	1400	27
4	3166914	1420	44
4	3263769	1440	22
4	3363644	1460	24
4	3466053	1480	18
4	3571053	1500	30
4	3677996	1520	47
4	3787092	1540	23
4	3898623	1560	52
4	4012368	1580	45
4	4128466	1600	18
4	4246353	1620	31
4	4366903	1640	76
4	4489823	1660	72
4	4614554	1680	53
4	4741766	1700	44
4	4871487	1720	53
4	5003669	1740	36
4	5138577	1760	34
4	5275706	1780	80
4	5415219	1800	42
4	5556856	1820	26
4	5700925	1840	47
4	5847962	1860	50
4	5997698	1880	86
4	6150031	1900	46
4	6305311	1920	60
4	6462747	1940	77
4	6622779	1960	72
4	6785624	1980	39
4	6950832	2000	34
5	146707	240	5.1
5	172677	260	4.3333333333333
5	199851	280	4.5555555555556
5	226944	300	4.8
5	254334	320	4.5454545454545
5	281411	340	6.1666666666667
5	308378	360	6.5555555555556
5	335661	380	4.9166666666667
5	363093	400	5.7142857142857
5	391068	420	5.2142857142857
5	419552	440	6
5	448333	460	5.1111111111111
5	477655	480	4.9230769230769
5	507489	500	5
5	537948	520	4.4
5	569009	540	5.2307692307692
5	600829	560	3.85
5	633624	580	5.4166666666667
5	667297	600	5.8461538461538
5	701557	620	5.6666666666667
5	736688	640	6.4444444444444
5	773171	660	6.625
5	810956	680	4.5833333333333
5	849553	700	4.8571428571429
5	889577	720	6.25
5	930349	740	5.2
5	972575	760	6.1818181818182
5	1015879	780	4.2
5	1060420	800	4.8235294117647
5	1106151	820	5.5
5	1152888	840	4.6470588235294
5	1200690	860	5.625
5	1249841	880	5.4285714285714
5	1300364	900	6.0833333333333
5	1352141	920	5.25
5	1405450	940	5.2
5	1459899	960	5.6666666666667
5	1515509	980	5.3333333333333
5	1572576	1000	5.7692307692308
5	1630538	1020	5
5	1691018	1040	4.6
5	1751879	1060	4.12
5	1814673	1080	4.9444444444444
5	1878708	1100	5.1666666666667
5	1944970	1120	5.1666666666667
5	2012947	1140	5.3157894736842
5	2083153	1160	5.1052631578947
5	2155171	1180	4.6666666666667
5	2228149	1200	4.8823529411765
5	2303301	1220	6.0666666666667
5	2380013	1240	5.9166666666667
5	2459521	1260	6
5	2541086	1280	5.25
5	2624262	1300	3.695652173913
5	2709863	1320	4.2272727272727
5	2796867	1340	6.2857142857143
5	2886411	1360	4.4347826086957
5	2978359	1380	5.3
5	3071673	1400	4.8181818181818
5	3166914	1420	5.7647058823529
5	3263769	1440	5.2272727272727
5	3363644	1460	5.4285714285714
5	3466053	1480	4.2222222222222
5	3571053	1500	4.5416666666667
5	3677996	1520	4.5714285714286
5	3787092	1540	5.1739130434783
5	3898623	1560	4.65
5	4012368	1580	4.8095238095238
5	4128466	1600	4.1724137931034
5	4246353	1620	5
5	4366903	1640	5.7857142857143
5	4489823	1660	5
5	4614554	1680	4.5
5	4741766	1700	4.16
5	4871487	1720	5.8333333333333
5	5003669	1740	4.3846153846154
5	5138577	1760	4.4074074074074
5	5275706	1780	5.6666666666667
5	5415219	1800	5.6190476190476
5	5556856	1820	5.24
5	5700925	1840	5.2272727272727
5	5847962	1860	6.0526315789474
5	5997698	1880	5
5	6150031	1900	4.68
5	6305311	1920	4.7727272727273
5	6462747	1940	5.3333333333333
5	6622779	1960	5.2105263157895
5	6785624	1980	4.8846153846154
5	6950832	2000	4.5172413793103
6	146707	240	1.5951314818674
6	172677	260	2.5980762113533
6	199851	280	2.5055493963955
6	226944	300	2.4855135843076
6	254334	320	1.6348477827392
6	281411	340	0.75277265270908
6	308378	360	0.52704627669473
6	335661	380	1.5050420310249
6	363093	400	1.9760470401187
6	391068	420	1.888368095985
6	419552	440	1.0690449676497
6	448333	460	1.4529663145136
6	477655	480	1.8466879569262
6	507489	500	1.9148542155127
6	537948	520	1.9928443419968
6	569009	540	1.4806443503785
6	600829	560	1.6630662866176
6	633624	580	1.6764862244009
6	667297	600	1.5730095277394
6	701557	620	1.0730867399773
6	736688	640	0.52704627669473
6	773171	660	0.74402380914284
6	810956	680	1.3789543689024
6	849553	700	1.5118578920369
6	889577	720	0.75377836144441
6	930349	740	1.6193277068655
6	972575	760	1.0787197799412
6	1015879	780	1.9712215212183
6	1060420	800	2.186186580488
6	1106151	820	1.5666989036013
6	1152888	840	1.9666334327534
6	1200690	860	1.3601470508735
6	1249841	880	1.5548576840285
6	1300364	900	0.79296146109876
6	1352141	920	1.2880570286641
6	1405450	940	0.94112394811432
6	1459899	960	1.175139302786
6	1515509	980	1.5339299776947
6	1572576	1000	1.1657505560686
6	1630538	1020	1.6666666666667
6	1691018	1040	2.0632844828435
6	1751879	1060	1.7869900204907
6	1814673	1080	1.7977836754712
6	1878708	1100	1.9478494929175
6	1944970	1120	2.1488711126597
6	2012947	1140	1.5653409844698
6	2083153	1160	1.5949481650269
6	2155171	1180	1.6329931618555
6	2228149	1200	1.9000773978044
6	2303301	1220	0.88371510168854
6	2380013	1240	1.4433756729741
6	2459521	1260	0.89442719099992
6	2541086	1280	1.3568010505999
6	2624262	1300	1.5206094056091
6	2709863	1320	1.7709781580707
6	2796867	1340	0.72627303920256
6	2886411	1360	1.7535959666438
6	2978359	1380	1.380312702939
6	3071673	1400	1.6800329825664
6	3166914	1420	1.4374200745044
6	3263769	1440	2.0220644373374
6	3363644	1460	1.5023790657297
6	3466053	1480	1.9081471748861
6	3571053	1500	1.864523873637
6	3677996	1520	1.7768350675127
6	3787092	1540	1.8986160967936
6	3898623	1560	1.7851728502482
6	4012368	1580	1.8873009198071
6	4128466	1600	1.8335945477442
6	4246353	1620	1.5374122295716
6	4366903	1640	1.4769288003552
6	4489823	1660	1.620185174602
6	4614554	1680	2.0644381225662
6	4741766	1700	1.795364401266
6	4871487	1720	1.5048939771137
6	5003669	1740	2.2463645844239
6	5138577	1760	2.1350420507345
6	5275706	1780	1.2909944487358
6	5415219	1800	1.4309504001254
6	5556856	1820	1.690167644545
6	5700925	1840	1.6310037278232
6	5847962	1860	1.1290942392775
6	5997698	1880	1.802775637732
6	6150031	1900	1.5737428845484
6	6305311	1920	1.7438823186
6	6462747	1940	1.6087993330797
6	6622779	1960	1.5839103288458
6	6785624	1980	1.5317159809031
6	6950832	2000	2.2300014358607
7	146707	240	2.5444444444444
7	172677	260	6.75
7	199851	280	6.2777777777778
7	226944	300	6.1777777777778
7	254334	320	2.6727272727273
7	281411	340	0.56666666666667
7	308378	360	0.27777777777778
7	335661	380	2.2651515151515
7	363093	400	3.9047619047619
7	391068	420	3.5659340659341
7	419552	440	1.1428571428571
7	448333	460	2.1111111111111
7	477655	480	3.4102564102564
7	507489	500	3.6666666666667
7	537948	520	3.9714285714286
7	569009	540	2.1923076923077
7	600829	560	2.7657894736842
7	633624	580	2.8106060606061
7	667297	600	2.474358974359
7	701557	620	1.1515151515152
7	736688	640	0.27777777777778
7	773171	660	0.55357142857143
7	810956	680	1.9015151515152
7	849553	700	2.2857142857143
7	889577	720	0.56818181818182
7	930349	740	2.6222222222222
7	972575	760	1.1636363636364
7	1015879	780	3.8857142857143
7	1060420	800	4.7794117647059
7	1106151	820	2.4545454545455
7	1152888	840	3.8676470588235
7	1200690	860	1.85
7	1249841	880	2.4175824175824
7	1300364	900	0.62878787878788
7	1352141	920	1.6590909090909
7	1405450	940	0.88571428571429
7	1459899	960	1.3809523809524
7	1515509	980	2.3529411764706
7	1572576	1000	1.3589743589744
7	1630538	1020	2.7777777777778
7	1691018	1040	4.2571428571429
7	1751879	1060	3.1933333333333
7	1814673	1080	3.2320261437908
7	1878708	1100	3.7941176470588
7	1944970	1120	4.6176470588235
7	2012947	1140	2.4502923976608
7	2083153	1160	2.5438596491228
7	2155171	1180	2.6666666666667
7	2228149	1200	3.6102941176471
7	2303301	1220	0.78095238095238
7	2380013	1240	2.0833333333333
7	2459521	1260	0.8
7	2541086	1280	1.8409090909091
7	2624262	1300	2.3122529644269
7	2709863	1320	3.1363636363636
7	2796867	1340	0.52747252747253
7	2886411	1360	3.0750988142292
7	2978359	1380	1.9052631578947
7	3071673	1400	2.8225108225108
7	3166914	1420	2.0661764705882
7	3263769	1440	4.0887445887446
7	3363644	1460	2.2571428571429
7	3466053	1480	3.6410256410256
7	3571053	1500	3.4764492753623
7	3677996	1520	3.1571428571429
7	3787092	1540	3.604743083004
7	3898623	1560	3.1868421052632
7	4012368	1580	3.5619047619048
7	4128466	1600	3.3620689655172
7	4246353	1620	2.3636363636364
7	4366903	1640	2.1813186813187
7	4489823	1660	2.625
7	4614554	1680	4.2619047619048
7	4741766	1700	3.2233333333333
7	4871487	1720	2.2647058823529
7	5003669	1740	5.0461538461538
7	5138577	1760	4.5584045584046
7	5275706	1780	1.6666666666667
7	5415219	1800	2.047619047619
7	5556856	1820	2.8566666666667
7	5700925	1840	2.6601731601732
7	5847962	1860	1.2748538011696
7	5997698	1880	3.25
7	6150031	1900	2.4766666666667
7	6305311	1920	3.0411255411255
7	6462747	1940	2.5882352941176
7	6622779	1960	2.5087719298246
7	6785624	1980	2.3461538461538
7	6950832	2000	4.9729064039409
8	146707	240	22.74358974359
8	172677	260	22.476744186047
8	199851	280	22.193548387097
8	226944	300	22.189473684211
8	254334	320	22.569892473118
8	281411	340	22.159574468085
8	308378	360	22.228260869565
8	335661	380	22.042105263158
8	363093	400	22.03125
8	391068	420	21.835051546392
8	419552	440	22.663157894737
8	448333	460	22.494845360825
8	477655	480	22.212121212121
8	507489	500	22.161616161616
8	537948	520	22.64
8	569009	540	22.048076923077
8	600829	560	22.854368932039
8	633624	580	23.342857142857
8	667297	600	23.240740740741
8	701557	620	23.574074074074
8	736688	640	24.238532110092
8	773171	660	24.263636363636
8	810956	680	25.279279279279
8	849553	700	25.508928571429
8	889577	720	25.878260869565
8	930349	740	26.8
8	972575	760	27.222222222222
8	1015879	780	27.547008547009
8	1060420	800	28.220338983051
8	1106151	820	28.327731092437
8	1152888	840	28.868852459016
8	1200690	860	28.967741935484
8	1249841	880	29.33064516129
8	1300364	900	29.928
8	1352141	920	30.015748031496
8	1405450	940	30.707692307692
8	1459899	960	31.046511627907
8	1515509	980	31.676923076923
8	1572576	1000	31.784615384615
8	1630538	1020	32.195488721805
8	1691018	1040	32.622222222222
8	1751879	1060	33.131386861314
8	1814673	1080	33.594202898551
8	1878708	1100	33.602836879433
8	1944970	1120	34.271428571429
8	2012947	1140	35.062937062937
8	2083153	1160	35.930555555556
8	2155171	1180	36.489655172414
8	2228149	1200	37.181818181818
8	2303301	1220	37.801369863014
8	2380013	1240	39
8	2459521	1260	39.053691275168
8	2541086	1280	40.621621621622
8	2624262	1300	40.98
8	2709863	1320	41.289473684211
8	2796867	1340	41.588235294118
8	2886411	1360	43.169934640523
8	2978359	1380	43.464968152866
8	3071673	1400	44.833333333333
8	3166914	1420	44.924528301887
8	3263769	1440	45.30625
8	3363644	1460	46.05625
8	3466053	1480	47.375
8	3571053	1500	48.067484662577
8	3677996	1520	48.725609756098
8	3787092	1540	48.536144578313
8	3898623	1560	49.60843373494
8	4012368	1580	49.904191616766
8	4128466	1600	51.238095238095
8	4246353	1620	51.183431952663
8	4366903	1640	51.461988304094
8	4489823	1660	52.074712643678
8	4614554	1680	52.165714285714
8	4741766	1700	53.666666666667
8	4871487	1720	53.670454545455
8	5003669	1740	54.322033898305
8	5138577	1760	54.441988950276
8	5275706	1780	54.644444444444
8	5415219	1800	55.917127071823
8	5556856	1820	56.230769230769
8	5700925	1840	56.756756756757
8	5847962	1860	57.869565217391
8	5997698	1880	57.696808510638
8	6150031	1900	58.534391534392
8	6305311	1920	59.457446808511
8	6462747	1940	59.486910994764
8	6622779	1960	60.357894736842
8	6785624	1980	60.927461139896
8	6950832	2000	61.340206185567
9	146707	240	4.0785657570644
9	172677	260	4.1691492831936
9	199851	280	5.3349912687189
9	226944	300	4.6500851898902
9	254334	320	4.0950602518856
9	281411	340	4.0142305774337
9	308378	360	4.8359988476297
9	335661	380	4.7060752710605
9	363093	400	4.5455660871482
9	391068	420	5.284963758097
9	419552	440	4.5443688003894
9	448333	460	4.311137976558
9	477655	480	4.0939794703351
9	507489	500	3.8324795370863
9	537948	520	3.7214095298541
9	569009	540	4.178957476005
9	600829	560	3.5130227389693
9	633624	580	3.1829732454607
9	667297	600	3.8617955495774
9	701557	620	4.3216553243086
9	736688	640	3.185322480822
9	773171	660	3.9716363016302
9	810956	680	4.0026608676347
9	849553	700	4.2468759810543
9	889577	720	6.1646243551511
9	930349	740	5.7127128161057
9	972575	760	6.4675731086482
9	1015879	780	6.5580901952129
9	1060420	800	6.9995550447353
9	1106151	820	7.6381172181985
9	1152888	840	7.7138394676985
9	1200690	860	8.226405515486
9	1249841	880	8.8186072441585
9	1300364	900	8.9588449716359
9	1352141	920	9.8230246626642
9	1405450	940	10.03439523123
9	1459899	960	9.5072837744248
9	1515509	980	10.635041818919
9	1572576	1000	10.726323929694
9	1630538	1020	11.674537591658
9	1691018	1040	12.021042909699
9	1751879	1060	12.498716121271
9	1814673	1080	12.86348176928
9	1878708	1100	13.440811748777
9	1944970	1120	13.988095070448
9	2012947	1140	14.190959621353
9	2083153	1160	15.405317753095
9	2155171	1180	15.626329828467
9	2228149	1200	15.732641390486
9	2303301	1220	16.369702823336
9	2380013	1240	16.565192253807
9	2459521	1260	17.943901032256
9	2541086	1280	18.172418887886
9	2624262	1300	18.836801763334
9	2709863	1320	19.257279204762
9	2796867	1340	19.519399733195
9	2886411	1360	20.214895123748
9	2978359	1380	20.740313977305
9	3071673	1400	21.416855988452
9	3166914	1420	21.956385758299
9	3263769	1440	22.150712149774
9	3363644	1460	22.597725403151
9	3466053	1480	23.63393520093
9	3571053	1500	24.007747935156
9	3677996	1520	24.842405418717
9	3787092	1540	25.069029925573
9	3898623	1560	25.832742694257
9	4012368	1580	25.56240498446
9	4128466	1600	26.170843148066
9	4246353	1620	26.287027582136
9	4366903	1640	26.275744006254
9	4489823	1660	26.49528573354
9	4614554	1680	27.293445203333
9	4741766	1700	27.071161485987
9	4871487	1720	27.57896572842
9	5003669	1740	27.676360530304
9	5138577	1760	28.089800529727
9	5275706	1780	28.199532905958
9	5415219	1800	28.117190955997
9	5556856	1820	28.294652062123
9	5700925	1840	29.102148999356
9	5847962	1860	29.012233105283
9	5997698	1880	29.477238394104
9	6150031	1900	30.056951832882
9	6305311	1920	30.120849244697
9	6462747	1940	30.743909733002
9	6622779	1960	30.753987409378
9	6785624	1980	30.838539914228
9	6950832	2000	31.554012118688
10	146707	240	16.634698634699
10	172677	260	17.381805745554
10	199851	280	28.462131837307
10	226944	300	21.623292273236
10	254334	320	16.769518466573
10	281411	340	16.114047128803
10	308378	360	23.386884854276
10	335661	380	22.147144456887
10	363093	400	20.662171052632
10	391068	420	27.930841924399
10	419552	440	20.651287793953
10	448333	460	18.585910652921
10	477655	480	16.760667903525
10	507489	500	14.687899402185
10	537948	520	13.848888888889
10	569009	540	17.463685586258
10	600829	560	12.341328764516
10	633624	580	10.131318681319
10	667297	600	14.913464866736
10	701557	620	18.676704742125
10	736688	640	10.14627930683
10	773171	660	15.773894912427
10	810956	680	16.021294021294
10	849553	700	18.035955598456
10	889577	720	38.002593440122
10	930349	740	32.635087719298
10	972575	760	41.829501915709
10	1015879	780	43.008547008547
10	1060420	800	48.993770824279
10	1106151	820	58.34083463894
10	1152888	840	59.503319333424
10	1200690	860	67.673747705219
10	1249841	880	77.767833726724
10	1300364	900	80.260903225806
10	1352141	920	96.49181352331
10	1405450	940	100.68908765653
10	1459899	960	90.388444767442
10	1515509	980	113.10411449016
10	1572576	1000	115.05402504472
10	1630538	1020	136.29482797904
10	1691018	1040	144.50547263682
10	1751879	1060	156.21790468012
10	1814673	1080	165.4691632286
10	1878708	1100	180.65542046606
10	1944970	1120	195.6668036999
10	2012947	1140	201.38333497488
10	2083153	1160	237.32381507382
10	2155171	1180	244.18218390805
10	2228149	1200	247.51600512164
10	2303301	1220	267.96717052433
10	2380013	1240	274.40559440559
10	2459521	1260	321.9835842554
10	2541086	1280	330.23680823681
10	2624262	1300	354.82510067114
10	2709863	1320	370.84280237016
10	2796867	1340	381.00696594427
10	2886411	1360	408.64198486412
10	2978359	1380	430.16062387718
10	3071673	1400	458.68172043011
10	3166914	1420	482.08287556723
10	3263769	1440	490.65404874214
10	3363644	1460	510.65719339623
10	3466053	1480	558.56289308176
10	3571053	1500	576.37196091797
10	3677996	1520	617.14510698788
10	3787092	1540	628.45626140927
10	3898623	1560	667.3305951077
10	4012368	1580	653.43654858957
10	4128466	1600	684.9130310807
10	4246353	1620	691.00781910397
10	4366903	1640	690.41472308222
10	4489823	1660	702.00016610192
10	4614554	1680	744.93215106732
10	4741766	1700	732.84778420039
10	4871487	1720	760.59935064935
10	5003669	1740	765.98093220339
10	5138577	1760	789.03689379988
10	5275706	1780	795.21365611421
10	5415219	1800	790.57642725599
10	5556856	1820	800.58733531662
10	5700925	1840	846.93507638073
10	5847962	1860	841.70966975529
10	5997698	1880	868.90758334281
10	6150031	1900	903.42035348418
10	6305311	1920	907.26555922175
10	6462747	1940	945.18798567098
10	6622779	1960	945.80774157616
10	6785624	1980	951.01554404145
10	6950832	2000	995.65568078628
11	146707	240	471.47229863197
11	172677	260	429.35960510681
11	199851	280	426.74024944246
11	226944	300	476.77329750972
11	254334	320	530.83883625014
11	281411	340	280.15539452848
11	308378	360	423.12237519599
11	335661	380	561.38541725435
11	363093	400	337.96521626708
11	391068	420	658.35407294573
11	419552	440	376.55584447502
11	448333	460	431.79958031901
11	477655	480	619.70180593048
11	507489	500	617.35383668256
11	537948	520	712.60152938166
11	569009	540	611.40694844613
11	600829	560	942.75742535257
11	633624	580	568.28888911148
11	667297	600	614.74726478451
11	701557	620	567.55948488828
11	736688	640	425.96645146307
11	773171	660	373.46502800817
11	810956	680	583.14513874525
11	849553	700	661.02242296211
11	889577	720	572.1615596639
11	930349	740	469.71923486969
11	972575	760	528.00501354822
11	1015879	780	711.42220025637
11	1060420	800	812.99602844329
11	1106151	820	578.44169597926
11	1152888	840	820.24483471636
11	1200690	860	757.97283245434
11	1249841	880	666.1696523634
11	1300364	900	575.31743474058
11	1352141	920	573.05772889335
11	1405450	940	721.05962089776
11	1459899	960	713.87032949481
11	1515509	980	865.07583611631
11	1572576	1000	620.30160951704
11	1630538	1020	916.7111984502
11	1691018	1040	729.42012087498
11	1751879	1060	1212.8484095271
11	1814673	1080	862.1675117929
11	1878708	1100	860.82328867156
11	1944970	1120	876.06866923068
11	2012947	1140	908.5407510942
11	2083153	1160	921.01527911956
11	2155171	1180	720.9946791653
11	2228149	1200	815.24688764012
11	2303301	1220	721.70987249053
11	2380013	1240	571.20465502963
11	2459521	1260	777.39444896259
11	2541086	1280	584.31828506648
11	2624262	1300	1127.3925327007
11	2709863	1320	1094.2609464342
11	2796867	1340	679.51824415886
11	2886411	1360	1122.1332305814
11	2978359	1380	983.5273037482
11	3071673	1400	1074.8147714929
11	3166914	1420	830.72692017166
11	3263769	1440	1086.5663443242
11	3363644	1460	1017.7730065327
11	3466053	1480	1329.5856019933
11	3571053	1500	1169.8444483694
11	3677996	1520	1021.3303750538
11	3787092	1540	1127.571061662
11	3898623	1560	956.16475619684
11	4012368	1580	1033.2889168773
11	4128466	1600	1408.1346615255
11	4246353	1620	1103.7778283837
11	4366903	1640	682.32716382536
11	4489823	1660	837.68934394868
11	4614554	1680	1086.6606125524
11	4741766	1700	1217.0209335249
11	4871487	1720	889.36958986514
11	5003669	1740	1272.7187771377
11	5138577	1760	1326.1728369872
11	5275706	1780	725.65189929596
11	5415219	1800	1026.7303596891
11	5556856	1820	1218.4056564912
11	5700925	1840	1073.0834308263
11	5847962	1860	934.42808797664
11	5997698	1880	839.3751231867
11	6150031	1900	1218.7267204875
11	6305311	1920	1070.6748264813
11	6462747	1940	870.93051318819
11	6622779	1960	936.34908083294
11	6785624	1980	1276.5541852625
11	6950832	2000	1412.996196185
12	146707	240	47.147229863197
12	172677	260	47.706622789646
12	199851	280	47.415583271385
12	226944	300	47.677329750972
12	254334	320	48.25807602274
12	281411	340	46.692565754747
12	308378	360	47.013597243999
12	335661	380	46.782118104529
12	363093	400	48.280745181012
12	391068	420	47.025290924695
12	419552	440	47.069480559377
12	448333	460	47.977731146557
12	477655	480	47.66936968696
12	507489	500	47.488756667889
12	537948	520	47.506768625444
12	569009	540	47.031303726625
12	600829	560	47.137871267628
12	633624	580	47.357407425956
12	667297	600	47.28825113727
12	701557	620	47.29662374069
12	736688	640	47.329605718119
12	773171	660	46.683128501021
12	810956	680	48.595428228771
12	849553	700	47.215887354436
12	889577	720	47.680129971992
12	930349	740	46.971923486969
12	972575	760	48.000455777111
12	1015879	780	47.428146683758
12	1060420	800	47.823295790782
12	1106151	820	48.203474664938
12	1152888	840	48.249696159786
12	1200690	860	47.373302028396
12	1249841	880	47.583546597386
12	1300364	900	47.943119561715
12	1352141	920	47.754810741112
12	1405450	940	48.070641393184
12	1459899	960	47.591355299654
12	1515509	980	48.059768673128
12	1572576	1000	47.715508424388
12	1630538	1020	48.247957813168
12	1691018	1040	48.628008058332
12	1751879	1060	48.513936381085
12	1814673	1080	47.898195099606
12	1878708	1100	47.823516037309
12	1944970	1120	48.670481623927
12	2012947	1140	47.817934268116
12	2083153	1160	48.474488374713
12	2155171	1180	48.066311944353
12	2228149	1200	47.955699272948
12	2303301	1220	48.113991499369
12	2380013	1240	47.600387919136
12	2459521	1260	48.587153060162
12	2541086	1280	48.693190422207
12	2624262	1300	49.017066639161
12	2709863	1320	49.739133928827
12	2796867	1340	48.537017439919
12	2886411	1360	48.788401329625
12	2978359	1380	49.17636518741
12	3071673	1400	48.855216886042
12	3166914	1420	48.866289421863
12	3263769	1440	49.389379287462
12	3363644	1460	48.465381263463
12	3466053	1480	49.243911184939
12	3571053	1500	48.74351868206
12	3677996	1520	48.634779764465
12	3787092	1540	49.024828767915
12	3898623	1560	47.808237809842
12	4012368	1580	49.204234137014
12	4128466	1600	48.556367638809
12	4246353	1620	47.990340364509
12	4366903	1640	48.737654558954
12	4489823	1660	49.275843761687
12	4614554	1680	49.393664206926
12	4741766	1700	48.680837340994
12	4871487	1720	49.409421659175
12	5003669	1740	48.950722197604
12	5138577	1760	49.117512481008
12	5275706	1780	48.376793286397
12	5415219	1800	48.891921889956
12	5556856	1820	48.736226259647
12	5700925	1840	48.776519583012
12	5847962	1860	49.180425682981
12	5997698	1880	49.375007246276
12	6150031	1900	48.749068819501
12	6305311	1920	48.667037567331
12	6462747	1940	48.385028510455
12	6622779	1960	49.281530570155
12	6785624	1980	49.098237894711
12	6950832	2000	48.724006765002
13	146707	240	1.0018569319577
13	172677	260	1.3408276708529
13	199851	280	1.1785765793252
13	226944	300	1.5860637191524
13	254334	320	1.8873189774194
13	281411	340	0.80121060575991
13	308378	360	0.76302750811414
13	335661	380	1.6622411973908
13	363093	400	2.5746825166838
13	391068	420	1.4217369311878
13	419552	440	0.84972328945885
13	448333	460	1.2997376231905
13	477655	480	1.7854438832479
13	507489	500	1.6077614432568
13	537948	520	1.1849159693637
13	569009	540	1.068379928491
13	600829	560	2.0237411891404
13	633624	580	1.7240361607666
13	667297	600	2.5872101528205
13	701557	620	1.6891169730012
13	736688	640	2.2718401428699
13	773171	660	1.4848642209703
13	810956	680	2.1503182563465
13	849553	700	1.7611444280939
13	889577	720	1.6462286736778
13	930349	740	0.90220938430707
13	972575	760	1.7673136241748
13	1015879	780	1.6387414729588
13	1060420	800	2.2155295847938
13	1106151	820	2.0183691282213
13	1152888	840	1.9882364743275
13	1200690	860	2.0558022180003
13	1249841	880	2.3050139142086
13	1300364	900	2.0343509670512
13	1352141	920	1.5010534597425
13	1405450	940	2.3241621089821
13	1459899	960	1.685781144668
13	1515509	980	2.1819969047326
13	1572576	1000	1.8529385578124
13	1630538	1020	1.7259156959777
13	1691018	1040	2.4982753734282
13	1751879	1060	1.8574316243824
13	1814673	1080	1.9286639778114
13	1878708	1100	2.3112252165525
13	1944970	1120	1.9483707071105
13	2012947	1140	2.0822836978741
13	2083153	1160	2.1374952867253
13	2155171	1180	1.7887003400362
13	2228149	1200	2.7403207966251
13	2303301	1220	2.0358442552401
13	2380013	1240	1.7401549286608
13	2459521	1260	1.530856605432
13	2541086	1280	2.0830195650169
13	2624262	1300	2.6130927965479
13	2709863	1320	2.8803231302095
13	2796867	1340	1.8999943180178
13	2886411	1360	1.799654651962
13	2978359	1380	2.5256106818604
13	3071673	1400	2.3315945757338
13	3166914	1420	1.5924959464054
13	3263769	1440	2.3945037630444
13	3363644	1460	2.1886202259421
13	3466053	1480	2.6125234356021
13	3571053	1500	1.9496508620447
13	3677996	1520	1.9597127595048
13	3787092	1540	2.4664031764404
13	3898623	1560	1.9711761377936
13	4012368	1580	1.7147530281204
13	4128466	1600	2.0131774237608
13	4246353	1620	1.9562401983438
13	4366903	1640	2.1711895620947
13	4489823	1660	2.0790337379061
13	4614554	1680	1.8013870674923
13	4741766	1700	2.4461285221805
13	4871487	1720	1.8085609548477
13	5003669	1740	1.8086478252047
13	5138577	1760	2.6172656343788
13	5275706	1780	1.6862127062097
13	5415219	1800	2.0386234374102
13	5556856	1820	2.1634696012773
13	5700925	1840	2.1575728397494
13	5847962	1860	1.4978491706993
13	5997698	1880	1.6008199324576
13	6150031	1900	2.1491875682074
13	6305311	1920	1.6624304705314
13	6462747	1940	1.9805684452965
13	6622779	1960	2.0948503440031
13	6785624	1980	2.2768381064626
13	6950832	2000	1.8955002378206
14	146707	240	1.0037173121116
14	172677	260	1.7978188429247
14	199851	280	1.389042753334
14	226944	300	2.5155981212116
14	254334	320	3.5619729225275
14	281411	340	0.64193843478216
14	308378	360	0.58221097813887
14	335661	380	2.7630457983033
14	363093	400	6.6289900617173
14	391068	420	2.0213359015033
14	419552	440	0.72202966864877
14	448333	460	1.689317889137
14	477655	480	3.1878098602273
14	507489	500	2.5848968584231
14	537948	520	1.4040258544532
14	569009	540	1.1414356716025
14	600829	560	4.0955284006234
14	633624	580	2.9723006836309
14	667297	600	6.6936563748576
14	701557	620	2.8531161484806
14	736688	640	5.1612576347553
14	773171	660	2.2048217547178
14	810956	680	4.6238686035771
14	849553	700	3.1016296966062
14	889577	720	2.7100688460388
14	930349	740	0.81398177313174
14	972575	760	3.123397446194
14	1015879	780	2.685473615195
14	1060420	800	4.9085713410965
14	1106151	820	4.0738139377568
14	1152888	840	3.9530842778464
14	1200690	860	4.2263227595351
14	1249841	880	5.313089144695
14	1300364	900	4.1385838571421
14	1352141	920	2.2531614890051
14	1405450	940	5.4017295088281
14	1459899	960	2.8418580677182
14	1515509	980	4.7611104922626
14	1572576	1000	3.433381299028
14	1630538	1020	2.9787849896222
14	1691018	1040	6.2413798414778
14	1751879	1060	3.4500522392559
14	1814673	1080	3.7197447393072
14	1878708	1100	5.3417620016281
14	1944970	1120	3.7961484123264
14	2012947	1140	4.3359053984321
14	2083153	1160	4.5688861007728
14	2155171	1180	3.1994489064455
14	2228149	1200	7.5093580684158
14	2303301	1220	4.1446618315941
14	2380013	1240	3.0281391757426
14	2459521	1260	2.3435219463947
14	2541086	1280	4.3389705082431
14	2624262	1300	6.8282539633708
14	2709863	1320	8.2962613344199
14	2796867	1340	3.6099784084998
14	2886411	1360	3.2387568663286
14	2978359	1380	6.3787093163273
14	3071673	1400	5.4363332655912
14	3166914	1420	2.5360433393177
14	3263769	1440	5.7336482712336
14	3363644	1460	4.7900584934029
14	3466053	1480	6.8252787015703
14	3571053	1500	3.8011384838718
14	3677996	1520	3.840474099766
14	3787092	1540	6.0831446287552
14	3898623	1560	3.8855353662068
14	4012368	1580	2.9403779474482
14	4128466	1600	4.0528833395403
14	4246353	1620	3.8268757136164
14	4366903	1640	4.7140641145491
14	4489823	1660	4.3223812833517
14	4614554	1680	3.2449953669284
14	4741766	1700	5.9835447470251
14	4871487	1720	3.2708927273995
14	5003669	1740	3.2712069556178
14	5138577	1760	6.8500794009001
14	5275706	1780	2.843313290583
14	5415219	1800	4.1559855195582
14	5556856	1820	4.6806007156511
14	5700925	1840	4.6551205588245
14	5847962	1860	2.2435521381645
14	5997698	1880	2.5626244561537
14	6150031	1900	4.6190072033373
14	6305311	1920	2.7636750693511
14	6462747	1940	3.922651366504
14	6622779	1960	4.38839796377
14	6785624	1980	5.18399176304
14	6950832	2000	3.592921151578
15	146707	240	449.03131989576
15	172677	260	403.22908135072
15	199851	280	402.31711345459
15	226944	300	541.07226223784
15	254334	320	496.26497893662
15	281411	340	314.57364904669
15	308378	360	404.0963485946
15	335661	380	543.82515026968
15	363093	400	411.09386380976
15	391068	420	676.31161422243
15	419552	440	357.97308433055
15	448333	460	410.57762093028
15	477655	480	591.44072731027
15	507489	500	633.40528492909
15	537948	520	718.08864093064
15	569009	540	587.00356464496
15	600829	560	907.88048148902
15	633624	580	543.45069563856
15	667297	600	680.50235491125
15	701557	620	541.97518027941
15	736688	640	407.81018994077
15	773171	660	362.64260743334
15	810956	680	596.86982751991
15	849553	700	639.13584069483
15	889577	720	547.24156959031
15	930349	740	447.55607952881
15	972575	760	502.40387643855
15	1015879	780	680.48321991895
15	1060420	800	774.23754786276
15	1106151	820	550.13070254002
15	1152888	840	778.34572747957
15	1200690	860	728.13571871008
15	1249841	880	639.80310299308
15	1300364	900	547.69119734909
15	1352141	920	543.92054817395
15	1405450	940	681.60638181317
15	1459899	960	682.32325335195
15	1515509	980	864.68760750729
15	1572576	1000	590.42621567924
15	1630538	1020	869.14032296222
15	1691018	1040	736.41649300402
15	1751879	1060	1229.3796119966
15	1814673	1080	816.19721021057
15	1878708	1100	819.38568533887
15	1944970	1120	920.26979190825
15	2012947	1140	913.28980941867
15	2083153	1160	869.12069009359
15	2155171	1180	722.76885188428
15	2228149	1200	773.29968808481
15	2303301	1220	685.18117558387
15	2380013	1240	541.72657461172
15	2459521	1260	780.436364981
15	2541086	1280	547.76933764828
15	2624262	1300	1141.2362677029
15	2709863	1320	1014.9442122936
15	2796867	1340	639.77573013069
15	2886411	1360	1046.4182785
15	2978359	1380	961.28429484915
15	3071673	1400	1048.6213227668
15	3166914	1420	781.83217373088
15	3263769	1440	1056.7955649815
15	3363644	1460	1004.4987966306
15	3466053	1480	1276.499562199
15	3571053	1500	1093.5676108753
15	3677996	1520	962.65580270874
15	3787092	1540	1094.0695872758
15	3898623	1560	948.63767648803
15	4012368	1580	962.89847243458
15	4128466	1600	1324.5337420952
15	4246353	1620	1044.0697826808
15	4366903	1640	640.07541427906
15	4489823	1660	775.47305343292
15	4614554	1680	1056.943524971
15	4741766	1700	1181.3565760365
15	4871487	1720	820.65649420893
15	5003669	1740	1233.1474927629
15	5138577	1760	1284.2765839162
15	5275706	1780	680.48756320434
15	5415219	1800	958.20969034707
15	5556856	1820	1138.6101592208
15	5700925	1840	1053.8182835326
15	5847962	1860	866.28833480059
15	5997698	1880	782.79177880602
15	6150031	1900	1183.9034368743
15	6305311	1920	1042.99453685
15	6462747	1940	816.37819470818
15	6622779	1960	868.54864373003
15	6785624	1980	1225.7148076187
15	6950832	2000	1317.3352163016
16	146707	240	44.903131989576
16	172677	260	44.803231261191
16	199851	280	44.701901494954
16	226944	300	45.089355186487
16	254334	320	45.114998085147
16	281411	340	44.939092720955
16	308378	360	44.899594288289
16	335661	380	45.318762522473
16	363093	400	45.677095978862
16	391068	420	45.087440948162
16	419552	440	44.746635541318
16	448333	460	45.61973565892
16	477655	480	45.495440562328
16	507489	500	45.243234637792
16	537948	520	44.880540058165
16	569009	540	45.154120357305
16	600829	560	45.394024074451
16	633624	580	45.28755796988
16	667297	600	45.36682366075
16	701557	620	45.164598356618
16	736688	640	45.312243326752
16	773171	660	45.330325929168
16	810956	680	45.913063655378
16	849553	700	45.65256004963
16	889577	720	45.603464132526
16	930349	740	44.755607952881
16	972575	760	45.673079676232
16	1015879	780	45.365547994597
16	1060420	800	45.543385168398
16	1106151	820	45.844225211669
16	1152888	840	45.785042792916
16	1200690	860	45.50848241938
16	1249841	880	45.700221642363
16	1300364	900	45.640933112424
16	1352141	920	45.326712347829
16	1405450	940	45.440425454211
16	1459899	960	45.48821689013
16	1515509	980	45.509874079331
16	1572576	1000	45.417401206095
16	1630538	1020	45.744227524328
16	1691018	1040	46.026030812752
16	1751879	1060	45.532578222097
16	1814673	1080	45.344289456143
16	1878708	1100	45.52142696327
16	1944970	1120	46.013489595412
16	2012947	1140	45.664490470933
16	2083153	1160	45.743194215452
16	2155171	1180	45.173053242767
16	2228149	1200	45.488216946165
16	2303301	1220	45.678745038925
16	2380013	1240	45.143881217644
16	2459521	1260	45.90802146947
16	2541086	1280	45.647444804023
16	2624262	1300	45.649450708117
16	2709863	1320	46.133827831526
16	2796867	1340	45.698266437906
16	2886411	1360	45.496446891303
16	2978359	1380	45.775442611864
16	3071673	1400	45.592231424643
16	3166914	1420	45.990127866523
16	3263769	1440	45.947633260067
16	3363644	1460	45.659036210481
16	3466053	1480	45.589270078536
16	3571053	1500	45.565317119805
16	3677996	1520	45.84075250994
16	3787092	1540	45.586232803157
16	3898623	1560	45.173222689906
16	4012368	1580	45.852308211171
16	4128466	1600	45.673577313629
16	4246353	1620	45.394338377427
16	4366903	1640	45.719672448504
16	4489823	1660	45.616061966642
16	4614554	1680	45.954066303087
16	4741766	1700	45.436791386019
16	4871487	1720	45.592027456052
16	5003669	1740	45.67212936159
16	5138577	1760	45.86702085415
16	5275706	1780	45.365837546956
16	5415219	1800	45.62903287367
16	5556856	1820	45.544406368833
16	5700925	1840	45.818186240547
16	5847962	1860	45.594122884242
16	5997698	1880	46.046575223883
16	6150031	1900	45.534747572087
16	6305311	1920	45.347588558694
16	6462747	1940	45.354344150455
16	6622779	1960	45.713086512107
16	6785624	1980	45.396844726618
16	6950832	2000	45.425352286261
17	146707	240	0.31515972388747
17	172677	260	0.17514385555456
17	199851	280	0.33546650706539
17	226944	300	0.91018410285925
17	254334	320	0.7511293641365
17	281411	340	0.31490102884459
17	308378	360	0.2753783492221
17	335661	380	1.3979715162331
17	363093	400	1.3162003992794
17	391068	420	1.07941015774
17	419552	440	0.27950831660315
17	448333	460	1.3853940336368
17	477655	480	2.0796427478199
17	507489	500	1.1610903363171
17	537948	520	0.60163715240702
17	569009	540	1.1530514334534
17	600829	560	1.18412368262
17	633624	580	1.3489481487288
17	667297	600	1.5504632496601
17	701557	620	1.1969567721334
17	736688	640	1.468199235731
17	773171	660	1.1580356724378
17	810956	680	1.4377015536996
17	849553	700	1.3704428274516
17	889577	720	1.3393690405539
17	930349	740	0.32329686254899
17	972575	760	1.2419582212092
17	1015879	780	0.94848869733706
17	1060420	800	1.0385760088769
17	1106151	820	1.282037899012
17	1152888	840	1.1999318612954
17	1200690	860	1.2745379505015
17	1249841	880	1.2693460627324
17	1300364	900	1.3335943302762
17	1352141	920	0.97347851722307
17	1405450	940	1.0882223338503
17	1459899	960	1.2944570922254
17	1515509	980	1.1400760804452
17	1572576	1000	0.99812411425253
17	1630538	1020	1.2704953733264
17	1691018	1040	1.2812721694075
17	1751879	1060	1.158090723081
17	1814673	1080	1.0792010594572
17	1878708	1100	1.2962823485793
17	1944970	1120	1.169838949258
17	2012947	1140	1.0334193734021
17	2083153	1160	1.2524942505117
17	2155171	1180	0.82625111179457
17	2228149	1200	0.96335272208539
17	2303301	1220	1.2285485630772
17	2380013	1240	0.98718210900513
17	2459521	1260	0.97389191365112
17	2541086	1280	1.0730198166598
17	2624262	1300	0.89839883458902
17	2709863	1320	1.0484789755092
17	2796867	1340	0.91336167787183
17	2886411	1360	1.0529911413277
17	2978359	1380	0.98056247314943
17	3071673	1400	0.92426474045799
17	3166914	1420	1.0428127064422
17	3263769	1440	1.0197160112549
17	3363644	1460	1.0662657658233
17	3466053	1480	0.84141079455772
17	3571053	1500	1.0715273431079
17	3677996	1520	1.1392835013408
17	3787092	1540	0.85940945503467
17	3898623	1560	0.70801279982217
17	4012368	1580	0.7165468946391
17	4128466	1600	0.90374964464149
17	4246353	1620	0.90061599759568
17	4366903	1640	1.0333060442594
17	4489823	1660	0.55565969850087
17	4614554	1680	0.78339188652062
17	4741766	1700	0.66217734920054
17	4871487	1720	0.71373263318364
17	5003669	1740	0.66737108916083
17	5138577	1760	1.1328934397517
17	5275706	1780	0.87434974113825
17	5415219	1800	0.80618871234325
17	5556856	1820	0.99129228302556
17	5700925	1840	0.81081247704019
17	5847962	1860	0.67665143439203
17	5997698	1880	0.94913046603948
17	6150031	1900	1.0262673536802
17	6305311	1920	0.87989277499429
17	6462747	1940	0.67666509185409
17	6622779	1960	0.81425543940611
17	6785624	1980	0.83292164004176
17	6950832	2000	0.83964413915405
18	146707	240	0.099325651560825
18	172677	260	0.030675370138515
18	199851	280	0.11253777736265
18	226944	300	0.8284351010977
18	254334	320	0.56419532166811
18	281411	340	0.09916265796738
18	308378	360	0.075833235220289
18	335661	380	1.9543243601992
18	363093	400	1.7323834910633
18	391068	420	1.1651262886323
18	419552	440	0.078124899050329
18	448333	460	1.9193166284364
18	477655	480	4.32491395856
18	507489	500	1.348130769089
18	537948	520	0.36196726315642
18	569009	540	1.3295276081889
18	600829	560	1.4021488957415
18	633624	580	1.8196611079589
18	667297	600	2.4039362885466
18	701557	620	1.4327055143561
18	736688	640	2.155608995801
18	773171	660	1.3410466186386
18	810956	680	2.0669857575103
18	849553	700	1.8781135433135
18	889577	720	1.7939094267944
18	930349	740	0.10452086133402
18	972575	760	1.542460223229
18	1015879	780	0.89963080897616
18	1060420	800	1.0786401262146
18	1106151	820	1.6436211745031
18	1152888	840	1.4398364717517
18	1200690	860	1.6244469872686
18	1249841	880	1.6112394269742
18	1300364	900	1.7784738377448
18	1352141	920	0.94766042349482
18	1405450	940	1.1842278478905
18	1459899	960	1.6756191636128
18	1515509	980	1.2997734692033
18	1572576	1000	0.9962517474524
18	1630538	1020	1.6141584936438
18	1691018	1040	1.6416583720982
18	1751879	1060	1.3411741228863
18	1814673	1080	1.1646749267335
18	1878708	1100	1.6803479272383
18	1944970	1120	1.368523167201
18	2012947	1140	1.0679556013228
18	2083153	1160	1.5687418475649
18	2155171	1180	0.68269089974177
18	2228149	1200	0.92804846714934
18	2303301	1220	1.5093315718391
18	2380013	1240	0.97452851633982
18	2459521	1260	0.94846545947505
18	2541086	1280	1.1513715269447
18	2624262	1300	0.80712046599091
18	2709863	1320	1.0993081620848
18	2796867	1340	0.83422955460484
18	2886411	1360	1.1087903437145
18	2978359	1380	0.96150276374893
18	3071673	1400	0.85426531045388
18	3166914	1420	1.0874583407174
18	3263769	1440	1.0398207436096
18	3363644	1460	1.1369226833668
18	3466053	1480	0.70797212519825
18	3571053	1500	1.1481708470279
18	3677996	1520	1.2979668964273
18	3787092	1540	0.73858461140299
18	3898623	1560	0.50128212471203
18	4012368	1580	0.51343945221694
18	4128466	1600	0.81676342018961
18	4246353	1620	0.81110917512526
18	4366903	1640	1.067721381103
18	4489823	1660	0.30875770053808
18	4614554	1680	0.61370284786634
18	4741766	1700	0.43847884179426
18	4871487	1720	0.50941427167126
18	5003669	1740	0.44538417064771
18	5138577	1760	1.2834475458325
18	5275706	1780	0.76448746982852
18	5415219	1800	0.64994023990967
18	5556856	1820	0.98266039038602
18	5700925	1840	0.65741687292405
18	5847962	1860	0.45785716366479
18	5997698	1880	0.90084864156432
18	6150031	1900	1.0532246812298
18	6305311	1920	0.77421129548716
18	6462747	1940	0.45787564653391
18	6622779	1960	0.66301192060244
18	6785624	1980	0.69375845844986
18	6950832	2000	0.70500228041575
19	146707	240	2401.7171332644
19	172677	260	1850.6911919684
19	199851	280	1924.0545332871
19	226944	300	2265.0165590897
19	254334	320	2401.7710944053
19	281411	340	1729.7912860383
19	308378	360	2773.4243349479
19	335661	380	2775.2216276272
19	363093	400	1901.5501970357
19	391068	420	3451.5958579969
19	419552	440	2262.4822746047
19	448333	460	2203.8852910696
19	477655	480	3043.6641716633
19	507489	500	3100.4762038579
19	537948	520	3119.6652426723
19	569009	540	3204.9438045503
19	600829	560	3640.3854683474
19	633624	580	3073.8586385941
19	667297	600	3581.4052248079
19	701557	620	3220.6092509374
19	736688	640	2744.5388389827
19	773171	660	2476.152854659
19	810956	680	2657.0489562635
19	849553	700	3211.2759164125
19	889577	720	3570.1667400581
19	930349	740	2440.7766009323
19	972575	760	3260.428056101
19	1015879	780	3010.1370028811
19	1060420	800	3938.9302538692
19	1106151	820	3178.4941568687
19	1152888	840	3803.7674046579
19	1200690	860	4270.6457561063
19	1249841	880	3635.869949986
19	1300364	900	3502.2103657497
19	1352141	920	3020.1330013128
19	1405450	940	3764.8640950942
19	1459899	960	4054.6333409026
19	1515509	980	4618.9328416583
19	1572576	1000	3585.6102976133
19	1630538	1020	4590.7526922967
19	1691018	1040	3315.6220759382
19	1751879	1060	5004.0347582082
19	1814673	1080	4277.1768479585
19	1878708	1100	4462.5511218555
19	1944970	1120	4495.6600249582
19	2012947	1140	4843.7592990975
19	2083153	1160	4701.7041601436
19	2155171	1180	3358.2293733216
19	2228149	1200	3984.8695830748
19	2303301	1220	4380.7099879809
19	2380013	1240	3391.9057816328
19	2459521	1260	4662.5724399574
19	2541086	1280	3075.4074907862
19	2624262	1300	4142.3894334738
19	2709863	1320	4573.9853878803
19	2796867	1340	4266.4100158556
19	2886411	1360	4972.4431744021
19	2978359	1380	5177.7769016306
19	3071673	1400	5174.8505094969
19	3166914	1420	4769.9744441866
19	3263769	1440	5634.4525498999
19	3363644	1460	5514.1457429834
19	3466053	1480	5576.4444672491
19	3571053	1500	5309.437181383
19	3677996	1520	4694.3959684264
19	3787092	1540	5832.7905295209
19	3898623	1560	4482.2987981282
19	4012368	1580	4955.9900868393
19	4128466	1600	5839.1721855589
19	4246353	1620	5535.4396760365
19	4366903	1640	3945.6854078861
19	4489823	1660	4161.6203530834
19	4614554	1680	4848.3279548308
19	4741766	1700	5084.7852878351
19	4871487	1720	5178.1904349462
19	5003669	1740	5597.9842937036
19	5138577	1760	5834.7418289428
19	5275706	1780	4104.26336543
19	5415219	1800	5760.9473881238
19	5556856	1820	6391.7461881891
19	5700925	1840	5618.365721273
19	5847962	1860	5638.8360639376
19	5997698	1880	4180.1651178347
19	6150031	1900	5730.4623611361
19	6305311	1920	5132.0404202244
19	6462747	1940	4674.1412332078
19	6622779	1960	4854.7570146289
19	6785624	1980	6247.2658545043
19	6950832	2000	6375.4015235478
20	146707	240	47.092492809106
20	172677	260	47.453620306881
20	199851	280	46.928159348465
20	226944	300	47.187844981036
20	254334	320	48.035421888105
20	281411	340	46.751115838873
20	308378	360	47.007192117762
20	335661	380	47.037654705545
20	363093	400	47.538754925893
20	391068	420	47.282135041054
20	419552	440	47.135047387598
20	448333	460	47.910549805861
20	477655	480	47.55725268224
20	507489	500	47.699633905506
20	537948	520	47.267655192004
20	569009	540	47.131526537504
20	600829	560	47.277733355161
20	633624	580	47.290132901448
20	667297	600	47.123752957998
20	701557	620	47.36190074908
20	736688	640	47.319635154874
20	773171	660	46.719865182245
20	810956	680	48.309981022973
20	849553	700	47.224645829596
20	889577	720	47.602223200775
20	930349	740	46.93801155639
20	972575	760	47.94747141325
20	1015879	780	47.779952426685
20	1060420	800	48.035734803283
20	1106151	820	48.159002376799
20	1152888	840	48.14895448934
20	1200690	860	47.451619512293
20	1249841	880	47.840394078763
20	1300364	900	47.975484462325
20	1352141	920	47.938619068457
20	1405450	940	48.267488398643
20	1459899	960	47.701568716501
20	1515509	980	48.113883767274
20	1572576	1000	47.80813730151
20	1630538	1020	48.323712550491
20	1691018	1040	48.052493854176
20	1751879	1060	48.582861730177
20	1814673	1080	48.058166830994
20	1878708	1100	47.984420665113
20	1944970	1120	48.340430375895
20	2012947	1140	47.958012862352
20	2083153	1160	48.471176908697
20	2155171	1180	47.974705333165
20	2228149	1200	48.010476904515
20	2303301	1220	48.139670197592
20	2380013	1240	47.773320868068
20	2459521	1260	48.568462916223
20	2541086	1280	48.815991917242
20	2624262	1300	48.733993334986
20	2709863	1320	49.182638579358
20	2796867	1340	48.481931998359
20	2886411	1360	48.749442886295
20	2978359	1380	48.846951902176
20	3071673	1400	48.819344429216
20	3166914	1420	48.673208614149
20	3263769	1440	48.995239564347
20	3363644	1460	48.369699499854
20	3466053	1480	48.916179537272
20	3571053	1500	48.710432856725
20	3677996	1520	48.899958004442
20	3787092	1540	49.015046466562
20	3898623	1560	48.196761270195
20	4012368	1580	49.069208780587
20	4128466	1600	48.257621368256
20	4246353	1620	48.134258052492
20	4366903	1640	48.712165529459
20	4489823	1660	48.96023944804
20	4614554	1680	48.973009644756
20	4741766	1700	48.892166229184
20	4871487	1720	49.31609938044
20	5003669	1740	49.105125383365
20	5138577	1760	49.031443940696
20	5275706	1780	48.285451358
20	5415219	1800	48.821588034948
20	5556856	1820	48.791955635031
20	5700925	1840	48.855354098027
20	5847962	1860	49.033357077718
20	5997698	1880	49.178413150997
20	6150031	1900	48.978310778941
20	6305311	1920	48.876575430709
20	6462747	1940	48.688971179248
20	6622779	1960	49.037949642716
20	6785624	1980	49.191069720507
20	6950832	2000	48.667187202655
21	146707	240	2.3173528925727
21	172677	260	2.2828879672167
21	199851	280	1.8299505432455
21	226944	300	2.2264587669267
21	254334	320	3.0690769182136
21	281411	340	2.3221861598799
21	308378	360	1.987259751768
21	335661	380	2.3740512002653
21	363093	400	2.435494627083
21	391068	420	2.7387021495787
21	419552	440	2.8980909790628
21	448333	460	2.6368447166368
21	477655	480	2.4024764307591
21	507489	500	2.6031707515501
21	537948	520	1.9558865146007
21	569009	540	2.397439586511
21	600829	560	2.7785391862083
21	633624	580	2.5029450904973
21	667297	600	2.840899320198
21	701557	620	2.4824619336288
21	736688	640	2.6782550651561
21	773171	660	2.2962727706637
21	810956	680	2.7213653927699
21	849553	700	2.1204259594434
21	889577	720	2.3962814133408
21	930349	740	2.1852285822629
21	972575	760	2.6325305712469
21	1015879	780	2.5852498700139
21	1060420	800	2.9057015523677
21	1106151	820	2.8517669389836
21	1152888	840	2.960807243019
21	1200690	860	2.7571961622401
21	1249841	880	2.5066302562969
21	1300364	900	2.7808037846419
21	1352141	920	2.7744525130599
21	1405450	940	3.4803570820904
21	1459899	960	2.6003629704686
21	1515509	980	2.722150080739
21	1572576	1000	2.7344089928163
21	1630538	1020	2.4487651875968
21	1691018	1040	2.9527481885738
21	1751879	1060	2.5749814147362
21	1814673	1080	2.4006388611566
21	1878708	1100	2.6836514895801
21	1944970	1120	2.2557019132703
21	2012947	1140	2.7048469590763
21	2083153	1160	2.7132404734852
21	2155171	1180	2.388755912817
21	2228149	1200	2.8168810604026
21	2303301	1220	2.7205443347945
21	2380013	1240	2.5770056382686
21	2459521	1260	2.4551867437794
21	2541086	1280	2.7328196686
21	2624262	1300	2.8266021522128
21	2709863	1320	3.3720766891478
21	2796867	1340	2.5369254982025
21	2886411	1360	2.5825646091939
21	2978359	1380	3.1371440482208
21	3071673	1400	3.0475771273303
21	3166914	1420	2.54961031136
21	3263769	1440	2.8839726267789
21	3363644	1460	2.6635893044686
21	3466053	1480	2.8408069081268
21	3571053	1500	2.6139256929081
21	3677996	1520	2.9378573503218
21	3787092	1540	2.9427482503799
21	3898623	1560	2.5163185501688
21	4012368	1580	2.2740152428551
21	4128466	1600	2.4927751651278
21	4246353	1620	2.7324996647441
21	4366903	1640	2.50995628364
21	4489823	1660	2.4123173665817
21	4614554	1680	2.2929541212619
21	4741766	1700	2.7291433980285
21	4871487	1720	2.6496389431678
21	5003669	1740	2.3262744483571
21	5138577	1760	2.9068320142408
21	5275706	1780	2.1210859486775
21	5415219	1800	2.62121420117
21	5556856	1820	2.4733064785998
21	5700925	1840	2.5914368039903
21	5847962	1860	2.2505836197565
21	5997698	1880	2.3367270205485
21	6150031	1900	2.7487926410382
21	6305311	1920	2.4614506934673
21	6462747	1940	2.6186608388816
21	6622779	1960	2.4440386965059
21	6785624	1980	2.7576061827019
21	6950832	2000	2.5119260470684
22	146707	240	5.3701244287152
22	172677	260	5.2115774708627
22	199851	280	3.3487189907246
22	226944	300	4.9571186408249
22	254334	320	9.4192331299112
22	281411	340	5.3925485611378
22	308378	360	3.949201320997
22	335661	380	5.6361191014809
22	363093	400	5.9316340785501
22	391068	420	7.5004894641068
22	419552	440	8.3989313229253
22	448333	460	6.9529500596552
22	477655	480	5.7718930003528
22	507489	500	6.7764979617258
22	537948	520	3.8254920579967
22	569009	540	5.7477165709701
22	600829	560	7.7202800092952
22	633624	580	6.2647341260447
22	667297	600	8.0707089475013
22	701557	620	6.1626172519158
22	736688	640	7.1730501940341
22	773171	660	5.2728686372914
22	810956	680	7.4058296009659
22	849553	700	4.4962062494814
22	889577	720	5.7421646119228
22	930349	740	4.7752239567387
22	972575	760	6.9302172085495
22	1015879	780	6.6835168904069
22	1060420	800	8.4431015114322
22	1106151	820	8.1325746742798
22	1152888	840	8.7663795303138
22	1200690	860	7.6021306770717
22	1249841	880	6.2831952417831
22	1300364	900	7.7328696886788
22	1352141	920	7.6975867472242
22	1405450	940	12.112885418857
22	1459899	960	6.7618875781845
22	1515509	980	7.4101010620675
22	1572576	1000	7.4769925399947
22	1630538	1020	5.9964509439862
22	1691018	1040	8.7187218651257
22	1751879	1060	6.6305292862368
22	1814673	1080	5.7630669416952
22	1878708	1100	7.2019853175253
22	1944970	1120	5.0881911215313
22	2012947	1140	7.3161970720245
22	2083153	1160	7.3616738669581
22	2155171	1180	5.7061548110181
22	2228149	1200	7.9348189084547
22	2303301	1220	7.4013614775826
22	2380013	1240	6.6409580596683
22	2459521	1260	6.02794194683
22	2541086	1280	7.4683033410869
22	2624262	1300	7.989679726894
22	2709863	1320	11.370901197494
22	2796867	1340	6.4359909834299
22	2886411	1360	6.6696399606608
22	2978359	1380	9.8416727792873
22	3071673	1400	9.2877263470268
22	3166914	1420	6.5005127397933
22	3263769	1440	8.3172981120098
22	3363644	1460	7.0947079828795
22	3466053	1480	8.0701838892612
22	3571053	1500	6.8326075280453
22	3677996	1520	8.6310058108398
22	3787092	1540	8.6597672651141
22	3898623	1560	6.3318590459235
22	4012368	1580	5.1711453247371
22	4128466	1600	6.2139280238778
22	4246353	1620	7.4665544178269
22	4366903	1640	6.2998805457838
22	4489823	1660	5.8192750771114
22	4614554	1680	5.2576386022118
22	4741766	1700	7.4482236870026
22	4871487	1720	7.0205865291516
22	5003669	1740	5.411552809079
22	5138577	1760	8.4496723590152
22	5275706	1780	4.4990056016772
22	5415219	1800	6.8707638884152
22	5556856	1820	6.1172449370839
22	5700925	1840	6.7155447090756
22	5847962	1860	5.0651266295162
22	5997698	1880	5.4602931685615
22	6150031	1900	7.5558609834258
22	6305311	1920	6.0587395163707
22	6462747	1940	6.8573845890921
22	6622779	1960	5.9733251500181
22	6785624	1980	7.6043918588758
22	6950832	2000	6.3097724659409
23	146707	240	3047.967469085
23	172677	260	3455.6999463393
23	199851	280	3789.6707228779
23	226944	300	3746.199299546
23	254334	320	3697.0902604062
23	281411	340	3920.9015218289
23	308378	360	3734.6476692004
23	335661	380	3755.3832514955
23	363093	400	3925.1102035996
23	391068	420	3702.4380817454
23	419552	440	3939.0571972181
23	448333	460	3976.5444828354
23	477655	480	3908.7121845516
23	507489	500	3852.3346140568
23	537948	520	3821.8287654072
23	569009	540	4139.7947424368
23	600829	560	3765.4716504623
23	633624	580	4234.5499051486
23	667297	600	4232.098491159
23	701557	620	4368.5963370521
23	736688	640	4553.4953412416
23	773171	660	4637.803336322
23	810956	680	4454.0624400463
23	849553	700	4452.2220134993
23	889577	720	4678.1617196571
23	930349	740	4787.5982667556
23	972575	760	4823.854397637
23	1015879	780	4643.6750176704
23	1060420	800	4593.8707144158
23	1106151	820	4864.8992403037
23	1152888	840	4787.9693056748
23	1200690	860	4926.8799794531
23	1249841	880	5013.6776720141
23	1300364	900	5156.0349155192
23	1352141	920	5246.7072560729
23	1405450	940	5257.5526822195
23	1459899	960	5210.3534845822
23	1515509	980	5068.7928495343
23	1572576	1000	5341.8801417123
23	1630538	1020	5197.5218982164
23	1691018	1040	5426.9013812219
23	1751879	1060	5028.0670298689
23	1814673	1080	5485.3713701862
23	1878708	1100	5625.5190941247
23	1944970	1120	5476.4869052679
23	2012947	1140	5623.9509607701
23	2083153	1160	5705.7210598765
23	2155171	1180	5904.3488420136
23	2228149	1200	5758.8924561474
23	2303301	1220	5986.8349951699
23	2380013	1240	6034.3809872453
23	2459521	1260	6022.8428726592
23	2541086	1280	6209.1719042572
23	2624262	1300	5706.5985553992
23	2709863	1320	5929.3745780364
23	2796867	1340	6347.9134524529
23	2886411	1360	5939.105851455
23	2978359	1380	6210.3509420687
23	3071673	1400	6076.7925220504
23	3166914	1420	6477.1939138409
23	3263769	1440	6247.8495177335
23	3363644	1460	6301.295289481
23	3466053	1480	6015.9773775494
23	3571053	1500	6340.388122208
23	3677996	1520	6517.1079223381
23	3787092	1540	6476.1528975334
23	3898623	1560	6618.1074752545
23	4012368	1580	6651.6731268622
23	4128466	1600	6331.7492399524
23	4246353	1620	6664.1196651956
23	4366903	1640	7160.5157637646
23	4489823	1660	7167.1035532276
23	4614554	1680	6929.1965169232
23	4741766	1700	6753.6081964889
23	4871487	1720	7201.7356968683
23	5003669	1740	6837.8445366036
23	5138577	1760	6979.0598399714
23	5275706	1780	7524.7698401327
23	5415219	1800	7298.2450406598
23	5556856	1820	7158.587660062
23	5700925	1840	7379.5285062752
23	5847962	1860	7516.5166907188
23	5997698	1880	7787.3127354584
23	6150031	1900	7435.8598888918
23	6305311	1920	7522.4267240232
23	6462747	1940	7883.8539671584
23	6622779	1960	7782.2889826094
23	6785624	1980	7565.7813308442
23	6950832	2000	7521.871989472
24	146707	240	44.823051015956
24	172677	260	44.879220082329
24	199851	280	45.115127653308
24	226944	300	45.134931319831
24	254334	320	45.08646659032
24	281411	340	45.067833584241
24	308378	360	44.995755050607
24	335661	380	45.245581343319
24	363093	400	45.116209236777
24	391068	420	45.151683923724
24	419552	440	45.276519508255
24	448333	460	45.188005486766
24	477655	480	45.450141680832
24	507489	500	45.321583694786
24	537948	520	45.497961492943
24	569009	540	45.492249916888
24	600829	560	45.367128318823
24	633624	580	45.532794679017
24	667297	600	45.506435388807
24	701557	620	45.506211844293
24	736688	640	45.534953412416
24	773171	660	45.46866016002
24	810956	680	45.449616735167
24	849553	700	45.430836872442
24	889577	720	45.419045821914
24	930349	740	45.596173969101
24	972575	760	45.508060355066
24	1015879	780	45.526225663435
24	1060420	800	45.483868459563
24	1106151	820	45.466348040222
24	1152888	840	45.599707673093
24	1200690	860	45.61925906901
24	1249841	880	45.578887927401
24	1300364	900	45.628627570966
24	1352141	920	45.623541357156
24	1405450	940	45.717849410605
24	1459899	960	45.704855127914
24	1515509	980	45.664800446255
24	1572576	1000	45.65709522831
24	1630538	1020	45.592297352776
24	1691018	1040	45.604213287579
24	1751879	1060	45.709700271535
24	1814673	1080	45.711428084885
24	1878708	1100	45.73592759451
24	1944970	1120	45.637390877233
24	2012947	1140	45.723178542846
24	2083153	1160	45.645768479012
24	2155171	1180	45.770146062121
24	2228149	1200	45.705495683709
24	2303301	1220	45.70103049748
24	2380013	1240	45.715007479131
24	2459521	1260	45.627597520146
24	2541086	1280	45.655675766597
24	2624262	1300	45.652788443194
24	2709863	1320	45.610573677203
24	2796867	1340	45.668442103977
24	2886411	1360	45.685429626577
24	2978359	1380	45.66434516227
24	3071673	1400	45.690169338725
24	3166914	1420	45.614041646767
24	3263769	1440	45.604741005354
24	3363644	1460	45.661560068703
24	3466053	1480	45.575586193556
24	3571053	1500	45.614303037468
24	3677996	1520	45.574181275091
24	3787092	1540	45.60671054601
24	3898623	1560	45.642120518996
24	4012368	1580	45.559404978508
24	4128466	1600	45.552152805413
24	4246353	1620	45.644655241066
24	4366903	1640	45.608380660921
24	4489823	1660	45.65034110336
24	4614554	1680	45.586819190284
24	4741766	1700	45.632487814114
24	4871487	1720	45.580605676382
24	5003669	1740	45.585630244024
24	5138577	1760	45.614770195892
24	5275706	1780	45.604665697774
24	5415219	1800	45.614031504124
24	5556856	1820	45.596099745618
24	5700925	1840	45.552645100464
24	5847962	1860	45.554646610417
24	5997698	1880	45.539840558237
24	6150031	1900	45.618772324489
24	6305311	1920	45.59046499408
24	6462747	1940	45.571410214788
24	6622779	1960	45.510461886605
24	6785624	1980	45.576995968941
24	6950832	2000	45.587102966497
25	146707	240	0.37913259365859
25	172677	260	0.38584661180998
25	199851	280	0.83786498248881
25	226944	300	0.9532899269317
25	254334	320	0.77848308228492
25	281411	340	0.66325488498584
25	308378	360	0.65894551655779
25	335661	380	1.2855171756305
25	363093	400	0.95419623334102
25	391068	420	0.98039933398009
25	419552	440	1.2999958381247
25	448333	460	1.1069781086032
25	477655	480	1.5759835594596
25	507489	500	1.2265537491023
25	537948	520	1.4621677750719
25	569009	540	1.5169034025211
25	600829	560	1.2860577232025
25	633624	580	1.5126266417657
25	667297	600	1.421353213005
25	701557	620	1.3959070176262
25	736688	640	1.3609892680987
25	773171	660	1.2444501268296
25	810956	680	1.2137651904828
25	849553	700	1.1222181203981
25	889577	720	1.1070674179297
25	930349	740	1.1867870451818
25	972575	760	1.1523047819263
25	1015879	780	1.176506788565
25	1060420	800	1.123725371981
25	1106151	820	1.025846782033
25	1152888	840	1.1722104101289
25	1200690	860	1.1499821661416
25	1249841	880	1.1965293020394
25	1300364	900	1.1734704687225
25	1352141	920	1.1424664855712
25	1405450	940	1.1961863241912
25	1459899	960	1.2010723938582
25	1515509	980	1.1682220431754
25	1572576	1000	1.2108965233296
25	1630538	1020	1.1521144653876
25	1691018	1040	1.1234102473508
25	1751879	1060	1.1641551172826
25	1814673	1080	1.17882817554
25	1878708	1100	1.1728759284482
25	1944970	1120	1.1150163465335
25	2012947	1140	1.167701834756
25	2083153	1160	1.1042354578614
25	2155171	1180	1.1475310312693
25	2228149	1200	1.0282945583023
25	2303301	1220	1.0828368469876
25	2380013	1240	1.0171116125484
25	2459521	1260	0.99888332470125
25	2541086	1280	0.95393302057908
25	2624262	1300	0.94467618146206
25	2709863	1320	0.95436995081456
25	2796867	1340	0.99161071819232
25	2886411	1360	0.97819663576727
25	2978359	1380	1.0086052370638
25	3071673	1400	0.96651145564367
25	3166914	1420	0.96663770114203
25	3263769	1440	0.96932490694651
25	3363644	1460	0.97771716102174
25	3466053	1480	0.9574635536044
25	3571053	1500	0.92672334315874
25	3677996	1520	0.906766574674
25	3787092	1540	0.96531754493741
25	3898623	1560	0.9387972040592
25	4012368	1580	0.96493358744443
25	4128466	1600	0.89874816650114
25	4246353	1620	0.90386471452843
25	4366903	1640	0.89700274708386
25	4489823	1660	0.96356886381408
25	4614554	1680	0.8725635517981
25	4741766	1700	0.87480827802207
25	4871487	1720	0.86008250447449
25	5003669	1740	0.87709960092868
25	5138577	1760	0.85981262868494
25	5275706	1780	0.86522398485847
25	5415219	1800	0.89613162088951
25	5556856	1820	0.83125447085288
25	5700925	1840	0.88241930175966
25	5847962	1860	0.79634944447306
25	5997698	1880	0.8055667553664
25	6150031	1900	0.88554736583026
25	6305311	1920	0.82697288762141
25	6462747	1940	0.81410099143468
25	6622779	1960	0.80270381377063
25	6785624	1980	0.831410839688
25	6950832	2000	0.82742772980869
26	146707	240	0.14374152357429
26	172677	260	0.14887760784524
26	199851	280	0.70201772888098
26	226944	300	0.90876168478945
26	254334	320	0.60603590940383
26	281411	340	0.43990704245758
26	308378	360	0.43420919379161
26	335661	380	1.6525544088409
26	363093	400	0.91049045172219
26	391068	420	0.96118285406861
26	419552	440	1.6899891791416
26	448333	460	1.2254005329268
26	477655	480	2.483724179687
26	507489	500	1.504434099437
26	537948	520	2.1379346024586
26	569009	540	2.3009959325801
26	600829	560	1.6539444674087
26	633624	580	2.2880393573795
26	667297	600	2.0202449561196
26	701557	620	1.9485564018581
26	736688	640	1.8522917878798
26	773171	660	1.5486561181663
26	810956	680	1.4732259376279
26	849553	700	1.2593735097499
26	889577	720	1.2255982678416
26	930349	740	1.4084634906114
26	972575	760	1.3278063104503
26	1015879	780	1.3841682235396
26	1060420	800	1.2627587116339
26	1106151	820	1.0523616202075
26	1152888	840	1.3740772456146
26	1200690	860	1.3224589824438
26	1249841	880	1.431682370639
26	1300364	900	1.3770329409638
26	1352141	920	1.3052296706535
26	1405450	940	1.4308617221821
26	1459899	960	1.4425748952882
26	1515509	980	1.3647427421609
26	1572576	1000	1.4662703902118
26	1630538	1020	1.3273677413555
26	1691018	1040	1.2620505838528
26	1751879	1060	1.3552571370953
26	1814673	1080	1.3896358674469
26	1878708	1100	1.3756379435332
26	1944970	1120	1.2432614530369
26	2012947	1140	1.3635275748926
26	2083153	1160	1.2193359463983
26	2155171	1180	1.3168274677259
26	2228149	1200	1.0573896986342
26	2303301	1220	1.172535637194
26	2380013	1240	1.0345160323807
26	2459521	1260	0.99776789636623
26	2541086	1280	0.90998820775112
26	2624262	1300	0.89241308782173
26	2709863	1320	0.91082200301779
26	2796867	1340	0.98329181643389
26	2886411	1360	0.95686865822641
26	2978359	1380	1.0172845242326
26	3071673	1400	0.93414439389045
26	3166914	1420	0.93438844526915
26	3263769	1440	0.93959077522685
26	3363644	1460	0.9559308469564
26	3466053	1480	0.91673645648076
26	3571053	1500	0.85881615475531
26	3677996	1520	0.82222562094601
26	3787092	1540	0.93183796256399
26	3898623	1560	0.88134019034937
26	4012368	1580	0.93109682817837
26	4128466	1600	0.80774826678916
26	4246353	1620	0.81697142216956
26	4366903	1640	0.80461392827599
26	4489823	1660	0.92846495531195
26	4614554	1680	0.76136715192651
26	4741766	1700	0.76528952329593
26	4871487	1720	0.7397419145031
26	5003669	1740	0.76930370994924
26	5138577	1760	0.73927775644611
26	5275706	1780	0.74861254397438
26	5415219	1800	0.80305188195806
26	5556856	1820	0.69098399531289
26	5700925	1840	0.778663824118
26	5847962	1860	0.63417243771255
26	5997698	1880	0.64893779735154
26	6150031	1900	0.78419413712891
26	6305311	1920	0.68388415686089
26	6462747	1940	0.66276042425493
26	6622779	1960	0.64433341264192
26	6785624	1980	0.69124398435071
26	6950832	2000	0.68463664805635
