version 2
run statisticRVV-129-20150325-12:51:54-24044
attr c 14
attr configname statisticRVV
attr datetime 20150325-12:51:54
attr experiment statisticRVV
attr inifile omnetpp.ini
attr iterationvars "$sc=\"erlangen-medium.launchd.xml\", $p=1/15, $c=14"
attr iterationvars2 "$sc=\"erlangen-medium.launchd.xml\", $p=1/15, $c=14, $repetition=9"
attr measurement "$sc=\"erlangen-medium.launchd.xml\", $p=1/15, $c=14"
attr network RSUExampleScenario
attr p 1/15
attr processid 24044
attr repetition 9
attr replication #9
attr resultdir results
attr runnumber 129
attr sc "\"erlangen-medium.launchd.xml\""
attr seedset 129

vector 0  RSUExampleScenario.rsu[0].appl  Number_CH  ETV
vector 1  RSUExampleScenario.rsu[0].appl  Number_ON  ETV
vector 2  RSUExampleScenario.rsu[0].appl  Number_FN  ETV
vector 3  RSUExampleScenario.rsu[0].appl  Number_CH_Losts  ETV
vector 4  RSUExampleScenario.rsu[0].appl  Mean_Cluster_Size  ETV
vector 5  RSUExampleScenario.rsu[0].appl  StdDev_Cluster_Size  ETV
vector 6  RSUExampleScenario.rsu[0].appl  Variance_Cluster_Size  ETV
vector 7  RSUExampleScenario.rsu[0].appl  Mean_Neighbors  ETV
vector 8  RSUExampleScenario.rsu[0].appl  StdDev_Neighbors  ETV
vector 9  RSUExampleScenario.rsu[0].appl  Variance_Neighbors  ETV
vector 10  RSUExampleScenario.rsu[0].appl  Total_CH_Utility  ETV
vector 11  RSUExampleScenario.rsu[0].appl  Mean_CH_Utility  ETV
vector 12  RSUExampleScenario.rsu[0].appl  StdDev_CH_Utility  ETV
vector 13  RSUExampleScenario.rsu[0].appl  Variance_CH_Utility  ETV
vector 14  RSUExampleScenario.rsu[0].appl  Total_exp_CH_Utility  ETV
vector 15  RSUExampleScenario.rsu[0].appl  Mean_exp_CH_Utility  ETV
vector 16  RSUExampleScenario.rsu[0].appl  StdDev_exp_CH_Utility  ETV
vector 17  RSUExampleScenario.rsu[0].appl  Variance_exp_CH_Utility  ETV
vector 18  RSUExampleScenario.rsu[0].appl  Total_ON_Utility  ETV
vector 19  RSUExampleScenario.rsu[0].appl  Mean_ON_Utility  ETV
vector 20  RSUExampleScenario.rsu[0].appl  StdDev_ON_Utility  ETV
vector 21  RSUExampleScenario.rsu[0].appl  Variance_ON_Utility  ETV
vector 22  RSUExampleScenario.rsu[0].appl  Total_exp_ON_Utility  ETV
vector 23  RSUExampleScenario.rsu[0].appl  Mean_exp_ON_Utility  ETV
vector 24  RSUExampleScenario.rsu[0].appl  StdDev_exp_ON_Utility  ETV
vector 25  RSUExampleScenario.rsu[0].appl  Variance_exp_ON_Utility  ETV
0	146548	240	3
0	172467	260	3
0	199781	280	3
0	227286	300	3
0	254879	320	2
0	282153	340	4
0	309173	360	7
0	336856	380	2
0	365086	400	3
0	393322	420	5
0	422659	440	2
0	452369	460	5
0	482637	480	4
0	513338	500	4
0	544919	520	3
0	577133	540	4
0	610134	560	8
0	643909	580	4
0	678218	600	3
0	714229	620	6
0	750842	640	6
0	788623	660	10
0	827572	680	5
0	868308	700	6
0	909567	720	5
0	952395	740	7
0	996588	760	4
0	1041638	780	6
0	1088112	800	8
0	1135309	820	4
0	1183760	840	6
0	1233654	860	8
0	1283426	880	2
0	1335485	900	8
0	1387908	920	7
0	1442381	940	6
0	1498576	960	2
0	1556398	980	5
0	1615492	1000	4
0	1675314	1020	8
0	1736881	1040	6
0	1800277	1060	9
0	1865160	1080	5
0	1931067	1100	8
0	1999105	1120	7
0	2069025	1140	5
0	2140475	1160	8
0	2213651	1180	7
0	2288489	1200	9
0	2365684	1220	8
0	2445209	1240	9
0	2527200	1260	5
0	2611409	1280	11
0	2697649	1300	4
0	2785150	1320	8
0	2874809	1340	7
0	2966494	1360	7
0	3060378	1380	7
0	3156822	1400	9
0	3255072	1420	5
0	3355237	1440	11
0	3458228	1460	7
0	3563649	1480	5
0	3672113	1500	9
0	3781231	1520	11
0	3893061	1540	9
0	4006208	1560	8
0	4123047	1580	12
0	4242131	1600	5
0	4363654	1620	10
0	4487151	1640	12
0	4612646	1660	12
0	4741229	1680	7
0	4872203	1700	7
0	5005159	1720	12
0	5139844	1740	8
0	5277692	1760	8
0	5418129	1780	14
0	5560713	1800	10
0	5706089	1820	13
0	5854336	1840	12
0	6005327	1860	12
0	6158834	1880	10
0	6315250	1900	12
0	6474026	1920	8
0	6636229	1940	10
0	6799910	1960	9
0	6967448	1980	6
0	7137334	2000	6
1	146548	240	4
1	172467	260	5
1	199781	280	4
1	227286	300	3
1	254879	320	2
1	282153	340	4
1	309173	360	8
1	336856	380	2
1	365086	400	6
1	393322	420	7
1	422659	440	2
1	452369	460	5
1	482637	480	6
1	513338	500	4
1	544919	520	3
1	577133	540	7
1	610134	560	11
1	643909	580	4
1	678218	600	5
1	714229	620	7
1	750842	640	6
1	788623	660	11
1	827572	680	8
1	868308	700	7
1	909567	720	5
1	952395	740	8
1	996588	760	5
1	1041638	780	7
1	1088112	800	13
1	1135309	820	5
1	1183760	840	8
1	1233654	860	13
1	1283426	880	2
1	1335485	900	11
1	1387908	920	12
1	1442381	940	9
1	1498576	960	4
1	1556398	980	8
1	1615492	1000	6
1	1675314	1020	11
1	1736881	1040	9
1	1800277	1060	11
1	1865160	1080	8
1	1931067	1100	10
1	1999105	1120	8
1	2069025	1140	6
1	2140475	1160	16
1	2213651	1180	11
1	2288489	1200	15
1	2365684	1220	11
1	2445209	1240	14
1	2527200	1260	8
1	2611409	1280	15
1	2697649	1300	4
1	2785150	1320	11
1	2874809	1340	11
1	2966494	1360	9
1	3060378	1380	11
1	3156822	1400	10
1	3255072	1420	8
1	3355237	1440	16
1	3458228	1460	11
1	3563649	1480	7
1	3672113	1500	11
1	3781231	1520	17
1	3893061	1540	15
1	4006208	1560	11
1	4123047	1580	16
1	4242131	1600	7
1	4363654	1620	15
1	4487151	1640	22
1	4612646	1660	15
1	4741229	1680	11
1	4872203	1700	9
1	5005159	1720	18
1	5139844	1740	11
1	5277692	1760	11
1	5418129	1780	19
1	5560713	1800	13
1	5706089	1820	19
1	5854336	1840	17
1	6005327	1860	15
1	6158834	1880	14
1	6315250	1900	17
1	6474026	1920	9
1	6636229	1940	17
1	6799910	1960	11
1	6967448	1980	9
1	7137334	2000	8
2	146548	240	72
2	172467	260	78
2	199781	280	86
2	227286	300	88
2	254879	320	90
2	282153	340	86
2	309173	360	77
2	336856	380	90
2	365086	400	87
2	393322	420	85
2	422659	440	95
2	452369	460	92
2	482637	480	92
2	513338	500	94
2	544919	520	98
2	577133	540	95
2	610134	560	88
2	643909	580	100
2	678218	600	102
2	714229	620	99
2	750842	640	99
2	788623	660	90
2	827572	680	100
2	868308	700	102
2	909567	720	105
2	952395	740	103
2	996588	760	109
2	1041638	780	105
2	1088112	800	102
2	1135309	820	113
2	1183760	840	109
2	1233654	860	105
2	1283426	880	121
2	1335485	900	107
2	1387908	920	108
2	1442381	940	116
2	1498576	960	127
2	1556398	980	118
2	1615492	1000	124
2	1675314	1020	115
2	1736881	1040	121
2	1800277	1060	118
2	1865160	1080	125
2	1931067	1100	123
2	1999105	1120	127
2	2069025	1140	131
2	2140475	1160	118
2	2213651	1180	127
2	2288489	1200	121
2	2365684	1220	128
2	2445209	1240	125
2	2527200	1260	138
2	2611409	1280	125
2	2697649	1300	145
2	2785150	1320	135
2	2874809	1340	136
2	2966494	1360	140
2	3060378	1380	139
2	3156822	1400	139
2	3255072	1420	146
2	3355237	1440	134
2	3458228	1460	144
2	3563649	1480	151
2	3672113	1500	144
2	3781231	1520	137
2	3893061	1540	143
2	4006208	1560	149
2	4123047	1580	142
2	4242131	1600	160
2	4363654	1620	148
2	4487151	1640	140
2	4612646	1660	148
2	4741229	1680	157
2	4872203	1700	161
2	5005159	1720	150
2	5139844	1740	160
2	5277692	1760	163
2	5418129	1780	150
2	5560713	1800	162
2	5706089	1820	154
2	5854336	1840	157
2	6005327	1860	162
2	6158834	1880	166
2	6315250	1900	161
2	6474026	1920	173
2	6636229	1940	166
2	6799910	1960	174
2	6967448	1980	180
2	7137334	2000	182
3	146548	240	0
3	172467	260	3
3	199781	280	3
3	227286	300	1
3	254879	320	2
3	282153	340	1
3	309173	360	0
3	336856	380	0
3	365086	400	2
3	393322	420	0
3	422659	440	0
3	452369	460	3
3	482637	480	2
3	513338	500	1
3	544919	520	2
3	577133	540	1
3	610134	560	2
3	643909	580	5
3	678218	600	3
3	714229	620	1
3	750842	640	1
3	788623	660	3
3	827572	680	2
3	868308	700	1
3	909567	720	4
3	952395	740	2
3	996588	760	0
3	1041638	780	1
3	1088112	800	1
3	1135309	820	1
3	1183760	840	0
3	1233654	860	3
3	1283426	880	1
3	1335485	900	2
3	1387908	920	0
3	1442381	940	1
3	1498576	960	3
3	1556398	980	2
3	1615492	1000	0
3	1675314	1020	5
3	1736881	1040	0
3	1800277	1060	1
3	1865160	1080	3
3	1931067	1100	2
3	1999105	1120	1
3	2069025	1140	2
3	2140475	1160	0
3	2213651	1180	1
3	2288489	1200	2
3	2365684	1220	0
3	2445209	1240	2
3	2527200	1260	5
3	2611409	1280	5
3	2697649	1300	1
3	2785150	1320	0
3	2874809	1340	6
3	2966494	1360	0
3	3060378	1380	2
3	3156822	1400	3
3	3255072	1420	4
3	3355237	1440	2
3	3458228	1460	3
3	3563649	1480	4
3	3672113	1500	3
3	3781231	1520	3
3	3893061	1540	0
3	4006208	1560	3
3	4123047	1580	2
3	4242131	1600	2
3	4363654	1620	2
3	4487151	1640	0
3	4612646	1660	3
3	4741229	1680	1
3	4872203	1700	6
3	5005159	1720	4
3	5139844	1740	1
3	5277692	1760	3
3	5418129	1780	0
3	5560713	1800	1
3	5706089	1820	3
3	5854336	1840	0
3	6005327	1860	0
3	6158834	1880	4
3	6315250	1900	3
3	6474026	1920	2
3	6636229	1940	3
3	6799910	1960	3
3	6967448	1980	2
3	7137334	2000	3
4	146548	240	1.3333333333333
4	172467	260	1.6666666666667
4	199781	280	1.3333333333333
4	227286	300	1
4	254879	320	1
4	282153	340	1
4	309173	360	1.1428571428571
4	336856	380	1
4	365086	400	2
4	393322	420	1.4
4	422659	440	1
4	452369	460	1
4	482637	480	1.5
4	513338	500	1
4	544919	520	1
4	577133	540	1.75
4	610134	560	1.375
4	643909	580	1
4	678218	600	1.6666666666667
4	714229	620	1.1666666666667
4	750842	640	1
4	788623	660	1.1
4	827572	680	1.6
4	868308	700	1.1666666666667
4	909567	720	1
4	952395	740	1.1428571428571
4	996588	760	1.25
4	1041638	780	1.1666666666667
4	1088112	800	1.625
4	1135309	820	1.25
4	1183760	840	1.3333333333333
4	1233654	860	1.625
4	1283426	880	1
4	1335485	900	1.375
4	1387908	920	1.7142857142857
4	1442381	940	1.5
4	1498576	960	2
4	1556398	980	1.6
4	1615492	1000	1.5
4	1675314	1020	1.375
4	1736881	1040	1.5
4	1800277	1060	1.2222222222222
4	1865160	1080	1.6
4	1931067	1100	1.25
4	1999105	1120	1.1428571428571
4	2069025	1140	1.2
4	2140475	1160	2
4	2213651	1180	1.5714285714286
4	2288489	1200	1.6666666666667
4	2365684	1220	1.375
4	2445209	1240	1.5555555555556
4	2527200	1260	1.6
4	2611409	1280	1.3636363636364
4	2697649	1300	1
4	2785150	1320	1.375
4	2874809	1340	1.5714285714286
4	2966494	1360	1.2857142857143
4	3060378	1380	1.5714285714286
4	3156822	1400	1.1111111111111
4	3255072	1420	1.6
4	3355237	1440	1.4545454545455
4	3458228	1460	1.5714285714286
4	3563649	1480	1.4
4	3672113	1500	1.2222222222222
4	3781231	1520	1.5454545454545
4	3893061	1540	1.6666666666667
4	4006208	1560	1.375
4	4123047	1580	1.3333333333333
4	4242131	1600	1.4
4	4363654	1620	1.5
4	4487151	1640	1.8333333333333
4	4612646	1660	1.25
4	4741229	1680	1.5714285714286
4	4872203	1700	1.2857142857143
4	5005159	1720	1.5
4	5139844	1740	1.375
4	5277692	1760	1.375
4	5418129	1780	1.3571428571429
4	5560713	1800	1.3
4	5706089	1820	1.4615384615385
4	5854336	1840	1.4166666666667
4	6005327	1860	1.25
4	6158834	1880	1.4
4	6315250	1900	1.4166666666667
4	6474026	1920	1.125
4	6636229	1940	1.7
4	6799910	1960	1.2222222222222
4	6967448	1980	1.5
4	7137334	2000	1.3333333333333
5	146548	240	0.57735026918963
5	172467	260	0.57735026918963
5	199781	280	0.57735026918963
5	227286	300	0
5	254879	320	0
5	282153	340	0
5	309173	360	0.37796447300923
5	336856	380	0
5	365086	400	1
5	393322	420	0.54772255750517
5	422659	440	0
5	452369	460	0
5	482637	480	0.57735026918963
5	513338	500	0
5	544919	520	0
5	577133	540	0.5
5	610134	560	0.51754916950677
5	643909	580	0
5	678218	600	0.57735026918963
5	714229	620	0.40824829046386
5	750842	640	0
5	788623	660	0.31622776601684
5	827572	680	0.54772255750517
5	868308	700	0.40824829046386
5	909567	720	0
5	952395	740	0.37796447300923
5	996588	760	0.5
5	1041638	780	0.40824829046386
5	1088112	800	0.51754916950677
5	1135309	820	0.5
5	1183760	840	0.51639777949432
5	1233654	860	0.74402380914284
5	1283426	880	0
5	1335485	900	0.51754916950677
5	1387908	920	0.48795003647427
5	1442381	940	0.54772255750517
5	1498576	960	0
5	1556398	980	0.54772255750517
5	1615492	1000	0.57735026918963
5	1675314	1020	0.51754916950677
5	1736881	1040	0.54772255750517
5	1800277	1060	0.4409585518441
5	1865160	1080	0.54772255750517
5	1931067	1100	0.46291004988628
5	1999105	1120	0.37796447300923
5	2069025	1140	0.44721359549996
5	2140475	1160	0.75592894601845
5	2213651	1180	0.53452248382485
5	2288489	1200	0.5
5	2365684	1220	0.51754916950677
5	2445209	1240	0.52704627669473
5	2527200	1260	0.54772255750517
5	2611409	1280	0.50452497910951
5	2697649	1300	0
5	2785150	1320	0.51754916950677
5	2874809	1340	0.53452248382485
5	2966494	1360	0.48795003647427
5	3060378	1380	0.53452248382485
5	3156822	1400	0.33333333333333
5	3255072	1420	0.54772255750517
5	3355237	1440	0.52223296786709
5	3458228	1460	0.53452248382485
5	3563649	1480	0.54772255750517
5	3672113	1500	0.4409585518441
5	3781231	1520	0.52223296786709
5	3893061	1540	0.5
5	4006208	1560	0.51754916950677
5	4123047	1580	0.49236596391733
5	4242131	1600	0.54772255750517
5	4363654	1620	0.52704627669473
5	4487151	1640	0.38924947208076
5	4612646	1660	0.45226701686665
5	4741229	1680	0.53452248382485
5	4872203	1700	0.48795003647427
5	5005159	1720	0.52223296786709
5	5139844	1740	0.51754916950677
5	5277692	1760	0.51754916950677
5	5418129	1780	0.49724515809885
5	5560713	1800	0.48304589153965
5	5706089	1820	0.51887452166277
5	5854336	1840	0.51492865054444
5	6005327	1860	0.45226701686665
5	6158834	1880	0.51639777949432
5	6315250	1900	0.51492865054444
5	6474026	1920	0.35355339059327
5	6636229	1940	0.48304589153965
5	6799910	1960	0.4409585518441
5	6967448	1980	0.54772255750517
5	7137334	2000	0.51639777949432
6	146548	240	0.33333333333333
6	172467	260	0.33333333333333
6	199781	280	0.33333333333333
6	227286	300	0
6	254879	320	0
6	282153	340	0
6	309173	360	0.14285714285714
6	336856	380	0
6	365086	400	1
6	393322	420	0.3
6	422659	440	0
6	452369	460	0
6	482637	480	0.33333333333333
6	513338	500	0
6	544919	520	0
6	577133	540	0.25
6	610134	560	0.26785714285714
6	643909	580	0
6	678218	600	0.33333333333333
6	714229	620	0.16666666666667
6	750842	640	0
6	788623	660	0.1
6	827572	680	0.3
6	868308	700	0.16666666666667
6	909567	720	0
6	952395	740	0.14285714285714
6	996588	760	0.25
6	1041638	780	0.16666666666667
6	1088112	800	0.26785714285714
6	1135309	820	0.25
6	1183760	840	0.26666666666667
6	1233654	860	0.55357142857143
6	1283426	880	0
6	1335485	900	0.26785714285714
6	1387908	920	0.23809523809524
6	1442381	940	0.3
6	1498576	960	0
6	1556398	980	0.3
6	1615492	1000	0.33333333333333
6	1675314	1020	0.26785714285714
6	1736881	1040	0.3
6	1800277	1060	0.19444444444444
6	1865160	1080	0.3
6	1931067	1100	0.21428571428571
6	1999105	1120	0.14285714285714
6	2069025	1140	0.2
6	2140475	1160	0.57142857142857
6	2213651	1180	0.28571428571429
6	2288489	1200	0.25
6	2365684	1220	0.26785714285714
6	2445209	1240	0.27777777777778
6	2527200	1260	0.3
6	2611409	1280	0.25454545454545
6	2697649	1300	0
6	2785150	1320	0.26785714285714
6	2874809	1340	0.28571428571429
6	2966494	1360	0.23809523809524
6	3060378	1380	0.28571428571429
6	3156822	1400	0.11111111111111
6	3255072	1420	0.3
6	3355237	1440	0.27272727272727
6	3458228	1460	0.28571428571429
6	3563649	1480	0.3
6	3672113	1500	0.19444444444444
6	3781231	1520	0.27272727272727
6	3893061	1540	0.25
6	4006208	1560	0.26785714285714
6	4123047	1580	0.24242424242424
6	4242131	1600	0.3
6	4363654	1620	0.27777777777778
6	4487151	1640	0.15151515151515
6	4612646	1660	0.20454545454545
6	4741229	1680	0.28571428571429
6	4872203	1700	0.23809523809524
6	5005159	1720	0.27272727272727
6	5139844	1740	0.26785714285714
6	5277692	1760	0.26785714285714
6	5418129	1780	0.24725274725275
6	5560713	1800	0.23333333333333
6	5706089	1820	0.26923076923077
6	5854336	1840	0.26515151515152
6	6005327	1860	0.20454545454545
6	6158834	1880	0.26666666666667
6	6315250	1900	0.26515151515152
6	6474026	1920	0.125
6	6636229	1940	0.23333333333333
6	6799910	1960	0.19444444444444
6	6967448	1980	0.3
6	7137334	2000	0.26666666666667
7	146548	240	22.924050632911
7	172467	260	22.593023255814
7	199781	280	22.279569892473
7	227286	300	22.574468085106
7	254879	320	22.63829787234
7	282153	340	22.47311827957
7	309173	360	22.663043478261
7	336856	380	22.404255319149
7	365086	400	22.125
7	393322	420	22.061855670103
7	422659	440	22.10101010101
7	452369	460	21.892156862745
7	482637	480	22.245098039216
7	513338	500	22.480392156863
7	544919	520	22.701923076923
7	577133	540	22.622641509434
7	610134	560	23.264150943396
7	643909	580	23.654205607477
7	678218	600	23.681818181818
7	714229	620	24.116071428571
7	750842	640	24.558558558559
7	788623	660	25.279279279279
7	827572	680	25.910714285714
7	868308	700	26.669565217391
7	909567	720	26.695652173913
7	952395	740	27.372881355932
7	996588	760	28.042372881356
7	1041638	780	28.649572649573
7	1088112	800	28.512195121951
7	1135309	820	29.22131147541
7	1183760	840	29.422764227642
7	1233654	860	29.68
7	1283426	880	29.896
7	1335485	900	30.333333333333
7	1387908	920	30.496062992126
7	1442381	940	30.618320610687
7	1498576	960	31.439393939394
7	1556398	980	32.145038167939
7	1615492	1000	32.514925373134
7	1675314	1020	33.278195488722
7	1736881	1040	33.073529411765
7	1800277	1060	33.869565217391
7	1865160	1080	34.057971014493
7	1931067	1100	34.510638297872
7	1999105	1120	35.302816901408
7	2069025	1140	35.80985915493
7	2140475	1160	37.077464788732
7	2213651	1180	37.262068965517
7	2288489	1200	37.931034482759
7	2365684	1220	38.544217687075
7	2445209	1240	39.666666666667
7	2527200	1260	40.2
7	2611409	1280	41.291390728477
7	2697649	1300	41.758169934641
7	2785150	1320	42.188311688312
7	2874809	1340	42.766233766234
7	2966494	1360	43.589743589744
7	3060378	1380	44.12101910828
7	3156822	1400	45.29746835443
7	3255072	1420	46.238993710692
7	3355237	1440	46.223602484472
7	3458228	1460	47.155279503106
7	3563649	1480	47.509202453988
7	3672113	1500	48.59756097561
7	3781231	1520	49.242424242424
7	3893061	1540	49.724550898204
7	4006208	1560	49.672619047619
7	4123047	1580	51.005917159763
7	4242131	1600	51.333333333333
7	4363654	1620	52.186046511628
7	4487151	1640	52.275862068966
7	4612646	1660	52.24
7	4741229	1680	53.165714285714
7	4872203	1700	53.745762711864
7	5005159	1720	54.077777777778
7	5139844	1740	55.067039106145
7	5277692	1760	55.164835164835
7	5418129	1780	55.917582417582
7	5560713	1800	55.972972972973
7	5706089	1820	56.891891891892
7	5854336	1840	57.623655913978
7	6005327	1860	57.888888888889
7	6158834	1880	58.531578947368
7	6315250	1900	59.278947368421
7	6474026	1920	60.326315789474
7	6636229	1940	60.916666666667
7	6799910	1960	61.407216494845
7	6967448	1980	61.54358974359
7	7137334	2000	62.688775510204
8	146548	240	4.9088411915194
8	172467	260	5.0628471575418
8	199781	280	4.3398196501243
8	227286	300	4.4685023391383
8	254879	320	4.2397277855146
8	282153	340	4.799437009215
8	309173	360	3.8007436343317
8	336856	380	4.0964688411325
8	365086	400	4.7732808974872
8	393322	420	4.9703588757706
8	422659	440	4.4823803568151
8	452369	460	4.8377780325251
8	482637	480	4.3972004471563
8	513338	500	4.4560124965537
8	544919	520	3.6440663504993
8	577133	540	4.7917644233944
8	610134	560	2.666554355227
8	643909	580	3.1295994189935
8	678218	600	4.1307346974783
8	714229	620	4.7868918910744
8	750842	640	3.9281841390941
8	788623	660	3.9684463897811
8	827572	680	4.6933987980985
8	868308	700	5.6688154942238
8	909567	720	5.5916195329048
8	952395	740	6.895801534725
8	996588	760	6.6812584768238
8	1041638	780	6.7304201837835
8	1088112	800	8.0381935145908
8	1135309	820	8.1316769590684
8	1183760	840	8.4475315339883
8	1233654	860	8.7975436454472
8	1283426	880	8.8206356292064
8	1335485	900	9.2364495343178
8	1387908	920	10.026848098463
8	1442381	940	10.139380966742
8	1498576	960	10.861555970632
8	1556398	980	11.180423920272
8	1615492	1000	11.526846776588
8	1675314	1020	11.819573765234
8	1736881	1040	12.347218821911
8	1800277	1060	13.2999237619
8	1865160	1080	13.536524322871
8	1931067	1100	13.819043289852
8	1999105	1120	14.618549101207
8	2069025	1140	14.585494153313
8	2140475	1160	15.059255980633
8	2213651	1180	15.677310519796
8	2288489	1200	16.259892361786
8	2365684	1220	16.993645586173
8	2445209	1240	17.166921574558
8	2527200	1260	18.326641040084
8	2611409	1280	18.667829512818
8	2697649	1300	19.469620783953
8	2785150	1320	19.634493284593
8	2874809	1340	20.30415528089
8	2966494	1360	20.861408047883
8	3060378	1380	21.954016722158
8	3156822	1400	21.954065970982
8	3255072	1420	22.724675463697
8	3355237	1440	23.466991486788
8	3458228	1460	23.245042215011
8	3563649	1480	24.404605945094
8	3672113	1500	24.728146331833
8	3781231	1520	25.135523282251
8	3893061	1540	25.440377893367
8	4006208	1560	26.089320783949
8	4123047	1580	26.109772172006
8	4242131	1600	26.691483550332
8	4363654	1620	26.720564666402
8	4487151	1640	26.605093021564
8	4612646	1660	26.975501870205
8	4741229	1680	27.259733502137
8	4872203	1700	27.761520880573
8	5005159	1720	27.858271703333
8	5139844	1740	27.960163830145
8	5277692	1760	28.442736398597
8	5418129	1780	28.503538961847
8	5560713	1800	29.307298473772
8	5706089	1820	29.278816893514
8	5854336	1840	29.702275453281
8	6005327	1860	29.765096890617
8	6158834	1880	29.985473601785
8	6315250	1900	30.604683373444
8	6474026	1920	30.455255445298
8	6636229	1940	30.839787542021
8	6799910	1960	31.320409169644
8	6967448	1980	31.613514946198
8	7137334	2000	31.962318784511
9	146548	240	24.096721843557
9	172467	260	25.632421340629
9	199781	280	18.834034595605
9	227286	300	19.967513154884
9	254879	320	17.975291695264
9	282153	340	23.034595605423
9	309173	360	14.445652173913
9	336856	380	16.781056966369
9	365086	400	22.784210526316
9	393322	420	24.704467353952
9	422659	440	20.091733663162
9	452369	460	23.404096291982
9	482637	480	19.335371772471
9	513338	500	19.856047369443
9	544919	520	13.279219566841
9	577133	540	22.961006289308
9	610134	560	7.1105121293801
9	643909	580	9.7943925233645
9	678218	600	17.062969140951
9	714229	620	22.914333976834
9	750842	640	15.430630630631
9	788623	660	15.748566748567
9	827572	680	22.027992277992
9	868308	700	32.135469107551
9	909567	720	31.266209000763
9	952395	740	47.552078806316
9	996588	760	44.63921483413
9	1041638	780	45.29855585028
9	1088112	800	64.612554978009
9	1135309	820	66.124170166644
9	1183760	840	71.360789017726
9	1233654	860	77.396774193548
9	1283426	880	77.803612903226
9	1335485	900	85.312
9	1387908	920	100.53768278965
9	1442381	940	102.80704638873
9	1498576	960	117.97339810317
9	1556398	980	125.00187903699
9	1615492	1000	132.86819661093
9	1675314	1020	139.7023239918
9	1736881	1040	152.45381263617
9	1800277	1060	176.88797207236
9	1865160	1080	183.23749074368
9	1931067	1100	190.96595744681
9	1999105	1120	213.70197782439
9	2069025	1140	212.73663969633
9	2140475	1160	226.78119069024
9	2213651	1180	245.7780651341
9	2288489	1200	264.38409961686
9	2365684	1220	288.78399030845
9	2445209	1240	294.70319634703
9	2527200	1260	335.86577181208
9	2611409	1280	348.48785871965
9	2697649	1300	379.06613347093
9	2785150	1320	385.51332654274
9	2874809	1340	412.25872167049
9	2966494	1360	435.19834574028
9	3060378	1380	481.97885023681
9	3156822	1400	481.98101265823
9	3255072	1420	516.41087493034
9	3355237	1440	550.69968944099
9	3458228	1460	540.33198757764
9	3563649	1480	595.5847913353
9	3672113	1500	611.48122100853
9	3781231	1520	631.79453067258
9	3893061	1540	647.21282735733
9	4006208	1560	680.65265896778
9	4123047	1580	681.72020287405
9	4242131	1600	712.43529411765
9	4363654	1620	713.98857609139
9	4487151	1640	707.83097468607
9	4612646	1660	727.67770114943
9	4741229	1680	743.09307060755
9	4872203	1700	770.70204160247
9	5005159	1720	776.08330229671
9	5139844	1740	781.77076140857
9	5277692	1760	808.98925384008
9	5418129	1780	812.45173334952
9	5560713	1800	858.91774383079
9	5706089	1820	857.2491186839
9	5854336	1840	882.22516710259
9	6005327	1860	885.9609929078
9	6158834	1880	899.12862712336
9	6315250	1900	936.64664438875
9	6474026	1920	927.52258423837
9	6636229	1940	951.092495637
9	6799910	1960	980.96803055392
9	6967448	1980	999.4143272535
9	7137334	2000	1021.5898220827
10	146548	240	140.62452508133
10	172467	260	149.49365332015
10	199781	280	145.82656189738
10	227286	300	140.24896405969
10	254879	320	98.417830582568
10	282153	340	198.5752248698
10	309173	360	338.29847004153
10	336856	380	96.424088519935
10	365086	400	141.30716382508
10	393322	420	242.12321795443
10	422659	440	95.324442370494
10	452369	460	234.71093317541
10	482637	480	200.33062725475
10	513338	500	201.32808541135
10	544919	520	152.6158341631
10	577133	540	197.63724336312
10	610134	560	388.38147992817
10	643909	580	203.49301149747
10	678218	600	145.35977831239
10	714229	620	298.27764883223
10	750842	640	290.37853100011
10	788623	660	496.18632919226
10	827572	680	243.18355217533
10	868308	700	297.74938200872
10	909567	720	237.191322746
10	952395	740	350.45877798014
10	996588	760	195.18039306041
10	1041638	780	300.09670942631
10	1088112	800	401.18284211499
10	1135309	820	197.20238209577
10	1183760	840	292.00809023055
10	1233654	860	387.52691200717
10	1283426	880	101.3848422318
10	1335485	900	394.86947791101
10	1387908	920	352.45122879084
10	1442381	940	300.47085036455
10	1498576	960	108.63465293313
10	1556398	980	248.64732010165
10	1615492	1000	188.72476734615
10	1675314	1020	392.20910390639
10	1736881	1040	309.72606401165
10	1800277	1060	436.94588286189
10	1865160	1080	252.75400588812
10	1931067	1100	384.96244029308
10	1999105	1120	346.82919085856
10	2069025	1140	251.83843572547
10	2140475	1160	398.86468682383
10	2213651	1180	349.71814327146
10	2288489	1200	454.76761773199
10	2365684	1220	397.36121497522
10	2445209	1240	441.38822148717
10	2527200	1260	250.14740608664
10	2611409	1280	545.94458195693
10	2697649	1300	196.68328511882
10	2785150	1320	398.41869644314
10	2874809	1340	342.59892809165
10	2966494	1360	360.98499259446
10	3060378	1380	347.29466456171
10	3156822	1400	444.8768767751
10	3255072	1420	243.62035431858
10	3355237	1440	549.56766046264
10	3458228	1460	346.71080850267
10	3563649	1480	243.68878814848
10	3672113	1500	452.80341758447
10	3781231	1520	557.88493730278
10	3893061	1540	438.34201862087
10	4006208	1560	411.37769737349
10	4123047	1580	606.58138145467
10	4242131	1600	255.24669775535
10	4363654	1620	504.35582380366
10	4487151	1640	607.90917599759
10	4612646	1660	603.315063081
10	4741229	1680	351.37664867904
10	4872203	1700	346.95857395408
10	5005159	1720	596.48834593461
10	5139844	1740	396.42946484708
10	5277692	1760	407.11577165938
10	5418129	1780	708.44034231931
10	5560713	1800	494.21697832016
10	5706089	1820	654.81854017961
10	5854336	1840	601.75117418863
10	6005327	1860	625.38572858293
10	6158834	1880	501.63142653108
10	6315250	1900	608.46863840687
10	6474026	1920	399.91190980199
10	6636229	1940	507.57228851916
10	6799910	1960	464.35739409863
10	6967448	1980	303.1563775732
10	7137334	2000	305.30191759447
11	146548	240	46.874841693776
11	172467	260	49.831217773384
11	199781	280	48.608853965793
11	227286	300	46.749654686564
11	254879	320	49.208915291284
11	282153	340	49.643806217449
11	309173	360	48.328352863076
11	336856	380	48.212044259968
11	365086	400	47.102387941695
11	393322	420	48.424643590886
11	422659	440	47.662221185247
11	452369	460	46.942186635081
11	482637	480	50.082656813687
11	513338	500	50.332021352837
11	544919	520	50.871944721032
11	577133	540	49.40931084078
11	610134	560	48.547684991021
11	643909	580	50.873252874368
11	678218	600	48.453259437465
11	714229	620	49.712941472039
11	750842	640	48.396421833351
11	788623	660	49.618632919226
11	827572	680	48.636710435065
11	868308	700	49.624897001453
11	909567	720	47.4382645492
11	952395	740	50.065539711448
11	996588	760	48.795098265104
11	1041638	780	50.016118237718
11	1088112	800	50.147855264374
11	1135309	820	49.300595523944
11	1183760	840	48.668015038425
11	1233654	860	48.440864000897
11	1283426	880	50.692421115898
11	1335485	900	49.358684738877
11	1387908	920	50.350175541548
11	1442381	940	50.078475060758
11	1498576	960	54.317326466567
11	1556398	980	49.72946402033
11	1615492	1000	47.181191836538
11	1675314	1020	49.026137988299
11	1736881	1040	51.621010668609
11	1800277	1060	48.549542540209
11	1865160	1080	50.550801177623
11	1931067	1100	48.120305036635
11	1999105	1120	49.547027265508
11	2069025	1140	50.367687145094
11	2140475	1160	49.858085852979
11	2213651	1180	49.959734753065
11	2288489	1200	50.529735303555
11	2365684	1220	49.670151871902
11	2445209	1240	49.043135720797
11	2527200	1260	50.029481217329
11	2611409	1280	49.631325632448
11	2697649	1300	49.170821279705
11	2785150	1320	49.802337055393
11	2874809	1340	48.942704013092
11	2966494	1360	51.569284656352
11	3060378	1380	49.613523508815
11	3156822	1400	49.430764086122
11	3255072	1420	48.724070863716
11	3355237	1440	49.960696405695
11	3458228	1460	49.530115500382
11	3563649	1480	48.737757629696
11	3672113	1500	50.311490842719
11	3781231	1520	50.716812482071
11	3893061	1540	48.704668735652
11	4006208	1560	51.422212171686
11	4123047	1580	50.548448454556
11	4242131	1600	51.049339551071
11	4363654	1620	50.435582380366
11	4487151	1640	50.659097999799
11	4612646	1660	50.27625525675
11	4741229	1680	50.196664097005
11	4872203	1700	49.565510564869
11	5005159	1720	49.707362161217
11	5139844	1740	49.553683105884
11	5277692	1760	50.889471457422
11	5418129	1780	50.602881594236
11	5560713	1800	49.421697832016
11	5706089	1820	50.370656936893
11	5854336	1840	50.145931182386
11	6005327	1860	52.115477381911
11	6158834	1880	50.163142653108
11	6315250	1900	50.705719867239
11	6474026	1920	49.988988725249
11	6636229	1940	50.757228851916
11	6799910	1960	51.595266010959
11	6967448	1980	50.526062928866
11	7137334	2000	50.883652932411
12	146548	240	1.372743749035
12	172467	260	4.1206131380279
12	199781	280	1.6538088145212
12	227286	300	1.3229830857426
12	254879	320	3.214254176186
12	282153	340	2.0786413790898
12	309173	360	1.9407524215081
12	336856	380	0.33946823993759
12	365086	400	1.16104644742
12	393322	420	2.2478711099691
12	422659	440	0.61795404057301
12	452369	460	1.2191137489477
12	482637	480	3.2985272997498
12	513338	500	1.3350826227055
12	544919	520	2.7115681054083
12	577133	540	2.6967241015716
12	610134	560	4.1922794463551
12	643909	580	5.2584001534639
12	678218	600	2.0368406408653
12	714229	620	2.0087434972907
12	750842	640	2.7236944075299
12	788623	660	2.5559415166087
12	827572	680	3.0476098196118
12	868308	700	4.2384565378599
12	909567	720	2.2210538940281
12	952395	740	3.4303561081574
12	996588	760	2.3703457271885
12	1041638	780	2.350024717766
12	1088112	800	2.6116752822534
12	1135309	820	2.616782439404
12	1183760	840	1.9654536487444
12	1233654	860	1.9259000086905
12	1283426	880	0.49414337326655
12	1335485	900	1.7619459729687
12	1387908	920	1.9771563177734
12	1442381	940	3.1301350869071
12	1498576	960	1.6879823731377
12	1556398	980	1.7673750200791
12	1615492	1000	1.1267693709734
12	1675314	1020	2.2244168396298
12	1736881	1040	4.2241266195286
12	1800277	1060	4.4951947962023
12	1865160	1080	3.3569735470405
12	1931067	1100	1.9160902318705
12	1999105	1120	2.9750091847048
12	2069025	1140	2.4609153218551
12	2140475	1160	2.342069129489
12	2213651	1180	2.1703202097729
12	2288489	1200	1.683736817864
12	2365684	1220	1.4524103680946
12	2445209	1240	1.8172236758935
12	2527200	1260	2.4073900097544
12	2611409	1280	2.2551409933427
12	2697649	1300	2.1769503999932
12	2785150	1320	1.9540451997637
12	2874809	1340	1.6737385300972
12	2966494	1360	1.846208780752
12	3060378	1380	1.0462339455208
12	3156822	1400	2.1276120356902
12	3255072	1420	1.4612259452319
12	3355237	1440	2.2911132100608
12	3458228	1460	2.8024745284998
12	3563649	1480	1.566038032909
12	3672113	1500	2.1089414483325
12	3781231	1520	1.8494058602542
12	3893061	1540	3.018723788174
12	4006208	1560	2.1606675699347
12	4123047	1580	2.3806451261778
12	4242131	1600	0.57400141893213
12	4363654	1620	3.2840693698977
12	4487151	1640	2.6489279914299
12	4612646	1660	3.1763865584342
12	4741229	1680	1.9516747299373
12	4872203	1700	2.6660460428644
12	5005159	1720	1.6917284054119
12	5139844	1740	3.3087320662026
12	5277692	1760	3.1686870118232
12	5418129	1780	2.0341644256476
12	5560713	1800	2.3287853768497
12	5706089	1820	1.9869465235885
12	5854336	1840	2.7254518445726
12	6005327	1860	5.0964515329348
12	6158834	1880	1.9112799831678
12	6315250	1900	2.1281140822202
12	6474026	1920	2.4416088078446
12	6636229	1940	2.0133462715924
12	6799910	1960	3.3290718914647
12	6967448	1980	2.6360556194008
12	7137334	2000	1.5563039669124
13	146548	240	1.8844254005145
13	172467	260	16.979452633288
13	199781	280	2.7350835949881
13	227286	300	1.7502842451609
13	254879	320	10.331429909129
13	282153	340	4.3207499828642
13	309173	360	3.7665199615895
13	336856	380	0.11523868592632
13	365086	400	1.3480288530665
13	393322	420	5.0529245270336
13	422659	440	0.3818671962605
13	452369	460	1.4862383328733
13	482637	480	10.880282347194
13	513338	500	1.7824456094503
13	544919	520	7.3526015902676
13	577133	540	7.2723208799973
13	610134	560	17.575206956331
13	643909	580	27.650772173949
13	678218	600	4.1487197962807
13	714229	620	4.0350504379077
13	750842	640	7.4185112256096
13	788623	660	6.5328370363238
13	827572	680	9.2879256125942
13	868308	700	17.964513823328
13	909567	720	4.9330804001773
13	952395	740	11.767343028773
13	996588	760	5.6185388664009
13	1041638	780	5.5226161741113
13	1088112	800	6.8208477799331
13	1135309	820	6.847550335173
13	1183760	840	3.8630080453626
13	1233654	860	3.709090843474
13	1283426	880	0.24417767334324
13	1335485	900	3.1044536116605
13	1387908	920	3.9091471049111
13	1442381	940	9.7977456622871
13	1498576	960	2.8492844920237
13	1556398	980	3.1236144615997
13	1615492	1000	1.2696092153639
13	1675314	1020	4.9480302764288
13	1736881	1040	17.84324569781
13	1800277	1060	20.206776255804
13	1865160	1080	11.26927139553
13	1931067	1100	3.6714017766695
13	1999105	1120	8.8506796490781
13	2069025	1140	6.056104221341
13	2140475	1160	5.4852878073051
13	2213651	1180	4.7102898129486
13	2288489	1200	2.8349696718306
13	2365684	1220	2.1094958773486
13	2445209	1240	3.3023018882277
13	2527200	1260	5.7955266590653
13	2611409	1280	5.0856608998547
13	2697649	1300	4.7391130440304
13	2785150	1320	3.8182926427194
13	2874809	1340	2.801400667132
13	2966494	1360	3.4084868621256
13	3060378	1380	1.09460546876
13	3156822	1400	4.526732974414
13	3255072	1420	2.1351812630188
13	3355237	1440	5.2491997413149
13	3458228	1460	7.8538634828903
13	3563649	1480	2.4524751205176
13	3672113	1500	4.4476340324948
13	3781231	1520	3.4203020359426
13	3893061	1540	9.1126933092875
13	4006208	1560	4.6684843477675
13	4123047	1580	5.6674712167943
13	4242131	1600	0.3294776289361
13	4363654	1620	10.7851116263
13	4487151	1640	7.0168195037808
13	4612646	1660	10.089431568602
13	4741229	1680	3.8090342514757
13	4872203	1700	7.1078015026732
13	5005159	1720	2.8619449976776
13	5139844	1740	10.947707885918
13	5277692	1760	10.040577378897
13	5418129	1780	4.1378249105703
13	5560713	1800	5.4232413314291
13	5706089	1820	3.9479564876006
13	5854336	1840	7.4280877570841
13	6005327	1860	25.973818227554
13	6158834	1880	3.6529911740581
13	6315250	1900	4.528869546944
13	6474026	1920	5.9614535705444
13	6636229	1940	4.0535632093351
13	6799910	1960	11.08271965854
13	6967448	1980	6.9487892285747
13	7137334	2000	2.4220820374274
14	146548	240	133.7753841349
14	172467	260	267.15616785316
14	199781	280	270.3786455763
14	227286	300	179.51319998506
14	254879	320	179.38816162434
14	282153	340	225.27764271823
14	309173	360	316.42116618275
14	336856	380	91.019002095743
14	365086	400	227.62241610607
14	393322	420	224.99273458495
14	422659	440	89.083474239545
14	452369	460	359.73591569844
14	482637	480	275.00872798564
14	513338	500	229.83532553319
14	544919	520	231.05793081617
14	577133	540	233.18025918781
14	610134	560	455.86107947449
14	643909	580	413.17363723706
14	678218	600	278.34424462528
14	714229	620	323.13519121021
14	750842	640	318.63413883609
14	788623	660	597.94548054063
14	827572	680	321.2620619162
14	868308	700	318.18845219532
14	909567	720	406.52502183172
14	952395	740	406.12727531269
14	996588	760	181.21893566266
14	1041638	780	319.04315157719
14	1088112	800	414.6568171358
14	1135309	820	228.31224538346
14	1183760	840	270.58297241447
14	1233654	860	497.86598304841
14	1283426	880	140.46907618075
14	1335485	900	464.72727194216
14	1387908	920	323.35627713598
14	1442381	940	320.96938791914
14	1498576	960	228.67776546965
14	1556398	980	319.81651239424
14	1615492	1000	178.38050256324
14	1675314	1020	591.54209505807
14	1736881	1040	276.21803808471
14	1800277	1060	460.16982961728
14	1865160	1080	365.80564056137
14	1931067	1100	457.25371429809
14	1999105	1120	365.07051672893
14	2069025	1140	322.36311604539
14	2140475	1160	365.12330115485
14	2213651	1180	370.51130541567
14	2288489	1200	509.3773835862
14	2365684	1220	366.91006343353
14	2445209	1240	500.10756997697
14	2527200	1260	456.77745206779
14	2611409	1280	727.72823369164
14	2697649	1300	226.1045749125
14	2785150	1320	365.19192045399
14	2874809	1340	590.60588224248
14	2966494	1360	322.84457773889
14	3060378	1380	412.44174454499
14	3156822	1400	544.95529695477
14	3255072	1420	407.3142620549
14	3355237	1440	596.66098117688
14	3458228	1460	448.96148360338
14	3563649	1480	407.07404101942
14	3672113	1500	553.12897853807
14	3781231	1520	645.71904504913
14	3893061	1540	408.25318032949
14	4006208	1560	503.3107660059
14	4123047	1580	637.83282022586
14	4242131	1600	318.4358477238
14	4363654	1620	547.59445200773
14	4487151	1640	547.33755774092
14	4612646	1660	682.21429833166
14	4741229	1680	364.45285289656
14	4872203	1700	592.53941127211
14	5005159	1720	726.37940832292
14	5139844	1740	409.1155195607
14	5277692	1760	504.23490674566
14	5418129	1780	642.58636012691
14	5560713	1800	499.55342535183
14	5706089	1820	731.57627044978
14	5854336	1840	549.76517843534
14	6005327	1860	549.03411421569
14	6158834	1880	638.78144633725
14	6315250	1900	684.69952048947
14	6474026	1920	454.94258625793
14	6636229	1940	592.61829941822
14	6799910	1960	548.23927580543
14	6967448	1980	366.84736781327
14	7137334	2000	413.17994907038
15	146548	240	44.591794711633
15	172467	260	44.526027975527
15	199781	280	45.063107596051
15	227286	300	44.878299996264
15	254879	320	44.847040406085
15	282153	340	45.055528543647
15	309173	360	45.203023740393
15	336856	380	45.509501047871
15	365086	400	45.524483221213
15	393322	420	44.99854691699
15	422659	440	44.541737119772
15	452369	460	44.966989462304
15	482637	480	45.834787997607
15	513338	500	45.967065106637
15	544919	520	46.211586163234
15	577133	540	46.636051837561
15	610134	560	45.586107947449
15	643909	580	45.908181915229
15	678218	600	46.390707437547
15	714229	620	46.162170172887
15	750842	640	45.51916269087
15	788623	660	45.995806195433
15	827572	680	45.894580273743
15	868308	700	45.455493170761
15	909567	720	45.169446870191
15	952395	740	45.125252812521
15	996588	760	45.304733915665
15	1041638	780	45.577593082456
15	1088112	800	46.072979681756
15	1135309	820	45.662449076691
15	1183760	840	45.097162069078
15	1233654	860	45.260543913492
15	1283426	880	46.823025393582
15	1335485	900	46.472727194216
15	1387908	920	46.193753876569
15	1442381	940	45.852769702734
15	1498576	960	45.735553093929
15	1556398	980	45.688073199178
15	1615492	1000	44.595125640811
15	1675314	1020	45.50323808139
15	1736881	1040	46.036339680785
15	1800277	1060	46.016982961728
15	1865160	1080	45.725705070171
15	1931067	1100	45.725371429809
15	1999105	1120	45.633814591116
15	2069025	1140	46.05187372077
15	2140475	1160	45.640412644357
15	2213651	1180	46.313913176959
15	2288489	1200	46.307034871473
15	2365684	1220	45.863757929192
15	2445209	1240	45.464324543361
15	2527200	1260	45.677745206779
15	2611409	1280	45.483014605728
15	2697649	1300	45.220914982499
15	2785150	1320	45.648990056749
15	2874809	1340	45.43122171096
15	2966494	1360	46.120653962698
15	3060378	1380	45.826860504999
15	3156822	1400	45.412941412898
15	3255072	1420	45.257140228322
15	3355237	1440	45.896998552068
15	3458228	1460	44.896148360338
15	3563649	1480	45.230449002158
15	3672113	1500	46.094081544839
15	3781231	1520	46.122788932081
15	3893061	1540	45.361464481054
15	4006208	1560	45.755524182355
15	4123047	1580	45.55948715899
15	4242131	1600	45.490835389114
15	4363654	1620	45.632871000644
15	4487151	1640	45.611463145077
15	4612646	1660	45.480953222111
15	4741229	1680	45.55660661207
15	4872203	1700	45.57995471324
15	5005159	1720	45.398713020183
15	5139844	1740	45.457279951189
15	5277692	1760	45.839536976878
15	5418129	1780	45.89902572335
15	5560713	1800	45.413947759257
15	5706089	1820	45.723516903111
15	5854336	1840	45.813764869612
15	6005327	1860	45.752842851308
15	6158834	1880	45.627246166946
15	6315250	1900	45.646634699298
15	6474026	1920	45.494258625793
15	6636229	1940	45.58602303217
15	6799910	1960	45.68660631712
15	6967448	1980	45.855920976659
15	7137334	2000	45.908883230043
16	146548	240	0.13921722637184
16	172467	260	0.065233294087651
16	199781	280	0.47541983706666
16	227286	300	0.37031152451033
16	254879	320	0.21428913447041
16	282153	340	0.84484992535931
16	309173	360	0.98465463958241
16	336856	380	0.85315664351672
16	365086	400	1.2938672755075
16	393322	420	0.66107277915642
16	422659	440	0.060211830332922
16	452369	460	0.74006878688189
16	482637	480	1.7677494800712
16	513338	500	1.6537549731025
16	544919	520	2.2034676881246
16	577133	540	1.975190995873
16	610134	560	1.5587038168664
16	643909	580	1.8523743259301
16	678218	600	1.9374448210074
16	714229	620	1.7955188712986
16	750842	640	1.6176667163869
16	788623	660	1.5056291442888
16	827572	680	1.4384970301214
16	868308	700	1.2880667967117
16	909567	720	1.1269137362974
16	952395	740	1.1899061827175
16	996588	760	1.4218553288248
16	1041638	780	1.0498454618477
16	1088112	800	1.4745057962264
16	1135309	820	1.2810606596713
16	1183760	840	0.81559084040396
16	1233654	860	0.96628221593092
16	1283426	880	0.41548098833438
16	1335485	900	1.4011822932708
16	1387908	920	1.145754230128
16	1442381	940	1.5536842856972
16	1498576	960	1.4126527978713
16	1556398	980	1.1231384191441
16	1615492	1000	0.21377216372755
16	1675314	1020	1.1263427180988
16	1736881	1040	1.0246401118242
16	1800277	1060	1.4111927439127
16	1865160	1080	1.1392437739538
16	1931067	1100	1.4848424715374
16	1999105	1120	1.3042619810417
16	2069025	1140	1.3579653412028
16	2140475	1160	0.93348657683334
16	2213651	1180	1.3102742452812
16	2288489	1200	0.94116381634905
16	2365684	1220	1.1748067822539
16	2445209	1240	1.0739030572077
16	2527200	1260	0.90920921896508
16	2611409	1280	0.93114183369562
16	2697649	1300	0.80673226881182
16	2785150	1320	0.91855077061366
16	2874809	1340	0.71860611142543
16	2966494	1360	0.70585215502496
16	3060378	1380	0.85211819608846
16	3156822	1400	0.94492708149987
16	3255072	1420	1.0990048708624
16	3355237	1440	0.94314662612946
16	3458228	1460	0.73238075618238
16	3563649	1480	1.2384049523213
16	3672113	1500	1.1959231892193
16	3781231	1520	0.96855600297537
16	3893061	1540	1.0002067751823
16	4006208	1560	0.85802048292244
16	4123047	1580	0.8208361573635
16	4242131	1600	0.51578956532128
16	4363654	1620	0.77688660761096
16	4487151	1640	0.9685586635799
16	4612646	1660	0.79722540498935
16	4741229	1680	1.1622663281665
16	4872203	1700	0.85978244723503
16	5005159	1720	0.75157891985894
16	5139844	1740	0.72613559753091
16	5277692	1760	1.0408966680048
16	5418129	1780	1.0820834696065
16	5560713	1800	0.6926800467118
16	5706089	1820	0.66600057600118
16	5854336	1840	0.90273830278332
16	6005327	1860	0.78055664797403
16	6158834	1880	1.0018812851424
16	6315250	1900	0.71985322638511
16	6474026	1920	0.88748852832078
16	6636229	1940	0.71324504354269
16	6799910	1960	0.9968498327729
16	6967448	1980	1.5592214442648
16	7137334	2000	0.85823871706541
17	146548	240	0.019381436118669
17	172467	260	0.004255382657526
17	199781	280	0.22602402147649
17	227286	300	0.13713062518516
17	254879	320	0.045919833152075
17	282153	340	0.71377139637963
17	309173	360	0.96954475925116
17	336856	380	0.72787625837672
17	365086	400	1.6740925266293
17	393322	420	0.43701721934159
17	422659	440	0.0036254645120406
17	452369	460	0.54770180931683
17	482637	480	3.124938224292
17	513338	500	2.7349055110611
17	544919	520	4.8552698526091
17	577133	540	3.9013794701778
17	610134	560	2.4295575887138
17	643909	580	3.4312906433651
17	678218	600	3.7536924344483
17	714229	620	3.2238880171892
17	750842	640	2.6168456053059
17	788623	660	2.2669191201319
17	827572	680	2.0692737056681
17	868308	700	1.6591160727911
17	909567	720	1.2699345690558
17	952395	740	1.4158767236693
17	996588	760	2.0216725761075
17	1041638	780	1.1021754937622
17	1088112	800	2.1741673431051
17	1135309	820	1.6411164137575
17	1183760	840	0.66518841895084
17	1233654	860	0.93370132082436
17	1283426	880	0.17262445166731
17	1335485	900	1.9633118189757
17	1387908	920	1.3127527558561
17	1442381	940	2.4139348596225
17	1498576	960	1.9955879273337
17	1556398	980	1.2614399085576
17	1615492	1000	0.045698537984757
17	1675314	1020	1.2686479186141
17	1736881	1040	1.0498873587591
17	1800277	1060	1.991464960472
17	1865160	1080	1.2978763764926
17	1931067	1100	2.2047571652814
17	1999105	1120	1.7010993151909
17	2069025	1140	1.844069867908
17	2140475	1160	0.87139718912802
17	2213651	1180	1.7168185978472
17	2288489	1200	0.88578932920472
17	2365684	1220	1.3801709756297
17	2445209	1240	1.15326777628
17	2527200	1260	0.8266614038511
17	2611409	1280	0.86702511445804
17	2697649	1300	0.65081695354226
17	2785150	1320	0.84373551819496
17	2874809	1340	0.51639474337798
17	2966494	1360	0.49822726475338
17	3060378	1380	0.72610542010506
17	3156822	1400	0.89288718935186
17	3255072	1420	1.2078117061793
17	3355237	1440	0.88952555837938
17	3458228	1460	0.53638157202628
17	3563649	1480	1.5336468259338
17	3672113	1500	1.4302322745124
17	3781231	1520	0.93810073089963
17	3893061	1540	1.0004135931206
17	4006208	1560	0.73619914911446
17	4123047	1580	0.67377199723528
17	4242131	1600	0.26603887569431
17	4363654	1620	0.60355280108526
17	4487151	1640	0.93810588479568
17	4612646	1660	0.63556834636044
17	4741229	1680	1.3508630175897
17	4872203	1700	0.73922585657346
17	5005159	1720	0.56487087277634
17	5139844	1740	0.52727290600157
17	5277692	1760	1.0834658734636
17	5418129	1780	1.1709046351957
17	5560713	1800	0.47980564711266
17	5706089	1820	0.4435567672339
17	5854336	1840	0.81493644331211
17	6005327	1860	0.60926868069646
17	6158834	1880	1.0037661095186
17	6315250	1900	0.51818866753705
17	6474026	1920	0.78763588790099
17	6636229	1940	0.50871849213821
17	6799910	1960	0.99370958909935
17	6967448	1980	2.4311715122553
17	7137334	2000	0.73657369547008
18	146548	240	1233.8472508065
18	172467	260	1382.9266562211
18	199781	280	1432.83386347
18	227286	300	1440.6972670457
18	254879	320	1437.1178117204
18	282153	340	1294.02515247
18	309173	360	1309.8570974202
18	336856	380	1352.893798157
18	365086	400	1211.8700077277
18	393322	420	1410.9968131325
18	422659	440	1305.3302034651
18	452369	460	1374.0487912309
18	482637	480	1326.5344377464
18	513338	500	1115.7514930111
18	544919	520	1227.3777444786
18	577133	540	1274.9394199856
18	610134	560	1489.9530904066
18	643909	580	1425.031380234
18	678218	600	1477.5169505139
18	714229	620	1373.0681783852
18	750842	640	1633.1111207899
18	788623	660	1836.4855662926
18	827572	680	1882.7607178473
18	868308	700	1798.3667714156
18	909567	720	1832.8056130421
18	952395	740	1793.9279568946
18	996588	760	1829.3989288092
18	1041638	780	1993.3268052146
18	1088112	800	2175.2315043618
18	1135309	820	2102.17288954
18	1183760	840	2258.3031908706
18	1233654	860	2405.0817735192
18	1283426	880	2305.7250364164
18	1335485	900	2303.1061901249
18	1387908	920	2357.1842694996
18	1442381	940	2401.5634622156
18	1498576	960	2457.5309341843
18	1556398	980	2441.8323016036
18	1615492	1000	2603.0057408919
18	1675314	1020	2478.7570171578
18	1736881	1040	2329.3943275341
18	1800277	1060	2168.7880907224
18	1865160	1080	2303.4280443349
18	1931067	1100	2491.0347611764
18	1999105	1120	2554.5730874536
18	2069025	1140	2824.6903404766
18	2140475	1160	2970.6012252045
18	2213651	1180	3020.0057090801
18	2288489	1200	3008.3767792097
18	2365684	1220	3018.8651397382
18	2445209	1240	3158.0818413083
18	2527200	1260	3146.2802176686
18	2611409	1280	3165.452182468
18	2697649	1300	3173.3363662567
18	2785150	1320	3077.1566100935
18	2874809	1340	3216.5747663913
18	2966494	1360	3288.6132324073
18	3060378	1380	3292.1733123352
18	3156822	1400	3419.1944953802
18	3255072	1420	3665.3438984721
18	3355237	1440	3593.7675324567
18	3458228	1460	3738.5226989052
18	3563649	1480	3846.3588560398
18	3672113	1500	3635.3789807718
18	3781231	1520	3634.0911444553
18	3893061	1540	4028.857147293
18	4006208	1560	3994.8966929279
18	4123047	1580	3986.1534430215
18	4242131	1600	4306.2916966052
18	4363654	1620	4106.9253587863
18	4487151	1640	4004.9744225912
18	4612646	1660	4266.1359054706
18	4741229	1680	4347.9036052802
18	4872203	1700	4442.4008910499
18	5005159	1720	4548.2998470705
18	5139844	1740	4415.09705491
18	5277692	1760	4431.5538100789
18	5418129	1780	4605.2673729744
18	5560713	1800	4752.7590215166
18	5706089	1820	4506.9224683983
18	5854336	1840	4775.6776401538
18	6005327	1860	4846.4998434042
18	6158834	1880	4872.8713632055
18	6315250	1900	4797.0342073508
18	6474026	1920	4894.8590496168
18	6636229	1940	4820.8155864475
18	6799910	1960	4807.0939575075
18	6967448	1980	4851.4927343034
18	7137334	2000	4542.3288593507
19	146548	240	47.455663492558
19	172467	260	47.687126076588
19	199781	280	47.761128782332
19	227286	300	48.023242234857
19	254879	320	47.903927057347
19	282153	340	47.926857498888
19	309173	360	48.513225830379
19	336856	380	48.317635648465
19	365086	400	48.474800309108
19	393322	420	48.655062521812
19	422659	440	48.345563091299
19	452369	460	49.073171115388
19	482637	480	49.130905101719
19	513338	500	48.510934478742
19	544919	520	49.095109779143
19	577133	540	49.036131537907
19	610134	560	49.665103013553
19	643909	580	49.139013111516
19	678218	600	49.250565017129
19	714229	620	49.038149228043
19	750842	640	49.488215781513
19	788623	660	49.634745034936
19	827572	680	49.546334680193
19	868308	700	49.954632539322
19	909567	720	49.535286838976
19	952395	740	49.831332135961
19	996588	760	49.44321429214
19	1041638	780	49.833170130366
19	1088112	800	49.437079644586
19	1135309	820	50.051735465238
19	1183760	840	50.18451535268
19	1233654	860	50.105870281651
19	1283426	880	50.124457313401
19	1335485	900	50.067525872281
19	1387908	920	50.152856797864
19	1442381	940	50.032572129491
19	1498576	960	50.153692534374
19	1556398	980	50.871506283409
19	1615492	1000	51.039328252782
19	1675314	1020	50.586877901179
19	1736881	1040	50.639007120307
19	1800277	1060	50.436932342381
19	1865160	1080	50.074522702932
19	1931067	1100	49.820695223527
19	1999105	1120	50.089668381442
19	2069025	1140	50.440898937082
19	2140475	1160	50.349173308551
19	2213651	1180	50.333428484668
19	2288489	1200	50.139612986829
19	2365684	1220	50.314418995637
19	2445209	1240	50.12828319537
19	2527200	1260	49.94095583601
19	2611409	1280	50.245272737587
19	2697649	1300	50.370418512012
19	2785150	1320	50.445190329402
19	2874809	1340	50.258980724864
19	2966494	1360	50.594049729343
19	3060378	1380	50.648820189772
19	3156822	1400	50.282271990885
19	3255072	1420	50.907554145446
19	3355237	1440	50.616444119109
19	3458228	1460	50.520577012232
19	3563649	1480	50.609984947892
19	3672113	1500	50.491374732942
19	3781231	1520	50.473488117435
19	3893061	1540	50.360714341163
19	4006208	1560	50.568312568708
19	4123047	1580	50.457638519259
19	4242131	1600	50.662255254179
19	4363654	1620	50.702782207239
19	4487151	1640	50.695878766977
19	4612646	1660	50.787332207984
19	4741229	1680	50.557018666049
19	4872203	1700	50.481828307385
19	5005159	1720	50.53666496745
19	5139844	1740	50.171557442159
19	5277692	1760	50.358566023624
19	5418129	1780	50.60733376895
19	5560713	1800	50.561266186347
19	5706089	1820	50.639578296611
19	5854336	1840	50.805081278232
19	6005327	1860	51.015787825307
19	6158834	1880	50.759076700058
19	6315250	1900	51.032278801604
19	6474026	1920	50.988115100175
19	6636229	1940	50.745427225763
19	6799910	1960	51.139297420293
19	6967448	1980	51.068344571615
19	7137334	2000	51.037402914053
20	146548	240	1.6960976829414
20	172467	260	2.2187637522931
20	199781	280	2.1962780608516
20	227286	300	2.7920780151186
20	254879	320	1.9648699032513
20	282153	340	2.7447111861179
20	309173	360	2.187130567565
20	336856	380	2.2663788552696
20	365086	400	1.9080088138189
20	393322	420	2.1890369348411
20	422659	440	3.0114505424417
20	452369	460	2.2438243198213
20	482637	480	2.6240312630381
20	513338	500	2.0860827514814
20	544919	520	2.8222383583464
20	577133	540	2.5195459414014
20	610134	560	3.4767740893485
20	643909	580	3.5030112190306
20	678218	600	2.8699214501987
20	714229	620	3.0164822599497
20	750842	640	2.574532137506
20	788623	660	2.733172627582
20	827572	680	2.5016442929721
20	868308	700	3.0401659973095
20	909567	720	2.9150356976409
20	952395	740	3.0303417821551
20	996588	760	3.1907489784518
20	1041638	780	2.9040194954908
20	1088112	800	3.0106572638372
20	1135309	820	2.9786725624423
20	1183760	840	2.7037540580787
20	1233654	860	2.9774461357246
20	1283426	880	3.0207979845969
20	1335485	900	3.191767570892
20	1387908	920	3.2361627801858
20	1442381	940	3.280760026795
20	1498576	960	3.398192655153
20	1556398	980	3.9302078773534
20	1615492	1000	4.0898522452824
20	1675314	1020	3.7312936725709
20	1736881	1040	3.3501073061315
20	1800277	1060	3.2927834462993
20	1865160	1080	3.2344469108738
20	1931067	1100	2.9520393658713
20	1999105	1120	2.7217899077266
20	2069025	1140	2.7074831264757
20	2140475	1160	2.9971368255189
20	2213651	1180	2.965727747916
20	2288489	1200	2.7367613703957
20	2365684	1220	2.0815624567081
20	2445209	1240	2.3486747940156
20	2527200	1260	2.6544500154954
20	2611409	1280	2.1067302369668
20	2697649	1300	2.1739132983893
20	2785150	1320	2.33021275751
20	2874809	1340	2.2747638603856
20	2966494	1360	2.4213452156596
20	3060378	1380	2.1739886794346
20	3156822	1400	2.5006575756628
20	3255072	1420	2.8869348863532
20	3355237	1440	2.5669833934134
20	3458228	1460	2.6439084215955
20	3563649	1480	2.9365048859486
20	3672113	1500	2.6123435093839
20	3781231	1520	2.5467358276966
20	3893061	1540	2.9788581338004
20	4006208	1560	2.6323759403913
20	4123047	1580	2.9669997785852
20	4242131	1600	2.4638265383219
20	4363654	1620	2.6845020181529
20	4487151	1640	2.6490271397857
20	4612646	1660	2.6463826718726
20	4741229	1680	2.6385627653262
20	4872203	1700	2.7887973631147
20	5005159	1720	2.7881567727693
20	5139844	1740	2.8304336715579
20	5277692	1760	2.7230705205974
20	5418129	1780	2.4409670911828
20	5560713	1800	2.5707878224297
20	5706089	1820	2.6613494367926
20	5854336	1840	2.2340565463278
20	6005327	1860	2.7642001809669
20	6158834	1880	2.3827069452307
20	6315250	1900	2.4732626316936
20	6474026	1920	2.8030520134263
20	6636229	1940	3.051270414445
20	6799910	1960	2.7309563675354
20	6967448	1980	2.3979214655755
20	7137334	2000	2.6718020403577
21	146548	240	2.8767473500791
21	172467	260	4.9229125884897
21	199781	280	4.8236373205781
21	227286	300	7.7956996425088
21	254879	320	3.860713736703
21	282153	340	7.5334394952008
21	309173	360	4.7835401195774
21	336856	380	5.1364731156133
21	365086	400	3.6404976336105
21	393322	420	4.7918827020984
21	422659	440	9.0688343695722
21	452369	460	5.0347475782216
21	482637	480	6.8855400694014
21	513338	500	4.3517412460282
21	544919	520	7.9650293513217
21	577133	540	6.3481117508324
21	610134	560	12.087958068365
21	643909	580	12.271087600654
21	678218	600	8.2364491303106
21	714229	620	9.0991652245911
21	750842	640	6.6282157270511
21	788623	660	7.4702326121635
21	827572	680	6.2582241685601
21	868308	700	9.2426092911967
21	909567	720	8.4974331185207
21	952395	740	9.1829713166749
21	996588	760	10.180879043491
21	1041638	780	8.4333292301907
21	1088112	800	9.0640571602959
21	1135309	820	8.8724902342464
21	1183760	840	7.3102860065768
21	1233654	860	8.8651854911412
21	1283426	880	9.1252204637447
21	1335485	900	10.187380226598
21	1387908	920	10.47274953986
21	1442381	940	10.763386353416
21	1498576	960	11.547713321536
21	1556398	980	15.446533959211
21	1615492	1000	16.726891388242
21	1675314	1020	13.922552470968
21	1736881	1040	11.223218962596
21	1800277	1060	10.842422824223
21	1865160	1080	10.461646819261
21	1931067	1100	8.7145364176538
21	1999105	1120	7.4081403018022
21	2069025	1140	7.3304648801505
21	2140475	1160	8.9828291508815
21	2213651	1180	8.7955410747588
21	2288489	1200	7.4898627984901
21	2365684	1220	4.3329022611765
21	2445209	1240	5.5162732880444
21	2527200	1260	7.0461048847638
21	2611409	1280	4.4383122913501
21	2697649	1300	4.7258990289138
21	2785150	1320	5.4298914952622
21	2874809	1340	5.1745506205164
21	2966494	1360	5.8629126533975
21	3060378	1380	4.7262267783099
21	3156822	1400	6.2532883107198
21	3255072	1420	8.3343930380429
21	3355237	1440	6.58940374206
21	3458228	1460	6.9902517417837
21	3563649	1480	8.6230609452002
21	3672113	1500	6.8243386110203
21	3781231	1520	6.4858633760734
21	3893061	1540	8.8735957813091
21	4006208	1560	6.9294030915508
21	4123047	1580	8.8030876861247
21	4242131	1600	6.0704412109394
21	4363654	1620	7.206551085467
21	4487151	1640	7.0173447873214
21	4612646	1660	7.0033412459878
21	4741229	1680	6.9620134665659
21	4872203	1700	7.7773907325152
21	5005159	1720	7.7738181895392
21	5139844	1740	8.0113547690886
21	5277692	1760	7.4151130601465
21	5418129	1780	5.9583203402375
21	5560713	1800	6.6089500279528
21	5706089	1820	7.0827808247163
21	5854336	1840	4.9910086521899
21	6005327	1860	7.6408026404575
21	6158834	1880	5.6772923868504
21	6315250	1900	6.1170280453318
21	6474026	1920	7.8571005899733
21	6636229	1940	9.3102511420674
21	6799910	1960	7.4581226813822
21	6967448	1980	5.7500273550677
21	7137334	2000	7.1385261428595
22	146548	240	3404.7389694434
22	172467	260	3584.7414833091
22	199781	280	3915.87658094
22	227286	300	4053.132471654
22	254879	320	4052.8434719993
22	282153	340	3955.4551682867
22	309173	360	3823.3455507529
22	336856	380	4142.2773070592
22	365086	400	4111.8859059604
22	393322	420	4171.7790808614
22	422659	440	4390.9531872678
22	452369	460	4275.266617117
22	482637	480	4357.0105423066
22	513338	500	4409.2535933259
22	544919	520	4496.8380400244
22	577133	540	4584.4006828106
22	610134	560	4372.96857809
22	643909	580	4458.7979715094
22	678218	600	4729.0730929965
22	714229	620	4773.7284092309
22	750842	640	4731.082704263
22	788623	660	4450.6104401329
22	827572	680	4776.09913597
22	868308	700	4916.9962090654
22	909567	720	4826.3222044291
22	952395	740	4964.0418841026
22	996588	760	5193.5967801129
22	1041638	780	5007.3220924731
22	1088112	800	5188.5663257182
22	1135309	820	5333.0389878806
22	1183760	840	5328.632901406
22	1233654	860	5208.0292989824
22	1283426	880	5564.8311137736
22	1335485	900	5285.2287048443
22	1387908	920	5467.4242929902
22	1442381	940	5665.2384123265
22	1498576	960	5798.7484023221
22	1556398	980	5660.3935318166
22	1615492	1000	5943.7755009562
22	1675314	1020	5487.0935180831
22	1736881	1040	5937.3936483789
22	1800277	1060	5843.6616046629
22	1865160	1080	5939.6845177652
22	1931067	1100	5986.6508517864
22	1999105	1120	6125.8637470633
22	2069025	1140	6167.9442958697
22	2140475	1160	6127.2978131303
22	2213651	1180	6261.8973600773
22	2288489	1200	6113.8130821106
22	2365684	1220	6344.0595363809
22	2445209	1240	6211.9458991105
22	2527200	1260	6391.9756372081
22	2611409	1280	6167.9497084737
22	2697649	1300	6755.4940304582
22	2785150	1320	6667.7481643665
22	2874809	1340	6438.8971506171
22	2966494	1360	6798.9077594675
22	3060378	1380	6751.1057037676
22	3156822	1400	6660.9764096595
22	3255072	1420	6848.7722475078
22	3355237	1440	6749.8284913649
22	3458228	1460	6898.5786138744
22	3563649	1480	7024.7587321589
22	3672113	1500	6926.6781070368
22	3781231	1520	6882.1555605893
22	3893061	1540	7211.8435816766
22	4006208	1560	7154.2513117895
22	4123047	1580	7071.6919854103
22	4242131	1600	7482.0166496285
22	4363654	1620	7297.0175641714
22	4487151	1640	7391.066754169
22	4612646	1660	7298.3024772683
22	4741229	1680	7616.7536075373
22	4872203	1700	7470.852945451
22	5005159	1720	7481.6604080437
22	5139844	1740	7752.0525215349
22	5277692	1760	7791.67624106
22	5418129	1780	7655.6729139864
22	5560713	1800	7934.5217699216
22	5706089	1820	7704.1517153687
22	5854336	1840	7925.5517321631
22	6005327	1860	8069.3215370732
22	6158834	1880	8024.3381313527
22	6315250	1900	7972.5699582945
22	6474026	1920	8203.4981416222
22	6636229	1940	8151.7632028389
22	6799910	1960	8294.4212305302
22	6967448	1980	8514.4604844927
22	7137334	2000	8513.6516754275
23	146548	240	44.79919696636
23	172467	260	44.809268541363
23	199781	280	45.010075642988
23	227286	300	45.0348052406
23	254879	320	45.031594133326
23	282153	340	44.948354185076
23	309173	360	44.980535891211
23	336856	380	45.0247533376
23	365086	400	45.185559406158
23	393322	420	45.345424791972
23	422659	440	45.267558631626
23	452369	460	45.481559756564
23	482637	480	45.385526482361
23	513338	500	45.456222611607
23	544919	520	45.422606464893
23	577133	540	45.390105770402
23	610134	560	45.55175602177
23	643909	580	45.49793848479
23	678218	600	45.471856663427
23	714229	620	45.464080087913
23	750842	640	45.491179848683
23	788623	660	45.414392246254
23	827572	680	45.486658437809
23	868308	700	45.527742676532
23	909567	720	45.531341551218
23	952395	740	45.541668661492
23	996588	760	45.557866492219
23	1041638	780	45.521109931574
23	1088112	800	45.513739699282
23	1135309	820	45.581529810945
23	1183760	840	45.543870952188
23	1233654	860	45.684467534934
23	1283426	880	45.613369785029
23	1335485	900	45.562316421072
23	1387908	920	45.561869108252
23	1442381	940	45.68740655102
23	1498576	960	45.659436238757
23	1556398	980	45.648334934005
23	1615492	1000	45.721350007356
23	1675314	1020	45.725779317359
23	1736881	1040	45.672258833684
23	1800277	1060	45.653606286429
23	1865160	1080	45.689880905886
23	1931067	1100	45.699624822797
23	1999105	1120	45.715401097487
23	2069025	1140	45.688476265702
23	2140475	1160	45.726103083062
23	2213651	1180	45.707280000564
23	2288489	1200	45.625470762019
23	2365684	1220	45.640716089071
23	2445209	1240	45.676072787577
23	2527200	1260	45.6569688372
23	2611409	1280	45.688516359064
23	2697649	1300	45.645229935529
23	2785150	1320	45.669507975113
23	2874809	1340	45.665937238419
23	2966494	1360	45.630253419245
23	3060378	1380	45.615579079511
23	3156822	1400	45.623126093559
23	3255072	1420	45.658481650052
23	3355237	1440	45.606949265979
23	3458228	1460	45.685951085261
23	3563649	1480	45.61531644259
23	3672113	1500	45.57025070419
23	3781231	1520	45.577189142975
23	3893061	1540	45.644579630865
23	4006208	1560	45.568479692927
23	4123047	1580	45.623819260712
23	4242131	1600	45.622052741637
23	4363654	1620	45.606359776071
23	4487151	1640	45.623868852895
23	4612646	1660	45.614390482927
23	4741229	1680	45.609303039145
23	4872203	1700	45.553981374701
23	5005159	1720	45.619880536852
23	5139844	1740	45.600308950206
23	5277692	1760	45.565358134854
23	5418129	1780	45.569481630872
23	5560713	1800	45.600699827136
23	5706089	1820	45.586696540643
23	5854336	1840	45.549147885995
23	6005327	1860	45.589387215103
23	6158834	1880	45.592830291777
23	6315250	1900	45.557542618826
23	6474026	1920	45.574989675679
23	6636229	1940	45.540576552172
23	6799910	1960	45.573743024891
23	6967448	1980	45.531874248624
23	7137334	2000	45.527549066457
24	146548	240	0.41291755415175
24	172467	260	0.37549357811725
24	199781	280	0.80932230097686
24	227286	300	0.71595416121743
24	254879	320	0.74431270223696
24	282153	340	0.76936344433112
24	309173	360	0.65679392356471
24	336856	380	0.82693141275533
24	365086	400	1.1585422849771
24	393322	420	1.4380486731093
24	422659	440	1.147821613184
24	452369	460	1.5599224101774
24	482637	480	1.4528488202308
24	513338	500	1.4922684072479
24	544919	520	1.3917032625354
24	577133	540	1.3650182428135
24	610134	560	1.4605687284908
24	643909	580	1.390702248728
24	678218	600	1.3200867524277
24	714229	620	1.2921512409346
24	750842	640	1.2125172317405
24	788623	660	1.1674540297355
24	827572	680	1.2347757023362
24	868308	700	1.1706216248001
24	909567	720	1.2078459657692
24	952395	740	1.1845107274818
24	996588	760	1.172063133444
24	1041638	780	1.1561281125788
24	1088112	800	1.1378891307844
24	1135309	820	1.1699808402062
24	1183760	840	1.1498894662549
24	1233654	860	1.2501475029533
24	1283426	880	1.2206661827297
24	1335485	900	1.1654646162478
24	1387908	920	1.1737334401757
24	1442381	940	1.1886868431112
24	1498576	960	1.1827213948852
24	1556398	980	1.1320170983872
24	1615492	1000	1.20773147452
24	1675314	1020	1.210933176204
24	1736881	1040	1.1508966080428
24	1800277	1060	1.1680648764163
24	1865160	1080	1.0993343196314
24	1931067	1100	1.1051771023371
24	1999105	1120	1.1010259246411
24	2069025	1140	1.0988112350199
24	2140475	1160	1.095756750645
24	2213651	1180	1.1041263836412
24	2288489	1200	1.0362269819199
24	2365684	1220	1.0045964802558
24	2445209	1240	1.0210705602288
24	2527200	1260	1.0047578419709
24	2611409	1280	1.0372657113466
24	2697649	1300	0.99548848435594
24	2785150	1320	1.0263377570141
24	2874809	1340	1.0575114514845
24	2966494	1360	1.0120994888231
24	3060378	1380	0.99481878347917
24	3156822	1400	0.97951924248688
24	3255072	1420	0.9487794395493
24	3355237	1440	0.93981988089604
24	3458228	1460	0.93960653002554
24	3563649	1480	0.92515169323429
24	3672113	1500	0.88093601427644
24	3781231	1520	0.9212462959866
24	3893061	1540	0.94996508111532
24	4006208	1560	0.90461175770551
24	4123047	1580	0.94002743253879
24	4242131	1600	0.91575650682691
24	4363654	1620	0.89441623872399
24	4487151	1640	0.93393162595208
24	4612646	1660	0.90519365427113
24	4741229	1680	0.87866162043028
24	4872203	1700	0.86856417067252
24	5005159	1720	0.90765976457191
24	5139844	1740	0.89119719315843
24	5277692	1760	0.91137062149207
24	5418129	1780	0.8865210185963
24	5560713	1800	0.92940915860683
24	5706089	1820	0.91614098429343
24	5854336	1840	0.81498907694535
24	6005327	1860	0.88926714257926
24	6158834	1880	0.86224673191061
24	6315250	1900	0.82604588486942
24	6474026	1920	0.82080182818774
24	6636229	1940	0.81855934894662
24	6799910	1960	0.91544522701313
24	6967448	1980	0.79880339748861
24	7137334	2000	0.83940192708076
25	146548	240	0.17050090652667
25	172467	260	0.14099542720729
25	199781	280	0.65500258685849
25	227286	300	0.51259036096455
25	254879	320	0.55400139871129
25	282153	340	0.59192010947304
25	309173	360	0.43137825803152
25	336856	380	0.68381556140152
25	365086	400	1.34222022608
25	393322	420	2.0679839862314
25	422659	440	1.3174944556923
25	452369	460	2.4333579257738
25	482637	480	2.1107696944461
25	513338	500	2.2268649992702
25	544919	520	1.9368379709518
25	577133	540	1.8632748032137
25	610134	560	2.1332610106451
25	643909	580	1.9340527446171
25	678218	600	1.7426290339352
25	714229	620	1.6696548294489
25	750842	640	1.4701980372678
25	788623	660	1.3629489115457
25	827572	680	1.5246710350799
25	868308	700	1.3703549884496
25	909567	720	1.4588918770248
25	952395	740	1.4030656635195
25	996588	760	1.3737319887786
25	1041638	780	1.336632212695
25	1088112	800	1.2947916739572
25	1135309	820	1.3688551664496
25	1183760	840	1.322245784604
25	1233654	860	1.5628687791404
25	1283426	880	1.4900259296598
25	1335485	900	1.3583077717257
25	1387908	920	1.3776501885868
25	1442381	940	1.4129764109858
25	1498576	960	1.3988298979193
25	1556398	980	1.2814627110409
25	1615492	1000	1.4586153145463
25	1675314	1020	1.4663591572314
25	1736881	1040	1.3245630024045
25	1800277	1060	1.3643755555173
25	1865160	1080	1.2085359463194
25	1931067	1100	1.2214164275301
25	1999105	1120	1.2122580867317
25	2069025	1140	1.2073861302061
25	2140475	1160	1.2006828565842
25	2213651	1180	1.2190950710527
25	2288489	1200	1.0737663580587
25	2365684	1220	1.0092140881424
25	2445209	1240	1.042585088966
25	2527200	1260	1.009538321002
25	2611409	1280	1.0759201559354
25	2697649	1300	0.99099732248529
25	2785150	1320	1.0533691914728
25	2874809	1340	1.1183304700209
25	2966494	1360	1.0243453752759
25	3060378	1380	0.98966441196298
25	3156822	1400	0.95945794640208
25	3255072	1420	0.90018242491148
25	3355237	1440	0.88326140852745
25	3458228	1460	0.88286043126663
25	3563649	1480	0.85590565549427
25	3672113	1500	0.77604826124926
25	3781231	1520	0.84869473786904
25	3893061	1540	0.90243365533844
25	4006208	1560	0.81832243217905
25	4123047	1580	0.88365157392547
25	4242131	1600	0.83860997979583
25	4363654	1620	0.79998040809317
25	4487151	1640	0.8722282819535
25	4612646	1660	0.81937555173273
25	4741229	1680	0.77204624321716
25	4872203	1700	0.75440371857605
25	5005159	1720	0.82384624822273
25	5139844	1740	0.79423243709347
25	5277692	1760	0.83059640971884
25	5418129	1780	0.78591951641303
25	5560713	1800	0.86380138410226
25	5706089	1820	0.83931430310213
25	5854336	1840	0.66420719554024
25	6005327	1860	0.79079605087108
25	6158834	1880	0.74346942669053
25	6315250	1900	0.6823518039097
25	6474026	1920	0.67371564115634
25	6636229	1940	0.67003940774791
25	6799910	1960	0.83803996366113
25	6967448	1980	0.63808686783934
25	7137334	2000	0.70459559518689
