version 2
run statisticRVV-20-20150325-00:21:59-3720
attr c 16
attr configname statisticRVV
attr datetime 20150325-00:21:59
attr experiment statisticRVV
attr inifile omnetpp.ini
attr iterationvars "$sc=\"erlangen-low.launchd.xml\", $p=1/15, $c=16"
attr iterationvars2 "$sc=\"erlangen-low.launchd.xml\", $p=1/15, $c=16, $repetition=0"
attr measurement "$sc=\"erlangen-low.launchd.xml\", $p=1/15, $c=16"
attr network RSUExampleScenario
attr p 1/15
attr processid 3720
attr repetition 0
attr replication #0
attr resultdir results
attr runnumber 20
attr sc "\"erlangen-low.launchd.xml\""
attr seedset 20

vector 0  RSUExampleScenario.rsu[0].appl  Number_CH  ETV
vector 1  RSUExampleScenario.rsu[0].appl  Number_ON  ETV
vector 2  RSUExampleScenario.rsu[0].appl  Number_FN  ETV
vector 3  RSUExampleScenario.rsu[0].appl  Number_CH_Losts  ETV
vector 4  RSUExampleScenario.rsu[0].appl  Mean_Cluster_Size  ETV
vector 5  RSUExampleScenario.rsu[0].appl  StdDev_Cluster_Size  ETV
vector 6  RSUExampleScenario.rsu[0].appl  Variance_Cluster_Size  ETV
vector 7  RSUExampleScenario.rsu[0].appl  Mean_Neighbors  ETV
vector 8  RSUExampleScenario.rsu[0].appl  StdDev_Neighbors  ETV
vector 9  RSUExampleScenario.rsu[0].appl  Variance_Neighbors  ETV
vector 10  RSUExampleScenario.rsu[0].appl  Total_CH_Utility  ETV
vector 11  RSUExampleScenario.rsu[0].appl  Mean_CH_Utility  ETV
vector 12  RSUExampleScenario.rsu[0].appl  StdDev_CH_Utility  ETV
vector 13  RSUExampleScenario.rsu[0].appl  Variance_CH_Utility  ETV
vector 14  RSUExampleScenario.rsu[0].appl  Total_exp_CH_Utility  ETV
vector 15  RSUExampleScenario.rsu[0].appl  Mean_exp_CH_Utility  ETV
vector 16  RSUExampleScenario.rsu[0].appl  StdDev_exp_CH_Utility  ETV
vector 17  RSUExampleScenario.rsu[0].appl  Variance_exp_CH_Utility  ETV
vector 18  RSUExampleScenario.rsu[0].appl  Total_ON_Utility  ETV
vector 19  RSUExampleScenario.rsu[0].appl  Mean_ON_Utility  ETV
vector 20  RSUExampleScenario.rsu[0].appl  StdDev_ON_Utility  ETV
vector 21  RSUExampleScenario.rsu[0].appl  Variance_ON_Utility  ETV
vector 22  RSUExampleScenario.rsu[0].appl  Total_exp_ON_Utility  ETV
vector 23  RSUExampleScenario.rsu[0].appl  Mean_exp_ON_Utility  ETV
vector 24  RSUExampleScenario.rsu[0].appl  StdDev_exp_ON_Utility  ETV
vector 25  RSUExampleScenario.rsu[0].appl  Variance_exp_ON_Utility  ETV
0	34423	240	1
0	39801	260	2
0	45172	280	0
0	50405	300	4
0	55701	320	3
0	60932	340	1
0	66196	360	0
0	71539	380	3
0	76811	400	3
0	82219	420	2
0	87590	440	2
0	92984	460	5
0	98342	480	2
0	103670	500	3
0	109089	520	0
0	114485	540	0
0	119904	560	2
0	125225	580	1
0	130629	600	1
0	135938	620	4
0	141217	640	1
0	146457	660	1
0	151715	680	1
0	157096	700	4
0	162427	720	1
0	167768	740	2
0	173153	760	0
0	178398	780	3
0	183644	800	3
0	188971	820	1
0	194319	840	3
0	199570	860	1
0	204874	880	0
0	210193	900	3
0	215502	920	2
0	220783	940	1
0	226092	960	1
0	231501	980	6
0	236715	1000	4
0	241899	1020	2
0	247111	1040	3
0	252332	1060	6
0	257693	1080	2
0	262933	1100	2
0	268300	1120	3
0	273591	1140	1
0	278885	1160	2
0	284190	1180	3
0	289484	1200	3
0	294889	1220	3
0	300209	1240	2
0	305536	1260	2
0	310780	1280	3
0	316167	1300	2
0	321437	1320	2
0	326804	1340	2
0	332165	1360	2
0	337569	1380	4
0	342843	1400	2
0	348170	1420	6
0	353442	1440	1
0	358828	1460	5
0	364161	1480	1
0	369577	1500	3
0	374826	1520	4
0	380055	1540	2
0	385205	1560	0
0	390509	1580	0
0	395734	1600	3
0	400945	1620	3
0	406158	1640	4
0	411483	1660	2
0	416763	1680	0
0	422108	1700	3
0	427518	1720	3
0	432832	1740	1
0	438118	1760	2
0	443390	1780	3
0	448707	1800	0
0	453621	1820	2
0	457941	1840	1
0	461787	1860	2
0	465105	1880	2
0	468017	1900	2
0	470487	1920	1
0	472481	1940	3
0	474102	1960	0
0	475233	1980	0
0	475842	2000	1
1	34423	240	2
1	39801	260	3
1	45172	280	0
1	50405	300	5
1	55701	320	4
1	60932	340	2
1	66196	360	0
1	71539	380	4
1	76811	400	4
1	82219	420	3
1	87590	440	2
1	92984	460	9
1	98342	480	3
1	103670	500	3
1	109089	520	0
1	114485	540	0
1	119904	560	3
1	125225	580	2
1	130629	600	1
1	135938	620	6
1	141217	640	1
1	146457	660	1
1	151715	680	2
1	157096	700	4
1	162427	720	1
1	167768	740	4
1	173153	760	0
1	178398	780	6
1	183644	800	3
1	188971	820	1
1	194319	840	4
1	199570	860	2
1	204874	880	0
1	210193	900	5
1	215502	920	3
1	220783	940	1
1	226092	960	1
1	231501	980	8
1	236715	1000	6
1	241899	1020	3
1	247111	1040	3
1	252332	1060	9
1	257693	1080	2
1	262933	1100	4
1	268300	1120	5
1	273591	1140	2
1	278885	1160	3
1	284190	1180	4
1	289484	1200	4
1	294889	1220	5
1	300209	1240	2
1	305536	1260	2
1	310780	1280	4
1	316167	1300	3
1	321437	1320	2
1	326804	1340	2
1	332165	1360	3
1	337569	1380	5
1	342843	1400	2
1	348170	1420	8
1	353442	1440	2
1	358828	1460	7
1	364161	1480	1
1	369577	1500	4
1	374826	1520	6
1	380055	1540	3
1	385205	1560	0
1	390509	1580	0
1	395734	1600	3
1	400945	1620	4
1	406158	1640	6
1	411483	1660	2
1	416763	1680	0
1	422108	1700	3
1	427518	1720	4
1	432832	1740	1
1	438118	1760	3
1	443390	1780	4
1	448707	1800	0
1	453621	1820	2
1	457941	1840	1
1	461787	1860	3
1	465105	1880	3
1	468017	1900	3
1	470487	1920	1
1	472481	1940	3
1	474102	1960	0
1	475233	1980	0
1	475842	2000	1
2	34423	240	37
2	39801	260	36
2	45172	280	40
2	50405	300	30
2	55701	320	34
2	60932	340	36
2	66196	360	40
2	71539	380	34
2	76811	400	34
2	82219	420	36
2	87590	440	37
2	92984	460	27
2	98342	480	36
2	103670	500	34
2	109089	520	41
2	114485	540	41
2	119904	560	35
2	125225	580	37
2	130629	600	38
2	135938	620	32
2	141217	640	39
2	146457	660	38
2	151715	680	37
2	157096	700	34
2	162427	720	39
2	167768	740	35
2	173153	760	41
2	178398	780	31
2	183644	800	34
2	188971	820	39
2	194319	840	34
2	199570	860	38
2	204874	880	40
2	210193	900	32
2	215502	920	37
2	220783	940	38
2	226092	960	39
2	231501	980	27
2	236715	1000	30
2	241899	1020	36
2	247111	1040	34
2	252332	1060	25
2	257693	1080	36
2	262933	1100	34
2	268300	1120	33
2	273591	1140	36
2	278885	1160	35
2	284190	1180	33
2	289484	1200	34
2	294889	1220	32
2	300209	1240	35
2	305536	1260	36
2	310780	1280	32
2	316167	1300	36
2	321437	1320	37
2	326804	1340	37
2	332165	1360	37
2	337569	1380	31
2	342843	1400	36
2	348170	1420	26
2	353442	1440	38
2	358828	1460	30
2	364161	1480	38
2	369577	1500	33
2	374826	1520	30
2	380055	1540	35
2	385205	1560	40
2	390509	1580	40
2	395734	1600	35
2	400945	1620	33
2	406158	1640	29
2	411483	1660	36
2	416763	1680	40
2	422108	1700	34
2	427518	1720	33
2	432832	1740	38
2	438118	1760	35
2	443390	1780	32
2	448707	1800	40
2	453621	1820	34
2	457941	1840	32
2	461787	1860	25
2	465105	1880	22
2	468017	1900	19
2	470487	1920	18
2	472481	1940	11
2	474102	1960	14
2	475233	1980	11
2	475842	2000	6
3	34423	240	1
3	39801	260	1
3	45172	280	0
3	50405	300	0
3	55701	320	0
3	60932	340	2
3	66196	360	0
3	71539	380	1
3	76811	400	1
3	82219	420	0
3	87590	440	0
3	92984	460	1
3	98342	480	1
3	103670	500	0
3	109089	520	0
3	114485	540	0
3	119904	560	0
3	125225	580	0
3	130629	600	1
3	135938	620	1
3	141217	640	1
3	146457	660	0
3	151715	680	0
3	157096	700	2
3	162427	720	2
3	167768	740	0
3	173153	760	1
3	178398	780	0
3	183644	800	0
3	188971	820	1
3	194319	840	0
3	199570	860	0
3	204874	880	2
3	210193	900	0
3	215502	920	1
3	220783	940	0
3	226092	960	1
3	231501	980	0
3	236715	1000	1
3	241899	1020	0
3	247111	1040	0
3	252332	1060	0
3	257693	1080	2
3	262933	1100	0
3	268300	1120	1
3	273591	1140	0
3	278885	1160	0
3	284190	1180	1
3	289484	1200	1
3	294889	1220	1
3	300209	1240	0
3	305536	1260	1
3	310780	1280	0
3	316167	1300	1
3	321437	1320	0
3	326804	1340	1
3	332165	1360	0
3	337569	1380	0
3	342843	1400	0
3	348170	1420	1
3	353442	1440	0
3	358828	1460	0
3	364161	1480	0
3	369577	1500	1
3	374826	1520	2
3	380055	1540	1
3	385205	1560	1
3	390509	1580	1
3	395734	1600	2
3	400945	1620	2
3	406158	1640	1
3	411483	1660	1
3	416763	1680	1
3	422108	1700	0
3	427518	1720	0
3	432832	1740	1
3	438118	1760	1
3	443390	1780	1
3	448707	1800	0
3	453621	1820	0
3	457941	1840	1
3	461787	1860	0
3	465105	1880	0
3	468017	1900	0
3	470487	1920	0
3	472481	1940	0
3	474102	1960	0
3	475233	1980	1
3	475842	2000	0
4	34423	240	2
4	39801	260	1.5
4	45172	280	nan
4	50405	300	1.25
4	55701	320	1.3333333333333
4	60932	340	2
4	66196	360	nan
4	71539	380	1.3333333333333
4	76811	400	1.3333333333333
4	82219	420	1.5
4	87590	440	1
4	92984	460	1.8
4	98342	480	1.5
4	103670	500	1
4	109089	520	nan
4	114485	540	nan
4	119904	560	1.5
4	125225	580	2
4	130629	600	1
4	135938	620	1.5
4	141217	640	1
4	146457	660	1
4	151715	680	2
4	157096	700	1
4	162427	720	1
4	167768	740	2
4	173153	760	nan
4	178398	780	2
4	183644	800	1
4	188971	820	1
4	194319	840	1.3333333333333
4	199570	860	2
4	204874	880	nan
4	210193	900	1.6666666666667
4	215502	920	1.5
4	220783	940	1
4	226092	960	1
4	231501	980	1.3333333333333
4	236715	1000	1.5
4	241899	1020	1.5
4	247111	1040	1
4	252332	1060	1.5
4	257693	1080	1
4	262933	1100	2
4	268300	1120	1.6666666666667
4	273591	1140	2
4	278885	1160	1.5
4	284190	1180	1.3333333333333
4	289484	1200	1.3333333333333
4	294889	1220	1.6666666666667
4	300209	1240	1
4	305536	1260	1
4	310780	1280	1.3333333333333
4	316167	1300	1.5
4	321437	1320	1
4	326804	1340	1
4	332165	1360	1.5
4	337569	1380	1.25
4	342843	1400	1
4	348170	1420	1.3333333333333
4	353442	1440	2
4	358828	1460	1.4
4	364161	1480	1
4	369577	1500	1.3333333333333
4	374826	1520	1.5
4	380055	1540	1.5
4	385205	1560	nan
4	390509	1580	nan
4	395734	1600	1
4	400945	1620	1.3333333333333
4	406158	1640	1.5
4	411483	1660	1
4	416763	1680	nan
4	422108	1700	1
4	427518	1720	1.3333333333333
4	432832	1740	1
4	438118	1760	1.5
4	443390	1780	1.3333333333333
4	448707	1800	nan
4	453621	1820	1
4	457941	1840	1
4	461787	1860	1.5
4	465105	1880	1.5
4	468017	1900	1.5
4	470487	1920	1
4	472481	1940	1
4	474102	1960	nan
4	475233	1980	nan
4	475842	2000	1
5	34423	240	nan
5	39801	260	0.70710678118655
5	45172	280	nan
5	50405	300	0.5
5	55701	320	0.57735026918963
5	60932	340	nan
5	66196	360	nan
5	71539	380	0.57735026918963
5	76811	400	0.57735026918963
5	82219	420	0.70710678118655
5	87590	440	0
5	92984	460	0.44721359549996
5	98342	480	0.70710678118655
5	103670	500	0
5	109089	520	nan
5	114485	540	nan
5	119904	560	0.70710678118655
5	125225	580	nan
5	130629	600	nan
5	135938	620	0.57735026918963
5	141217	640	nan
5	146457	660	nan
5	151715	680	nan
5	157096	700	0
5	162427	720	nan
5	167768	740	0
5	173153	760	nan
5	178398	780	0
5	183644	800	0
5	188971	820	nan
5	194319	840	0.57735026918963
5	199570	860	nan
5	204874	880	nan
5	210193	900	0.57735026918963
5	215502	920	0.70710678118655
5	220783	940	nan
5	226092	960	nan
5	231501	980	0.51639777949432
5	236715	1000	0.57735026918963
5	241899	1020	0.70710678118655
5	247111	1040	0
5	252332	1060	0.54772255750517
5	257693	1080	0
5	262933	1100	0
5	268300	1120	0.57735026918963
5	273591	1140	nan
5	278885	1160	0.70710678118655
5	284190	1180	0.57735026918963
5	289484	1200	0.57735026918963
5	294889	1220	0.57735026918963
5	300209	1240	0
5	305536	1260	0
5	310780	1280	0.57735026918963
5	316167	1300	0.70710678118655
5	321437	1320	0
5	326804	1340	0
5	332165	1360	0.70710678118655
5	337569	1380	0.5
5	342843	1400	0
5	348170	1420	0.51639777949432
5	353442	1440	nan
5	358828	1460	0.54772255750517
5	364161	1480	nan
5	369577	1500	0.57735026918963
5	374826	1520	0.57735026918963
5	380055	1540	0.70710678118655
5	385205	1560	nan
5	390509	1580	nan
5	395734	1600	0
5	400945	1620	0.57735026918963
5	406158	1640	0.57735026918963
5	411483	1660	0
5	416763	1680	nan
5	422108	1700	0
5	427518	1720	0.57735026918963
5	432832	1740	nan
5	438118	1760	0.70710678118655
5	443390	1780	0.57735026918963
5	448707	1800	nan
5	453621	1820	0
5	457941	1840	nan
5	461787	1860	0.70710678118655
5	465105	1880	0.70710678118655
5	468017	1900	0.70710678118655
5	470487	1920	nan
5	472481	1940	0
5	474102	1960	nan
5	475233	1980	nan
5	475842	2000	nan
6	34423	240	nan
6	39801	260	0.5
6	45172	280	nan
6	50405	300	0.25
6	55701	320	0.33333333333333
6	60932	340	nan
6	66196	360	nan
6	71539	380	0.33333333333333
6	76811	400	0.33333333333333
6	82219	420	0.5
6	87590	440	0
6	92984	460	0.2
6	98342	480	0.5
6	103670	500	0
6	109089	520	nan
6	114485	540	nan
6	119904	560	0.5
6	125225	580	nan
6	130629	600	nan
6	135938	620	0.33333333333333
6	141217	640	nan
6	146457	660	nan
6	151715	680	nan
6	157096	700	0
6	162427	720	nan
6	167768	740	0
6	173153	760	nan
6	178398	780	0
6	183644	800	0
6	188971	820	nan
6	194319	840	0.33333333333333
6	199570	860	nan
6	204874	880	nan
6	210193	900	0.33333333333333
6	215502	920	0.5
6	220783	940	nan
6	226092	960	nan
6	231501	980	0.26666666666667
6	236715	1000	0.33333333333333
6	241899	1020	0.5
6	247111	1040	0
6	252332	1060	0.3
6	257693	1080	0
6	262933	1100	0
6	268300	1120	0.33333333333333
6	273591	1140	nan
6	278885	1160	0.5
6	284190	1180	0.33333333333333
6	289484	1200	0.33333333333333
6	294889	1220	0.33333333333333
6	300209	1240	0
6	305536	1260	0
6	310780	1280	0.33333333333333
6	316167	1300	0.5
6	321437	1320	0
6	326804	1340	0
6	332165	1360	0.5
6	337569	1380	0.25
6	342843	1400	0
6	348170	1420	0.26666666666667
6	353442	1440	nan
6	358828	1460	0.3
6	364161	1480	nan
6	369577	1500	0.33333333333333
6	374826	1520	0.33333333333333
6	380055	1540	0.5
6	385205	1560	nan
6	390509	1580	nan
6	395734	1600	0
6	400945	1620	0.33333333333333
6	406158	1640	0.33333333333333
6	411483	1660	0
6	416763	1680	nan
6	422108	1700	0
6	427518	1720	0.33333333333333
6	432832	1740	nan
6	438118	1760	0.5
6	443390	1780	0.33333333333333
6	448707	1800	nan
6	453621	1820	0
6	457941	1840	nan
6	461787	1860	0.5
6	465105	1880	0.5
6	468017	1900	0.5
6	470487	1920	nan
6	472481	1940	0
6	474102	1960	nan
6	475233	1980	nan
6	475842	2000	nan
7	34423	240	8.85
7	39801	260	8.925
7	45172	280	9
7	50405	300	8.9487179487179
7	55701	320	8.9512195121951
7	60932	340	9.0512820512821
7	66196	360	9.0512820512821
7	71539	380	8.7317073170732
7	76811	400	9.0487804878049
7	82219	420	8.95
7	87590	440	9.125
7	92984	460	8.8292682926829
7	98342	480	9.0243902439024
7	103670	500	9.175
7	109089	520	8.8048780487805
7	114485	540	8.9512195121951
7	119904	560	9.3333333333333
7	125225	580	9.1025641025641
7	130629	600	9.025
7	135938	620	8.9512195121951
7	141217	640	8.4878048780488
7	146457	660	8.675
7	151715	680	8.9
7	157096	700	8.7619047619048
7	162427	720	8.8780487804878
7	167768	740	9.05
7	173153	760	9.275
7	178398	780	9
7	183644	800	8.9
7	188971	820	9.05
7	194319	840	9.1
7	199570	860	9
7	204874	880	8.975
7	210193	900	9.125
7	215502	920	8.7317073170732
7	220783	940	9.1282051282051
7	226092	960	8.8048780487805
7	231501	980	9.0731707317073
7	236715	1000	8.625
7	241899	1020	8.6341463414634
7	247111	1040	8.7
7	252332	1060	9.05
7	257693	1080	8.8
7	262933	1100	8.925
7	268300	1120	8.8048780487805
7	273591	1140	9.0769230769231
7	278885	1160	8.875
7	284190	1180	8.85
7	289484	1200	8.8536585365854
7	294889	1220	9.075
7	300209	1240	9.3157894736842
7	305536	1260	9.05
7	310780	1280	8.9487179487179
7	316167	1300	8.9268292682927
7	321437	1320	8.7560975609756
7	326804	1340	9.0243902439024
7	332165	1360	8.6428571428571
7	337569	1380	9.15
7	342843	1400	9.05
7	348170	1420	8.95
7	353442	1440	8.780487804878
7	358828	1460	9.0487804878049
7	364161	1480	9.1
7	369577	1500	9.05
7	374826	1520	9.075
7	380055	1540	8.975
7	385205	1560	8.9
7	390509	1580	8.925
7	395734	1600	8.6341463414634
7	400945	1620	8.85
7	406158	1640	9
7	411483	1660	8.825
7	416763	1680	9
7	422108	1700	9.125
7	427518	1720	9.1
7	432832	1740	8.975
7	438118	1760	8.925
7	443390	1780	8.8717948717949
7	448707	1800	8.775
7	453621	1820	8.7631578947368
7	457941	1840	8.4117647058824
7	461787	1860	8.5333333333333
7	465105	1880	8.2962962962963
7	468017	1900	8.2083333333333
7	470487	1920	8.3
7	472481	1940	7.8235294117647
7	474102	1960	7
7	475233	1980	6.4545454545455
7	475842	2000	5
8	34423	240	1.8885620632287
8	39801	260	1.7742820866697
8	45172	280	1.8116432546314
8	50405	300	1.450022104164
8	55701	320	1.4482958867613
8	60932	340	1.7464056011181
8	66196	360	1.2967310711883
8	71539	380	1.8031138378358
8	76811	400	1.9742241452302
8	82219	420	1.431334324579
8	87590	440	1.5719904090528
8	92984	460	2.2572376815966
8	98342	480	1.8232910475024
8	103670	500	1.3938969538487
8	109089	520	1.7495644057182
8	114485	540	2.0970362361222
8	119904	560	1.5101992432742
8	125225	580	1.8749718846295
8	130629	600	1.6715952767434
8	135938	620	2.1788898493521
8	141217	640	1.9251227391976
8	146457	660	1.9531368589384
8	151715	680	1.7802333468483
8	157096	700	1.7503940157064
8	162427	720	1.9646261979219
8	167768	740	1.7967206594808
8	173153	760	1.7829318982637
8	178398	780	1.8397324220156
8	183644	800	1.6298497649815
8	188971	820	1.2598331187818
8	194319	840	1.549193338483
8	199570	860	1.7686732677929
8	204874	880	1.5440124218977
8	210193	900	1.6515338635838
8	215502	920	1.7751674603246
8	220783	940	1.5075160325496
8	226092	960	1.9776186714724
8	231501	980	1.8491923088532
8	236715	1000	1.3902130439944
8	241899	1020	2.0218320598034
8	247111	1040	2.1025015625471
8	252332	1060	1.738699779455
8	257693	1080	2.2781008734785
8	262933	1100	1.8589699381026
8	268300	1120	1.7352163005678
8	273591	1140	1.9246956749823
8	278885	1160	1.5719904090528
8	284190	1180	1.6100644994247
8	289484	1200	1.5093206354144
8	294889	1220	1.5087352489029
8	300209	1240	1.3377121081199
8	305536	1260	1.2800240382358
8	310780	1280	1.5551056479379
8	316167	1300	1.9415231636841
8	321437	1320	1.907622706471
8	326804	1340	1.739077411705
8	332165	1360	1.9483755406458
8	337569	1380	1.5940594847827
8	342843	1400	1.4133067244713
8	348170	1420	2.1116283666816
8	353442	1440	1.8909282789407
8	358828	1460	1.6116950628484
8	364161	1480	1.7066987176478
8	369577	1500	1.9864928507684
8	374826	1520	1.7451397710535
8	380055	1540	1.6249260338196
8	385205	1560	1.5819494627086
8	390509	1580	1.5914434666969
8	395734	1600	2.1535563326853
8	400945	1620	1.7179295827484
8	406158	1640	1.468977445995
8	411483	1660	1.6312257464549
8	416763	1680	1.6012815380509
8	422108	1700	2.0404562084155
8	427518	1720	1.3922864426768
8	432832	1740	1.3490262395046
8	438118	1760	2.2000874108509
8	443390	1780	1.9218889718121
8	448707	1800	1.7612277186449
8	453621	1820	1.3642978696378
8	457941	1840	1.725348397998
8	461787	1860	1.382983614567
8	465105	1880	1.6128048862586
8	468017	1900	1.9555754555421
8	470487	1920	1.6575187543592
8	472481	1940	1.9440709258424
8	474102	1960	1.7541160386141
8	475233	1980	0.93419873299383
8	475842	2000	1.4142135623731
9	34423	240	3.5666666666667
9	39801	260	3.1480769230769
9	45172	280	3.2820512820513
9	50405	300	2.1025641025641
9	55701	320	2.0975609756098
9	60932	340	3.0499325236167
9	66196	360	1.6815114709852
9	71539	380	3.2512195121951
9	76811	400	3.8975609756098
9	82219	420	2.0487179487179
9	87590	440	2.4711538461538
9	92984	460	5.0951219512195
9	98342	480	3.3243902439024
9	103670	500	1.9429487179487
9	109089	520	3.0609756097561
9	114485	540	4.3975609756098
9	119904	560	2.280701754386
9	125225	580	3.5155195681511
9	130629	600	2.7942307692308
9	135938	620	4.7475609756098
9	141217	640	3.7060975609756
9	146457	660	3.8147435897436
9	151715	680	3.1692307692308
9	157096	700	3.0638792102207
9	162427	720	3.859756097561
9	167768	740	3.2282051282051
9	173153	760	3.1788461538462
9	178398	780	3.3846153846154
9	183644	800	2.6564102564103
9	188971	820	1.5871794871795
9	194319	840	2.4
9	199570	860	3.1282051282051
9	204874	880	2.3839743589744
9	210193	900	2.7275641025641
9	215502	920	3.1512195121951
9	220783	940	2.2726045883941
9	226092	960	3.9109756097561
9	231501	980	3.419512195122
9	236715	1000	1.9326923076923
9	241899	1020	4.0878048780488
9	247111	1040	4.4205128205128
9	252332	1060	3.0230769230769
9	257693	1080	5.1897435897436
9	262933	1100	3.4557692307692
9	268300	1120	3.0109756097561
9	273591	1140	3.7044534412955
9	278885	1160	2.4711538461538
9	284190	1180	2.5923076923077
9	289484	1200	2.2780487804878
9	294889	1220	2.2762820512821
9	300209	1240	1.7894736842105
9	305536	1260	1.6384615384615
9	310780	1280	2.4183535762483
9	316167	1300	3.769512195122
9	321437	1320	3.6390243902439
9	326804	1340	3.0243902439024
9	332165	1360	3.7961672473868
9	337569	1380	2.5410256410256
9	342843	1400	1.9974358974359
9	348170	1420	4.4589743589744
9	353442	1440	3.5756097560976
9	358828	1460	2.5975609756098
9	364161	1480	2.9128205128205
9	369577	1500	3.9461538461538
9	374826	1520	3.0455128205128
9	380055	1540	2.6403846153846
9	385205	1560	2.5025641025641
9	390509	1580	2.5326923076923
9	395734	1600	4.6378048780488
9	400945	1620	2.9512820512821
9	406158	1640	2.1578947368421
9	411483	1660	2.6608974358974
9	416763	1680	2.5641025641026
9	422108	1700	4.1634615384615
9	427518	1720	1.9384615384615
9	432832	1740	1.8198717948718
9	438118	1760	4.8403846153846
9	443390	1780	3.693657219973
9	448707	1800	3.1019230769231
9	453621	1820	1.8613086770982
9	457941	1840	2.9768270944742
9	461787	1860	1.9126436781609
9	465105	1880	2.6011396011396
9	468017	1900	3.8242753623188
9	470487	1920	2.7473684210526
9	472481	1940	3.7794117647059
9	474102	1960	3.0769230769231
9	475233	1980	0.87272727272727
9	475842	2000	2
10	34423	240	48.73886341262
10	39801	260	94.738241224827
10	45172	280	0
10	50405	300	195.52017024272
10	55701	320	137.86243034238
10	60932	340	48.021004047792
10	66196	360	0
10	71539	380	141.51378321756
10	76811	400	138.41297143389
10	82219	420	98.860691022022
10	87590	440	93.9651419248
10	92984	460	233.5028852514
10	98342	480	92.899504798382
10	103670	500	138.44387062675
10	109089	520	0
10	114485	540	0
10	119904	560	93.901374389703
10	125225	580	47.487069378341
10	130629	600	48.182796547065
10	135938	620	185.43698508348
10	141217	640	46.325328087694
10	146457	660	48.165459730606
10	151715	680	45.320636314335
10	157096	700	194.20466804932
10	162427	720	47.658814215999
10	167768	740	94.562141731908
10	173153	760	0
10	178398	780	145.08041519907
10	183644	800	141.61700797942
10	188971	820	46.518961937743
10	194319	840	143.80314865567
10	199570	860	46.241053855878
10	204874	880	0
10	210193	900	141.32803183512
10	215502	920	96.894205533151
10	220783	940	47.67858728985
10	226092	960	49.702764752653
10	231501	980	284.16854764671
10	236715	1000	183.55845892972
10	241899	1020	94.732804768766
10	247111	1040	142.0180244935
10	252332	1060	285.40185066878
10	257693	1080	97.681052021916
10	262933	1100	93.234008405105
10	268300	1120	141.31120031091
10	273591	1140	45.202105567745
10	278885	1160	94.223408857185
10	284190	1180	142.80222691771
10	289484	1200	139.14448183549
10	294889	1220	138.77839135068
10	300209	1240	93.379273560371
10	305536	1260	94.006234298383
10	310780	1280	137.90178203375
10	316167	1300	98.579191629489
10	321437	1320	95.083122511584
10	326804	1340	95.880652338842
10	332165	1360	92.7448543705
10	337569	1380	196.49487753072
10	342843	1400	93.976038185559
10	348170	1420	279.20352727467
10	353442	1440	45.576417526661
10	358828	1460	231.88802846365
10	364161	1480	47.67314870182
10	369577	1500	138.79367505863
10	374826	1520	181.86294127313
10	380055	1540	98.809040646895
10	385205	1560	0
10	390509	1580	0
10	395734	1600	145.50567116695
10	400945	1620	148.25396244298
10	406158	1640	186.23248078332
10	411483	1660	93.228711927251
10	416763	1680	0
10	422108	1700	136.47882214489
10	427518	1720	136.65436596383
10	432832	1740	45.615317457788
10	438118	1760	92.657927373891
10	443390	1780	138.51458167591
10	448707	1800	0
10	453621	1820	91.482823776221
10	457941	1840	46.740992768645
10	461787	1860	90.470464146604
10	465105	1880	94.21197721585
10	468017	1900	92.401715301901
10	470487	1920	47.199495204544
10	472481	1940	137.53787642261
10	474102	1960	0
10	475233	1980	0
10	475842	2000	49.497251613605
11	34423	240	48.73886341262
11	39801	260	47.369120612414
11	45172	280	nan
11	50405	300	48.880042560681
11	55701	320	45.954143447459
11	60932	340	48.021004047792
11	66196	360	nan
11	71539	380	47.171261072518
11	76811	400	46.137657144629
11	82219	420	49.430345511011
11	87590	440	46.9825709624
11	92984	460	46.700577050281
11	98342	480	46.449752399191
11	103670	500	46.147956875582
11	109089	520	nan
11	114485	540	nan
11	119904	560	46.950687194852
11	125225	580	47.487069378341
11	130629	600	48.182796547065
11	135938	620	46.359246270871
11	141217	640	46.325328087694
11	146457	660	48.165459730606
11	151715	680	45.320636314335
11	157096	700	48.55116701233
11	162427	720	47.658814215999
11	167768	740	47.281070865954
11	173153	760	nan
11	178398	780	48.360138399691
11	183644	800	47.205669326473
11	188971	820	46.518961937743
11	194319	840	47.934382885223
11	199570	860	46.241053855878
11	204874	880	nan
11	210193	900	47.109343945041
11	215502	920	48.447102766575
11	220783	940	47.67858728985
11	226092	960	49.702764752653
11	231501	980	47.361424607784
11	236715	1000	45.889614732429
11	241899	1020	47.366402384383
11	247111	1040	47.339341497834
11	252332	1060	47.566975111463
11	257693	1080	48.840526010958
11	262933	1100	46.617004202552
11	268300	1120	47.103733436971
11	273591	1140	45.202105567745
11	278885	1160	47.111704428593
11	284190	1180	47.600742305904
11	289484	1200	46.381493945164
11	294889	1220	46.25946378356
11	300209	1240	46.689636780185
11	305536	1260	47.003117149191
11	310780	1280	45.967260677915
11	316167	1300	49.289595814744
11	321437	1320	47.541561255792
11	326804	1340	47.940326169421
11	332165	1360	46.37242718525
11	337569	1380	49.123719382681
11	342843	1400	46.98801909278
11	348170	1420	46.533921212444
11	353442	1440	45.576417526661
11	358828	1460	46.377605692729
11	364161	1480	47.67314870182
11	369577	1500	46.264558352877
11	374826	1520	45.465735318281
11	380055	1540	49.404520323447
11	385205	1560	nan
11	390509	1580	nan
11	395734	1600	48.501890388983
11	400945	1620	49.417987480993
11	406158	1640	46.55812019583
11	411483	1660	46.614355963626
11	416763	1680	nan
11	422108	1700	45.492940714964
11	427518	1720	45.551455321276
11	432832	1740	45.615317457788
11	438118	1760	46.328963686946
11	443390	1780	46.171527225304
11	448707	1800	nan
11	453621	1820	45.74141188811
11	457941	1840	46.740992768645
11	461787	1860	45.235232073302
11	465105	1880	47.105988607925
11	468017	1900	46.200857650951
11	470487	1920	47.199495204544
11	472481	1940	45.845958807536
11	474102	1960	nan
11	475233	1980	nan
11	475842	2000	49.497251613605
12	34423	240	nan
12	39801	260	1.9451130392929
12	45172	280	nan
12	50405	300	2.010386110472
12	55701	320	1.2250397647211
12	60932	340	nan
12	66196	360	nan
12	71539	380	2.3486781520031
12	76811	400	0.77652065443915
12	82219	420	1.7870182916115
12	87590	440	3.1888866994868
12	92984	460	0.98760597613279
12	98342	480	0.41841533201461
12	103670	500	2.2202909659144
12	109089	520	nan
12	114485	540	nan
12	119904	560	0.81628415707844
12	125225	580	nan
12	130629	600	nan
12	135938	620	0.93713345952899
12	141217	640	nan
12	146457	660	nan
12	151715	680	nan
12	157096	700	1.1706045667592
12	162427	720	nan
12	167768	740	2.0745327277799
12	173153	760	nan
12	178398	780	0.95771904859608
12	183644	800	3.6313700590494
12	188971	820	nan
12	194319	840	0.89602884652416
12	199570	860	nan
12	204874	880	nan
12	210193	900	1.6755467449081
12	215502	920	0.088784720084672
12	220783	940	nan
12	226092	960	nan
12	231501	980	1.1081867611211
12	236715	1000	3.5896789755161
12	241899	1020	1.1410030091299
12	247111	1040	1.8391230902355
12	252332	1060	1.3317902718104
12	257693	1080	1.9544675944584
12	262933	1100	0.32948870941273
12	268300	1120	0.74901194638551
12	273591	1140	nan
12	278885	1160	1.3535641927566
12	284190	1180	2.042718803148
12	289484	1200	0.25282966820204
12	294889	1220	0.088711666344221
12	300209	1240	0.37525917611608
12	305536	1260	0.63437356134765
12	310780	1280	0.79957474954554
12	316167	1300	3.7333238837751
12	321437	1320	0.97047436046886
12	326804	1340	2.2529494874562
12	332165	1360	1.1119573271849
12	337569	1380	4.2222612898431
12	342843	1400	2.9076293069018
12	348170	1420	1.2038975770594
12	353442	1440	nan
12	358828	1460	1.218441397492
12	364161	1480	nan
12	369577	1500	1.7042198698406
12	374826	1520	0.92476270122579
12	380055	1540	1.2783667077588
12	385205	1560	nan
12	390509	1580	nan
12	395734	1600	1.7630178099101
12	400945	1620	5.2731328351449
12	406158	1640	1.0903474622814
12	411483	1660	1.1674586149678
12	416763	1680	nan
12	422108	1700	1.0747910061483
12	427518	1720	0.76560322001568
12	432832	1740	nan
12	438118	1760	1.0546805778797
12	443390	1780	0.65318432825928
12	448707	1800	nan
12	453621	1820	1.2201550428038
12	457941	1840	nan
12	461787	1860	0.4078792582848
12	465105	1880	0.58761374963747
12	468017	1900	0.22874333148932
12	470487	1920	nan
12	472481	1940	0.69101912154655
12	474102	1960	nan
12	475233	1980	nan
12	475842	2000	nan
13	34423	240	nan
13	39801	260	3.7834647356271
13	45172	280	nan
13	50405	300	4.0416523131789
13	55701	320	1.5007224251478
13	60932	340	nan
13	66196	360	nan
13	71539	380	5.5162890616967
13	76811	400	0.60298432677061
13	82219	420	3.1934343745542
13	87590	440	10.168998382164
13	92984	460	0.9753655640932
13	98342	480	0.17507139006489
13	103670	500	4.929691973321
13	109089	520	nan
13	114485	540	nan
13	119904	560	0.66631982509726
13	125225	580	nan
13	130629	600	nan
13	135938	620	0.87821912096878
13	141217	640	nan
13	146457	660	nan
13	151715	680	nan
13	157096	700	1.3703150517174
13	162427	720	nan
13	167768	740	4.3036860386299
13	173153	760	nan
13	178398	780	0.91722577604378
13	183644	800	13.18684850576
13	188971	820	nan
13	194319	840	0.80286769380342
13	199570	860	nan
13	204874	880	nan
13	210193	900	2.807456894372
13	215502	920	0.0078827265205135
13	220783	940	nan
13	226092	960	nan
13	231501	980	1.2280778975241
13	236715	1000	12.885795147262
13	241899	1020	1.3018878668435
13	247111	1040	3.3823737410372
13	252332	1060	1.7736653280888
13	257693	1080	3.819943577788
13	262933	1100	0.10856280963047
13	268300	1120	0.56101889582822
13	273591	1140	nan
13	278885	1160	1.8321360239128
13	284190	1180	4.1727001087342
13	289484	1200	0.063922841123152
13	294889	1220	0.0078697597455684
13	300209	1240	0.14081944925932
13	305536	1260	0.4024298153369
13	310780	1280	0.63931978011081
13	316167	1300	13.937707221165
13	321437	1320	0.94182048432744
13	326804	1340	5.0757813930292
13	332165	1360	1.2364490974801
13	337569	1380	17.827490399708
13	342843	1400	8.454308186354
13	348170	1420	1.4493693760495
13	353442	1440	nan
13	358828	1460	1.4845994391223
13	364161	1480	nan
13	369577	1500	2.9043653647596
13	374826	1520	0.85518605357843
13	380055	1540	1.634221439506
13	385205	1560	nan
13	390509	1580	nan
13	395734	1600	3.1082317980604
13	400945	1620	27.805929897084
13	406158	1640	1.1888575885036
13	411483	1660	1.3629596176625
13	416763	1680	nan
13	422108	1700	1.1551757068972
13	427518	1720	0.58614829049838
13	432832	1740	nan
13	438118	1760	1.1123511213566
13	443390	1780	0.42664976668352
13	448707	1800	nan
13	453621	1820	1.4887783284796
13	457941	1840	nan
13	461787	1860	0.16636548933896
13	465105	1880	0.345289918763
13	468017	1900	0.052323511700833
13	470487	1920	nan
13	472481	1940	0.47750742634297
13	474102	1960	nan
13	475233	1980	nan
13	475842	2000	nan
14	34423	240	89.857107068645
14	39801	260	136.81888877096
14	45172	280	0
14	50405	300	181.63180935763
14	55701	320	135.29606006271
14	60932	340	134.32043092083
14	66196	360	0
14	71539	380	179.08338799505
14	76811	400	178.95044212807
14	82219	420	97.158586038582
14	87590	440	89.175694974671
14	92984	460	268.07526394137
14	98342	480	135.27982727228
14	103670	500	135.76167298587
14	109089	520	0
14	114485	540	0
14	119904	560	89.015309589514
14	125225	580	45.94339898093
14	130629	600	89.862926191482
14	135938	620	221.70776638632
14	141217	640	90.204332824281
14	146457	660	44.912995312777
14	151715	680	44.263318782673
14	157096	700	272.15236131533
14	162427	720	133.37037934059
14	167768	740	89.956532363098
14	173153	760	44.767220350848
14	178398	780	135.88950695348
14	183644	800	133.80471556249
14	188971	820	90.189936041597
14	194319	840	135.97192586488
14	199570	860	44.804409314744
14	204874	880	88.642080192147
14	210193	900	135.37087530055
14	215502	920	134.21095818015
14	220783	940	45.169390452763
14	226092	960	89.246905790408
14	231501	980	270.15559194827
14	236715	1000	226.4738023812
14	241899	1020	88.872031244865
14	247111	1040	134.48620548985
14	252332	1060	268.69419418805
14	257693	1080	181.483456923
14	262933	1100	89.180742712936
14	268300	1120	178.69963202177
14	273591	1140	43.969264442982
14	278885	1160	89.077583422407
14	284190	1180	181.06265731362
14	289484	1200	177.29759633387
14	294889	1220	177.05315828082
14	300209	1240	89.105050053176
14	305536	1260	133.38811070761
14	310780	1280	134.19876807373
14	316167	1300	137.01047286656
14	321437	1320	89.389304258618
14	326804	1340	133.85483034308
14	332165	1360	89.144947261489
14	337569	1380	180.11113460996
14	342843	1400	89.380043135237
14	348170	1420	313.53396650804
14	353442	1440	44.024892318675
14	358828	1460	224.4215557377
14	364161	1480	44.332939131471
14	369577	1500	179.95552290052
14	374826	1520	269.37500132401
14	380055	1540	135.22945436713
14	385205	1560	45.612745437031
14	390509	1580	44.820474219837
14	395734	1600	226.53599332787
14	400945	1620	225.75592813991
14	406158	1640	224.53592117691
14	411483	1660	134.63881826263
14	416763	1680	44.8969767479
14	422108	1700	134.06071389336
14	427518	1720	133.07896430559
14	432832	1740	90.545748331509
14	438118	1760	134.3910625076
14	443390	1780	178.86752713571
14	448707	1800	0
14	453621	1820	88.669046640326
14	457941	1840	90.539390707819
14	461787	1860	88.187344388089
14	465105	1880	91.420993682514
14	468017	1900	89.103595045438
14	470487	1920	44.76445781311
14	472481	1940	135.03206521185
14	474102	1960	0
14	475233	1980	46.178139969142
14	475842	2000	46.387567913109
15	34423	240	44.928553534323
15	39801	260	45.606296256986
15	45172	280	nan
15	50405	300	45.407952339408
15	55701	320	45.098686687569
15	60932	340	44.773476973611
15	66196	360	nan
15	71539	380	44.770846998764
15	76811	400	44.737610532018
15	82219	420	48.579293019291
15	87590	440	44.587847487336
15	92984	460	44.679210656895
15	98342	480	45.093275757426
15	103670	500	45.253890995291
15	109089	520	nan
15	114485	540	nan
15	119904	560	44.507654794757
15	125225	580	45.94339898093
15	130629	600	44.931463095741
15	135938	620	44.341553277264
15	141217	640	45.10216641214
15	146457	660	44.912995312777
15	151715	680	44.263318782673
15	157096	700	45.358726885888
15	162427	720	44.456793113529
15	167768	740	44.978266181549
15	173153	760	44.767220350848
15	178398	780	45.296502317827
15	183644	800	44.601571854164
15	188971	820	45.094968020798
15	194319	840	45.323975288292
15	199570	860	44.804409314744
15	204874	880	44.321040096073
15	210193	900	45.123625100182
15	215502	920	44.736986060051
15	220783	940	45.169390452763
15	226092	960	44.623452895204
15	231501	980	45.025931991378
15	236715	1000	45.29476047624
15	241899	1020	44.436015622433
15	247111	1040	44.828735163282
15	252332	1060	44.782365698008
15	257693	1080	45.370864230751
15	262933	1100	44.590371356468
15	268300	1120	44.674908005444
15	273591	1140	43.969264442982
15	278885	1160	44.538791711203
15	284190	1180	45.265664328405
15	289484	1200	44.324399083468
15	294889	1220	44.263289570205
15	300209	1240	44.552525026588
15	305536	1260	44.462703569202
15	310780	1280	44.732922691242
15	316167	1300	45.670157622187
15	321437	1320	44.694652129309
15	326804	1340	44.618276781027
15	332165	1360	44.572473630745
15	337569	1380	45.027783652491
15	342843	1400	44.690021567618
15	348170	1420	44.790566644005
15	353442	1440	44.024892318675
15	358828	1460	44.884311147541
15	364161	1480	44.332939131471
15	369577	1500	44.98888072513
15	374826	1520	44.895833554002
15	380055	1540	45.076484789043
15	385205	1560	45.612745437031
15	390509	1580	44.820474219837
15	395734	1600	45.307198665573
15	400945	1620	45.151185627981
15	406158	1640	44.907184235381
15	411483	1660	44.879606087545
15	416763	1680	44.8969767479
15	422108	1700	44.686904631121
15	427518	1720	44.35965476853
15	432832	1740	45.272874165754
15	438118	1760	44.797020835867
15	443390	1780	44.716881783928
15	448707	1800	nan
15	453621	1820	44.334523320163
15	457941	1840	45.26969535391
15	461787	1860	44.093672194045
15	465105	1880	45.710496841257
15	468017	1900	44.551797522719
15	470487	1920	44.76445781311
15	472481	1940	45.010688403951
15	474102	1960	nan
15	475233	1980	46.178139969142
15	475842	2000	46.387567913109
16	34423	240	0.91335866568436
16	39801	260	0.48005681264383
16	45172	280	nan
16	50405	300	0.94022631010943
16	55701	320	0.75031547417927
16	60932	340	0.34447656628516
16	66196	360	nan
16	71539	380	0.54221932340202
16	76811	400	1.1364894992309
16	82219	420	1.3969063058698
16	87590	440	0.50947735461875
16	92984	460	0.55121144992446
16	98342	480	0.84851979486503
16	103670	500	1.0450355967254
16	109089	520	nan
16	114485	540	nan
16	119904	560	0.067300579608003
16	125225	580	nan
16	130629	600	1.0507377255682
16	135938	620	0.38330542520867
16	141217	640	0.72444424754394
16	146457	660	nan
16	151715	680	nan
16	157096	700	1.7939445976054
16	162427	720	0.27673382225568
16	167768	740	0.76192935625052
16	173153	760	nan
16	178398	780	0.90336795276357
16	183644	800	0.30855870281948
16	188971	820	0.44586456218501
16	194319	840	0.93291955285329
16	199570	860	nan
16	204874	880	0.22152685035363
16	210193	900	1.620398038614
16	215502	920	0.35651881066503
16	220783	940	nan
16	226092	960	0.38942231867798
16	231501	980	0.62689712674614
16	236715	1000	0.83305523625973
16	241899	1020	0.82720504068627
16	247111	1040	0.48882345557644
16	252332	1060	0.37628148210214
16	257693	1080	0.78748193655608
16	262933	1100	0.21785913272544
16	268300	1120	0.64873618660669
16	273591	1140	nan
16	278885	1160	0.089376777621938
16	284190	1180	0.8314185421117
16	289484	1200	0.079979140171638
16	294889	1220	0.29509133702079
16	300209	1240	0.1451375818627
16	305536	1260	0.22530180471881
16	310780	1280	0.52824753587365
16	316167	1300	1.8849043127459
16	321437	1320	0.28535726748372
16	326804	1340	0.54497386857584
16	332165	1360	0.73254465995249
16	337569	1380	0.49312229255119
16	342843	1400	0.45463163938371
16	348170	1420	1.01454614158
16	353442	1440	nan
16	358828	1460	1.1609763942845
16	364161	1480	nan
16	369577	1500	0.94201968057613
16	374826	1520	0.94993921453464
16	380055	1540	1.5532216844552
16	385205	1560	nan
16	390509	1580	nan
16	395734	1600	1.5960227046409
16	400945	1620	1.4210144248983
16	406158	1640	1.6037469004784
16	411483	1660	0.35633962290517
16	416763	1680	nan
16	422108	1700	0.63933488186711
16	427518	1720	0.094443749082397
16	432832	1740	1.5824126612355
16	438118	1760	0.75925192905165
16	443390	1780	0.75559280634839
16	448707	1800	nan
16	453621	1820	0.065953408577546
16	457941	1840	0.23524547594949
16	461787	1860	0.14455467871307
16	465105	1880	0.52935199317894
16	468017	1900	0.01563951429656
16	470487	1920	nan
16	472481	1940	0.29581910393842
16	474102	1960	nan
16	475233	1980	nan
16	475842	2000	nan
17	34423	240	0.83422405218071
17	39801	260	0.23045454336575
17	45172	280	nan
17	50405	300	0.88402551422199
17	55701	320	0.56297331079286
17	60932	340	0.11866410471961
17	66196	360	nan
17	71539	380	0.29400179467055
17	76811	400	1.2916083818621
17	82219	420	1.9513472273788
17	87590	440	0.25956717486931
17	92984	460	0.30383406252783
17	98342	480	0.7199858422778
17	103670	500	1.0920993984233
17	109089	520	nan
17	114485	540	nan
17	119904	560	0.0045293680155731
17	125225	580	nan
17	130629	600	1.1040497679323
17	135938	620	0.1469230489944
17	141217	640	0.5248194677995
17	146457	660	nan
17	151715	680	nan
17	157096	700	3.2182372192775
17	162427	720	0.07658160838024
17	167768	740	0.58053634391634
17	173153	760	nan
17	178398	780	0.81607365808024
17	183644	800	0.095208473085642
17	188971	820	0.19879520781243
17	194319	840	0.87033889209599
17	199570	860	nan
17	204874	880	0.049074145427598
17	210193	900	2.6256898035442
17	215502	920	0.12710566235801
17	220783	940	nan
17	226092	960	0.15164974228454
17	231501	980	0.39300000752257
17	236715	1000	0.69398102665976
17	241899	1020	0.68426817933677
17	247111	1040	0.2389483707217
17	252332	1060	0.14158775377298
17	257693	1080	0.62012780040211
17	262933	1100	0.04746260171188
17	268300	1120	0.42085863981299
17	273591	1140	nan
17	278885	1160	0.0079882083780813
17	284190	1180	0.69125679216715
17	289484	1200	0.0063966628625945
17	294889	1220	0.087078897184717
17	300209	1240	0.021064917668951
17	305536	1260	0.050760903209551
17	310780	1280	0.27904545915658
17	316167	1300	3.5528642682081
17	321437	1320	0.081428770105775
17	326804	1340	0.29699651743052
17	332165	1360	0.53662167882491
17	337569	1380	0.24316959541094
17	342843	1400	0.20668992752872
17	348170	1420	1.0293038733948
17	353442	1440	nan
17	358828	1460	1.3478661880859
17	364161	1480	nan
17	369577	1500	0.88740107859276
17	374826	1520	0.90238451131069
17	380055	1540	2.4124976010619
17	385205	1560	nan
17	390509	1580	nan
17	395734	1600	2.5472884737292
17	400945	1620	2.019281995769
17	406158	1640	2.5720041207942
17	411483	1660	0.1269779268522
17	416763	1680	nan
17	422108	1700	0.40874909117203
17	427518	1720	0.0089196217407388
17	432832	1740	2.5040298304386
17	438118	1760	0.57646349176865
17	443390	1780	0.57092048900543
17	448707	1800	nan
17	453621	1820	0.0043498521029968
17	457941	1840	0.055340433954702
17	461787	1860	0.02089605513784
17	465105	1880	0.28021353268252
17	468017	1900	0.0002445944074323
17	470487	1920	nan
17	472481	1940	0.08750894225493
17	474102	1960	nan
17	475233	1980	nan
17	475842	2000	nan
18	34423	240	655.5140445035
18	39801	260	655.94467204355
18	45172	280	553.34079306248
18	50405	300	568.0849973676
18	55701	320	614.49295971075
18	60932	340	650.05115307372
18	66196	360	556.84142177859
18	71539	380	616.78144231648
18	76811	400	513.60032908959
18	82219	420	469.44068792412
18	87590	440	506.58963406388
18	92984	460	793.53702120058
18	98342	480	658.900051434
18	103670	500	695.26466581935
18	109089	520	606.77192286487
18	114485	540	515.80528983683
18	119904	560	474.83536899995
18	125225	580	381.50253850355
18	130629	600	430.68550844824
18	135938	620	510.80169738178
18	141217	640	472.79784419004
18	146457	660	473.78011122799
18	151715	680	412.0241545738
18	157096	700	565.41163042128
18	162427	720	515.18308107002
18	167768	740	755.25927413663
18	173153	760	697.93269159572
18	178398	780	803.31078959146
18	183644	800	796.298209564
18	188971	820	796.64250224549
18	194319	840	708.35951391746
18	199570	860	653.0570370038
18	204874	880	460.93109292402
18	210193	900	700.14206365587
18	215502	920	657.10250739208
18	220783	940	611.18049712713
18	226092	960	663.56123865381
18	231501	980	754.68574871024
18	236715	1000	663.18104393545
18	241899	1020	695.45285346888
18	247111	1040	744.35808569175
18	252332	1060	612.45738773433
18	257693	1080	617.04330452194
18	262933	1100	706.15100831148
18	268300	1120	614.41938226933
18	273591	1140	671.41255344416
18	278885	1160	664.01944953085
18	284190	1180	614.35034054534
18	289484	1200	658.64224604718
18	294889	1220	645.13483550234
18	300209	1240	508.29771727819
18	305536	1260	613.94114711501
18	310780	1280	554.77417594913
18	316167	1300	567.16378285857
18	321437	1320	510.09047861227
18	326804	1340	563.69866345396
18	332165	1360	610.58101619797
18	337569	1380	652.80037307071
18	342843	1400	613.40869215435
18	348170	1420	660.32687579764
18	353442	1440	742.31279857897
18	358828	1460	848.01692529519
18	364161	1480	890.60307663089
18	369577	1500	749.6529030364
18	374826	1520	651.35615183219
18	380055	1540	749.00019183924
18	385205	1560	617.21517252929
18	390509	1580	474.07903081317
18	395734	1600	375.70818618727
18	400945	1620	431.80113928037
18	406158	1640	509.09222057491
18	411483	1660	465.3301354331
18	416763	1680	417.62651475261
18	422108	1700	515.49211186563
18	427518	1720	558.67413130944
18	432832	1740	503.002840345
18	438118	1760	556.32611508534
18	443390	1780	458.43281596934
18	448707	1800	453.00803096214
18	453621	1820	462.9538554922
18	457941	1840	369.4176584557
18	461787	1860	327.04072628837
18	465105	1880	324.38659904831
18	468017	1900	503.8830355288
18	470487	1920	428.48497290557
18	472481	1940	320.93318430484
18	474102	1960	273.86391557299
18	475233	1980	133.87242429701
18	475842	2000	96.888840431351
19	34423	240	46.82243175025
19	39801	260	46.853190860254
19	45172	280	46.111732755207
19	50405	300	47.3404164473
19	55701	320	47.268689208519
19	60932	340	46.432225219552
19	66196	360	46.403451814883
19	71539	380	47.444726332037
19	76811	400	46.690939008145
19	82219	420	46.944068792412
19	87590	440	46.053603096716
19	92984	460	46.678648305916
19	98342	480	47.064289388143
19	103670	500	46.35097772129
19	109089	520	46.674763297298
19	114485	540	46.891389985167
19	119904	560	47.483536899995
19	125225	580	47.687817312944
19	130629	600	47.853945383137
19	135938	620	46.436517943798
19	141217	640	47.279784419004
19	146457	660	47.378011122799
19	151715	680	45.780461619311
19	157096	700	47.11763586844
19	162427	720	46.83482555182
19	167768	740	47.203704633539
19	173153	760	46.528846106382
19	178398	780	47.253575858321
19	183644	800	46.841071150823
19	188971	820	46.861323661499
19	194319	840	47.223967594497
19	199570	860	46.646931214557
19	204874	880	46.093109292402
19	210193	900	46.676137577058
19	215502	920	46.935893385149
19	220783	940	47.013884394394
19	226092	960	47.397231332415
19	231501	980	47.16785929439
19	236715	1000	47.370074566818
19	241899	1020	46.363523564592
19	247111	1040	46.522380355734
19	252332	1060	47.112106748795
19	257693	1080	47.46486957861
19	262933	1100	47.076733887432
19	268300	1120	47.263029405333
19	273591	1140	47.958039531725
19	278885	1160	47.429960680775
19	284190	1180	47.257718503488
19	289484	1200	47.045874717656
19	294889	1220	46.081059678739
19	300209	1240	46.208883388927
19	305536	1260	47.22624208577
19	310780	1280	46.231181329094
19	316167	1300	47.263648571548
19	321437	1320	46.371861692024
19	326804	1340	46.974888621163
19	332165	1360	46.967770476767
19	337569	1380	46.628598076479
19	342843	1400	47.185284011873
19	348170	1420	47.166205414117
19	353442	1440	46.394549911185
19	358828	1460	47.112051405289
19	364161	1480	46.873846138468
19	369577	1500	46.853306439775
19	374826	1520	46.525439416585
19	380055	1540	46.812511989953
19	385205	1560	47.478090194561
19	390509	1580	47.407903081317
19	395734	1600	46.963523273409
19	400945	1620	47.977904364485
19	406158	1640	46.281110961356
19	411483	1660	46.53301354331
19	416763	1680	46.402946083623
19	422108	1700	46.862919260512
19	427518	1720	46.55617760912
19	432832	1740	45.727530940455
19	438118	1760	46.360509590445
19	443390	1780	45.843281596934
19	448707	1800	45.300803096214
19	453621	1820	46.29538554922
19	457941	1840	46.177207306962
19	461787	1860	46.720103755481
19	465105	1880	46.340942721187
19	468017	1900	45.807548684437
19	470487	1920	47.609441433952
19	472481	1940	45.847597757835
19	474102	1960	45.643985928832
19	475233	1980	44.624141432336
19	475842	2000	48.444420215675
20	34423	240	2.3266316190875
20	39801	260	2.5196301934723
20	45172	280	2.6337438604141
20	50405	300	2.5901299379233
20	55701	320	2.5751182448542
20	60932	340	2.7751984029413
20	66196	360	1.681179063135
20	71539	380	2.2552432804558
20	76811	400	1.7873472766908
20	82219	420	2.5854290354313
20	87590	440	2.4310668637837
20	92984	460	1.7041804876425
20	98342	480	2.2141762267066
20	103670	500	2.3537482406586
20	109089	520	1.8761447385739
20	114485	540	2.0124047146292
20	119904	560	2.7556384302675
20	125225	580	1.7741721160404
20	130629	600	1.8067568253185
20	135938	620	2.4707691755419
20	141217	640	2.3335607507288
20	146457	660	1.8928424038322
20	151715	680	2.2296968128948
20	157096	700	1.8587210603828
20	162427	720	1.8553565176578
20	167768	740	1.9145407297574
20	173153	760	2.3916044410585
20	178398	780	1.8854599915218
20	183644	800	2.9482781459156
20	188971	820	1.8700928836863
20	194319	840	2.3400273310022
20	199570	860	1.5216248887769
20	204874	880	1.3261012204374
20	210193	900	1.7255394230371
20	215502	920	1.8419836416759
20	220783	940	2.0185507512865
20	226092	960	2.0424453038362
20	231501	980	2.5214118457376
20	236715	1000	1.747525811953
20	241899	1020	2.0959369221689
20	247111	1040	2.0774196023019
20	252332	1060	2.7792860894652
20	257693	1080	1.7761859535407
20	262933	1100	2.4375665757711
20	268300	1120	1.6355018957548
20	273591	1140	2.8620918878331
20	278885	1160	2.1142682208838
20	284190	1180	2.4929888336413
20	289484	1200	3.5258896797044
20	294889	1220	1.917466504649
20	300209	1240	0.73007852939068
20	305536	1260	2.1128204772209
20	310780	1280	0.76197934845545
20	316167	1300	2.4600495553085
20	321437	1320	0.86893059968559
20	326804	1340	1.6547301732747
20	332165	1360	1.1809526209309
20	337569	1380	3.0761123893699
20	342843	1400	2.6698323026582
20	348170	1420	2.3433735151842
20	353442	1440	3.1463063240428
20	358828	1460	2.7657643672163
20	364161	1480	3.8048980035945
20	369577	1500	1.6784735311762
20	374826	1520	1.531484727502
20	380055	1540	1.7224898997212
20	385205	1560	2.3512297862715
20	390509	1580	2.1031608658016
20	395734	1600	1.9668931766626
20	400945	1620	3.670411045546
20	406158	1640	1.5702466612429
20	411483	1660	2.1260756732195
20	416763	1680	1.5316968412397
20	422108	1700	3.2253693024655
20	427518	1720	3.0336445281599
20	432832	1740	0.87847205891058
20	438118	1760	1.8226476940045
20	443390	1780	1.0632568026927
20	448707	1800	1.8437822892399
20	453621	1820	1.541586340095
20	457941	1840	0.93201974886668
20	461787	1860	1.7079654485204
20	465105	1880	0.91206840463914
20	468017	1900	2.1174491709145
20	470487	1920	2.0853389418727
20	472481	1940	2.4608896897152
20	474102	1960	2.7062894678115
20	475233	1980	3.4769746678334
20	475842	2000	1.4889284418444
21	34423	240	5.4132146909378
21	39801	260	6.3485363118575
21	45172	280	6.9366067222687
21	50405	300	6.7087730953266
21	55701	320	6.6312339749812
21	60932	340	7.7017261756879
21	66196	360	2.8263630423236
21	71539	380	5.0861222540412
21	76811	400	3.1946102874941
21	82219	420	6.6844432972514
21	87590	440	5.9100860961872
21	92984	460	2.9042311344614
21	98342	480	4.9025763629128
21	103670	500	5.5401307804033
21	109089	520	3.5199190800785
21	114485	540	4.0497727354617
21	119904	560	7.5935431583673
21	125225	580	3.1476866973354
21	130629	600	3.2643702258348
21	135938	620	6.104700318808
21	141217	640	5.4455057773418
21	146457	660	3.5828523657452
21	151715	680	4.9715478774334
21	157096	700	3.4548439803106
21	162427	720	3.4423478076151
21	167768	740	3.6654662059002
21	173153	760	5.7197718024907
21	178398	780	3.5549593796293
21	183644	800	8.6923440256837
21	188971	820	3.4972473936141
21	194319	840	5.4757279098374
21	199570	860	2.3153423021454
21	204874	880	1.7585444468455
21	210193	900	2.9774863004551
21	215502	920	3.3929037362016
21	220783	940	4.0745471355193
21	226092	960	4.1715828191627
21	231501	980	6.3575176958257
21	236715	1000	3.0538464634419
21	241899	1020	4.3929515817107
21	247111	1040	4.3156722040281
21	252332	1060	7.7244311670947
21	257693	1080	3.1548365415552
21	262933	1100	5.9417308113166
21	268300	1120	2.6748664510175
21	273591	1140	8.1915699743998
21	278885	1160	4.470130109839
21	284190	1180	6.2149933246604
21	289484	1200	12.431898033446
21	294889	1220	3.6766777964509
21	300209	1240	0.53301465907726
21	305536	1260	4.4640103689639
21	310780	1280	0.58061252747259
21	316167	1300	6.0518438145734
21	321437	1320	0.75504038706995
21	326804	1340	2.7381319463458
21	332165	1360	1.3946490928836
21	337569	1380	9.4624674320351
21	342843	1400	7.128004524317
21	348170	1420	5.4913994316669
21	353442	1440	9.8992434847119
21	358828	1460	7.6494525349635
21	364161	1480	14.477248817758
21	369577	1500	2.8172733948591
21	374826	1520	2.3454454705719
21	380055	1540	2.9669714546415
21	385205	1560	5.5282815078505
21	390509	1580	4.4232856274395
21	395734	1600	3.868668768402
21	400945	1620	13.471917243266
21	406158	1640	2.4656745771445
21	411483	1660	4.5201977682558
21	416763	1680	2.3460952134635
21	422108	1700	10.403007137287
21	427518	1720	9.2029991232343
21	432832	1740	0.7717131582866
21	438118	1760	3.3220446164601
21	443390	1780	1.1305150284723
21	448707	1800	3.3995331301147
21	453621	1820	2.3764884439675
21	457941	1840	0.8686608122775
21	461787	1860	2.9171459733394
21	465105	1880	0.83186877474099
21	468017	1900	4.4835909914066
21	470487	1920	4.3486385024908
21	472481	1940	6.0559780649466
21	474102	1960	7.3240026835872
21	475233	1980	12.089352840755
21	475842	2000	2.2169079049333
22	34423	240	1706.6786844589
22	39801	260	1657.4043735385
22	45172	280	1790.77336302
22	50405	300	1564.5732335592
22	55701	320	1704.2912901745
22	60932	340	1609.6725870904
22	66196	360	1742.9533905189
22	71539	380	1663.7863185267
22	76811	400	1659.3708329741
22	82219	420	1702.0986992972
22	87590	440	1707.4772362896
22	92984	460	1565.7701204151
22	98342	480	1708.5808154148
22	103670	500	1657.282339181
22	109089	520	1839.7652341733
22	114485	540	1837.4111728906
22	119904	560	1657.3496733028
22	125225	580	1701.0810241433
22	130629	600	1702.3094168406
22	135938	620	1613.5503301386
22	141217	640	1753.3502910998
22	146457	660	1749.6796984065
22	151715	680	1746.8690940899
22	157096	700	1617.0437175867
22	162427	720	1708.8153899793
22	167768	740	1701.644347977
22	173153	760	1749.7088104324
22	178398	780	1653.7148710695
22	183644	800	1659.0821381578
22	188971	820	1704.3542408512
22	194319	840	1658.0794413386
22	199570	860	1750.301801549
22	204874	880	1707.8279096395
22	210193	900	1663.1655893862
22	215502	920	1712.2907833989
22	220783	940	1709.3004468671
22	226092	960	1750.8859320758
22	231501	980	1575.705151408
22	236715	1000	1567.4098615395
22	241899	1020	1758.7409185653
22	247111	1040	1660.7946149956
22	252332	1060	1528.550875968
22	257693	1080	1612.4853773647
22	262933	1100	1703.6517529975
22	268300	1120	1664.7830532699
22	273591	1140	1698.9178165234
22	278885	1160	1701.6440493247
22	284190	1180	1611.1137214399
22	289484	1200	1659.879943384
22	294889	1220	1613.6322680316
22	300209	1240	1606.137310278
22	305536	1260	1660.8001357357
22	310780	1280	1612.8327963707
22	316167	1300	1705.2566418841
22	321437	1320	1748.7547570976
22	326804	1340	1704.7673018536
22	332165	1360	1796.8380561564
22	337569	1380	1610.0076904151
22	342843	1400	1706.1264906741
22	348170	1420	1474.1674283714
22	353442	1440	1792.6953524316
22	358828	1460	1614.8194628283
22	364161	1480	1750.166462819
22	369577	1500	1606.2919223638
22	374826	1520	1519.0510658068
22	380055	1540	1658.6012329595
22	385205	1560	1749.3569641662
22	390509	1580	1745.4158884126
22	395734	1600	1610.3883698388
22	400945	1620	1571.1234870332
22	406158	1640	1520.5939547691
22	411483	1660	1660.7370692052
22	416763	1680	1744.0528634859
22	422108	1700	1655.876978042
22	427518	1720	1657.906443651
22	432832	1740	1697.095289955
22	438118	1760	1651.4943509022
22	443390	1780	1565.0842826389
22	448707	1800	1791.8101804922
22	453621	1820	1616.5602520324
22	457941	1840	1433.7433016394
22	461787	1860	1255.8025208473
22	465105	1880	1119.7065811813
22	468017	1900	990.78597650527
22	470487	1920	853.87630013637
22	472481	1940	632.65412653264
22	474102	1960	638.69651623912
22	475233	1980	459.11872445937
22	475842	2000	328.73944037759
23	34423	240	44.912596959445
23	39801	260	44.794712798337
23	45172	280	44.7693340755
23	50405	300	44.702092387405
23	55701	320	44.849770794065
23	60932	340	44.713127419179
23	66196	360	44.691112577407
23	71539	380	44.967197798018
23	76811	400	44.847860350651
23	82219	420	44.792071034136
23	87590	440	44.933611481306
23	92984	460	44.736289154716
23	98342	480	44.962653037231
23	103670	500	44.79141457246
23	109089	520	44.872322784715
23	114485	540	44.814906655867
23	119904	560	44.793234413588
23	125225	580	44.765290109033
23	130629	600	44.797616232648
23	135938	620	44.820842503849
23	141217	640	44.957699771791
23	146457	660	44.863582010423
23	151715	680	44.791515233075
23	157096	700	44.917881044074
23	162427	720	44.968826052088
23	167768	740	44.780114420448
23	173153	760	44.864328472627
23	178398	780	44.694996515391
23	183644	800	44.840057788048
23	188971	820	44.851427390821
23	194319	840	44.812957874017
23	199570	860	44.879533373051
23	204874	880	44.942839727354
23	210193	900	44.950421334762
23	215502	920	45.060283773656
23	220783	940	44.98159070703
23	226092	960	44.894511078867
23	231501	980	45.020147183087
23	236715	1000	44.783138901128
23	241899	1020	45.095920988853
23	247111	1040	44.886340945828
23	252332	1060	44.957378704942
23	257693	1080	44.791260482354
23	262933	1100	44.832940868355
23	268300	1120	44.994136574863
23	273591	1140	44.708363592722
23	278885	1160	44.780106561176
23	284190	1180	44.753158928887
23	289484	1200	44.861620091459
23	294889	1220	44.823118556433
23	300209	1240	44.6149252855
23	305536	1260	44.88649015502
23	310780	1280	44.800911010298
23	316167	1300	44.875174786424
23	321437	1320	44.839865566605
23	326804	1340	44.862297417199
23	332165	1360	44.92095140391
23	337569	1380	44.722435844864
23	342843	1400	44.898065544054
23	348170	1420	44.671740253677
23	353442	1440	44.817383810789
23	358828	1460	44.856096189675
23	364161	1480	44.876063149206
23	369577	1500	44.619220065661
23	374826	1520	44.677972523728
23	380055	1540	44.827060350256
23	385205	1560	44.855306773492
23	390509	1580	44.75425354904
23	395734	1600	44.733010273301
23	400945	1620	44.889242486662
23	406158	1640	44.723351610857
23	411483	1660	44.884785654195
23	416763	1680	44.719304191945
23	422108	1700	44.753431838974
23	427518	1720	44.808282260837
23	432832	1740	44.660402367238
23	438118	1760	44.634982456817
23	443390	1780	44.716693789683
23	448707	1800	44.795254512304
23	453621	1820	44.904451445344
23	457941	1840	44.804478176231
23	461787	1860	44.850090030261
23	465105	1880	44.788263247251
23	468017	1900	45.035726204785
23	470487	1920	44.940857901914
23	472481	1940	45.189580466617
23	474102	1960	45.621179731366
23	475233	1980	45.911872445937
23	475842	2000	46.962777196799
24	34423	240	0.9518484328245
24	39801	260	0.66921708610034
24	45172	280	0.65374846133813
24	50405	300	0.64326654044034
24	55701	320	0.74780815329831
24	60932	340	0.8316200272282
24	66196	360	0.49831469742447
24	71539	380	1.0085128281842
24	76811	400	0.78519699873428
24	82219	420	0.75214351352298
24	87590	440	0.88685725160708
24	92984	460	0.73840005901387
24	98342	480	1.0508355650827
24	103670	500	0.72132924649417
24	109089	520	0.7962565494406
24	114485	540	0.87197863175418
24	119904	560	0.7263379511185
24	125225	580	0.73869312241777
24	130629	600	0.64593910084225
24	135938	620	0.8912073489974
24	141217	640	0.95766014961453
24	146457	660	0.79621210928739
24	151715	680	0.71812362539266
24	157096	700	0.89828266970663
24	162427	720	0.8795756846876
24	167768	740	0.62888152024052
24	173153	760	0.8738709510112
24	178398	780	0.53545431384995
24	183644	800	0.88166966074994
24	188971	820	0.72823266689829
24	194319	840	0.97538758393736
24	199570	860	0.90401063610617
24	204874	880	0.89327415267284
24	210193	900	0.88126114363664
24	215502	920	1.0424169663676
24	220783	940	0.89888679939667
24	226092	960	0.72096776780635
24	231501	980	0.97463749793397
24	236715	1000	0.59306749663412
24	241899	1020	1.0632478918728
24	247111	1040	0.96117879471015
24	252332	1060	1.1609384054109
24	257693	1080	0.89718484297851
24	262933	1100	0.82245922783589
24	268300	1120	1.1762149775719
24	273591	1140	0.72644056126691
24	278885	1160	0.79418640242048
24	284190	1180	0.83711678855027
24	289484	1200	0.7924989241673
24	294889	1220	0.70485012498876
24	300209	1240	0.48771424046092
24	305536	1260	0.79304356692023
24	310780	1280	0.71478443896823
24	316167	1300	0.92025577780554
24	321437	1320	0.81245410183454
24	326804	1340	0.83495122705225
24	332165	1360	0.91627992953177
24	337569	1380	0.63813531716907
24	342843	1400	0.82179646849903
24	348170	1420	0.60977788463154
24	353442	1440	0.77918663169418
24	358828	1460	0.86771388270812
24	364161	1480	0.87004646644231
24	369577	1500	0.63874819767372
24	374826	1520	0.54966806184665
24	380055	1540	0.95979836185436
24	385205	1560	0.87747088510454
24	390509	1580	0.7763335305346
24	395734	1600	0.71587091211171
24	400945	1620	1.0599538133059
24	406158	1640	0.62982268704001
24	411483	1660	1.0993035552122
24	416763	1680	0.74103543065589
24	422108	1700	0.87776138521912
24	427518	1720	0.83994548422388
24	432832	1740	0.55812097513995
24	438118	1760	0.76743260155067
24	443390	1780	0.60476364618346
24	448707	1800	0.75282760345669
24	453621	1820	0.90823839437328
24	457941	1840	0.67884950306267
24	461787	1860	0.63321725861857
24	465105	1880	0.62609458245241
24	468017	1900	0.74077105211171
24	470487	1920	0.46268683174209
24	472481	1940	0.54770511407993
24	474102	1960	0.57330225767504
24	475233	1980	1.0139358318126
24	475842	2000	0.98046678011167
25	34423	240	0.90601543907045
25	39801	260	0.44785150832863
25	45172	280	0.42738705070197
25	50405	300	0.41379184205008
25	55701	320	0.55921703413943
25	60932	340	0.69159186968704
25	66196	360	0.24831753766924
25	71539	380	1.017098124612
25	76811	400	0.61653432682133
25	82219	420	0.56571986493469
25	87590	440	0.78651578472807
25	92984	460	0.54523464715168
25	98342	480	1.1042553848427
25	103670	500	0.52031588184785
25	109089	520	0.63402449252705
25	114485	540	0.76034673423589
25	119904	560	0.52756681923502
25	125225	580	0.54566752910731
25	130629	600	0.4172373219969
25	135938	620	0.79425053890697
25	141217	640	0.91711296215972
25	146457	660	0.63395372297587
25	151715	680	0.5157015413471
25	157096	700	0.80691175469527
25	162427	720	0.77365338509366
25	167768	740	0.39549196650003
25	173153	760	0.76365043902123
25	178398	780	0.28671132222052
25	183644	800	0.77734139068691
25	188971	820	0.5303228171378
25	194319	840	0.95138093889916
25	199570	860	0.81723523019307
25	204874	880	0.79793871183339
25	210193	900	0.77662120328376
25	215502	920	1.0866331317711
25	220783	940	0.8079974781296
25	226092	960	0.51979452221567
25	231501	980	0.94991825237898
25	236715	1000	0.35172905556387
25	241899	1020	1.1304960795719
25	247111	1040	0.92386467540045
25	252332	1060	1.3477779811581
25	257693	1080	0.80494064247037
25	262933	1100	0.67643918145241
25	268300	1120	1.3834816734646
25	273591	1140	0.52771588905379
25	278885	1160	0.63073204178959
25	284190	1180	0.70076451767271
25	289484	1200	0.62805454480633
25	294889	1220	0.49681369869667
25	300209	1240	0.23786518034838
25	305536	1260	0.62891809903356
25	310780	1280	0.51091679419112
25	316167	1300	0.84687069658447
25	321437	1320	0.66008166758777
25	326804	1340	0.69714355155606
25	332165	1360	0.83956890926274
25	337569	1380	0.40721668301847
25	342843	1400	0.67534943563748
25	348170	1420	0.37182906858572
25	353442	1440	0.60713180701092
25	358828	1460	0.75292738224441
25	364161	1480	0.75698085376875
25	369577	1500	0.40799926003143
25	374826	1520	0.30213497821426
25	380055	1540	0.92121289541832
25	385205	1560	0.76995515420614
25	390509	1580	0.60269375063232
25	395734	1600	0.51247116280765
25	400945	1620	1.1235020863418
25	406158	1640	0.3966766171103
25	411483	1660	1.2084683065022
25	416763	1680	0.54913350948735
25	422108	1700	0.77046504938179
25	427518	1720	0.70550841646808
25	432832	1740	0.31149902289116
25	438118	1760	0.58895279792282
25	443390	1780	0.36573906774511
25	448707	1800	0.56674940052635
25	453621	1820	0.82489698101376
25	457941	1840	0.46083664780843
25	461787	1860	0.40096409661241
25	465105	1880	0.39199442617626
25	468017	1900	0.54874175164668
25	470487	1920	0.21407910426754
25	472481	1940	0.29998089198931
25	474102	1960	0.3286754786553
25	475233	1980	1.0280658710334
25	475842	2000	0.96131510690254
