version 2
run statisticRVV-176-20150327-12:21:48-13164
attr c 11
attr configname statisticRVV
attr datetime 20150327-12:21:48
attr experiment statisticRVV
attr inifile omnetpp.ini
attr iterationvars "$sc=\"erlangen-medium.launchd.xml\", $p=1/10, $c=11"
attr iterationvars2 "$sc=\"erlangen-medium.launchd.xml\", $p=1/10, $c=11, $repetition=6"
attr measurement "$sc=\"erlangen-medium.launchd.xml\", $p=1/10, $c=11"
attr network RSUExampleScenario
attr p 1/10
attr processid 13164
attr repetition 6
attr replication #6
attr resultdir results
attr runnumber 176
attr sc "\"erlangen-medium.launchd.xml\""
attr seedset 176

vector 0  RSUExampleScenario.rsu[0].appl  Number_CH  ETV
vector 1  RSUExampleScenario.rsu[0].appl  Number_ON  ETV
vector 2  RSUExampleScenario.rsu[0].appl  Number_FN  ETV
vector 3  RSUExampleScenario.rsu[0].appl  Number_CH_Losts  ETV
vector 4  RSUExampleScenario.rsu[0].appl  Number_CH_Losts  ETV
vector 5  RSUExampleScenario.rsu[0].appl  Mean_Cluster_Size  ETV
vector 6  RSUExampleScenario.rsu[0].appl  StdDev_Cluster_Size  ETV
vector 7  RSUExampleScenario.rsu[0].appl  Variance_Cluster_Size  ETV
vector 8  RSUExampleScenario.rsu[0].appl  Mean_Neighbors  ETV
vector 9  RSUExampleScenario.rsu[0].appl  StdDev_Neighbors  ETV
vector 10  RSUExampleScenario.rsu[0].appl  Variance_Neighbors  ETV
vector 11  RSUExampleScenario.rsu[0].appl  Total_CH_Utility  ETV
vector 12  RSUExampleScenario.rsu[0].appl  Mean_CH_Utility  ETV
vector 13  RSUExampleScenario.rsu[0].appl  StdDev_CH_Utility  ETV
vector 14  RSUExampleScenario.rsu[0].appl  Variance_CH_Utility  ETV
vector 15  RSUExampleScenario.rsu[0].appl  Total_exp_CH_Utility  ETV
vector 16  RSUExampleScenario.rsu[0].appl  Mean_exp_CH_Utility  ETV
vector 17  RSUExampleScenario.rsu[0].appl  StdDev_exp_CH_Utility  ETV
vector 18  RSUExampleScenario.rsu[0].appl  Variance_exp_CH_Utility  ETV
vector 19  RSUExampleScenario.rsu[0].appl  Total_ON_Utility  ETV
vector 20  RSUExampleScenario.rsu[0].appl  Mean_ON_Utility  ETV
vector 21  RSUExampleScenario.rsu[0].appl  StdDev_ON_Utility  ETV
vector 22  RSUExampleScenario.rsu[0].appl  Variance_ON_Utility  ETV
vector 23  RSUExampleScenario.rsu[0].appl  Total_exp_ON_Utility  ETV
vector 24  RSUExampleScenario.rsu[0].appl  Mean_exp_ON_Utility  ETV
vector 25  RSUExampleScenario.rsu[0].appl  StdDev_exp_ON_Utility  ETV
vector 26  RSUExampleScenario.rsu[0].appl  Variance_exp_ON_Utility  ETV
0	145638	240	8
0	171412	260	8
0	198256	280	9
0	225300	300	7
0	252349	320	9
0	279444	340	10
0	306949	360	13
0	334471	380	10
0	362419	400	10
0	390799	420	7
0	419396	440	7
0	448687	460	8
0	478437	480	7
0	508641	500	10
0	539703	520	14
0	571228	540	9
0	603571	560	10
0	636309	580	12
0	670345	600	13
0	705106	620	14
0	741155	640	11
0	778236	660	16
0	816234	680	16
0	855387	700	11
0	895791	720	13
0	937417	740	12
0	980107	760	16
0	1024294	780	13
0	1070104	800	11
0	1116670	820	11
0	1164200	840	15
0	1212847	860	11
0	1262872	880	16
0	1314242	900	16
0	1366878	920	9
0	1419950	940	16
0	1475097	960	14
0	1531260	980	5
0	1588820	1000	12
0	1648102	1020	12
0	1708662	1040	14
0	1771099	1060	16
0	1834734	1080	10
0	1900270	1100	19
0	1967287	1120	13
0	2035804	1140	17
0	2106054	1160	11
0	2178974	1180	22
0	2253395	1200	18
0	2329350	1220	15
0	2408200	1240	9
0	2488232	1260	10
0	2571125	1280	14
0	2654660	1300	17
0	2741097	1320	12
0	2829987	1340	13
0	2920168	1360	11
0	3011914	1380	16
0	3106675	1400	14
0	3203034	1420	18
0	3301575	1440	21
0	3402450	1460	19
0	3505676	1480	13
0	3610980	1500	13
0	3718382	1520	19
0	3828191	1540	19
0	3940421	1560	14
0	4054969	1580	19
0	4171770	1600	20
0	4290164	1620	18
0	4412012	1640	17
0	4534941	1660	13
0	4660778	1680	11
0	4789744	1700	22
0	4920524	1720	21
0	5053181	1740	13
0	5187716	1760	21
0	5325763	1780	11
0	5466438	1800	18
0	5609480	1820	15
0	5754969	1840	19
0	5903422	1860	22
0	6054842	1880	27
0	6208157	1900	23
0	6364755	1920	14
0	6523603	1940	25
0	6684610	1960	14
0	6848532	1980	19
0	7015025	2000	20
1	145638	240	51
1	171412	260	50
1	198256	280	66
1	225300	300	57
1	252349	320	71
1	279444	340	73
1	306949	360	72
1	334471	380	75
1	362419	400	65
1	390799	420	67
1	419396	440	49
1	448687	460	69
1	478437	480	59
1	508641	500	73
1	539703	520	81
1	571228	540	61
1	603571	560	86
1	636309	580	89
1	670345	600	80
1	705106	620	72
1	741155	640	73
1	778236	660	86
1	816234	680	77
1	855387	700	67
1	895791	720	71
1	937417	740	80
1	980107	760	95
1	1024294	780	76
1	1070104	800	77
1	1116670	820	89
1	1164200	840	104
1	1212847	860	68
1	1262872	880	87
1	1314242	900	102
1	1366878	920	75
1	1419950	940	95
1	1475097	960	84
1	1531260	980	39
1	1588820	1000	103
1	1648102	1020	92
1	1708662	1040	99
1	1771099	1060	94
1	1834734	1080	84
1	1900270	1100	115
1	1967287	1120	111
1	2035804	1140	104
1	2106054	1160	91
1	2178974	1180	113
1	2253395	1200	124
1	2329350	1220	101
1	2408200	1240	83
1	2488232	1260	84
1	2571125	1280	116
1	2654660	1300	98
1	2741097	1320	84
1	2829987	1340	89
1	2920168	1360	86
1	3011914	1380	119
1	3106675	1400	89
1	3203034	1420	121
1	3301575	1440	129
1	3402450	1460	128
1	3505676	1480	103
1	3610980	1500	105
1	3718382	1520	136
1	3828191	1540	120
1	3940421	1560	111
1	4054969	1580	131
1	4171770	1600	133
1	4290164	1620	134
1	4412012	1640	137
1	4534941	1660	112
1	4660778	1680	106
1	4789744	1700	136
1	4920524	1720	151
1	5053181	1740	111
1	5187716	1760	137
1	5325763	1780	112
1	5466438	1800	142
1	5609480	1820	133
1	5754969	1840	138
1	5903422	1860	151
1	6054842	1880	144
1	6208157	1900	158
1	6364755	1920	107
1	6523603	1940	144
1	6684610	1960	134
1	6848532	1980	145
1	7015025	2000	161
2	145638	240	19
2	171412	260	27
2	198256	280	16
2	225300	300	31
2	252349	320	13
2	279444	340	12
2	306949	360	9
2	334471	380	10
2	362419	400	22
2	390799	420	22
2	419396	440	42
2	448687	460	22
2	478437	480	35
2	508641	500	19
2	539703	520	8
2	571228	540	34
2	603571	560	10
2	636309	580	4
2	670345	600	15
2	705106	620	20
2	741155	640	26
2	778236	660	8
2	816234	680	21
2	855387	700	36
2	895791	720	31
2	937417	740	24
2	980107	760	7
2	1024294	780	31
2	1070104	800	32
2	1116670	820	20
2	1164200	840	4
2	1212847	860	45
2	1262872	880	22
2	1314242	900	10
2	1366878	920	44
2	1419950	940	16
2	1475097	960	33
2	1531260	980	87
2	1588820	1000	16
2	1648102	1020	30
2	1708662	1040	22
2	1771099	1060	28
2	1834734	1080	45
2	1900270	1100	4
2	1967287	1120	17
2	2035804	1140	21
2	2106054	1160	40
2	2178974	1180	8
2	2253395	1200	4
2	2329350	1220	31
2	2408200	1240	56
2	2488232	1260	54
2	2571125	1280	20
2	2654660	1300	35
2	2741097	1320	55
2	2829987	1340	52
2	2920168	1360	57
2	3011914	1380	22
2	3106675	1400	54
2	3203034	1420	19
2	3301575	1440	9
2	3402450	1460	15
2	3505676	1480	46
2	3610980	1500	45
2	3718382	1520	8
2	3828191	1540	27
2	3940421	1560	42
2	4054969	1580	18
2	4171770	1600	19
2	4290164	1620	19
2	4412012	1640	18
2	4534941	1660	49
2	4660778	1680	59
2	4789744	1700	18
2	4920524	1720	8
2	5053181	1740	55
2	5187716	1760	21
2	5325763	1780	57
2	5466438	1800	24
2	5609480	1820	35
2	5754969	1840	29
2	5903422	1860	12
2	6054842	1880	17
2	6208157	1900	8
2	6364755	1920	68
2	6523603	1940	22
2	6684610	1960	44
2	6848532	1980	28
2	7015025	2000	14
3	145638	240	0
3	171412	260	1
3	198256	280	0
3	225300	300	0
3	252349	320	0
3	279444	340	0
3	306949	360	1
3	334471	380	0
3	362419	400	0
3	390799	420	0
3	419396	440	0
3	448687	460	0
3	478437	480	0
3	508641	500	0
3	539703	520	0
3	571228	540	1
3	603571	560	0
3	636309	580	0
3	670345	600	1
3	705106	620	0
3	741155	640	0
3	778236	660	0
3	816234	680	2
3	855387	700	0
3	895791	720	1
3	937417	740	0
3	980107	760	2
3	1024294	780	1
3	1070104	800	0
3	1116670	820	3
3	1164200	840	0
3	1212847	860	0
3	1262872	880	2
3	1314242	900	0
3	1366878	920	0
3	1419950	940	0
3	1475097	960	0
3	1531260	980	0
3	1588820	1000	1
3	1648102	1020	0
3	1708662	1040	0
3	1771099	1060	1
3	1834734	1080	0
3	1900270	1100	1
3	1967287	1120	0
3	2035804	1140	1
3	2106054	1160	0
3	2178974	1180	0
3	2253395	1200	1
3	2329350	1220	0
3	2408200	1240	1
3	2488232	1260	0
3	2571125	1280	0
3	2654660	1300	1
3	2741097	1320	0
3	2829987	1340	0
3	2920168	1360	0
3	3011914	1380	1
3	3106675	1400	0
3	3203034	1420	0
3	3301575	1440	0
3	3402450	1460	2
3	3505676	1480	0
3	3610980	1500	0
3	3718382	1520	0
3	3828191	1540	2
3	3940421	1560	0
3	4054969	1580	1
3	4171770	1600	0
3	4290164	1620	0
3	4412012	1640	1
3	4534941	1660	0
3	4660778	1680	0
3	4789744	1700	0
3	4920524	1720	0
3	5053181	1740	0
3	5187716	1760	0
3	5325763	1780	0
3	5466438	1800	0
3	5609480	1820	0
3	5754969	1840	2
3	5903422	1860	1
3	6054842	1880	2
3	6208157	1900	1
3	6364755	1920	0
3	6523603	1940	0
3	6684610	1960	0
3	6848532	1980	0
3	7015025	2000	0
4	145638	240	18
4	171412	260	26
4	198256	280	16
4	225300	300	31
4	252349	320	13
4	279444	340	12
4	306949	360	8
4	334471	380	10
4	362419	400	21
4	390799	420	22
4	419396	440	42
4	448687	460	22
4	478437	480	35
4	508641	500	19
4	539703	520	8
4	571228	540	32
4	603571	560	10
4	636309	580	4
4	670345	600	14
4	705106	620	19
4	741155	640	26
4	778236	660	8
4	816234	680	18
4	855387	700	36
4	895791	720	30
4	937417	740	24
4	980107	760	5
4	1024294	780	29
4	1070104	800	32
4	1116670	820	17
4	1164200	840	3
4	1212847	860	45
4	1262872	880	20
4	1314242	900	10
4	1366878	920	44
4	1419950	940	16
4	1475097	960	33
4	1531260	980	87
4	1588820	1000	15
4	1648102	1020	30
4	1708662	1040	22
4	1771099	1060	27
4	1834734	1080	44
4	1900270	1100	3
4	1967287	1120	17
4	2035804	1140	19
4	2106054	1160	40
4	2178974	1180	8
4	2253395	1200	2
4	2329350	1220	31
4	2408200	1240	55
4	2488232	1260	54
4	2571125	1280	20
4	2654660	1300	34
4	2741097	1320	55
4	2829987	1340	52
4	2920168	1360	57
4	3011914	1380	21
4	3106675	1400	54
4	3203034	1420	19
4	3301575	1440	8
4	3402450	1460	13
4	3505676	1480	46
4	3610980	1500	45
4	3718382	1520	8
4	3828191	1540	25
4	3940421	1560	42
4	4054969	1580	17
4	4171770	1600	19
4	4290164	1620	19
4	4412012	1640	17
4	4534941	1660	49
4	4660778	1680	59
4	4789744	1700	17
4	4920524	1720	7
4	5053181	1740	55
4	5187716	1760	21
4	5325763	1780	57
4	5466438	1800	24
4	5609480	1820	35
4	5754969	1840	26
4	5903422	1860	11
4	6054842	1880	14
4	6208157	1900	6
4	6364755	1920	68
4	6523603	1940	22
4	6684610	1960	44
4	6848532	1980	28
4	7015025	2000	14
5	145638	240	6.375
5	171412	260	6.25
5	198256	280	7.3333333333333
5	225300	300	8.1428571428571
5	252349	320	7.8888888888889
5	279444	340	7.3
5	306949	360	5.5384615384615
5	334471	380	7.5
5	362419	400	6.5
5	390799	420	9.5714285714286
5	419396	440	7
5	448687	460	8.625
5	478437	480	8.4285714285714
5	508641	500	7.3
5	539703	520	5.7857142857143
5	571228	540	6.7777777777778
5	603571	560	8.6
5	636309	580	7.4166666666667
5	670345	600	6.1538461538462
5	705106	620	5.1428571428571
5	741155	640	6.6363636363636
5	778236	660	5.375
5	816234	680	4.8125
5	855387	700	6.0909090909091
5	895791	720	5.4615384615385
5	937417	740	6.6666666666667
5	980107	760	5.9375
5	1024294	780	5.8461538461538
5	1070104	800	7
5	1116670	820	8.0909090909091
5	1164200	840	6.9333333333333
5	1212847	860	6.1818181818182
5	1262872	880	5.4375
5	1314242	900	6.375
5	1366878	920	8.3333333333333
5	1419950	940	5.9375
5	1475097	960	6
5	1531260	980	7.8
5	1588820	1000	8.5833333333333
5	1648102	1020	7.6666666666667
5	1708662	1040	7.0714285714286
5	1771099	1060	5.875
5	1834734	1080	8.4
5	1900270	1100	6.0526315789474
5	1967287	1120	8.5384615384615
5	2035804	1140	6.1176470588235
5	2106054	1160	8.2727272727273
5	2178974	1180	5.1363636363636
5	2253395	1200	6.8888888888889
5	2329350	1220	6.7333333333333
5	2408200	1240	9.2222222222222
5	2488232	1260	8.4
5	2571125	1280	8.2857142857143
5	2654660	1300	5.7647058823529
5	2741097	1320	7
5	2829987	1340	6.8461538461538
5	2920168	1360	7.8181818181818
5	3011914	1380	7.4375
5	3106675	1400	6.3571428571429
5	3203034	1420	6.7222222222222
5	3301575	1440	6.1428571428571
5	3402450	1460	6.7368421052632
5	3505676	1480	7.9230769230769
5	3610980	1500	8.0769230769231
5	3718382	1520	7.1578947368421
5	3828191	1540	6.3157894736842
5	3940421	1560	7.9285714285714
5	4054969	1580	6.8947368421053
5	4171770	1600	6.65
5	4290164	1620	7.4444444444444
5	4412012	1640	8.0588235294118
5	4534941	1660	8.6153846153846
5	4660778	1680	9.6363636363636
5	4789744	1700	6.1818181818182
5	4920524	1720	7.1904761904762
5	5053181	1740	8.5384615384615
5	5187716	1760	6.5238095238095
5	5325763	1780	10.181818181818
5	5466438	1800	7.8888888888889
5	5609480	1820	8.8666666666667
5	5754969	1840	7.2631578947368
5	5903422	1860	6.8636363636364
5	6054842	1880	5.3333333333333
5	6208157	1900	6.8695652173913
5	6364755	1920	7.6428571428571
5	6523603	1940	5.76
5	6684610	1960	9.5714285714286
5	6848532	1980	7.6315789473684
5	7015025	2000	8.05
6	145638	240	3.7008686239083
6	171412	260	3.1509635714447
6	198256	280	3.4278273002005
6	225300	300	2.6095064302515
6	252349	320	3.4075080500435
6	279444	340	2.8303906287138
6	306949	360	2.9330128030004
6	334471	380	2.4152294576982
6	362419	400	2.9533408577782
6	390799	420	2.2990681342044
6	419396	440	3.6514837167011
6	448687	460	2.5035688811888
6	478437	480	2.7602622373694
6	508641	500	3.198958163736
6	539703	520	2.9398736610367
6	571228	540	2.8625940062196
6	603571	560	2.6331223544175
6	636309	580	2.6097137890209
6	670345	600	2.9677756498247
6	705106	620	3.1343541319027
6	741155	640	3.2641301221835
6	778236	660	2.872281323269
6	816234	680	1.6820126832657
6	855387	700	2.9817627489304
6	895791	720	3.3569674960045
6	937417	740	3.4200832880165
6	980107	760	3.0652623596249
6	1024294	780	3.8480764425479
6	1070104	800	2.9664793948383
6	1116670	820	2.5081684733903
6	1164200	840	2.5203930154603
6	1212847	860	3.5445220218862
6	1262872	880	3.5207716957129
6	1314242	900	3.5
6	1366878	920	1.802775637732
6	1419950	940	3.4731109973625
6	1475097	960	3.1378581622109
6	1531260	980	3.633180424917
6	1588820	1000	2.3532698077099
6	1648102	1020	2.7413776673694
6	1708662	1040	2.9211242755088
6	1771099	1060	2.9410882339705
6	1834734	1080	3.4058772731853
6	1900270	1100	3.2399191384033
6	1967287	1120	2.9044616430412
6	2035804	1140	3.998161342123
6	2106054	1160	3.0361458822299
6	2178974	1180	2.6600296193384
6	2253395	1200	3.1972210155418
6	2329350	1220	3.1045281828476
6	2408200	1240	2.1081851067789
6	2488232	1260	2.4129281427805
6	2571125	1280	2.6726124191242
6	2654660	1300	3.897585979884
6	2741097	1320	3.4377582547616
6	2829987	1340	3.8480764425479
6	2920168	1360	2.7136021011999
6	3011914	1380	3.5017852589786
6	3106675	1400	3.2724289463319
6	3203034	1420	3.1586586050104
6	3301575	1440	2.725540575477
6	3402450	1460	2.8253240770487
6	3505676	1480	3.0676141234282
6	3610980	1500	2.7827306272059
6	3718382	1520	3.0416216050495
6	3828191	1540	3.0921519220071
6	3940421	1560	2.2001498450468
6	4054969	1580	3.1072448825662
6	4171770	1600	2.8149039433924
6	4290164	1620	3.2938842120837
6	4412012	1640	2.8825029972945
6	4534941	1660	3.0424349222967
6	4660778	1680	2.1574395598824
6	4789744	1700	2.9217796865603
6	4920524	1720	2.6385421660274
6	5053181	1740	2.2216879699673
6	5187716	1760	3.1720505610574
6	5325763	1780	0.60302268915553
6	5466438	1800	2.4707438481961
6	5609480	1820	1.9591057240729
6	5754969	1840	3.6185034546705
6	5903422	1860	2.2739823374414
6	6054842	1880	3.0508510792388
6	6208157	1900	3.0046077920737
6	6364755	1920	2.8984649214884
6	6523603	1940	2.9337120967584
6	6684610	1960	1.7415415679699
6	6848532	1980	2.6079052112075
6	7015025	2000	2.8186409565791
7	145638	240	13.696428571429
7	171412	260	9.9285714285714
7	198256	280	11.75
7	225300	300	6.8095238095238
7	252349	320	11.611111111111
7	279444	340	8.0111111111111
7	306949	360	8.6025641025641
7	334471	380	5.8333333333333
7	362419	400	8.7222222222222
7	390799	420	5.2857142857143
7	419396	440	13.333333333333
7	448687	460	6.2678571428571
7	478437	480	7.6190476190476
7	508641	500	10.233333333333
7	539703	520	8.6428571428571
7	571228	540	8.1944444444444
7	603571	560	6.9333333333333
7	636309	580	6.8106060606061
7	670345	600	8.8076923076923
7	705106	620	9.8241758241758
7	741155	640	10.654545454545
7	778236	660	8.25
7	816234	680	2.8291666666667
7	855387	700	8.8909090909091
7	895791	720	11.269230769231
7	937417	740	11.69696969697
7	980107	760	9.3958333333333
7	1024294	780	14.807692307692
7	1070104	800	8.8
7	1116670	820	6.2909090909091
7	1164200	840	6.352380952381
7	1212847	860	12.563636363636
7	1262872	880	12.395833333333
7	1314242	900	12.25
7	1366878	920	3.25
7	1419950	940	12.0625
7	1475097	960	9.8461538461538
7	1531260	980	13.2
7	1588820	1000	5.5378787878788
7	1648102	1020	7.5151515151515
7	1708662	1040	8.532967032967
7	1771099	1060	8.65
7	1834734	1080	11.6
7	1900270	1100	10.497076023392
7	1967287	1120	8.4358974358974
7	2035804	1140	15.985294117647
7	2106054	1160	9.2181818181818
7	2178974	1180	7.0757575757576
7	2253395	1200	10.222222222222
7	2329350	1220	9.6380952380952
7	2408200	1240	4.4444444444444
7	2488232	1260	5.8222222222222
7	2571125	1280	7.1428571428571
7	2654660	1300	15.191176470588
7	2741097	1320	11.818181818182
7	2829987	1340	14.807692307692
7	2920168	1360	7.3636363636364
7	3011914	1380	12.2625
7	3106675	1400	10.708791208791
7	3203034	1420	9.9771241830065
7	3301575	1440	7.4285714285714
7	3402450	1460	7.9824561403509
7	3505676	1480	9.4102564102564
7	3610980	1500	7.7435897435897
7	3718382	1520	9.2514619883041
7	3828191	1540	9.5614035087719
7	3940421	1560	4.8406593406593
7	4054969	1580	9.6549707602339
7	4171770	1600	7.9236842105263
7	4290164	1620	10.849673202614
7	4412012	1640	8.3088235294118
7	4534941	1660	9.2564102564103
7	4660778	1680	4.6545454545455
7	4789744	1700	8.5367965367965
7	4920524	1720	6.9619047619048
7	5053181	1740	4.9358974358974
7	5187716	1760	10.061904761905
7	5325763	1780	0.36363636363636
7	5466438	1800	6.1045751633987
7	5609480	1820	3.8380952380952
7	5754969	1840	13.093567251462
7	5903422	1860	5.1709956709957
7	6054842	1880	9.3076923076923
7	6208157	1900	9.0276679841897
7	6364755	1920	8.4010989010989
7	6523603	1940	8.6066666666667
7	6684610	1960	3.032967032967
7	6848532	1980	6.8011695906433
7	7015025	2000	7.9447368421053
8	145638	240	23.051948051948
8	171412	260	22.588235294118
8	198256	280	22.274725274725
8	225300	300	21.905263157895
8	252349	320	22.451612903226
8	279444	340	22.063157894737
8	306949	360	22.521276595745
8	334471	380	22.084210526316
8	362419	400	22.09375
8	390799	420	22.1875
8	419396	440	21.928571428571
8	448687	460	22.171717171717
8	478437	480	22.247524752475
8	508641	500	22.098039215686
8	539703	520	22.466019417476
8	571228	540	22.621359223301
8	603571	560	22.660377358491
8	636309	580	22.971428571429
8	670345	600	23.37962962963
8	705106	620	24.257142857143
8	741155	640	24.245454545455
8	778236	660	25.145454545455
8	816234	680	25.699115044248
8	855387	700	25.859649122807
8	895791	720	26.339130434783
8	937417	740	27
8	980107	760	27.525423728814
8	1024294	780	27.764705882353
8	1070104	800	28.75
8	1116670	820	28.908333333333
8	1164200	840	29.418032786885
8	1212847	860	29.274193548387
8	1262872	880	29.528
8	1314242	900	30.4140625
8	1366878	920	30.578125
8	1419950	940	30.543307086614
8	1475097	960	30.832061068702
8	1531260	980	31.809160305344
8	1588820	1000	31.854961832061
8	1648102	1020	32.373134328358
8	1708662	1040	33.044444444444
8	1771099	1060	33.202898550725
8	1834734	1080	34.123188405797
8	1900270	1100	34.804347826087
8	1967287	1120	34.851063829787
8	2035804	1140	35.730496453901
8	2106054	1160	36.218309859155
8	2178974	1180	37.195804195804
8	2253395	1200	38.227586206897
8	2329350	1220	38.074829931973
8	2408200	1240	39.209459459459
8	2488232	1260	39.662162162162
8	2571125	1280	40.726666666667
8	2654660	1300	41.093333333333
8	2741097	1320	42.192052980132
8	2829987	1340	42.577922077922
8	2920168	1360	43.25974025974
8	3011914	1380	43.515923566879
8	3106675	1400	44.127388535032
8	3203034	1420	45.158227848101
8	3301575	1440	46.322784810127
8	3402450	1460	45.987654320988
8	3505676	1480	47.635802469136
8	3610980	1500	48.116564417178
8	3718382	1520	48.343558282209
8	3828191	1540	49.102409638554
8	3940421	1560	49.874251497006
8	4054969	1580	50.529761904762
8	4171770	1600	50.412790697674
8	4290164	1620	51.116959064327
8	4412012	1640	52.098837209302
8	4534941	1660	52.155172413793
8	4660778	1680	52.494318181818
8	4789744	1700	53.805714285714
8	4920524	1720	53.491620111732
8	5053181	1740	54.072625698324
8	5187716	1760	54.832402234637
8	5325763	1780	55.266666666667
8	5466438	1800	55.266304347826
8	5609480	1820	56.868852459016
8	5754969	1840	57.194594594595
8	5903422	1860	57.724324324324
8	6054842	1880	58.502673796791
8	6208157	1900	58.718085106383
8	6364755	1920	60.095238095238
8	6523603	1940	60.13612565445
8	6684610	1960	60.828125
8	6848532	1980	61.489583333333
8	7015025	2000	61.589743589744
9	145638	240	3.9897767510954
9	171412	260	4.5911252839091
9	198256	280	4.6905719482239
9	225300	300	5.0383078977534
9	252349	320	4.4392423193904
9	279444	340	5.0839976863492
9	306949	360	4.4978578495213
9	334471	380	4.2392872692178
9	362419	400	4.8058694925005
9	390799	420	4.775623409291
9	419396	440	5.1936718036591
9	448687	460	4.3869947038305
9	478437	480	4.4752786295248
9	508641	500	4.4621839077037
9	539703	520	3.7385525509333
9	571228	540	3.4474102381477
9	603571	560	4.1078016191095
9	636309	580	3.0680021777433
9	670345	600	3.8975611655385
9	705106	620	2.332993172484
9	741155	640	3.7811370641534
9	778236	660	3.4636682141791
9	816234	680	4.4798855130305
9	855387	700	5.442990447221
9	895791	720	5.583319387029
9	937417	740	6.0028978509296
9	980107	760	6.9043673338299
9	1024294	780	7.2611175802666
9	1070104	800	7.5950558885093
9	1116670	820	7.9155159122361
9	1164200	840	8.2780603828068
9	1212847	860	8.3464989103094
9	1262872	880	8.9879632771261
9	1314242	900	9.4365075480669
9	1366878	920	9.4357415449946
9	1419950	940	9.4874653359149
9	1475097	960	10.376862332765
9	1531260	980	10.980482337603
9	1588820	1000	11.057278937358
9	1648102	1020	11.74840999755
9	1708662	1040	12.194852514922
9	1771099	1060	12.942973981226
9	1834734	1080	12.812774703369
9	1900270	1100	13.732511742891
9	1967287	1120	13.991291255743
9	2035804	1140	14.02084134047
9	2106054	1160	14.642847936953
9	2178974	1180	15.66698274935
9	2253395	1200	16.300453652338
9	2329350	1220	16.689381594859
9	2408200	1240	17.260805894106
9	2488232	1260	17.799164565755
9	2571125	1280	18.161429986372
9	2654660	1300	19.062717633628
9	2741097	1320	19.522197701348
9	2829987	1340	20.271613969019
9	2920168	1360	20.229340367318
9	3011914	1380	21.209155345172
9	3106675	1400	21.279497209048
9	3203034	1420	22.086547236134
9	3301575	1440	22.533561377949
9	3402450	1460	23.362917916948
9	3505676	1480	23.567467885196
9	3610980	1500	24.157761485199
9	3718382	1520	24.811481902016
9	3828191	1540	25.363450085094
9	3940421	1560	25.788570280593
9	4054969	1580	25.877168535989
9	4171770	1600	26.329856739245
9	4290164	1620	26.668295873864
9	4412012	1640	26.746297745379
9	4534941	1660	26.893367936862
9	4660778	1680	27.097495331612
9	4789744	1700	27.218084155398
9	4920524	1720	27.692811040332
9	5053181	1740	27.613509951309
9	5187716	1760	27.597525950325
9	5325763	1780	28.314988036127
9	5466438	1800	28.842700498737
9	5609480	1820	28.903482095542
9	5754969	1840	29.149632203157
9	5903422	1860	29.681180955914
9	6054842	1880	29.744318031819
9	6208157	1900	29.683721254983
9	6364755	1920	30.234041483693
9	6523603	1940	30.780415914308
9	6684610	1960	30.929351021015
9	6848532	1980	31.388127542286
9	7015025	2000	31.594007937626
10	145638	240	15.918318523582
10	171412	260	21.078431372549
10	198256	280	22.001465201465
10	225300	300	25.384546472564
10	252349	320	19.706872370266
10	279444	340	25.847032474804
10	306949	360	20.2307252345
10	334471	380	17.971556550952
10	362419	400	23.096381578947
10	390799	420	22.806578947368
10	419396	440	26.974226804124
10	448687	460	19.245722531437
10	478437	480	20.028118811881
10	508641	500	19.91108522617
10	539703	520	13.97677517609
10	571228	540	11.884637350086
10	603571	560	16.874034141959
10	636309	580	9.4126373626374
10	670345	600	15.190983039114
10	705106	620	5.4428571428571
10	741155	640	14.296997497915
10	778236	660	11.996997497915
10	816234	680	20.069374209861
10	855387	700	29.626145008539
10	895791	720	31.173455377574
10	937417	740	36.034782608696
10	980107	760	47.670288280458
10	1024294	780	52.723828514457
10	1070104	800	57.68487394958
10	1116670	820	62.655392156863
10	1164200	840	68.526283701395
10	1212847	860	69.664044059795
10	1262872	880	80.783483870968
10	1314242	900	89.047674704724
10	1366878	920	89.033218503937
10	1419950	940	90.011998500187
10	1475097	960	107.67927187317
10	1531260	980	120.57099236641
10	1588820	1000	122.26341749853
10	1648102	1020	138.02513747054
10	1708662	1040	148.7144278607
10	1771099	1060	167.52057547868
10	1834734	1080	164.16719559928
10	1900270	1100	188.58187876864
10	1967287	1120	195.75623100304
10	2035804	1140	196.58399189463
10	2106054	1160	214.41299570472
10	2178974	1180	245.45434846843
10	2253395	1200	265.70478927203
10	2329350	1220	278.53545801882
10	2408200	1240	297.93542011399
10	2488232	1260	316.81025923883
10	2571125	1280	329.83753914989
10	2654660	1300	363.38720357942
10	2741097	1320	381.11620309051
10	2829987	1340	410.93833290892
10	2920168	1360	409.2262116968
10	3011914	1380	449.82827045566
10	3106675	1400	452.81700146987
10	3203034	1420	487.815568814
10	3301575	1440	507.76138837378
10	3402450	1460	545.82593359405
10	3505676	1480	555.42554251975
10	3610980	1500	583.59743997576
10	3718382	1520	615.60963417405
10	3828191	1540	643.30460021906
10	3940421	1560	665.05035711709
10	4054969	1580	669.62785143998
10	4171770	1600	693.26135590915
10	4290164	1620	711.19800481596
10	4412012	1640	715.36444308446
10	4534941	1660	723.25323898744
10	4660778	1680	734.27425324675
10	4789744	1700	740.82410509031
10	4920524	1720	766.89178331555
10	5053181	1740	762.50593183102
10	5187716	1760	761.62343857887
10	5325763	1780	801.73854748603
10	5466438	1800	831.90137205987
10	5609480	1820	835.41127724734
10	5754969	1840	849.70105757932
10	5903422	1860	880.97250293772
10	6054842	1880	884.72445517797
10	6208157	1900	881.12330754352
10	6364755	1920	914.09726443769
10	6523603	1940	947.43400385781
10	6684610	1960	956.62475458115
10	6848532	1980	985.21455061082
10	7015025	2000	998.18133756278
11	145638	240	372.27010219823
11	171412	260	366.26288655081
11	198256	280	421.05368656061
11	225300	300	321.65199113502
11	252349	320	423.18496633796
11	279444	340	467.73610774031
11	306949	360	606.73446864417
11	334471	380	470.02187460883
11	362419	400	468.21260369369
11	390799	420	325.75154172627
11	419396	440	323.41759950592
11	448687	460	372.32475944126
11	478437	480	334.16801230332
11	508641	500	469.8180629876
11	539703	520	668.76338105994
11	571228	540	432.39308253307
11	603571	560	468.42124671189
11	636309	580	564.85890611622
11	670345	600	624.7633933636
11	705106	620	667.32351009639
11	741155	640	528.66863587692
11	778236	660	764.9337676223
11	816234	680	771.79088232202
11	855387	700	528.13850137521
11	895791	720	613.3321509002
11	937417	740	570.60003742096
11	980107	760	765.64771653638
11	1024294	780	625.79941662037
11	1070104	800	524.61588726785
11	1116670	820	515.04495776222
11	1164200	840	714.41640576891
11	1212847	860	531.23607755841
11	1262872	880	781.42561719044
11	1314242	900	763.85742436952
11	1366878	920	426.958589829
11	1419950	940	774.44657161268
11	1475097	960	680.69854003107
11	1531260	980	234.71417579528
11	1588820	1000	567.93280792346
11	1648102	1020	567.7051172232
11	1708662	1040	674.03030464036
11	1771099	1060	778.02171240528
11	1834734	1080	471.15804799185
11	1900270	1100	907.8787394015
11	1967287	1120	625.72974936491
11	2035804	1140	816.84495707577
11	2106054	1160	527.91539342372
11	2178974	1180	1072.206715432
11	2253395	1200	869.20999972016
11	2329350	1220	705.04163174587
11	2408200	1240	429.53287189383
11	2488232	1260	481.18770235637
11	2571125	1280	673.09280643546
11	2654660	1300	813.31352059934
11	2741097	1320	573.32434835608
11	2829987	1340	614.35954792789
11	2920168	1360	520.49024940668
11	3011914	1380	778.19158962045
11	3106675	1400	695.43038559807
11	3203034	1420	864.09377616552
11	3301575	1440	1010.2109983547
11	3402450	1460	909.48595579696
11	3505676	1480	627.52933236694
11	3610980	1500	630.33431458585
11	3718382	1520	923.26783747864
11	3828191	1540	919.49464660144
11	3940421	1560	663.03680467826
11	4054969	1580	928.15803379524
11	4171770	1600	964.32895333372
11	4290164	1620	872.18076418989
11	4412012	1640	809.99959390804
11	4534941	1660	636.24636151152
11	4660778	1680	529.75157163547
11	4789744	1700	1073.8274395231
11	4920524	1720	1017.5763984829
11	5053181	1740	621.24382317483
11	5187716	1760	1037.8314630732
11	5325763	1780	522.63153868047
11	5466438	1800	863.96522800353
11	5609480	1820	720.87918688461
11	5754969	1840	919.6576295857
11	5903422	1860	1063.3241189311
11	6054842	1880	1293.8424509421
11	6208157	1900	1116.3765246572
11	6364755	1920	666.21416914251
11	6523603	1940	1229.7510308216
11	6684610	1960	672.94757442649
11	6848532	1980	912.74215736052
11	7015025	2000	963.07128119719
12	145638	240	46.533762774779
12	171412	260	45.782860818851
12	198256	280	46.783742951179
12	225300	300	45.950284447859
12	252349	320	47.020551815329
12	279444	340	46.773610774031
12	306949	360	46.671882203398
12	334471	380	47.002187460883
12	362419	400	46.821260369369
12	390799	420	46.535934532325
12	419396	440	46.202514215132
12	448687	460	46.540594930158
12	478437	480	47.738287471903
12	508641	500	46.98180629876
12	539703	520	47.768812932853
12	571228	540	48.043675837008
12	603571	560	46.842124671189
12	636309	580	47.071575509685
12	670345	600	48.058722566431
12	705106	620	47.665965006885
12	741155	640	48.06078507972
12	778236	660	47.808360476394
12	816234	680	48.236930145127
12	855387	700	48.01259103411
12	895791	720	47.179396223092
12	937417	740	47.550003118413
12	980107	760	47.852982283523
12	1024294	780	48.138416663105
12	1070104	800	47.692353387986
12	1116670	820	46.822268887474
12	1164200	840	47.627760384594
12	1212847	860	48.294188868946
12	1262872	880	48.839101074402
12	1314242	900	47.741089023095
12	1366878	920	47.439843314333
12	1419950	940	48.402910725793
12	1475097	960	48.621324287934
12	1531260	980	46.942835159055
12	1588820	1000	47.327733993621
12	1648102	1020	47.3087597686
12	1708662	1040	48.145021760026
12	1771099	1060	48.62635702533
12	1834734	1080	47.115804799185
12	1900270	1100	47.783091547447
12	1967287	1120	48.133057643455
12	2035804	1140	48.049703357398
12	2106054	1160	47.992308493066
12	2178974	1180	48.736668883272
12	2253395	1200	48.289444428898
12	2329350	1220	47.002775449725
12	2408200	1240	47.72587465487
12	2488232	1260	48.118770235637
12	2571125	1280	48.078057602533
12	2654660	1300	47.841971799961
12	2741097	1320	47.777029029673
12	2829987	1340	47.258426763683
12	2920168	1360	47.317295400607
12	3011914	1380	48.636974351278
12	3106675	1400	49.673598971291
12	3203034	1420	48.005209786973
12	3301575	1440	48.105285635936
12	3402450	1460	47.867681884051
12	3505676	1480	48.271487105149
12	3610980	1500	48.487254968142
12	3718382	1520	48.593044077823
12	3828191	1540	48.394455084286
12	3940421	1560	47.359771762733
12	4054969	1580	48.850422831328
12	4171770	1600	48.216447666686
12	4290164	1620	48.454486899438
12	4412012	1640	47.647034935767
12	4534941	1660	48.942027808579
12	4660778	1680	48.159233785042
12	4789744	1700	48.81033816014
12	4920524	1720	48.456018975375
12	5053181	1740	47.787986398064
12	5187716	1760	49.420545860629
12	5325763	1780	47.51195806186
12	5466438	1800	47.998068222418
12	5609480	1820	48.058612458974
12	5754969	1840	48.403033136089
12	5903422	1860	48.332914496869
12	6054842	1880	47.920090775633
12	6208157	1900	48.538109767702
12	6364755	1920	47.586726367322
12	6523603	1940	49.190041232864
12	6684610	1960	48.067683887606
12	6848532	1980	48.039060913712
12	7015025	2000	48.15356405986
13	145638	240	1.0118712271231
13	171412	260	1.7908742438745
13	198256	280	0.99632610801567
13	225300	300	1.2009319965589
13	252349	320	1.9969183037514
13	279444	340	1.1866284727151
13	306949	360	1.7980657347657
13	334471	380	1.4781830905986
13	362419	400	1.3459495921258
13	390799	420	1.0145332199139
13	419396	440	1.2671329108768
13	448687	460	1.8887804207737
13	478437	480	2.4996634205751
13	508641	500	1.3019689383755
13	539703	520	2.2780291887271
13	571228	540	2.3001859382699
13	603571	560	2.1480931452693
13	636309	580	1.7563856642856
13	670345	600	2.8909061704614
13	705106	620	2.7348228579728
13	741155	640	2.5966393866917
13	778236	660	1.8912584477697
13	816234	680	1.7689904862231
13	855387	700	2.4657814651437
13	895791	720	1.82743273623
13	937417	740	3.6647931306376
13	980107	760	1.9730930726563
13	1024294	780	2.7991563564271
13	1070104	800	2.0831605434736
13	1116670	820	1.5821631304758
13	1164200	840	1.5441986118499
13	1212847	860	1.9229061455702
13	1262872	880	2.8137438269368
13	1314242	900	1.7628285144107
13	1366878	920	1.5775331378065
13	1419950	940	2.3663596737288
13	1475097	960	2.1942970744296
13	1531260	980	1.587388374294
13	1588820	1000	1.627030532769
13	1648102	1020	1.5724672422621
13	1708662	1040	1.9878910206273
13	1771099	1060	2.3260663611943
13	1834734	1080	2.2370054788044
13	1900270	1100	1.8007148328456
13	1967287	1120	2.0985220292488
13	2035804	1140	2.0786073684848
13	2106054	1160	2.3518334024354
13	2178974	1180	2.1911264026821
13	2253395	1200	2.2680093487126
13	2329350	1220	1.6378693953729
13	2408200	1240	1.5712696393541
13	2488232	1260	1.408499852293
13	2571125	1280	2.093194687432
13	2654660	1300	2.3210521262331
13	2741097	1320	2.3419829259853
13	2829987	1340	2.1419823743433
13	2920168	1360	1.8674063977868
13	3011914	1380	2.6594269912218
13	3106675	1400	2.3431450745303
13	3203034	1420	1.5647887618845
13	3301575	1440	1.489878361845
13	3402450	1460	1.8057540472268
13	3505676	1480	1.8399533483343
13	3610980	1500	1.8679317333457
13	3718382	1520	1.9067222335877
13	3828191	1540	1.703787368374
13	3940421	1560	1.718217437507
13	4054969	1580	2.4004196605611
13	4171770	1600	1.7953541755442
13	4290164	1620	2.5721686606731
13	4412012	1640	2.2695064488594
13	4534941	1660	1.7526760197908
13	4660778	1680	1.5427840854997
13	4789744	1700	1.8707961337794
13	4920524	1720	1.7155508110246
13	5053181	1740	1.7224579905545
13	5187716	1760	1.7761807818966
13	5325763	1780	1.9007155612951
13	5466438	1800	2.0167188565459
13	5609480	1820	1.5581523157496
13	5754969	1840	1.8658026114625
13	5903422	1860	1.9337844246293
13	6054842	1880	1.9931927718618
13	6208157	1900	2.4566167554872
13	6364755	1920	2.5602902229181
13	6523603	1940	1.8476400829985
13	6684610	1960	1.8472287301944
13	6848532	1980	1.5211856876396
13	7015025	2000	1.9262342125591
14	145638	240	1.0238833802796
14	171412	260	3.2072305573731
14	198256	280	0.99266571351366
14	225300	300	1.442237660359
14	252349	320	3.9876827118574
14	279444	340	1.4080871322583
14	306949	360	3.2330403865387
14	334471	380	2.1850252493317
14	362419	400	1.8115803045435
14	390799	420	1.0292776543089
14	419396	440	1.6056258138271
14	448687	460	3.5674914778982
14	478437	480	6.2483172161615
14	508641	500	1.6951231164947
14	539703	520	5.1894169846925
14	571228	540	5.2908553506148
14	603571	560	4.6143041607529
14	636309	580	3.0848906017078
14	670345	600	8.3573384864115
14	705106	620	7.4792560644907
14	741155	640	6.7425361045188
14	778236	660	3.5768585162604
14	816234	680	3.129327340348
14	855387	700	6.0800782338464
14	895791	720	3.3395104054449
14	937417	740	13.430708690368
14	980107	760	3.8930962733643
14	1024294	780	7.8352763077264
14	1070104	800	4.3395578498854
14	1116670	820	2.5032401714368
14	1164200	840	2.3845493528392
14	1212847	860	3.6975680446716
14	1262872	880	7.9171543236248
14	1314242	900	3.1075643712193
14	1366878	920	2.4886108008778
14	1419950	940	5.5996581054497
14	1475097	960	4.8149396508501
14	1531260	980	2.5198018508438
14	1588820	1000	2.6472283545625
14	1648102	1020	2.4726532279872
14	1708662	1040	3.9517107098905
14	1771099	1060	5.4105847166798
14	1834734	1080	5.0041935122009
14	1900270	1100	3.2425739092303
14	1967287	1120	4.4037947072427
14	2035804	1140	4.3206085923194
14	2106054	1160	5.531120352811
14	2178974	1180	4.8010349125306
14	2253395	1200	5.1438664058478
14	2329350	1220	2.6826161562992
14	2408200	1240	2.4688882795561
14	2488232	1260	1.9838718339095
14	2571125	1280	4.3814639994934
14	2654660	1300	5.3872829726913
14	2741097	1320	5.4848840256069
14	2829987	1340	4.5880884919972
14	2920168	1360	3.4872066544952
14	3011914	1380	7.0725519216392
14	3106675	1400	5.4903288402954
14	3203034	1420	2.44856386932
14	3301575	1440	2.219737533094
14	3402450	1460	3.2607476790761
14	3505676	1480	3.3854283240467
14	3610980	1500	3.4891689604399
14	3718382	1520	3.6355896760576
14	3828191	1540	2.9028913966308
14	3940421	1560	2.9522711625531
14	4054969	1580	5.7620145468081
14	4171770	1600	3.223296615644
14	4290164	1620	6.616051618949
14	4412012	1640	5.1506595214145
14	4534941	1660	3.0718732303496
14	4660778	1680	2.3801827344711
14	4789744	1700	3.499878174164
14	4920524	1720	2.9431145852072
14	5053181	1740	2.9668615292252
14	5187716	1760	3.1548181699789
14	5325763	1780	3.6127196449492
14	5466438	1800	4.0671549463478
14	5609480	1820	2.4278386390759
14	5754969	1840	3.4812193849402
14	5903422	1860	3.7395222009387
14	6054842	1880	3.9728174258023
14	6208157	1900	6.0349658833405
14	6364755	1920	6.5550860255699
14	6523603	1940	3.4137738763027
14	6684610	1960	3.4122539816557
14	6848532	1980	2.3140058962796
14	7015025	2000	3.7103782416333
15	145638	240	356.57119776867
15	171412	260	404.40854843416
15	198256	280	404.0461798531
15	225300	300	313.11823140699
15	252349	320	407.286511877
15	279444	340	450.13314217279
15	306949	360	629.56027304923
15	334471	380	449.95703534976
15	362419	400	448.22747140444
15	390799	420	316.64540716331
15	419396	440	315.03840562628
15	448687	460	364.62704707392
15	478437	480	322.55641338406
15	508641	500	452.06919345923
15	539703	520	637.73168324243
15	571228	540	464.19902909888
15	603571	560	453.58719533023
15	636309	580	545.45249983415
15	670345	600	642.87743841783
15	705106	620	639.9109775514
15	741155	640	500.63406469499
15	778236	660	728.09829263354
15	816234	680	825.9412822287
15	855387	700	508.03745671936
15	895791	720	641.21347720744
15	937417	740	549.81765937014
15	980107	760	820.58873861754
15	1024294	780	637.93154986078
15	1070104	800	503.35955612936
15	1116670	820	632.0321097984
15	1164200	840	683.07423662907
15	1212847	860	505.31374123383
15	1262872	880	834.41363402284
15	1314242	900	725.41370920114
15	1366878	920	412.35933845479
15	1419950	940	735.90868887039
15	1475097	960	646.70807650591
15	1531260	980	224.9342747761
15	1588820	1000	592.58090314248
15	1648102	1020	550.30966541967
15	1708662	1040	645.75492229463
15	1771099	1060	783.14743462507
15	1834734	1080	453.80728400804
15	1900270	1100	907.24681931492
15	1967287	1120	596.65082417383
15	2035804	1140	820.42089835271
15	2106054	1160	504.79478480179
15	2178974	1180	1003.6180870471
15	2253395	1200	868.42258201375
15	2329350	1220	677.82702035956
15	2408200	1240	454.9486930544
15	2488232	1260	458.05980342147
15	2571125	1280	639.98296793465
15	2654660	1300	813.64292481853
15	2741097	1320	550.69865695944
15	2829987	1340	585.6934589801
15	2920168	1360	501.63153809174
15	3011914	1380	778.77951462419
15	3106675	1400	646.254346875
15	3203034	1420	819.52339065532
15	3301575	1440	960.16694322909
15	3402450	1460	952.14199072367
15	3505676	1480	595.01420890272
15	3610980	1500	595.99641108429
15	3718382	1520	869.95122861092
15	3828191	1540	963.05127751373
15	3940421	1560	638.02899458985
15	4054969	1580	915.59167676228
15	4171770	1600	911.44357265432
15	4290164	1620	819.67523636202
15	4412012	1640	822.84006670887
15	4534941	1660	595.91705140945
15	4660778	1680	503.35591193342
15	4789744	1700	1002.5491899231
15	4920524	1720	954.64875044708
15	5053181	1740	590.36129778186
15	5187716	1760	959.75952463453
15	5325763	1780	499.37233859526
15	5466438	1800	820.35183268667
15	5609480	1820	685.71837645448
15	5754969	1840	964.58669340802
15	5903422	1860	1052.1080477869
15	6054842	1880	1313.9511649683
15	6208157	1900	1091.9455307531
15	6364755	1920	632.70674084093
15	6523603	1940	1137.5294136244
15	6684610	1960	640.13693819369
15	6848532	1980	865.57196483112
15	7015025	2000	908.10773789531
16	145638	240	44.571399721083
16	171412	260	44.934283159351
16	198256	280	44.894019983678
16	225300	300	44.731175915284
16	252349	320	45.254056875222
16	279444	340	45.013314217279
16	306949	360	44.968590932088
16	334471	380	44.995703534976
16	362419	400	44.822747140444
16	390799	420	45.235058166187
16	419396	440	45.00548651804
16	448687	460	45.578380884241
16	478437	480	46.079487626294
16	508641	500	45.206919345923
16	539703	520	45.552263088745
16	571228	540	46.419902909888
16	603571	560	45.358719533023
16	636309	580	45.454374986179
16	670345	600	45.919817029845
16	705106	620	45.707926967957
16	741155	640	45.512187699545
16	778236	660	45.506143289597
16	816234	680	45.885626790483
16	855387	700	46.185223338124
16	895791	720	45.800962657674
16	937417	740	45.818138280845
16	980107	760	45.58826325653
16	1024294	780	45.56653927577
16	1070104	800	45.759959648123
16	1116670	820	45.145150699885
16	1164200	840	45.538282441938
16	1212847	860	45.937612839439
16	1262872	880	46.356313001269
16	1314242	900	45.338356825072
16	1366878	920	45.817704272755
16	1419950	940	45.9942930544
16	1475097	960	46.193434036136
16	1531260	980	44.986854955219
16	1588820	1000	45.583146395575
16	1648102	1020	45.859138784973
16	1708662	1040	46.125351592473
16	1771099	1060	46.067496154416
16	1834734	1080	45.380728400804
16	1900270	1100	45.362340965746
16	1967287	1120	45.896217244141
16	2035804	1140	45.578938797373
16	2106054	1160	45.89043498198
16	2178974	1180	45.619003956688
16	2253395	1200	45.706451684934
16	2329350	1220	45.188468023971
16	2408200	1240	45.49486930544
16	2488232	1260	45.805980342147
16	2571125	1280	45.713069138189
16	2654660	1300	45.20238471214
16	2741097	1320	45.89155474662
16	2829987	1340	45.053342998469
16	2920168	1360	45.602867099249
16	3011914	1380	45.810559683776
16	3106675	1400	46.161024776786
16	3203034	1420	45.529077258629
16	3301575	1440	45.722235391861
16	3402450	1460	45.340094796365
16	3505676	1480	45.770323761748
16	3610980	1500	45.845877775714
16	3718382	1520	45.786906768996
16	3828191	1540	45.859584643511
16	3940421	1560	45.573499613561
16	4054969	1580	45.779583838114
16	4171770	1600	45.572178632716
16	4290164	1620	45.537513131223
16	4412012	1640	45.713337039381
16	4534941	1660	45.839773185343
16	4660778	1680	45.759628357584
16	4789744	1700	45.570417723778
16	4920524	1720	45.459464307004
16	5053181	1740	45.412407521681
16	5187716	1760	45.702834506406
16	5325763	1780	45.397485326842
16	5466438	1800	45.575101815926
16	5609480	1820	45.714558430299
16	5754969	1840	45.932699686096
16	5903422	1860	45.743828164649
16	6054842	1880	45.308660860976
16	6208157	1900	45.497730448045
16	6364755	1920	45.193338631495
16	6523603	1940	45.501176544974
16	6684610	1960	45.724067013835
16	6848532	1980	45.556419201638
16	7015025	2000	45.405386894765
17	145638	240	0.17132928683015
17	171412	260	0.54949794489826
17	198256	280	0.35934136708428
17	225300	300	0.098873037914379
17	252349	320	1.0972139506251
17	279444	340	0.71368970300128
17	306949	360	0.78923920836844
17	334471	380	0.87235841407345
17	362419	400	0.56413509974442
17	390799	420	1.2276970142257
17	419396	440	0.43685247879587
17	448687	460	1.7143655253603
17	478437	480	1.9675142523707
17	508641	500	1.0138143470808
17	539703	520	1.5597038039517
17	571228	540	1.7993136750291
17	603571	560	1.4778488023677
17	636309	580	1.4432055189223
17	670345	600	1.4640621889939
17	705106	620	1.1975647155452
17	741155	640	1.706044771108
17	778236	660	1.2895795034275
17	816234	680	1.5322913694714
17	855387	700	1.5153988074061
17	895791	720	1.1812140906252
17	937417	740	1.3910755359333
17	980107	760	1.2498956589568
17	1024294	780	1.255404964055
17	1070104	800	1.2654134196447
17	1116670	820	0.97415156600571
17	1164200	840	1.0917778975315
17	1212847	860	1.1301803952641
17	1262872	880	1.0639700591375
17	1314242	900	1.0602085518663
17	1366878	920	1.1364456929919
17	1419950	940	1.1295559977063
17	1475097	960	1.2423601326889
17	1531260	980	1.0509047313997
17	1588820	1000	1.1457860023799
17	1648102	1020	1.4004357080446
17	1708662	1040	1.1495041982715
17	1771099	1060	1.039242009157
17	1834734	1080	1.0484907226366
17	1900270	1100	1.1445473518193
17	1967287	1120	1.122480937431
17	2035804	1140	1.0567702792046
17	2106054	1160	1.2748946925552
17	2178974	1180	1.0818825133512
17	2253395	1200	1.1300719786018
17	2329350	1220	0.71402298460868
17	2408200	1240	0.90767385203002
17	2488232	1260	0.76086648781821
17	2571125	1280	1.0886784341692
17	2654660	1300	0.68007713358919
17	2741097	1320	1.097786173383
17	2829987	1340	0.94052854099644
17	2920168	1360	0.7380997439628
17	3011914	1380	1.1725438059458
17	3106675	1400	0.80258182532273
17	3203034	1420	0.91585025413776
17	3301575	1440	1.0337507410893
17	3402450	1460	0.90346857738224
17	3505676	1480	0.93869483183848
17	3610980	1500	1.077024055568
17	3718382	1520	0.90987076394875
17	3828191	1540	1.0287418577156
17	3940421	1560	0.72988518860202
17	4054969	1580	0.94400991568217
17	4171770	1600	0.90581688048285
17	4290164	1620	0.8780755918671
17	4412012	1640	1.0665193297567
17	4534941	1660	0.61569034970973
17	4660778	1680	0.76701125908689
17	4789744	1700	0.70937560033529
17	4920524	1720	0.85338078998627
17	5053181	1740	0.64594978629266
17	5187716	1760	0.81083097799923
17	5325763	1780	0.96399050266585
17	5466438	1800	0.95860277106688
17	5609480	1820	0.74566995412991
17	5754969	1840	1.0226365597056
17	5903422	1860	0.72273699870309
17	6054842	1880	0.6111904674164
17	6208157	1900	0.84114494468618
17	6364755	1920	0.88063420626026
17	6523603	1940	0.68929758214353
17	6684610	1960	0.89831782697382
17	6848532	1980	0.74124728633792
17	7015025	2000	0.70073751088745
18	145638	240	0.029353724525729
18	171412	260	0.30194799144742
18	198256	280	0.129126218098
18	225300	300	0.0097758776264182
18	252349	320	1.2038784534464
18	279444	340	0.50935299217005
18	306949	360	0.62289852802605
18	334471	380	0.76100920260474
18	362419	400	0.31824841076365
18	390799	420	1.5072399587387
18	419396	440	0.1908400882301
18	448687	460	2.9390491545438
18	478437	480	3.8711123332816
18	508641	500	1.0278195303468
18	539703	520	2.4326759560616
18	571228	540	3.2375297011466
18	603571	560	2.1840370826596
18	636309	580	2.0828421698477
18	670345	600	2.1434780932416
18	705106	620	1.4341612479188
18	741155	640	2.910588761025
18	778236	660	1.6630152956603
18	816234	680	2.3479168409565
18	855387	700	2.2964335454877
18	895791	720	1.3952667278914
18	937417	740	1.9350911466722
18	980107	760	1.562239158279
18	1024294	780	1.5760416237738
18	1070104	800	1.6012711226169
18	1116670	820	0.94897127355137
18	1164200	840	1.1919789775384
18	1212847	860	1.2773077258393
18	1262872	880	1.1320322867411
18	1314242	900	1.1240421734505
18	1366878	920	1.2915088131198
18	1419950	940	1.2758967519543
18	1475097	960	1.5434586992947
18	1531260	980	1.1044007544782
18	1588820	1000	1.3128255632498
18	1648102	1020	1.9612201723664
18	1708662	1040	1.3213599018437
18	1771099	1060	1.0800239535968
18	1834734	1080	1.099332795455
18	1900270	1100	1.3099886405565
18	1967287	1120	1.2599634548959
18	2035804	1140	1.1167634230103
18	2106054	1160	1.6253564771054
18	2178974	1180	1.1704697726951
18	2253395	1200	1.277062676821
18	2329350	1220	0.50982882254948
18	2408200	1240	0.82387182165901
18	2488232	1260	0.57891781228482
18	2571125	1280	1.1852207330251
18	2654660	1300	0.46250490763088
18	2741097	1320	1.2051344824708
18	2829987	1340	0.8845939364289
18	2920168	1360	0.54479123203795
18	3011914	1380	1.3748589768619
18	3106675	1400	0.64413758633837
18	3203034	1420	0.83878168800419
18	3301575	1440	1.0686405947027
18	3402450	1460	0.81625547031708
18	3505676	1480	0.88114798732027
18	3610980	1500	1.1599808162721
18	3718382	1520	0.82786480708867
18	3828191	1540	1.0583098098162
18	3940421	1560	0.53273238854061
18	4054969	1580	0.89115472090627
18	4171770	1600	0.82050422096768
18	4290164	1620	0.77101674503276
18	4412012	1640	1.1374634807447
18	4534941	1660	0.37907460672569
18	4660778	1680	0.58830627156606
18	4789744	1700	0.50321374235105
18	4920524	1720	0.72825877271758
18	5053181	1740	0.41725112641153
18	5187716	1760	0.65744687488319
18	5325763	1780	0.92927768922997
18	5466438	1800	0.91891927269709
18	5609480	1820	0.5560236804921
18	5754969	1840	1.0457855332464
18	5903422	1860	0.52234876929434
18	6054842	1880	0.37355378746068
18	6208157	1900	0.70752481797112
18	6364755	1920	0.77551660523563
18	6523603	1940	0.47513115674891
18	6684610	1960	0.80697491825897
18	6848532	1980	0.54944753950334
18	7015025	2000	0.49103305916473
19	145638	240	2356.0765897111
19	171412	260	2276.8778307173
19	198256	280	3065.4637628471
19	225300	300	2625.8843233504
19	252349	320	3296.6145469927
19	279444	340	3401.0243423712
19	306949	360	3348.4219602579
19	334471	380	3504.3279063226
19	362419	400	3019.0294813681
19	390799	420	3119.7181934016
19	419396	440	2249.9267474167
19	448687	460	3218.5028611031
19	478437	480	2793.3651600286
19	508641	500	3425.7169506737
19	539703	520	3841.0213234692
19	571228	540	2888.0079998688
19	603571	560	4022.4619777642
19	636309	580	4195.6783684518
19	670345	600	3772.5867100508
19	705106	620	3399.7732816802
19	741155	640	3462.8987963917
19	778236	660	4077.7027884674
19	816234	680	3708.3488332618
19	855387	700	3169.5558805147
19	895791	720	3341.5664056573
19	937417	740	3800.3881183158
19	980107	760	4522.5757335583
19	1024294	780	3621.9332141304
19	1070104	800	3658.9247268257
19	1116670	820	4188.2946377704
19	1164200	840	4935.4081914604
19	1212847	860	3304.1619351133
19	1262872	880	4133.311149329
19	1314242	900	4858.9477777862
19	1366878	920	3567.6888156874
19	1419950	940	4541.7168607113
19	1475097	960	4042.0830579625
19	1531260	980	1836.0316839415
19	1588820	1000	4882.9783825048
19	1648102	1020	4358.6270161203
19	1708662	1040	4740.7672089947
19	1771099	1060	4525.7739627752
19	1834734	1080	3947.4088060303
19	1900270	1100	5515.985452099
19	1967287	1120	5306.246508268
19	2035804	1140	4988.3430016252
19	2106054	1160	4383.4765239975
19	2178974	1180	5464.5040246837
19	2253395	1200	5932.159686719
19	2329350	1220	4748.6045842622
19	2408200	1240	3958.0250494792
19	2488232	1260	4024.7029680999
19	2571125	1280	5590.1294361288
19	2654660	1300	4680.4844606327
19	2741097	1320	3986.0239793005
19	2829987	1340	4233.7743868735
19	2920168	1360	4072.1887027798
19	3011914	1380	5710.7066901309
19	3106675	1400	4344.2136294304
19	3203034	1420	5829.5423655226
19	3301575	1440	6218.7397858956
19	3402450	1460	6161.4628045224
19	3505676	1480	4968.8428969338
19	3610980	1500	5069.103011604
19	3718382	1520	6553.4016128285
19	3828191	1540	5787.6389001884
19	3940421	1560	5255.4992951949
19	4054969	1580	6318.4764066125
19	4171770	1600	6430.9660258834
19	4290164	1620	6487.3161711543
19	4412012	1640	6504.0035303756
19	4534941	1660	5440.2086009327
19	4660778	1680	5120.4023849196
19	4789744	1700	6609.268519823
19	4920524	1720	7310.7718768055
19	5053181	1740	5332.9131762717
19	5187716	1760	6715.5573991239
19	5325763	1780	5322.4659701656
19	5466438	1800	6847.3529950206
19	5609480	1820	6389.8913070123
19	5754969	1840	6629.1381873804
19	5903422	1860	7277.620766383
19	6054842	1880	6935.6968036733
19	6208157	1900	7643.9417193171
19	6364755	1920	5154.346541165
19	6523603	1940	7072.5582888703
19	6684610	1960	6446.3949738464
19	6848532	1980	7006.0086472495
19	7015025	2000	7780.4407239035
20	145638	240	46.197580190414
20	171412	260	45.537556614347
20	198256	280	46.446420649198
20	225300	300	46.068146023691
20	252349	320	46.431190802714
20	279444	340	46.58937455303
20	306949	360	46.505860559137
20	334471	380	46.724372084301
20	362419	400	46.446607405663
20	390799	420	46.562958110472
20	419396	440	45.91687239626
20	448687	460	46.644969001495
20	478437	480	47.345172203874
20	508641	500	46.927629461284
20	539703	520	47.420016339126
20	571228	540	47.344393440472
20	603571	560	46.772813694932
20	636309	580	47.14245357811
20	670345	600	47.157333875635
20	705106	620	47.21907335667
20	741155	640	47.436969813585
20	778236	660	47.415148703109
20	816234	680	48.160374457945
20	855387	700	47.306804186787
20	895791	720	47.064315572637
20	937417	740	47.504851478948
20	980107	760	47.606060353246
20	1024294	780	47.6570159754
20	1070104	800	47.518502945789
20	1116670	820	47.059490312027
20	1164200	840	47.455847994812
20	1212847	860	48.590616692843
20	1262872	880	47.509323555506
20	1314242	900	47.636742919472
20	1366878	920	47.569184209165
20	1419950	940	47.807545902225
20	1475097	960	48.120036404316
20	1531260	980	47.077735485679
20	1588820	1000	47.407557111697
20	1648102	1020	47.376380610003
20	1708662	1040	47.886537464593
20	1771099	1060	48.146531518885
20	1834734	1080	46.992961976551
20	1900270	1100	47.965090887817
20	1967287	1120	47.804022597009
20	2035804	1140	47.964836554089
20	2106054	1160	48.17007169228
20	2178974	1180	48.358442696316
20	2253395	1200	47.83999747354
20	2329350	1220	47.015886972893
20	2408200	1240	47.687048788906
20	2488232	1260	47.913130572617
20	2571125	1280	48.19077100111
20	2654660	1300	47.76004551666
20	2741097	1320	47.452666420244
20	2829987	1340	47.570498728916
20	2920168	1360	47.351031427672
20	3011914	1380	47.98913184984
20	3106675	1400	48.811389094723
20	3203034	1420	48.178036078699
20	3301575	1440	48.207285161982
20	3402450	1460	48.136428160331
20	3505676	1480	48.241193174115
20	3610980	1500	48.277171539086
20	3718382	1520	48.186776564916
20	3828191	1540	48.230324168236
20	3940421	1560	47.346840497251
20	4054969	1580	48.232644325286
20	4171770	1600	48.353128014161
20	4290164	1620	48.41280724742
20	4412012	1640	47.47447832391
20	4534941	1660	48.573291079757
20	4660778	1680	48.3056828766
20	4789744	1700	48.597562645757
20	4920524	1720	48.415707793414
20	5053181	1740	48.044262849295
20	5187716	1760	49.01866714689
20	5325763	1780	47.522017590764
20	5466438	1800	48.220795739582
20	5609480	1820	48.044295541446
20	5754969	1840	48.037233241887
20	5903422	1860	48.196164015781
20	6054842	1880	48.16456113662
20	6208157	1900	48.379377970362
20	6364755	1920	48.171463001542
20	6523603	1940	49.114988117155
20	6684610	1960	48.107425177958
20	6848532	1980	48.317301015514
20	7015025	2000	48.32571878201
21	145638	240	1.3807724334575
21	171412	260	1.9218380764772
21	198256	280	2.3073085457457
21	225300	300	2.470683824629
21	252349	320	2.6571188803201
21	279444	340	2.1902485925949
21	306949	360	2.6660555054158
21	334471	380	2.1207909536353
21	362419	400	1.7052394699998
21	390799	420	2.0678897590503
21	419396	440	1.8573120452554
21	448687	460	2.6516977949631
21	478437	480	2.6194711890961
21	508641	500	2.1084413211235
21	539703	520	3.2368233076619
21	571228	540	2.7432851781644
21	603571	560	2.7561321670763
21	636309	580	2.7377407955038
21	670345	600	2.9021121312089
21	705106	620	3.0892503028284
21	741155	640	2.4454813333248
21	778236	660	2.6553464130841
21	816234	680	2.7360486586173
21	855387	700	2.7933347998282
21	895791	720	2.4456174053247
21	937417	740	3.5937906402735
21	980107	760	2.5462181553177
21	1024294	780	2.5274561340729
21	1070104	800	3.0165228553562
21	1116670	820	2.6006075729955
21	1164200	840	2.4942034756693
21	1212847	860	2.9214751537474
21	1262872	880	3.2852518789296
21	1314242	900	2.5634217876918
21	1366878	920	2.3672633995579
21	1419950	940	3.0012880487325
21	1475097	960	2.8638697840528
21	1531260	980	2.3832123129913
21	1588820	1000	2.5331159204639
21	1648102	1020	2.5628893468366
21	1708662	1040	3.0354230024491
21	1771099	1060	2.7533995312875
21	1834734	1080	2.5316498898538
21	1900270	1100	2.4344650229048
21	1967287	1120	2.6416486404137
21	2035804	1140	2.5217853893949
21	2106054	1160	2.6653649969706
21	2178974	1180	2.7466268726405
21	2253395	1200	2.6883799768983
21	2329350	1220	2.3448028542256
21	2408200	1240	2.3641203540321
21	2488232	1260	2.2778240165109
21	2571125	1280	2.7676893908152
21	2654660	1300	2.5950809243856
21	2741097	1320	2.6899564371111
21	2829987	1340	2.7748070476763
21	2920168	1360	2.4137016549103
21	3011914	1380	3.1453622099065
21	3106675	1400	2.7593113503989
21	3203034	1420	2.7209618010908
21	3301575	1440	2.7928059531202
21	3402450	1460	2.7807804135144
21	3505676	1480	2.6568639178908
21	3610980	1500	3.03696450408
21	3718382	1520	2.4037068039726
21	3828191	1540	2.2697857272316
21	3940421	1560	2.5441996758499
21	4054969	1580	2.9196427814393
21	4171770	1600	2.6210983899616
21	4290164	1620	2.8328755808821
21	4412012	1640	2.6679438999384
21	4534941	1660	2.4638750910985
21	4660778	1680	2.3695461794231
21	4789744	1700	2.3707218403643
21	4920524	1720	2.7260355017266
21	5053181	1740	2.6328096819238
21	5187716	1760	2.5236487636715
21	5325763	1780	2.4436166420938
21	5466438	1800	2.9415802695656
21	5609480	1820	2.3906754151503
21	5754969	1840	2.4550677259854
21	5903422	1860	2.6761922682319
21	6054842	1880	2.4292645057824
21	6208157	1900	2.8124199558801
21	6364755	1920	3.0844760640988
21	6523603	1940	2.6915549827533
21	6684610	1960	2.8555976162468
21	6848532	1980	2.860562331853
21	7015025	2000	2.7019759132634
22	145638	240	1.9065325129963
22	171412	260	3.6934615921976
22	198256	280	5.3236727252712
22	225300	300	6.1042785612834
22	252349	320	7.0602807441536
22	279444	340	4.7971888973638
22	306949	360	7.1078519579576
22	334471	380	4.4977542690213
22	362419	400	2.9078416500451
22	390799	420	4.2761680555851
22	419396	440	3.4496080334509
22	448687	460	7.0315011958123
22	478437	480	6.8616293105043
22	508641	500	4.4455248046211
22	539703	520	10.477025125023
22	571228	540	7.5256135687364
22	603571	560	7.5962645223928
22	636309	580	7.495224663366
22	670345	600	8.4222548221101
22	705106	620	9.5434674335255
22	741155	640	5.9803789516402
22	778236	660	7.0508645734783
22	816234	680	7.4859622623218
22	855387	700	7.8027193039311
22	895791	720	5.981044493227
22	937417	740	12.915331166118
22	980107	760	6.4832268944697
22	1024294	780	6.3880345096627
22	1070104	800	9.0994101368865
22	1116670	820	6.7631597487217
22	1164200	840	6.221050978041
22	1212847	860	8.5350170739635
22	1262872	880	10.792879908011
22	1314242	900	6.5711312616132
22	1366878	920	5.6039360028866
22	1419950	940	9.0077299514643
22	1475097	960	8.2017501400109
22	1531260	980	5.6797009287932
22	1588820	1000	6.4166762665078
22	1648102	1020	6.5684018041284
22	1708662	1040	9.2137928037974
22	1771099	1060	7.5812089788941
22	1834734	1080	6.4092511647966
22	1900270	1100	5.9266199477467
22	1967287	1120	6.9783075393993
22	2035804	1140	6.3594015501654
22	2106054	1160	7.104170567076
22	2178974	1180	7.5439591775109
22	2253395	1200	7.2273869001879
22	2329350	1220	5.4981004251845
22	2408200	1240	5.5890650483488
22	2488232	1260	5.1884822501939
22	2571125	1280	7.6601045640312
22	2654660	1300	6.7344450041101
22	2741097	1320	7.2358656335555
22	2829987	1340	7.6995541518339
22	2920168	1360	5.8259556789168
22	3011914	1380	9.8933034315077
22	3106675	1400	7.6137991284402
22	3203034	1420	7.4036331229953
22	3301575	1440	7.7997650917838
22	3402450	1460	7.7327397081853
22	3505676	1480	7.05892587819
22	3610980	1500	9.2231533990418
22	3718382	1520	5.7778063994639
22	3828191	1540	5.1519272475444
22	3940421	1560	6.4729519905949
22	4054969	1580	8.5243139712105
22	4171770	1600	6.8701567698595
22	4290164	1620	8.025184056758
22	4412012	1640	7.1179246532187
22	4534941	1660	6.0706804645357
22	4660778	1680	5.6147490964184
22	4789744	1700	5.6203220443805
22	4920524	1720	7.4312695566737
22	5053181	1740	6.9316868212319
22	5187716	1760	6.3688030823808
22	5325763	1780	5.9712622935177
22	5466438	1800	8.6528944822976
22	5609480	1820	5.7153289406043
22	5754969	1840	6.0273575391751
22	5903422	1860	7.1620050565443
22	6054842	1880	5.9013260390543
22	6208157	1900	7.9097060082328
22	6364755	1920	9.5139925899987
22	6523603	1940	7.2444682251839
22	6684610	1960	8.1544377459142
22	6848532	1980	8.1828168544165
22	7015025	2000	7.3006738358558
23	145638	240	3087.5380789428
23	171412	260	3403.239664168
23	198256	280	3690.9963919808
23	225300	300	3968.1950974187
23	252349	320	3774.1629214648
23	279444	340	3821.4577601204
23	306949	360	3604.5748134598
23	334471	380	3835.0821589941
23	362419	400	3885.1650393089
23	390799	420	4013.2764608088
23	419396	440	4127.4204089693
23	448687	460	4120.8760917304
23	478437	480	4261.5232978387
23	508641	500	4176.0933530224
23	539703	520	4045.1439691191
23	571228	540	4217.248011993
23	603571	560	4370.4390608502
23	636309	580	4231.2185657869
23	670345	600	4266.3997216414
23	705106	620	4134.1909840847
23	741155	640	4502.9786900248
23	778236	660	4271.2134897589
23	816234	680	4318.9737843542
23	855387	700	4679.8156205464
23	895791	720	4590.0479556751
23	937417	740	4730.8386603868
23	980107	760	4553.5470538303
23	1024294	780	4783.0435106917
23	1070104	800	4963.4579261288
23	1116670	820	4829.1128027368
23	1164200	840	4874.4981495699
23	1212847	860	5146.5172428976
23	1262872	880	4866.8085925755
23	1314242	900	5116.687510708
23	1366878	920	5425.6603470492
23	1419950	940	5061.9808518606
23	1475097	960	5334.9352389844
23	1531260	980	5756.6076348054
23	1588820	1000	5390.6570362087
23	1648102	1020	5572.121675651
23	1708662	1040	5519.4623765809
23	1771099	1060	5524.303197678
23	1834734	1080	5854.6602442125
23	1900270	1100	5400.252782092
23	1967287	1120	5846.2624090217
23	2035804	1140	5622.2524928067
23	2106054	1160	5983.7083036749
23	2178974	1180	5524.2624094455
23	2253395	1200	5751.7484130104
23	2329350	1220	6039.2401617451
23	2408200	1240	6302.1418733678
23	2488232	1260	6296.1504444426
23	2571125	1280	6212.8853308129
23	2654660	1300	6032.5939609674
23	2741097	1320	6340.828516591
23	2829987	1340	6437.1753074742
23	2920168	1360	6527.532677225
23	3011914	1380	6390.8898993346
23	3106675	1400	6519.7720712192
23	3203034	1420	6387.8923051791
23	3301575	1440	6249.1801193118
23	3402450	1460	6440.5040787075
23	3505676	1480	6797.7225675551
23	3610980	1500	6840.3235850921
23	3718382	1520	6560.8392236633
23	3828191	1540	6602.941899463
23	3940421	1560	6974.3035642319
23	4054969	1580	6743.3028815501
23	4171770	1600	6936.4088507958
23	4290164	1620	6972.5933811834
23	4412012	1640	7021.0269915744
23	4534941	1660	7341.0261048453
23	4660778	1680	7523.806060641
23	4789744	1700	6978.3762918505
23	4920524	1720	7209.1714189936
23	5053181	1740	7573.6393225477
23	5187716	1760	7208.0425008364
23	5325763	1780	7704.9620828904
23	5466438	1800	7573.3470247392
23	5609480	1820	7653.0148434988
23	5754969	1840	7470.603390839
23	5903422	1860	7379.3575702267
23	6054842	1880	7213.5739724204
23	6208157	1900	7480.6877087819
23	6364755	1920	7982.1958036647
23	6523603	1940	7559.5318954396
23	6684610	1960	8109.961506195
23	6848532	1980	7876.9526995738
23	7015025	2000	7970.0821146509
24	145638	240	44.74692868033
24	171412	260	44.779469265369
24	198256	280	45.012151121717
24	225300	300	45.093126107031
24	252349	320	44.930510969819
24	279444	340	44.958326589652
24	306949	360	45.057185168247
24	334471	380	45.118613635224
24	362419	400	45.176337666383
24	390799	420	45.092993941672
24	419396	440	45.356268230432
24	448687	460	45.284352656378
24	478437	480	45.335354232326
24	508641	500	45.392319054591
24	539703	520	45.451055832799
24	571228	540	45.346752817129
24	603571	560	45.525406883857
24	636309	580	45.496973825666
24	670345	600	45.387231081292
24	705106	620	45.430670154777
24	741155	640	45.484633232574
24	778236	660	45.438441380414
24	816234	680	45.462881940571
24	855387	700	45.435103112101
24	895791	720	45.44601936312
24	937417	740	45.48883327295
24	980107	760	45.535470538303
24	1024294	780	45.552795339921
24	1070104	800	45.536311248888
24	1116670	820	45.557667950347
24	1164200	840	45.556057472616
24	1212847	860	45.544400379625
24	1262872	880	45.484192453976
24	1314242	900	45.684709917036
24	1366878	920	45.593784428985
24	1419950	940	45.603431097843
24	1475097	960	45.597737085337
24	1531260	980	45.687362180995
24	1588820	1000	45.683534205158
24	1648102	1020	45.673128488943
24	1708662	1040	45.615391541991
24	1771099	1060	45.655398327918
24	1834734	1080	45.73953315791
24	1900270	1100	45.764854085525
24	1967287	1120	45.673925070482
24	2035804	1140	45.709369860217
24	2106054	1160	45.677162623473
24	2178974	1180	45.655061235087
24	2253395	1200	45.648796928654
24	2329350	1220	45.75181940716
24	2408200	1240	45.667694734549
24	2488232	1260	45.624278582917
24	2571125	1280	45.682980373624
24	2654660	1300	45.701469401268
24	2741097	1320	45.617471342381
24	2829987	1340	45.653725584923
24	2920168	1360	45.647081658916
24	3011914	1380	45.649213566676
24	3106675	1400	45.592811686848
24	3203034	1420	45.627802179851
24	3301575	1440	45.614453425633
24	3402450	1460	45.677333891543
24	3505676	1480	45.622299111108
24	3610980	1500	45.602157233947
24	3718382	1520	45.561383497662
24	3828191	1540	45.537530341124
24	3940421	1560	45.583683426352
24	4054969	1580	45.562857307771
24	4171770	1600	45.634268755235
24	4290164	1620	45.572505759368
24	4412012	1640	45.591084360873
24	4534941	1660	45.596435433821
24	4660778	1680	45.598824609945
24	4789744	1700	45.610302561114
24	4920524	1720	45.62766720882
24	5053181	1740	45.62433326836
24	5187716	1760	45.620522157193
24	5325763	1780	45.591491614736
24	5466438	1800	45.622572438188
24	5609480	1820	45.553659782731
24	5754969	1840	45.552459700238
24	5903422	1860	45.551589939671
24	6054842	1880	45.655531471015
24	6208157	1900	45.613949443792
24	6364755	1920	45.612547449513
24	6523603	1940	45.539348767708
24	6684610	1960	45.561581495477
24	6848532	1980	45.531518494646
24	7015025	2000	45.543326369434
25	145638	240	0.34327452110864
25	171412	260	0.44984691654768
25	198256	280	0.86222216938388
25	225300	300	0.96662023806025
25	252349	320	0.61734705950135
25	279444	340	0.72575140308211
25	306949	360	0.77079927586733
25	334471	380	0.90507474192237
25	362419	400	1.1518883689343
25	390799	420	0.97155605911571
25	419396	440	1.439932954669
25	448687	460	1.3526259795374
25	478437	480	1.4447913255959
25	508641	500	1.4776452764846
25	539703	520	1.5168691217381
25	571228	540	1.3299643177865
25	603571	560	1.4750417661636
25	636309	580	1.3593748034007
25	670345	600	1.2820399364144
25	705106	620	1.3052156250105
25	741155	640	1.2792256101649
25	778236	660	1.2353396416001
25	816234	680	1.2290318772895
25	855387	700	1.1607663986773
25	895791	720	1.164472259213
25	937417	740	1.1680138068577
25	980107	760	1.1883730490517
25	1024294	780	1.1330677513977
25	1070104	800	1.1462828300944
25	1116670	820	1.15069486226
25	1164200	840	1.2108442443402
25	1212847	860	1.1456937785697
25	1262872	880	1.1395162856257
25	1314242	900	1.218822257383
25	1366878	920	1.1354199388101
25	1419950	940	1.1886028143048
25	1475097	960	1.2106378080708
25	1531260	980	1.1809570120055
25	1588820	1000	1.1954608536339
25	1648102	1020	1.1615538915087
25	1708662	1040	1.1393852465323
25	1771099	1060	1.1659786957135
25	1834734	1080	1.1757403018241
25	1900270	1100	1.1342539315854
25	1967287	1120	1.1449265275091
25	2035804	1140	1.1252317687241
25	2106054	1160	1.0918257283599
25	2178974	1180	1.0834268207815
25	2253395	1200	1.0827477872242
25	2329350	1220	1.1143470120532
25	2408200	1240	1.1143937237483
25	2488232	1260	1.0565511531267
25	2571125	1280	1.0629220949702
25	2654660	1300	1.0097584919079
25	2741097	1320	0.99923091668744
25	2829987	1340	1.0174309431825
25	2920168	1360	0.97378117575757
25	3011914	1380	0.97400833304154
25	3106675	1400	0.95658288778674
25	3203034	1420	0.9291119368191
25	3301575	1440	0.96318425554874
25	3402450	1460	0.97825610300982
25	3505676	1480	0.98598455818913
25	3610980	1500	0.9854591550231
25	3718382	1520	0.89293633547293
25	3828191	1540	0.92843253528804
25	3940421	1560	0.94958855773427
25	4054969	1580	0.90933396926331
25	4171770	1600	0.96320145382291
25	4290164	1620	0.9359163724641
25	4412012	1640	0.87345710284714
25	4534941	1660	0.91963406334355
25	4660778	1680	0.90043905455345
25	4789744	1700	0.89648024421465
25	4920524	1720	0.91546651516073
25	5053181	1740	0.89749875593289
25	5187716	1760	0.93029736875945
25	5325763	1780	0.83290352048847
25	5466438	1800	0.85362497767158
25	5609480	1820	0.82144434471631
25	5754969	1840	0.86786095747894
25	5903422	1860	0.82533880868178
25	6054842	1880	0.85727850702201
25	6208157	1900	0.85042477164846
25	6364755	1920	0.80682981267032
25	6523603	1940	0.81641360563997
25	6684610	1960	0.79511828398467
25	6848532	1980	0.82145318089335
25	7015025	2000	0.82216152345039
26	145638	240	0.11783739684237
26	171412	260	0.20236224832745
26	198256	280	0.74342706937705
26	225300	300	0.93435468462765
26	252349	320	0.38111739187496
26	279444	340	0.52671509907566
26	306949	360	0.5941315236776
26	334471	380	0.81916028846584
26	362419	400	1.3268468144862
26	390799	420	0.94392117600445
26	419396	440	2.0734069139419
26	448687	460	1.8295970405194
26	478437	480	2.0874219745173
26	508641	500	2.1834355631173
26	539703	520	2.3008919324826
26	571228	540	1.7688050865854
26	603571	560	2.175748211927
26	636309	580	1.8478998561206
26	670345	600	1.6436263985614
26	705106	620	1.7035878277717
26	741155	640	1.6364181617018
26	778236	660	1.5260640301087
26	816234	680	1.5105193553937
26	855387	700	1.3473786322984
26	895791	720	1.3559956424766
26	937417	740	1.3642562530102
26	980107	760	1.4122305037124
26	1024294	780	1.2838425292573
26	1070104	800	1.3139643265693
26	1116670	820	1.3240986660315
26	1164200	840	1.4661437840518
26	1212847	860	1.3126142342533
26	1262872	880	1.2984973652062
26	1314242	900	1.4855276950922
26	1366878	920	1.2891784374476
26	1419950	940	1.4127766501732
26	1475097	960	1.4656439023304
26	1531260	980	1.3946594642049
26	1588820	1000	1.4291266525712
26	1648102	1020	1.3492074428789
26	1708662	1040	1.2981987400155
26	1771099	1060	1.3595063188577
26	1834734	1080	1.3823652573335
26	1900270	1100	1.286531981317
26	1967287	1120	1.310856753394
26	2035804	1140	1.266146533346
26	2106054	1160	1.1920834211086
26	2178974	1180	1.1738136759887
26	2253395	1200	1.1723427707388
26	2329350	1220	1.2417692632719
26	2408200	1240	1.2418733715295
26	2488232	1260	1.1163003391735
26	2571125	1280	1.1298033799759
26	2654660	1300	1.0196122119801
26	2741097	1320	0.99846242486402
26	2829987	1340	1.0351657241452
26	2920168	1360	0.94824977825979
26	3011914	1380	0.94869223283436
26	3106675	1400	0.91505082120642
26	3203034	1420	0.86324899113974
26	3301575	1440	0.92772391013698
26	3402450	1460	0.95698500307596
26	3505676	1480	0.97216554898741
26	3610980	1500	0.97112974621884
26	3718382	1520	0.79733529920783
26	3828191	1540	0.86198697258138
26	3940421	1560	0.90171842897985
26	4054969	1580	0.82688826765617
26	4171770	1600	0.92775704064657
26	4290164	1620	0.87593945624636
26	4412012	1640	0.76292731051411
26	4534941	1660	0.84572681046176
26	4660778	1680	0.81079049096511
26	4789744	1700	0.80367682826716
26	4920524	1720	0.83807894038053
26	5053181	1740	0.80550401690109
26	5187716	1760	0.86545319432076
26	5325763	1780	0.69372827444209
26	5466438	1800	0.72867560250481
26	5609480	1820	0.67477081146641
26	5754969	1840	0.75318264151626
26	5903422	1860	0.68118414911625
26	6054842	1880	0.73492643860188
26	6208157	1900	0.72322229223333
26	6364755	1920	0.65097434661363
26	6523603	1940	0.66653117547406
26	6684610	1960	0.63221308552672
26	6848532	1980	0.67478532839981
26	7015025	2000	0.67594957064227
