version 2
run statisticRVV-130-20150327-06:07:31-6532
attr c 15
attr configname statisticRVV
attr datetime 20150327-06:07:31
attr experiment statisticRVV
attr inifile omnetpp.ini
attr iterationvars "$sc=\"erlangen-medium.launchd.xml\", $p=1/15, $c=15"
attr iterationvars2 "$sc=\"erlangen-medium.launchd.xml\", $p=1/15, $c=15, $repetition=0"
attr measurement "$sc=\"erlangen-medium.launchd.xml\", $p=1/15, $c=15"
attr network RSUExampleScenario
attr p 1/15
attr processid 6532
attr repetition 0
attr replication #0
attr resultdir results
attr runnumber 130
attr sc "\"erlangen-medium.launchd.xml\""
attr seedset 130

vector 0  RSUExampleScenario.rsu[0].appl  Number_CH  ETV
vector 1  RSUExampleScenario.rsu[0].appl  Number_ON  ETV
vector 2  RSUExampleScenario.rsu[0].appl  Number_FN  ETV
vector 3  RSUExampleScenario.rsu[0].appl  Number_CH_Losts  ETV
vector 4  RSUExampleScenario.rsu[0].appl  Number_CH_Losts  ETV
vector 5  RSUExampleScenario.rsu[0].appl  Mean_Cluster_Size  ETV
vector 6  RSUExampleScenario.rsu[0].appl  StdDev_Cluster_Size  ETV
vector 7  RSUExampleScenario.rsu[0].appl  Variance_Cluster_Size  ETV
vector 8  RSUExampleScenario.rsu[0].appl  Mean_Neighbors  ETV
vector 9  RSUExampleScenario.rsu[0].appl  StdDev_Neighbors  ETV
vector 10  RSUExampleScenario.rsu[0].appl  Variance_Neighbors  ETV
vector 11  RSUExampleScenario.rsu[0].appl  Total_CH_Utility  ETV
vector 12  RSUExampleScenario.rsu[0].appl  Mean_CH_Utility  ETV
vector 13  RSUExampleScenario.rsu[0].appl  StdDev_CH_Utility  ETV
vector 14  RSUExampleScenario.rsu[0].appl  Variance_CH_Utility  ETV
vector 15  RSUExampleScenario.rsu[0].appl  Total_exp_CH_Utility  ETV
vector 16  RSUExampleScenario.rsu[0].appl  Mean_exp_CH_Utility  ETV
vector 17  RSUExampleScenario.rsu[0].appl  StdDev_exp_CH_Utility  ETV
vector 18  RSUExampleScenario.rsu[0].appl  Variance_exp_CH_Utility  ETV
vector 19  RSUExampleScenario.rsu[0].appl  Total_ON_Utility  ETV
vector 20  RSUExampleScenario.rsu[0].appl  Mean_ON_Utility  ETV
vector 21  RSUExampleScenario.rsu[0].appl  StdDev_ON_Utility  ETV
vector 22  RSUExampleScenario.rsu[0].appl  Variance_ON_Utility  ETV
vector 23  RSUExampleScenario.rsu[0].appl  Total_exp_ON_Utility  ETV
vector 24  RSUExampleScenario.rsu[0].appl  Mean_exp_ON_Utility  ETV
vector 25  RSUExampleScenario.rsu[0].appl  StdDev_exp_ON_Utility  ETV
vector 26  RSUExampleScenario.rsu[0].appl  Variance_exp_ON_Utility  ETV
0	145846	240	0
0	171867	260	9
0	199164	280	9
0	226264	300	5
0	253377	320	8
0	280340	340	3
0	307309	360	8
0	334518	380	6
0	362209	400	3
0	389597	420	9
0	417445	440	13
0	445947	460	11
0	474687	480	7
0	504155	500	10
0	533643	520	7
0	563940	540	10
0	595178	560	7
0	626754	580	8
0	659265	600	7
0	692580	620	6
0	726770	640	3
0	761869	660	8
0	798263	680	12
0	835171	700	8
0	873577	720	9
0	913292	740	7
0	954251	760	10
0	995801	780	8
0	1039512	800	10
0	1083886	820	8
0	1129269	840	9
0	1176106	860	9
0	1224065	880	8
0	1273154	900	9
0	1323264	920	6
0	1374366	940	11
0	1427221	960	12
0	1481111	980	10
0	1536329	1000	6
0	1593324	1020	11
0	1651031	1040	9
0	1710063	1060	9
0	1771081	1080	12
0	1834223	1100	6
0	1898836	1120	4
0	1964219	1140	10
0	2031093	1160	14
0	2099887	1180	18
0	2171040	1200	12
0	2243456	1220	14
0	2316927	1240	10
0	2393293	1260	9
0	2471883	1280	12
0	2552677	1300	11
0	2635348	1320	6
0	2720017	1340	4
0	2807514	1360	11
0	2896178	1380	6
0	2987139	1400	8
0	3080079	1420	11
0	3175394	1440	7
0	3271885	1460	7
0	3370118	1480	9
0	3471567	1500	9
0	3574449	1520	7
0	3679549	1540	8
0	3786777	1560	13
0	3896965	1580	14
0	4008719	1600	12
0	4123496	1620	7
0	4240809	1640	10
0	4360185	1660	14
0	4481530	1680	11
0	4605523	1700	8
0	4731224	1720	8
0	4858572	1740	14
0	4988849	1760	8
0	5122751	1780	10
0	5257571	1800	17
0	5395489	1820	18
0	5535250	1840	14
0	5677435	1860	16
0	5823082	1880	11
0	5970988	1900	9
0	6120788	1920	12
0	6273100	1940	14
0	6428323	1960	14
0	6586322	1980	16
0	6745774	2000	14
1	145846	240	0
1	171867	260	59
1	199164	280	73
1	226264	300	62
1	253377	320	69
1	280340	340	26
1	307309	360	78
1	334518	380	56
1	362209	400	25
1	389597	420	72
1	417445	440	79
1	445947	460	70
1	474687	480	78
1	504155	500	77
1	533643	520	62
1	563940	540	84
1	595178	560	82
1	626754	580	76
1	659265	600	61
1	692580	620	61
1	726770	640	41
1	761869	660	83
1	798263	680	94
1	835171	700	74
1	873577	720	87
1	913292	740	51
1	954251	760	81
1	995801	780	76
1	1039512	800	87
1	1083886	820	89
1	1129269	840	97
1	1176106	860	86
1	1224065	880	88
1	1273154	900	63
1	1323264	920	72
1	1374366	940	90
1	1427221	960	104
1	1481111	980	101
1	1536329	1000	82
1	1593324	1020	114
1	1651031	1040	79
1	1710063	1060	109
1	1771081	1080	112
1	1834223	1100	83
1	1898836	1120	41
1	1964219	1140	104
1	2031093	1160	118
1	2099887	1180	121
1	2171040	1200	124
1	2243456	1220	107
1	2316927	1240	110
1	2393293	1260	85
1	2471883	1280	124
1	2552677	1300	100
1	2635348	1320	73
1	2720017	1340	57
1	2807514	1360	129
1	2896178	1380	75
1	2987139	1400	88
1	3080079	1420	117
1	3175394	1440	98
1	3271885	1460	78
1	3370118	1480	112
1	3471567	1500	97
1	3574449	1520	102
1	3679549	1540	107
1	3786777	1560	114
1	3896965	1580	147
1	4008719	1600	116
1	4123496	1620	99
1	4240809	1640	113
1	4360185	1660	142
1	4481530	1680	112
1	4605523	1700	115
1	4731224	1720	110
1	4858572	1740	140
1	4988849	1760	103
1	5122751	1780	125
1	5257571	1800	152
1	5395489	1820	151
1	5535250	1840	152
1	5677435	1860	147
1	5823082	1880	151
1	5970988	1900	114
1	6120788	1920	103
1	6273100	1940	134
1	6428323	1960	134
1	6586322	1980	152
1	6745774	2000	152
2	145846	240	78
2	171867	260	17
2	199164	280	10
2	226264	300	27
2	253377	320	16
2	280340	340	63
2	307309	360	8
2	334518	380	31
2	362209	400	67
2	389597	420	14
2	417445	440	1
2	445947	460	17
2	474687	480	13
2	504155	500	13
2	533643	520	32
2	563940	540	8
2	595178	560	14
2	626754	580	20
2	659265	600	37
2	692580	620	41
2	726770	640	63
2	761869	660	19
2	798263	680	5
2	835171	700	30
2	873577	720	15
2	913292	740	57
2	954251	760	25
2	995801	780	32
2	1039512	800	21
2	1083886	820	24
2	1129269	840	12
2	1176106	860	27
2	1224065	880	26
2	1273154	900	51
2	1323264	920	50
2	1374366	940	25
2	1427221	960	12
2	1481111	980	20
2	1536329	1000	42
2	1593324	1020	6
2	1651031	1040	43
2	1710063	1060	15
2	1771081	1080	10
2	1834223	1100	48
2	1898836	1120	94
2	1964219	1140	26
2	2031093	1160	9
2	2099887	1180	3
2	2171040	1200	7
2	2243456	1220	24
2	2316927	1240	25
2	2393293	1260	53
2	2471883	1280	12
2	2552677	1300	38
2	2635348	1320	71
2	2720017	1340	91
2	2807514	1360	13
2	2896178	1380	74
2	2987139	1400	59
2	3080079	1420	28
2	3175394	1440	52
2	3271885	1460	74
2	3370118	1480	39
2	3471567	1500	54
2	3574449	1520	54
2	3679549	1540	49
2	3786777	1560	39
2	3896965	1580	6
2	4008719	1600	39
2	4123496	1620	64
2	4240809	1640	48
2	4360185	1660	15
2	4481530	1680	48
2	4605523	1700	50
2	4731224	1720	57
2	4858572	1740	22
2	4988849	1760	64
2	5122751	1780	44
2	5257571	1800	10
2	5395489	1820	11
2	5535250	1840	16
2	5677435	1860	19
2	5823082	1880	25
2	5970988	1900	61
2	6120788	1920	72
2	6273100	1940	40
2	6428323	1960	42
2	6586322	1980	23
2	6745774	2000	25
3	145846	240	0
3	171867	260	0
3	199164	280	0
3	226264	300	0
3	253377	320	1
3	280340	340	0
3	307309	360	1
3	334518	380	0
3	362209	400	0
3	389597	420	0
3	417445	440	1
3	445947	460	0
3	474687	480	0
3	504155	500	1
3	533643	520	0
3	563940	540	1
3	595178	560	0
3	626754	580	0
3	659265	600	0
3	692580	620	1
3	726770	640	0
3	761869	660	0
3	798263	680	0
3	835171	700	0
3	873577	720	0
3	913292	740	0
3	954251	760	0
3	995801	780	0
3	1039512	800	1
3	1083886	820	0
3	1129269	840	1
3	1176106	860	0
3	1224065	880	0
3	1273154	900	0
3	1323264	920	0
3	1374366	940	0
3	1427221	960	0
3	1481111	980	2
3	1536329	1000	0
3	1593324	1020	2
3	1651031	1040	0
3	1710063	1060	0
3	1771081	1080	1
3	1834223	1100	0
3	1898836	1120	0
3	1964219	1140	0
3	2031093	1160	0
3	2099887	1180	1
3	2171040	1200	0
3	2243456	1220	0
3	2316927	1240	0
3	2393293	1260	0
3	2471883	1280	0
3	2552677	1300	1
3	2635348	1320	0
3	2720017	1340	0
3	2807514	1360	0
3	2896178	1380	0
3	2987139	1400	0
3	3080079	1420	0
3	3175394	1440	0
3	3271885	1460	0
3	3370118	1480	0
3	3471567	1500	0
3	3574449	1520	1
3	3679549	1540	0
3	3786777	1560	0
3	3896965	1580	1
3	4008719	1600	0
3	4123496	1620	0
3	4240809	1640	0
3	4360185	1660	0
3	4481530	1680	1
3	4605523	1700	0
3	4731224	1720	0
3	4858572	1740	0
3	4988849	1760	0
3	5122751	1780	1
3	5257571	1800	0
3	5395489	1820	0
3	5535250	1840	0
3	5677435	1860	0
3	5823082	1880	0
3	5970988	1900	0
3	6120788	1920	0
3	6273100	1940	1
3	6428323	1960	0
3	6586322	1980	1
3	6745774	2000	0
4	145846	240	78
4	171867	260	17
4	199164	280	10
4	226264	300	27
4	253377	320	15
4	280340	340	63
4	307309	360	7
4	334518	380	31
4	362209	400	66
4	389597	420	14
4	417445	440	0
4	445947	460	17
4	474687	480	13
4	504155	500	12
4	533643	520	32
4	563940	540	7
4	595178	560	14
4	626754	580	20
4	659265	600	37
4	692580	620	40
4	726770	640	63
4	761869	660	19
4	798263	680	5
4	835171	700	30
4	873577	720	15
4	913292	740	57
4	954251	760	24
4	995801	780	32
4	1039512	800	20
4	1083886	820	24
4	1129269	840	11
4	1176106	860	27
4	1224065	880	26
4	1273154	900	51
4	1323264	920	50
4	1374366	940	24
4	1427221	960	12
4	1481111	980	17
4	1536329	1000	42
4	1593324	1020	4
4	1651031	1040	43
4	1710063	1060	15
4	1771081	1080	9
4	1834223	1100	47
4	1898836	1120	94
4	1964219	1140	26
4	2031093	1160	9
4	2099887	1180	2
4	2171040	1200	7
4	2243456	1220	23
4	2316927	1240	25
4	2393293	1260	53
4	2471883	1280	12
4	2552677	1300	36
4	2635348	1320	71
4	2720017	1340	90
4	2807514	1360	13
4	2896178	1380	74
4	2987139	1400	59
4	3080079	1420	28
4	3175394	1440	52
4	3271885	1460	74
4	3370118	1480	39
4	3471567	1500	54
4	3574449	1520	53
4	3679549	1540	48
4	3786777	1560	39
4	3896965	1580	5
4	4008719	1600	39
4	4123496	1620	64
4	4240809	1640	48
4	4360185	1660	15
4	4481530	1680	47
4	4605523	1700	49
4	4731224	1720	57
4	4858572	1740	22
4	4988849	1760	64
4	5122751	1780	43
4	5257571	1800	10
4	5395489	1820	11
4	5535250	1840	16
4	5677435	1860	19
4	5823082	1880	25
4	5970988	1900	61
4	6120788	1920	72
4	6273100	1940	39
4	6428323	1960	41
4	6586322	1980	22
4	6745774	2000	25
5	145846	240	nan
5	171867	260	6.5555555555556
5	199164	280	8.1111111111111
5	226264	300	12.4
5	253377	320	8.625
5	280340	340	8.6666666666667
5	307309	360	9.75
5	334518	380	9.3333333333333
5	362209	400	8.3333333333333
5	389597	420	8
5	417445	440	6.0769230769231
5	445947	460	6.3636363636364
5	474687	480	11.142857142857
5	504155	500	7.7
5	533643	520	8.8571428571429
5	563940	540	8.4
5	595178	560	11.714285714286
5	626754	580	9.5
5	659265	600	8.7142857142857
5	692580	620	10.166666666667
5	726770	640	13.666666666667
5	761869	660	10.375
5	798263	680	7.8333333333333
5	835171	700	9.25
5	873577	720	9.6666666666667
5	913292	740	7.2857142857143
5	954251	760	8.1
5	995801	780	9.5
5	1039512	800	8.7
5	1083886	820	11.125
5	1129269	840	10.777777777778
5	1176106	860	9.5555555555556
5	1224065	880	11
5	1273154	900	7
5	1323264	920	12
5	1374366	940	8.1818181818182
5	1427221	960	8.6666666666667
5	1481111	980	10.1
5	1536329	1000	13.666666666667
5	1593324	1020	10.363636363636
5	1651031	1040	8.7777777777778
5	1710063	1060	12.111111111111
5	1771081	1080	9.3333333333333
5	1834223	1100	13.833333333333
5	1898836	1120	10.25
5	1964219	1140	10.4
5	2031093	1160	8.4285714285714
5	2099887	1180	6.7222222222222
5	2171040	1200	10.333333333333
5	2243456	1220	7.6428571428571
5	2316927	1240	11
5	2393293	1260	9.4444444444444
5	2471883	1280	10.333333333333
5	2552677	1300	9.0909090909091
5	2635348	1320	12.166666666667
5	2720017	1340	14.25
5	2807514	1360	11.727272727273
5	2896178	1380	12.5
5	2987139	1400	11
5	3080079	1420	10.636363636364
5	3175394	1440	14
5	3271885	1460	11.142857142857
5	3370118	1480	12.444444444444
5	3471567	1500	10.777777777778
5	3574449	1520	14.571428571429
5	3679549	1540	13.375
5	3786777	1560	8.7692307692308
5	3896965	1580	10.5
5	4008719	1600	9.6666666666667
5	4123496	1620	14.142857142857
5	4240809	1640	11.3
5	4360185	1660	10.142857142857
5	4481530	1680	10.181818181818
5	4605523	1700	14.375
5	4731224	1720	13.75
5	4858572	1740	10
5	4988849	1760	12.875
5	5122751	1780	12.5
5	5257571	1800	8.9411764705882
5	5395489	1820	8.3888888888889
5	5535250	1840	10.857142857143
5	5677435	1860	9.1875
5	5823082	1880	13.727272727273
5	5970988	1900	12.666666666667
5	6120788	1920	8.5833333333333
5	6273100	1940	9.5714285714286
5	6428323	1960	9.5714285714286
5	6586322	1980	9.5
5	6745774	2000	10.857142857143
6	145846	240	nan
6	171867	260	4.5856054973992
6	199164	280	4.8591265790378
6	226264	300	3.9749213828704
6	253377	320	5.604526232048
6	280340	340	4.5092497528229
6	307309	360	4.2342143815083
6	334518	380	3.8297084310254
6	362209	400	5.1316014394469
6	389597	420	4.8218253804965
6	417445	440	2.5968422639024
6	445947	460	4.2725338447513
6	474687	480	3.976119189552
6	504155	500	2.9832867780353
6	533643	520	4.4131837120372
6	563940	540	4.1686661868969
6	595178	560	4.3094580368567
6	626754	580	4.4400772194057
6	659265	600	5.5592051504475
6	692580	620	3.6009258068817
6	726770	640	1.1547005383793
6	761869	660	2.7742437837055
6	798263	680	4.7641336774874
6	835171	700	4.6827952580239
6	873577	720	3.9370039370059
6	913292	740	4.820590756131
6	954251	760	5.2799410771123
6	995801	780	3.5050983275387
6	1039512	800	3.713339317769
6	1083886	820	2.5319388392523
6	1129269	840	3.7675515184858
6	1176106	860	3.5746017649212
6	1224065	880	4.2761798705988
6	1273154	900	4.3011626335213
6	1323264	920	4
6	1374366	940	4.0451991747795
6	1427221	960	4.1851106932973
6	1481111	980	4.4334586448455
6	1536329	1000	2.0655911179773
6	1593324	1020	4.5885232324295
6	1651031	1040	5.2387445485006
6	1710063	1060	2.7131367660166
6	1771081	1080	4.052683360965
6	1834223	1100	1.16904519445
6	1898836	1120	4.112987559751
6	1964219	1140	4.5018514709691
6	2031093	1160	4.4672188166737
6	2099887	1180	3.9228674319799
6	2171040	1200	3.4989175815421
6	2243456	1220	5.1680548767202
6	2316927	1240	2.7080128015453
6	2393293	1260	5.2704627669473
6	2471883	1280	4.3554215605033
6	2552677	1300	4.7424581274808
6	2635348	1320	3.1885210782848
6	2720017	1340	1.5
6	2807514	1360	3.1651511525015
6	2896178	1380	4.722287581247
6	2987139	1400	3.9279220242479
6	3080079	1420	3.0090771765685
6	3175394	1440	1.4142135623731
6	3271885	1460	5.3674504012169
6	3370118	1480	2.9202359113225
6	3471567	1500	4.8933060853011
6	3574449	1520	0.78679579246944
6	3679549	1540	2.7222627143085
6	3786777	1560	4.0856220691968
6	3896965	1580	3.6951111152232
6	4008719	1600	3.5760143718781
6	4123496	1620	0.89973541084244
6	4240809	1640	3.8600518131238
6	4360185	1660	4.4177464296272
6	4481530	1680	4.833594559294
6	4605523	1700	0.9161253813129
6	4731224	1720	1.5811388300842
6	4858572	1740	3.3741095691479
6	4988849	1760	3.3567628964312
6	5122751	1780	2.9533408577782
6	5257571	1800	3.9917193700725
6	5395489	1820	4.5262487895138
6	5535250	1840	3.8800702384036
6	5677435	1860	4.3392587692677
6	5823082	1880	1.2720777563427
6	5970988	1900	2
6	6120788	1920	4.0330077504453
6	6273100	1940	4.6527789167713
6	6428323	1960	4.0708019567929
6	6586322	1980	4.5752959831396
6	6745774	2000	3.0598427022704
7	145846	240	nan
7	171867	260	21.027777777778
7	199164	280	23.611111111111
7	226264	300	15.8
7	253377	320	31.410714285714
7	280340	340	20.333333333333
7	307309	360	17.928571428571
7	334518	380	14.666666666667
7	362209	400	26.333333333333
7	389597	420	23.25
7	417445	440	6.7435897435897
7	445947	460	18.254545454545
7	474687	480	15.809523809524
7	504155	500	8.9
7	533643	520	19.47619047619
7	563940	540	17.377777777778
7	595178	560	18.571428571429
7	626754	580	19.714285714286
7	659265	600	30.904761904762
7	692580	620	12.966666666667
7	726770	640	1.3333333333333
7	761869	660	7.6964285714286
7	798263	680	22.69696969697
7	835171	700	21.928571428571
7	873577	720	15.5
7	913292	740	23.238095238095
7	954251	760	27.877777777778
7	995801	780	12.285714285714
7	1039512	800	13.788888888889
7	1083886	820	6.4107142857143
7	1129269	840	14.194444444444
7	1176106	860	12.777777777778
7	1224065	880	18.285714285714
7	1273154	900	18.5
7	1323264	920	16
7	1374366	940	16.363636363636
7	1427221	960	17.515151515152
7	1481111	980	19.655555555556
7	1536329	1000	4.2666666666667
7	1593324	1020	21.054545454545
7	1651031	1040	27.444444444444
7	1710063	1060	7.3611111111111
7	1771081	1080	16.424242424242
7	1834223	1100	1.3666666666667
7	1898836	1120	16.916666666667
7	1964219	1140	20.266666666667
7	2031093	1160	19.956043956044
7	2099887	1180	15.388888888889
7	2171040	1200	12.242424242424
7	2243456	1220	26.708791208791
7	2316927	1240	7.3333333333333
7	2393293	1260	27.777777777778
7	2471883	1280	18.969696969697
7	2552677	1300	22.490909090909
7	2635348	1320	10.166666666667
7	2720017	1340	2.25
7	2807514	1360	10.018181818182
7	2896178	1380	22.3
7	2987139	1400	15.428571428571
7	3080079	1420	9.0545454545455
7	3175394	1440	2
7	3271885	1460	28.809523809524
7	3370118	1480	8.5277777777778
7	3471567	1500	23.944444444444
7	3574449	1520	0.61904761904762
7	3679549	1540	7.4107142857143
7	3786777	1560	16.692307692308
7	3896965	1580	13.653846153846
7	4008719	1600	12.787878787879
7	4123496	1620	0.80952380952381
7	4240809	1640	14.9
7	4360185	1660	19.516483516484
7	4481530	1680	23.363636363636
7	4605523	1700	0.83928571428571
7	4731224	1720	2.5
7	4858572	1740	11.384615384615
7	4988849	1760	11.267857142857
7	5122751	1780	8.7222222222222
7	5257571	1800	15.933823529412
7	5395489	1820	20.486928104575
7	5535250	1840	15.054945054945
7	5677435	1860	18.829166666667
7	5823082	1880	1.6181818181818
7	5970988	1900	4
7	6120788	1920	16.265151515152
7	6273100	1940	21.648351648352
7	6428323	1960	16.571428571429
7	6586322	1980	20.933333333333
7	6745774	2000	9.3626373626374
8	145846	240	22.948717948718
8	171867	260	22.670588235294
8	199164	280	22.532608695652
8	226264	300	22.148936170213
8	253377	320	22.268817204301
8	280340	340	22.402173913043
8	307309	360	22.106382978723
8	334518	380	22.41935483871
8	362209	400	22.627659574468
8	389597	420	22.136842105263
8	417445	440	22.763440860215
8	445947	460	21.877551020408
8	474687	480	22.142857142857
8	504155	500	22.02
8	533643	520	22
8	563940	540	22.356435643564
8	595178	560	22.621359223301
8	626754	580	22.528846153846
8	659265	600	22.742857142857
8	692580	620	23.12962962963
8	726770	640	23.81308411215
8	761869	660	23.418181818182
8	798263	680	24.369369369369
8	835171	700	24.758928571429
8	873577	720	25.414414414414
8	913292	740	25.739130434783
8	954251	760	26.573913043478
8	995801	780	27.577586206897
8	1039512	800	27.830508474576
8	1083886	820	28.107438016529
8	1129269	840	28.347457627119
8	1176106	860	29.065573770492
8	1224065	880	29.245901639344
8	1273154	900	29.569105691057
8	1323264	920	29.703125
8	1374366	940	30.272
8	1427221	960	30.6953125
8	1481111	980	31.372093023256
8	1536329	1000	31.4
8	1593324	1020	32.007633587786
8	1651031	1040	32.320610687023
8	1710063	1060	32.721804511278
8	1771081	1080	33.15671641791
8	1834223	1100	33.926470588235
8	1898836	1120	34.028776978417
8	1964219	1140	34.6
8	2031093	1160	34.929078014184
8	2099887	1180	35.753521126761
8	2171040	1200	36.559440559441
8	2243456	1220	37.680555555556
8	2316927	1240	37.31724137931
8	2393293	1260	38.224489795918
8	2471883	1280	38.959459459459
8	2552677	1300	39.966216216216
8	2635348	1320	40.706666666667
8	2720017	1340	40.986754966887
8	2807514	1360	41.960784313725
8	2896178	1380	42.522580645161
8	2987139	1400	43.096774193548
8	3080079	1420	44.24358974359
8	3175394	1440	44.923566878981
8	3271885	1460	45.106918238994
8	3370118	1480	45.6
8	3471567	1500	47.0375
8	3574449	1520	47.171779141104
8	3679549	1540	47.828220858896
8	3786777	1560	48.174698795181
8	3896965	1580	49.023952095808
8	4008719	1600	49.838323353293
8	4123496	1620	49.841176470588
8	4240809	1640	50.877192982456
8	4360185	1660	51.421052631579
8	4481530	1680	52.333333333333
8	4605523	1700	52.552325581395
8	4731224	1720	52.771428571429
8	4858572	1740	52.857954545455
8	4988849	1760	53.942857142857
8	5122751	1780	54.415730337079
8	5257571	1800	54.597765363128
8	5395489	1820	55.738888888889
8	5535250	1840	55.703296703297
8	5677435	1860	56.291208791209
8	5823082	1880	56.534759358289
8	5970988	1900	58.092391304348
8	6120788	1920	58.401069518717
8	6273100	1940	58.797872340426
8	6428323	1960	59.195767195767
8	6586322	1980	59.926701570681
8	6745774	2000	59.916230366492
9	145846	240	4.3897680200739
9	171867	260	4.1672996718045
9	199164	280	5.0414786923717
9	226264	300	4.7788905150696
9	253377	320	3.7796358950078
9	280340	340	4.2505585479348
9	307309	360	4.358820214026
9	334518	380	3.915750193672
9	362209	400	4.8326489153236
9	389597	420	4.7391769783635
9	417445	440	3.826105550552
9	445947	460	5.2470223389276
9	474687	480	4.6639658360228
9	504155	500	4.4426309431428
9	533643	520	4.7833042972406
9	563940	540	3.7298368822667
9	595178	560	3.908553979777
9	626754	580	3.4946748137375
9	659265	600	3.8079586986402
9	692580	620	4.1221820566628
9	726770	640	2.5812489339264
9	761869	660	4.1272907304887
9	798263	680	4.1074830336128
9	835171	700	4.6658536017207
9	873577	720	4.5276292581689
9	913292	740	5.228274943645
9	954251	760	5.5631318794508
9	995801	780	5.992968143284
9	1039512	800	6.9973194925717
9	1083886	820	7.3278028231439
9	1129269	840	7.3349381911111
9	1176106	860	8.0686493640899
9	1224065	880	7.7761145999295
9	1273154	900	8.512364489004
9	1323264	920	9.4796585996203
9	1374366	940	9.0690683093689
9	1427221	960	9.5187825875381
9	1481111	980	9.9255586803101
9	1536329	1000	9.9608536105679
9	1593324	1020	11.264304535332
9	1651031	1040	11.2141855053
9	1710063	1060	11.462953096335
9	1771081	1080	11.966026141465
9	1834223	1100	13.163716886419
9	1898836	1120	13.612090984017
9	1964219	1140	13.47088520482
9	2031093	1160	13.820608519821
9	2099887	1180	14.15876873865
9	2171040	1200	15.277997793763
9	2243456	1220	15.418022683387
9	2316927	1240	16.038453551922
9	2393293	1260	16.354294781061
9	2471883	1280	17.138443232701
9	2552677	1300	17.739772579259
9	2635348	1320	18.257497004464
9	2720017	1340	18.482419305912
9	2807514	1360	20.02625985029
9	2896178	1380	20.206188933569
9	2987139	1400	21.035459917534
9	3080079	1420	21.862435538516
9	3175394	1440	21.461516363755
9	3271885	1460	21.774619761527
9	3370118	1480	22.813766118909
9	3471567	1500	23.671995369632
9	3574449	1520	23.866810234418
9	3679549	1540	23.941181807114
9	3786777	1560	24.635516826376
9	3896965	1580	25.372633035978
9	4008719	1600	25.588099023369
9	4123496	1620	25.70344205586
9	4240809	1640	26.214771436846
9	4360185	1660	26.408519593509
9	4481530	1680	26.569553561748
9	4605523	1700	27.037177033272
9	4731224	1720	26.923781004525
9	4858572	1740	26.975909767647
9	4988849	1760	26.918931996567
9	5122751	1780	27.664784765659
9	5257571	1800	27.837514005198
9	5395489	1820	28.3050746361
9	5535250	1840	28.528359256876
9	5677435	1860	28.504295104681
9	5823082	1880	29.62349075727
9	5970988	1900	29.217988821155
9	6120788	1920	29.708885006212
9	6273100	1940	30.036370034687
9	6428323	1960	30.354094383095
9	6586322	1980	30.360203679886
9	6745774	2000	31.054337749878
10	145846	240	19.270063270063
10	171867	260	17.366386554622
10	199164	280	25.416507405638
10	226264	300	22.837794555022
10	253377	320	14.285647498831
10	280340	340	18.067247969422
10	307309	360	18.999313658202
10	334518	380	15.333099579243
10	362209	400	23.354495538778
10	389597	420	22.459798432251
10	417445	440	14.639083683964
10	445947	460	27.531243425205
10	474687	480	21.752577319588
10	504155	500	19.73696969697
10	533643	520	22.88
10	563940	540	13.911683168317
10	595178	560	15.276794212831
10	626754	580	12.212752053771
10	659265	600	14.500549450549
10	692580	620	16.992384908273
10	726770	640	6.6628460588961
10	761869	660	17.034528773978
10	798263	680	16.871416871417
10	835171	700	21.77018983269
10	873577	720	20.499426699427
10	913292	740	27.334858886346
10	954251	760	30.948436308162
10	995801	780	35.915667166417
10	1039512	800	48.962480081124
10	1083886	820	53.696694214876
10	1129269	840	53.80131826742
10	1176106	860	65.103102560629
10	1224065	880	60.467958271237
10	1273154	900	72.460349193656
10	1323264	920	89.863927165354
10	1374366	940	82.248
10	1427221	960	90.607221948819
10	1481111	980	98.516715116279
10	1536329	1000	99.218604651163
10	1593324	1020	126.88455666471
10	1651031	1040	125.75795654727
10	1710063	1060	131.39929368877
10	1771081	1080	143.18578161822
10	1834223	1100	173.2834422658
10	1898836	1120	185.28902095715
10	1964219	1140	181.46474820144
10	2031093	1160	191.00921985816
10	2099887	1180	200.47073219459
10	2171040	1200	233.41721658623
10	2243456	1220	237.71542346542
10	2316927	1240	257.23199233716
10	2393293	1260	267.46295778585
10	2471883	1280	293.72623644052
10	2552677	1300	314.69953116382
10	2635348	1320	333.33619686801
10	2720017	1340	341.59982339956
10	2807514	1360	401.05108359133
10	2896178	1380	408.2900712191
10	2987139	1400	442.49057394219
10	3080079	1420	477.96608767577
10	3175394	1440	460.59668463172
10	3271885	1460	474.1340657591
10	3370118	1480	520.4679245283
10	3471567	1500	560.36336477987
10	3574449	1520	569.62463076574
10	3679549	1540	573.18018632129
10	3786777	1560	606.90868930267
10	3896965	1580	643.77050717841
10	4008719	1600	654.75081162975
10	4123496	1620	660.66693351897
10	4240809	1640	687.21424148607
10	4360185	1660	697.40990712074
10	4481530	1680	705.94117647059
10	4605523	1700	731.00894192846
10	4731224	1720	724.88998357964
10	4858572	1740	727.69970779221
10	4988849	1760	724.6288998358
10	5122751	1780	765.34031613026
10	5257571	1800	774.92718598958
10	5395489	1820	801.17725015518
10	5535250	1840	813.86728188938
10	5677435	1860	812.49483941473
10	5823082	1880	877.55120464608
10	5970988	1900	853.69087075315
10	6120788	1920	882.61784831235
10	6273100	1940	902.18352486062
10	6428323	1960	921.37104581785
10	6586322	1980	921.74196748416
10	6745774	2000	964.37189308349
11	145846	240	0
11	171867	260	420.60668088316
11	199164	280	415.56938600536
11	226264	300	230.3732503217
11	253377	320	371.63622206198
11	280340	340	137.32573082168
11	307309	360	370.85908805844
11	334518	380	276.73782085935
11	362209	400	142.90117631448
11	389597	420	423.53803435638
11	417445	440	606.20471738683
11	445947	460	524.39952217279
11	474687	480	331.18780309327
11	504155	500	466.47700750879
11	533643	520	328.65557251026
11	563940	540	469.17593649366
11	595178	560	327.48628916021
11	626754	580	376.03145207347
11	659265	600	320.9934384115
11	692580	620	279.17939766339
11	726770	640	137.83418334371
11	761869	660	375.33121526758
11	798263	680	574.03700129626
11	835171	700	380.48140458807
11	873577	720	422.98542739405
11	913292	740	328.70210696152
11	954251	760	478.3495167822
11	995801	780	383.48350782981
11	1039512	800	468.69647683885
11	1083886	820	371.44399509998
11	1129269	840	423.25478136668
11	1176106	860	427.1033995239
11	1224065	880	374.71049236941
11	1273154	900	432.07974658201
11	1323264	920	284.61002710107
11	1374366	940	528.62505753146
11	1427221	960	564.69913459309
11	1481111	980	477.22820700977
11	1536329	1000	277.77649182635
11	1593324	1020	516.72379277354
11	1651031	1040	426.17211518275
11	1710063	1060	432.95624045473
11	1771081	1080	573.76808968793
11	1834223	1100	283.22374911467
11	1898836	1120	195.89332521385
11	1964219	1140	479.78118783043
11	2031093	1160	669.93387578427
11	2099887	1180	867.33296418074
11	2171040	1200	567.08431373282
11	2243456	1220	668.19415100241
11	2316927	1240	480.0596871587
11	2393293	1260	440.95890530072
11	2471883	1280	584.34191286041
11	2552677	1300	532.19209377398
11	2635348	1320	284.3696607174
11	2720017	1340	194.36134936116
11	2807514	1360	527.65691063404
11	2896178	1380	286.84344851901
11	2987139	1400	375.8072866601
11	3080079	1420	529.62835445332
11	3175394	1440	329.31513936385
11	3271885	1460	327.05975968002
11	3370118	1480	428.98908257455
11	3471567	1500	427.27933089442
11	3574449	1520	329.84089259747
11	3679549	1540	382.12790616198
11	3786777	1560	628.95035740639
11	3896965	1580	667.16714013513
11	4008719	1600	586.22777143926
11	4123496	1620	331.75902954295
11	4240809	1640	472.92584264559
11	4360185	1660	678.89193344103
11	4481530	1680	538.72613575906
11	4605523	1700	382.98420840476
11	4731224	1720	382.88161077885
11	4858572	1740	676.77337037485
11	4988849	1760	383.13204601331
11	5122751	1780	476.84619267545
11	5257571	1800	812.99212237266
11	5395489	1820	872.19061890612
11	5535250	1840	663.36816041244
11	5677435	1860	761.03237803032
11	5823082	1880	522.32823535832
11	5970988	1900	432.29964078346
11	6120788	1920	587.88243311201
11	6273100	1940	692.65888104238
11	6428323	1960	684.29526927875
11	6586322	1980	769.46360269022
11	6745774	2000	664.2343494588
12	145846	240	nan
12	171867	260	46.734075653684
12	199164	280	46.174376222817
12	226264	300	46.07465006434
12	253377	320	46.454527757747
12	280340	340	45.775243607227
12	307309	360	46.357386007305
12	334518	380	46.122970143226
12	362209	400	47.63372543816
12	389597	420	47.059781595153
12	417445	440	46.631132106679
12	445947	460	47.67268383389
12	474687	480	47.312543299039
12	504155	500	46.647700750879
12	533643	520	46.950796072894
12	563940	540	46.917593649366
12	595178	560	46.783755594315
12	626754	580	47.003931509184
12	659265	600	45.856205487358
12	692580	620	46.529899610566
12	726770	640	45.944727781237
12	761869	660	46.916401908447
12	798263	680	47.836416774688
12	835171	700	47.560175573509
12	873577	720	46.998380821561
12	913292	740	46.957443851646
12	954251	760	47.83495167822
12	995801	780	47.935438478726
12	1039512	800	46.869647683885
12	1083886	820	46.430499387497
12	1129269	840	47.028309040742
12	1176106	860	47.455933280433
12	1224065	880	46.838811546176
12	1273154	900	48.008860731335
12	1323264	920	47.435004516844
12	1374366	940	48.056823411951
12	1427221	960	47.058261216091
12	1481111	980	47.722820700977
12	1536329	1000	46.296081971058
12	1593324	1020	46.97489025214
12	1651031	1040	47.352457242528
12	1710063	1060	48.106248939415
12	1771081	1080	47.814007473994
12	1834223	1100	47.203958185779
12	1898836	1120	48.973331303462
12	1964219	1140	47.978118783043
12	2031093	1160	47.852419698876
12	2099887	1180	48.185164676708
12	2171040	1200	47.257026144401
12	2243456	1220	47.728153643029
12	2316927	1240	48.00596871587
12	2393293	1260	48.995433922302
12	2471883	1280	48.695159405034
12	2552677	1300	48.381099433999
12	2635348	1320	47.3949434529
12	2720017	1340	48.59033734029
12	2807514	1360	47.96881005764
12	2896178	1380	47.807241419835
12	2987139	1400	46.975910832513
12	3080079	1420	48.14803222303
12	3175394	1440	47.045019909121
12	3271885	1460	46.722822811431
12	3370118	1480	47.665453619394
12	3471567	1500	47.475481210491
12	3574449	1520	47.120127513924
12	3679549	1540	47.765988270248
12	3786777	1560	48.380796723568
12	3896965	1580	47.654795723938
12	4008719	1600	48.852314286605
12	4123496	1620	47.394147077564
12	4240809	1640	47.292584264559
12	4360185	1660	48.492280960073
12	4481530	1680	48.975103250824
12	4605523	1700	47.873026050594
12	4731224	1720	47.860201347357
12	4858572	1740	48.340955026775
12	4988849	1760	47.891505751663
12	5122751	1780	47.684619267545
12	5257571	1800	47.823066021921
12	5395489	1820	48.455034383673
12	5535250	1840	47.38344002946
12	5677435	1860	47.564523626895
12	5823082	1880	47.484385032575
12	5970988	1900	48.033293420385
12	6120788	1920	48.990202759335
12	6273100	1940	49.47563436017
12	6428323	1960	48.878233519911
12	6586322	1980	48.091475168139
12	6745774	2000	47.445310675629
13	145846	240	nan
13	171867	260	0.78665842798676
13	199164	280	1.121655510745
13	226264	300	1.1782122488591
13	253377	320	1.3926809945944
13	280340	340	0.43013692746814
13	307309	360	0.8214350150213
13	334518	380	1.0217404967854
13	362209	400	2.3812720709166
13	389597	420	2.6801480327462
13	417445	440	1.3746549169681
13	445947	460	2.264704554307
13	474687	480	3.053031696229
13	504155	500	1.1085112128981
13	533643	520	1.9584185145896
13	563940	540	1.4301633605381
13	595178	560	2.1587320712638
13	626754	580	1.8033923484418
13	659265	600	0.89964122409728
13	692580	620	0.85593001965225
13	726770	640	0.30674124912278
13	761869	660	1.6956357016699
13	798263	680	2.6467894338825
13	835171	700	2.1808644201957
13	873577	720	1.9670195732196
13	913292	740	1.1417495529278
13	954251	760	2.0359705570039
13	995801	780	2.4781308814189
13	1039512	800	1.9994878308614
13	1083886	820	1.6822912591308
13	1129269	840	0.91941568628714
13	1176106	860	1.5917893938759
13	1224065	880	1.604143222928
13	1273154	900	2.2369825190771
13	1323264	920	2.9570947635769
13	1374366	940	1.6998478980785
13	1427221	960	1.4273700281781
13	1481111	980	2.0090467297284
13	1536329	1000	1.8973430523839
13	1593324	1020	1.6390863665036
13	1651031	1040	1.6326446753496
13	1710063	1060	2.7090149923181
13	1771081	1080	2.3499885368702
13	1834223	1100	2.1300367838454
13	1898836	1120	0.92228893845341
13	1964219	1140	1.9738611018639
13	2031093	1160	1.9952548003905
13	2099887	1180	2.2005112024574
13	2171040	1200	1.1543810721815
13	2243456	1220	2.6634400375923
13	2316927	1240	1.6931018244926
13	2393293	1260	2.3744418596655
13	2471883	1280	2.6963966443491
13	2552677	1300	2.9527063615056
13	2635348	1320	1.8901813854425
13	2720017	1340	1.8195021299035
13	2807514	1360	2.042216712516
13	2896178	1380	1.7825601665988
13	2987139	1400	1.77276457213
13	3080079	1420	2.345385910344
13	3175394	1440	1.5073967509275
13	3271885	1460	2.6161957474211
13	3370118	1480	1.8844799436793
13	3471567	1500	1.6919953602656
13	3574449	1520	1.660150248506
13	3679549	1540	1.9307316527881
13	3786777	1560	1.6126881638117
13	3896965	1580	1.4489557919504
13	4008719	1600	1.7281301920127
13	4123496	1620	1.6271570155032
13	4240809	1640	1.1757441099018
13	4360185	1660	2.2119728769176
13	4481530	1680	2.9014959453956
13	4605523	1700	1.4308145356947
13	4731224	1720	1.5527949622104
13	4858572	1740	1.9001021932567
13	4988849	1760	1.0952315118811
13	5122751	1780	1.5218678968938
13	5257571	1800	1.4254398877002
13	5395489	1820	1.7565353643504
13	5535250	1840	1.6347941390021
13	5677435	1860	1.4274384357072
13	5823082	1880	1.6452713055596
13	5970988	1900	1.314800737385
13	6120788	1920	1.4468869520095
13	6273100	1940	2.4224266499873
13	6428323	1960	1.9089646520296
13	6586322	1980	1.7869372381417
13	6745774	2000	1.5484623594961
14	145846	240	nan
14	171867	260	0.61883148232261
14	199164	280	1.2581110847846
14	226264	300	1.3881841033617
14	253377	320	1.9395603527044
14	280340	340	0.18501777637173
14	307309	360	0.67475548390304
14	334518	380	1.0439536427712
14	362209	400	5.6704566757273
14	389597	420	7.1831934774331
14	417445	440	1.8896761407445
14	445947	460	5.1288867182989
14	474687	480	9.3210025381789
14	504155	500	1.2287971091209
14	533643	520	3.8354030782872
14	563940	540	2.0453672378258
14	595178	560	4.6601241555028
14	626754	580	3.2522239624184
14	659265	600	0.80935433209526
14	692580	620	0.7326161985419
14	726770	640	0.094090193913405
14	761869	660	2.8751804327775
14	798263	680	7.0054943073119
14	835171	700	4.7561696192756
14	873577	720	3.8691660014288
14	913292	740	1.3035920416109
14	954251	760	4.1451761089868
14	995801	780	6.1411326654419
14	1039512	800	3.9979515857627
14	1083886	820	2.830103880548
14	1129269	840	0.84532520419085
14	1176106	860	2.5337934744558
14	1224065	880	2.573275479666
14	1273154	900	5.0040907906567
14	1323264	920	8.7444094407741
14	1374366	940	2.8894828766018
14	1427221	960	2.0373851973413
14	1481111	980	4.0362687622325
14	1536329	1000	3.5999106584295
14	1593324	1020	2.6866041168581
14	1651031	1040	2.6655286359473
14	1710063	1060	7.3387622286041
14	1771081	1080	5.5224461234214
14	1834223	1100	4.5370567005344
14	1898836	1120	0.85061688599352
14	1964219	1140	3.8961276494515
14	2031093	1160	3.9810417184812
14	2099887	1180	4.8422495521407
14	2171040	1200	1.3325956598109
14	2243456	1220	7.0939128338494
14	2316927	1240	2.8665937881003
14	2393293	1260	5.6379741449317
14	2471883	1280	7.2705548636569
14	2552677	1300	8.7184748572755
14	2635348	1320	3.5727856698733
14	2720017	1340	3.3105880007232
14	2807514	1360	4.1706491008795
14	2896178	1380	3.1775207475449
14	2987139	1400	3.1426942281993
14	3080079	1420	5.5008350684402
14	3175394	1440	2.2722449647067
14	3271885	1460	6.8444801888243
14	3370118	1480	3.5512646581295
14	3471567	1500	2.8628482991605
14	3574449	1520	2.7560988476144
14	3679549	1540	3.727724715078
14	3786777	1560	2.6007631136984
14	3896965	1580	2.0994728870266
14	4008719	1600	2.9864339605459
14	4123496	1620	2.6476399531013
14	4240809	1640	1.3823742119689
14	4360185	1660	4.8928240082189
14	4481530	1680	8.4186787211471
14	4605523	1700	2.0472302355551
14	4731224	1720	2.4111721946658
14	4858572	1740	3.6103883448189
14	4988849	1760	1.1995320646173
14	5122751	1780	2.316081895596
14	5257571	1800	2.0318788734467
14	5395489	1820	3.0854164862136
14	5535250	1840	2.6725518769157
14	5677435	1860	2.0375804877343
14	5823082	1880	2.7069176688978
14	5970988	1900	1.7287009790281
14	6120788	1920	2.0934818518952
14	6273100	1940	5.8681508745688
14	6428323	1960	3.6441460426983
14	6586322	1980	3.1931446930573
14	6745774	2000	2.3977356787761
15	145846	240	0
15	171867	260	404.47705807324
15	199164	280	401.89503738623
15	226264	300	223.86902708621
15	253377	320	403.58007235391
15	280340	340	133.85381954698
15	307309	360	403.67742898377
15	334518	380	270.75668396198
15	362209	400	138.87160182808
15	389597	420	410.84198713529
15	417445	440	632.16436744511
15	445947	460	504.37024720686
15	474687	480	318.8896018943
15	504155	500	495.085975812
15	533643	520	323.81991889094
15	563940	540	452.18586824951
15	595178	560	321.03397695377
15	626754	580	365.65068466283
15	659265	600	313.68955679093
15	692580	620	315.96160639179
15	726770	640	135.41857227183
15	761869	660	364.07876917578
15	798263	680	552.13529140565
15	835171	700	368.52563751692
15	873577	720	412.37234944613
15	913292	740	312.60184885896
15	954251	760	458.25149284181
15	995801	780	371.0344079755
15	1039512	800	497.58868764379
15	1083886	820	365.71040458629
15	1129269	840	455.91252557557
15	1176106	860	415.57396833826
15	1224065	880	363.08073031208
15	1273154	900	418.24636923645
15	1323264	920	274.3753012672
15	1374366	940	504.85655492682
15	1427221	960	545.55560993901
15	1481111	980	506.6467894612
15	1536329	1000	271.52829160437
15	1593324	1020	589.92336517286
15	1651031	1040	407.89950403692
15	1710063	1060	414.56078221774
15	1771081	1080	592.90867924694
15	1834223	1100	274.54605612442
15	1898836	1120	187.23517991313
15	1964219	1140	462.61485240772
15	2031093	1160	641.11966470833
15	2099887	1180	869.16503661443
15	2171040	1200	544.95709071176
15	2243456	1220	632.06702163185
15	2316927	1240	459.49325689543
15	2393293	1260	417.51716662556
15	2471883	1280	554.34363856574
15	2552677	1300	551.22451164135
15	2635348	1320	275.5749089872
15	2720017	1340	185.48061153124
15	2807514	1360	504.40610616299
15	2896178	1380	275.88580877924
15	2987139	1400	364.97832243571
15	3080079	1420	507.00780259343
15	3175394	1440	320.3331055056
15	3271885	1460	318.62782336298
15	3370118	1480	410.43043925716
15	3471567	1500	406.55968109656
15	3574449	1520	364.49080915571
15	3679549	1540	365.54281400464
15	3786777	1560	598.68034430526
15	3896965	1580	681.699060378
15	4008719	1600	554.51008452524
15	4123496	1620	319.37691733871
15	4240809	1640	456.25840436933
15	4360185	1660	642.34183124986
15	4481530	1680	550.43558090677
15	4605523	1700	366.05093454047
15	4731224	1720	365.24917464907
15	4858572	1740	642.12037359285
15	4988849	1760	367.32720556619
15	5122751	1780	458.23691341674
15	5257571	1800	772.87094246853
15	5395489	1820	819.94023162917
15	5535250	1840	635.84988916025
15	5677435	1860	724.69420436499
15	5823082	1880	503.04385970044
15	5970988	1900	412.41142766165
15	6120788	1920	555.30900185238
15	6273100	1940	690.87213183717
15	6428323	1960	642.99344632027
15	6586322	1980	771.1134179325
15	6745774	2000	635.86254413104
16	145846	240	nan
16	171867	260	44.941895341471
16	199164	280	44.655004154025
16	226264	300	44.773805417241
16	253377	320	44.842230261545
16	280340	340	44.617939848995
16	307309	360	44.853047664863
16	334518	380	45.126113993663
16	362209	400	46.290533942692
16	389597	420	45.649109681699
16	417445	440	45.154597674651
16	445947	460	45.851840655169
16	474687	480	45.555657413472
16	504155	500	45.007815982909
16	533643	520	46.259988412991
16	563940	540	45.218586824951
16	595178	560	45.861996707682
16	626754	580	45.706335582854
16	659265	600	44.812793827276
16	692580	620	45.137372341684
16	726770	640	45.13952409061
16	761869	660	45.509846146973
16	798263	680	46.011274283804
16	835171	700	46.065704689615
16	873577	720	45.819149938459
16	913292	740	44.657406979851
16	954251	760	45.825149284181
16	995801	780	46.379300996937
16	1039512	800	45.235335240344
16	1083886	820	45.713800573286
16	1129269	840	45.591252557557
16	1176106	860	46.174885370917
16	1224065	880	45.38509128901
16	1273154	900	46.47181880405
16	1323264	920	45.729216877866
16	1374366	940	45.896050447893
16	1427221	960	45.462967494918
16	1481111	980	46.058799041927
16	1536329	1000	45.254715267395
16	1593324	1020	45.378720397913
16	1651031	1040	45.322167115214
16	1710063	1060	46.062309135304
16	1771081	1080	45.608359942072
16	1834223	1100	45.757676020736
16	1898836	1120	46.808794978282
16	1964219	1140	46.261485240772
16	2031093	1160	45.794261764881
16	2099887	1180	45.745528242865
16	2171040	1200	45.413090892647
16	2243456	1220	45.147644402275
16	2316927	1240	45.949325689543
16	2393293	1260	46.390796291729
16	2471883	1280	46.195303213812
16	2552677	1300	45.935375970112
16	2635348	1320	45.929151497867
16	2720017	1340	46.370152882811
16	2807514	1360	45.855100560272
16	2896178	1380	45.980968129874
16	2987139	1400	45.622290304463
16	3080079	1420	46.091618417584
16	3175394	1440	45.761872215085
16	3271885	1460	45.518260480425
16	3370118	1480	45.603382139685
16	3471567	1500	45.173297899617
16	3574449	1520	45.561351144464
16	3679549	1540	45.69285175058
16	3786777	1560	46.052334177328
16	3896965	1580	45.4466040252
16	4008719	1600	46.209173710437
16	4123496	1620	45.62527390553
16	4240809	1640	45.625840436933
16	4360185	1660	45.88155937499
16	4481530	1680	45.869631742231
16	4605523	1700	45.756366817558
16	4731224	1720	45.656146831134
16	4858572	1740	45.865740970918
16	4988849	1760	45.915900695774
16	5122751	1780	45.823691341674
16	5257571	1800	45.462996615796
16	5395489	1820	45.552235090509
16	5535250	1840	45.417849225732
16	5677435	1860	45.293387772812
16	5823082	1880	45.731259972767
16	5970988	1900	45.823491962405
16	6120788	1920	46.275750154365
16	6273100	1940	46.058142122478
16	6428323	1960	45.928103308591
16	6586322	1980	45.359612819559
16	6745774	2000	45.418753152217
17	145846	240	nan
17	171867	260	0.35416525710118
17	199164	280	0.37692321796767
17	226264	300	0.32411920729244
17	253377	320	0.37230836722892
17	280340	340	0.23137530459247
17	307309	360	0.36825039509921
17	334518	380	0.70035963219422
17	362209	400	1.2796049056236
17	389597	420	1.594807991929
17	417445	440	0.92960401972342
17	445947	460	1.797660894167
17	474687	480	1.4367978162025
17	504155	500	0.4064408965378
17	533643	520	2.141431538606
17	563940	540	0.84125041043799
17	595178	560	2.0144661074873
17	626754	580	1.5345409444717
17	659265	600	0.55482182146307
17	692580	620	0.80730402869695
17	726770	640	0.33749071544578
17	761869	660	1.4856269237386
17	798263	680	1.5387591199636
17	835171	700	1.4038761348133
17	873577	720	1.4523128027968
17	913292	740	0.33865338068784
17	954251	760	1.441464754199
17	995801	780	1.2222610973273
17	1039512	800	0.83920163603275
17	1083886	820	1.2642761648723
17	1129269	840	1.244913877977
17	1176106	860	1.1964077134118
17	1224065	880	1.10159481756
17	1273154	900	1.0615284973973
17	1323264	920	1.4400352697243
17	1374366	940	1.3956309222866
17	1427221	960	1.2985560223787
17	1481111	980	1.1826713657309
17	1536329	1000	1.2744667703729
17	1593324	1020	1.0446602698362
17	1651031	1040	1.0306995978914
17	1710063	1060	1.3741577446151
17	1771081	1080	1.1992701567445
17	1834223	1100	1.2278990568776
17	1898836	1120	0.18180692659069
17	1964219	1140	1.1753153700798
17	2031093	1160	1.1688789806065
17	2099887	1180	1.1686046959684
17	2171040	1200	0.77980526231371
17	2243456	1220	0.7391271072922
17	2316927	1240	0.89992780850424
17	2393293	1260	0.82373786931969
17	2471883	1280	1.1924711699096
17	2552677	1300	0.91665497098129
17	2635348	1320	1.1600312498977
17	2720017	1340	1.2384269703466
17	2807514	1360	1.0263054001489
17	2896178	1380	1.1511895175667
17	2987139	1400	1.0905377159164
17	3080079	1420	1.0393615092436
17	3175394	1440	0.92122061307795
17	3271885	1460	1.235424079131
17	3370118	1480	0.74743109568666
17	3471567	1500	0.78160590528813
17	3574449	1520	0.86240488594263
17	3679549	1540	1.1115748799636
17	3786777	1560	0.82411523811563
17	3896965	1580	1.0279240487346
17	4008719	1600	0.91548800704588
17	4123496	1620	1.032995507075
17	4240809	1640	1.1120880345393
17	4360185	1660	1.0289196644304
17	4481530	1680	1.1065183837999
17	4605523	1700	0.83824202431276
17	4731224	1720	0.59759924986619
17	4858572	1740	0.94773958940216
17	4988849	1760	0.4961311768786
17	5122751	1780	0.82096435516027
17	5257571	1800	0.70609610939741
17	5395489	1820	0.76466275288423
17	5535250	1840	1.0827055969115
17	5677435	1860	0.82020031938596
17	5823082	1880	0.87471965174572
17	5970988	1900	0.88764923988579
17	6120788	1920	0.7486562821962
17	6273100	1940	1.0266382545197
17	6428323	1960	0.80112428865395
17	6586322	1980	0.93198790956363
17	6745774	2000	0.83281923831348
18	145846	240	nan
18	171867	260	0.12543302933754
18	199164	280	0.14207111224311
18	226264	300	0.10505326053588
18	253377	320	0.13861352030866
18	280340	340	0.05353453157526
18	307309	360	0.13560835349073
18	334518	380	0.49050361440722
18	362209	400	1.6373887144959
18	389597	420	2.5434125311206
18	417445	440	0.86416363348595
18	445947	460	3.2315846904174
18	474687	480	2.0643879646443
18	504155	500	0.16519420237845
18	533643	520	4.5857290345364
18	563940	540	0.70770225306209
18	595178	560	4.058073698215
18	626754	580	2.35481591026
18	659265	600	0.3078272535716
18	692580	620	0.65173979475033
18	726770	640	0.1138999830121
18	761869	660	2.2070873565371
18	798263	680	2.367779629271
18	835171	700	1.9708682018984
18	873577	720	2.1092124771675
18	913292	740	0.1146861122513
18	954251	760	2.077820637598
18	995801	780	1.4939221900397
18	1039512	800	0.70425938592004
18	1083886	820	1.5983942210643
18	1129269	840	1.5498105635798
18	1176106	860	1.4313914167113
18	1224065	880	1.213511142075
18	1273154	900	1.1268427507867
18	1323264	920	2.07370157805
18	1374366	940	1.9477856712427
18	1427221	960	1.686247743256
18	1481111	980	1.3987115593197
18	1536329	1000	1.6242655487846
18	1593324	1020	1.0913150793742
18	1651031	1040	1.0623416610934
18	1710063	1060	1.8883095070856
18	1771081	1080	1.4382489088579
18	1834223	1100	1.5077360938808
18	1898836	1120	0.033053758556352
18	1964219	1140	1.3813662191457
18	2031093	1160	1.3662780713036
18	2099887	1180	1.3656369354393
18	2171040	1200	0.60809624713216
18	2243456	1220	0.54630888073414
18	2316927	1240	0.80987006051925
18	2393293	1260	0.67854407735135
18	2471883	1280	1.4219874910656
18	2552677	1300	0.84025633582471
18	2635348	1320	1.3456725007393
18	2720017	1340	1.5337013608818
18	2807514	1360	1.0533027743747
18	2896178	1380	1.3252373053555
18	2987139	1400	1.1892725098362
18	3080079	1420	1.0802723468971
18	3175394	1440	0.84864741795971
18	3271885	1460	1.5262726552967
18	3370118	1480	0.55865324279936
18	3471567	1500	0.61090779118128
18	3574449	1520	0.74374218729773
18	3679549	1540	1.2355987137661
18	3786777	1560	0.67916592569439
18	3896965	1580	1.0566278499669
18	4008719	1600	0.83811829104484
18	4123496	1620	1.0670797176371
18	4240809	1640	1.2367397965655
18	4360185	1660	1.0586756758515
18	4481530	1680	1.2243829336872
18	4605523	1700	0.70264969132396
18	4731224	1720	0.35712486344064
18	4858572	1740	0.89821032932017
18	4988849	1760	0.24614614467094
18	5122751	1780	0.67398247244372
18	5257571	1800	0.49857171570616
18	5395489	1820	0.58470912564848
18	5535250	1840	1.1722514095834
18	5677435	1860	0.67272856392082
18	5823082	1880	0.76513446915015
18	5970988	1900	0.78792117306983
18	6120788	1920	0.56048622887184
18	6273100	1940	1.0539861056433
18	6428323	1960	0.64180012587129
18	6586322	1980	0.86860146357279
18	6745774	2000	0.69358788370504
19	145846	240	0
19	171867	260	2731.3233628167
19	199164	280	3347.3475982073
19	226264	300	2840.2324758693
19	253377	320	3178.2935317203
19	280340	340	1187.7866400069
19	307309	360	3596.3768111645
19	334518	380	2566.8141314019
19	362209	400	1171.640052455
19	389597	420	3331.4514816279
19	417445	440	3675.1088461111
19	445947	460	3253.1840197583
19	474687	480	3630.2543378989
19	504155	500	3576.9593627268
19	533643	520	2888.8726324786
19	563940	540	3912.8738548023
19	595178	560	3791.4585707741
19	626754	580	3552.2850295984
19	659265	600	2792.9875500678
19	692580	620	2825.0655913088
19	726770	640	1884.155195522
19	761869	660	3903.4188626412
19	798263	680	4407.734586074
19	835171	700	3468.9223976214
19	873577	720	4061.5718902835
19	913292	740	2368.1604984174
19	954251	760	3798.8882137251
19	995801	780	3596.5417968728
19	1039512	800	4067.6831192355
19	1083886	820	4142.2119412578
19	1129269	840	4558.0147153618
19	1176106	860	4055.1721336834
19	1224065	880	4133.2433485805
19	1273154	900	2995.0551155024
19	1323264	920	3403.1845605018
19	1374366	940	4305.1784688315
19	1427221	960	4887.5284200828
19	1481111	980	4758.8031536422
19	1536329	1000	3806.4661017028
19	1593324	1020	5395.7056757259
19	1651031	1040	3739.8741776274
19	1710063	1060	5192.2069530914
19	1771081	1080	5310.7311910664
19	1834223	1100	3925.7541211912
19	1898836	1120	2002.1769367726
19	1964219	1140	4929.4053750757
19	2031093	1160	5623.8360792312
19	2099887	1180	5784.0040339854
19	2171040	1200	5870.3589198835
19	2243456	1220	5063.3684850864
19	2316927	1240	5265.4620907648
19	2393293	1260	4081.3108990724
19	2471883	1280	5923.6696400502
19	2552677	1300	4832.7462275248
19	2635348	1320	3470.4872383006
19	2720017	1340	2777.75814905
19	2807514	1360	6137.7382892593
19	2896178	1380	3608.5956566796
19	2987139	1400	4148.9228078401
19	3080079	1420	5595.2077672586
19	3175394	1440	4600.9365782312
19	3271885	1460	3708.1799228958
19	3370118	1480	5309.0393389579
19	3471567	1500	4609.2395331698
19	3574449	1520	4810.7285969558
19	3679549	1540	5088.7222222016
19	3786777	1560	5515.7694299714
19	3896965	1580	7040.1989703803
19	4008719	1600	5615.2197657957
19	4123496	1620	4694.2157533209
19	4240809	1640	5374.4054100116
19	4360185	1660	6797.0625023424
19	4481530	1680	5426.2091602233
19	4605523	1700	5502.855315116
19	4731224	1720	5258.4772901702
19	4858572	1740	6726.0567688442
19	4988849	1760	4935.1806787167
19	5122751	1780	5968.1895975569
19	5257571	1800	7259.4423876485
19	5395489	1820	7287.1984389551
19	5535250	1840	7237.0914442426
19	5677435	1860	7028.3126326404
19	5823082	1880	7175.2688538673
19	5970988	1900	5473.5974568376
19	6120788	1920	5016.1821354008
19	6273100	1940	6530.0585371892
19	6428323	1960	6491.6594776078
19	6586322	1980	7304.0491491788
19	6745774	2000	7257.0855061994
20	145846	240	nan
20	171867	260	46.293616318926
20	199164	280	45.854076687771
20	226264	300	45.810201223699
20	253377	320	46.062225097395
20	280340	340	45.684101538725
20	307309	360	46.10739501493
20	334518	380	45.835966632177
20	362209	400	46.865602098198
20	389597	420	46.270159467055
20	417445	440	46.520365140647
20	445947	460	46.474057425119
20	474687	480	46.541722280756
20	504155	500	46.454017697751
20	533643	520	46.594719878687
20	563940	540	46.581831604789
20	595178	560	46.237299643587
20	626754	580	46.740592494716
20	659265	600	45.786681148652
20	692580	620	46.312550677193
20	726770	640	45.955004768829
20	761869	660	47.029142923388
20	798263	680	46.890793468872
20	835171	700	46.877329697587
20	873577	720	46.684734371075
20	913292	740	46.434519576811
20	954251	760	46.899854490433
20	995801	780	47.322918379905
20	1039512	800	46.754978382017
20	1083886	820	46.541707205144
20	1129269	840	46.98984242641
20	1176106	860	47.153164345155
20	1224065	880	46.968674415688
20	1273154	900	47.540557388926
20	1323264	920	47.266452229192
20	1374366	940	47.83531632035
20	1427221	960	46.995465577719
20	1481111	980	47.116862907348
20	1536329	1000	46.420318313449
20	1593324	1020	47.330751541455
20	1651031	1040	47.340179463638
20	1710063	1060	47.634926175151
20	1771081	1080	47.417242777379
20	1834223	1100	47.29824242399
20	1898836	1120	48.833583823722
20	1964219	1140	47.398128606497
20	2031093	1160	47.659627790095
20	2099887	1180	47.801686231284
20	2171040	1200	47.341604192609
20	2243456	1220	47.3212007952
20	2316927	1240	47.867837188771
20	2393293	1260	48.015422342029
20	2471883	1280	47.771529355243
20	2552677	1300	48.327462275248
20	2635348	1320	47.540921072611
20	2720017	1340	48.732599106141
20	2807514	1360	47.579366583405
20	2896178	1380	48.114608755728
20	2987139	1400	47.146850089092
20	3080079	1420	47.822288609048
20	3175394	1440	46.94833243093
20	3271885	1460	47.540768242254
20	3370118	1480	47.402136954982
20	3471567	1500	47.517933331647
20	3574449	1520	47.164005852508
20	3679549	1540	47.558151609361
20	3786777	1560	48.38394236817
20	3896965	1580	47.892510002587
20	4008719	1600	48.407066946515
20	4123496	1620	47.416320740615
20	4240809	1640	47.561109823111
20	4360185	1660	47.866637340439
20	4481530	1680	48.448296073422
20	4605523	1700	47.850915783618
20	4731224	1720	47.804339001547
20	4858572	1740	48.043262634601
20	4988849	1760	47.914375521522
20	5122751	1780	47.745516780455
20	5257571	1800	47.759489392424
20	5395489	1820	48.259592310961
20	5535250	1840	47.612443712122
20	5677435	1860	47.81165056218
20	5823082	1880	47.518336780578
20	5970988	1900	48.014012779278
20	6120788	1920	48.700797431075
20	6273100	1940	48.731780128278
20	6428323	1960	48.445219982148
20	6586322	1980	48.052954928808
20	6745774	2000	47.743983593417
21	145846	240	nan
21	171867	260	2.2474744518528
21	199164	280	1.521271847607
21	226264	300	2.1991756238972
21	253377	320	2.031603510201
21	280340	340	2.3957706100089
21	307309	360	1.8971189882058
21	334518	380	2.7657101165594
21	362209	400	2.4501599578307
21	389597	420	2.6293646739194
21	417445	440	1.9202061439918
21	445947	460	2.2305771859655
21	474687	480	3.1085796600353
21	504155	500	2.2455135834833
21	533643	520	3.1772431003666
21	563940	540	2.6227415111345
21	595178	560	2.2861651980386
21	626754	580	2.4890817919263
21	659265	600	2.3359930077785
21	692580	620	2.6852831794872
21	726770	640	2.2558418773959
21	761869	660	3.011503937328
21	798263	680	2.7754918629596
21	835171	700	2.7337500294596
21	873577	720	2.4926627793546
21	913292	740	2.1903609206802
21	954251	760	2.5204770079203
21	995801	780	3.1358893450799
21	1039512	800	2.4587163865625
21	1083886	820	2.6734770960871
21	1129269	840	2.7872628704228
21	1176106	860	2.6135702863678
21	1224065	880	2.8677095477039
21	1273154	900	2.5441392397199
21	1323264	920	3.1468466064856
21	1374366	940	2.5847942596421
21	1427221	960	2.7668142131713
21	1481111	980	2.3487764427964
21	1536329	1000	2.5267356283301
21	1593324	1020	2.4544549550536
21	1651031	1040	2.5073976911875
21	1710063	1060	2.9203442662855
21	1771081	1080	2.6425228592153
21	1834223	1100	3.5799502069768
21	1898836	1120	2.4181896770829
21	1964219	1140	2.524244743131
21	2031093	1160	3.2562564034816
21	2099887	1180	3.0683233766688
21	2171040	1200	2.6828255100902
21	2243456	1220	2.7798603101055
21	2316927	1240	2.7162032483501
21	2393293	1260	2.5575262243416
21	2471883	1280	2.8435923227468
21	2552677	1300	2.9726620036664
21	2635348	1320	2.2904356904077
21	2720017	1340	2.9132034324673
21	2807514	1360	2.8405074886676
21	2896178	1380	2.3976706374242
21	2987139	1400	2.631619944791
21	3080079	1420	3.2045136726098
21	3175394	1440	2.7702990441323
21	3271885	1460	2.7580164029438
21	3370118	1480	3.3888507639901
21	3471567	1500	3.0501126421936
21	3574449	1520	2.4533730529894
21	3679549	1540	2.8778475433937
21	3786777	1560	2.5842947599814
21	3896965	1580	2.2891751525184
21	4008719	1600	2.7363589823142
21	4123496	1620	2.6361006845845
21	4240809	1640	2.5037609075742
21	4360185	1660	2.7360957028064
21	4481530	1680	2.9097586111485
21	4605523	1700	1.9952090463651
21	4731224	1720	2.4619631993052
21	4858572	1740	2.8533037018312
21	4988849	1760	2.0559183777049
21	5122751	1780	2.5186617193899
21	5257571	1800	2.4479281139632
21	5395489	1820	2.879255868632
21	5535250	1840	2.9253756575736
21	5677435	1860	2.3740171921937
21	5823082	1880	2.6569446681844
21	5970988	1900	2.5833326586811
21	6120788	1920	2.9532152273378
21	6273100	1940	2.9992078817643
21	6428323	1960	3.0511544082693
21	6586322	1980	2.5802075871503
21	6745774	2000	2.5634919292157
22	145846	240	nan
22	171867	260	5.0511414117309
22	199164	280	2.3142680343218
22	226264	300	4.8363734247435
22	253377	320	4.127412822661
22	280340	340	5.7397168157823
22	307309	360	3.5990604554108
22	334518	380	7.6491524488388
22	362209	400	6.0032838189568
22	389597	420	6.9135585884553
22	417445	440	3.6871916354239
22	445947	460	4.9754745825499
22	474687	480	9.6632675027855
22	504155	500	5.0423312536079
22	533643	520	10.094873718827
22	563940	540	6.8787730342281
22	595178	560	5.2265513127227
22	626754	580	6.1955281668989
22	659265	600	5.45686333239
22	692580	620	7.2107457540367
22	726770	640	5.0888225758129
22	761869	660	9.0691559645423
22	798263	680	7.7033550813548
22	835171	700	7.4733892235706
22	873577	720	6.2133677315799
22	913292	740	4.7976809628432
22	954251	760	6.3528043474547
22	995801	780	9.8338019845857
22	1039512	800	6.0452862695508
22	1083886	820	7.1474797833025
22	1129269	840	7.7688343088375
22	1176106	860	6.8307496417847
22	1224065	880	8.2237580499922
22	1273154	900	6.4726444710824
22	1323264	920	9.9026435647502
22	1374366	940	6.6811613646789
22	1427221	960	7.6552608902068
22	1481111	980	5.5167507782351
22	1536329	1000	6.3843929354729
22	1593324	1020	6.0243491263873
22	1651031	1040	6.2870431817725
22	1710063	1060	8.5284106336265
22	1771081	1080	6.9829270614753
22	1834223	1100	12.816043484433
22	1898836	1120	5.8476413143502
22	1964219	1140	6.3718115232243
22	2031093	1160	10.603205765215
22	2099887	1180	9.4146083438123
22	2171040	1200	7.197552717591
22	2243456	1220	7.7276233436996
22	2316927	1240	7.3777600863479
22	2393293	1260	6.540940388195
22	2471883	1280	8.0860172979848
22	2552677	1300	8.8367193880419
22	2635348	1320	5.2460956518935
22	2720017	1340	8.4867542389392
22	2807514	1360	8.0684827931764
22	2896178	1380	5.748824485566
22	2987139	1400	6.9254235338217
22	3080079	1420	10.268907877943
22	3175394	1440	7.6745567939205
22	3271885	1460	7.606654478907
22	3370118	1480	11.484309500597
22	3471567	1500	9.3031871300694
22	3574449	1520	6.0190393371347
22	3679549	1540	8.282006483017
22	3786777	1560	6.6785794064676
22	3896965	1580	5.2403228789075
22	4008719	1600	7.4876604800915
22	4123496	1620	6.9490268192671
22	4240809	1640	6.268818682297
22	4360185	1660	7.4862196949156
22	4481530	1680	8.466695175153
22	4605523	1700	3.9808591386971
22	4731224	1720	6.061262794733
22	4858572	1740	8.1413420148839
22	4988849	1760	4.2268003757846
22	5122751	1780	6.3436568567199
22	5257571	1800	5.9923520511317
22	5395489	1820	8.2901143570516
22	5535250	1840	8.5578227379242
22	5677435	1860	5.6359576288312
22	5823082	1880	7.0593549697937
22	5970988	1900	6.6736076254081
22	6120788	1920	8.7214801789799
22	6273100	1940	8.9952479180369
22	6428323	1960	9.3095432231013
22	6586322	1980	6.6574711927881
22	6745774	2000	6.571490871154
23	145846	240	3498.8457850197
23	171867	260	3410.6706466627
23	199164	280	3737.2751974677
23	226264	300	4005.1121183055
23	253377	320	3779.7210716206
23	280340	340	4000.9533025276
23	307309	360	3832.2116432489
23	334518	380	3913.4535519027
23	362209	400	4094.5719437827
23	389597	420	3879.3640988698
23	417445	440	3561.4918088384
23	445947	460	3933.1991032077
23	474687	480	4122.402690144
23	504155	500	4036.7731323494
23	533643	520	4262.3494851103
23	563940	540	4136.2416182935
23	595178	560	4361.9661993475
23	626754	580	4365.2294608064
23	659265	600	4457.6507151953
23	692580	620	4602.1368533066
23	726770	640	4738.1174046074
23	761869	660	4645.0498144408
23	798263	680	4497.7862277063
23	835171	700	4728.5059458989
23	873577	720	4633.6242478522
23	913292	740	4926.4074447744
23	954251	760	4772.2035933863
23	995801	780	4912.548398202
23	1039512	800	4873.7271596823
23	1083886	820	5153.5461428198
23	1129269	840	4913.7129760516
23	1176106	860	5147.233517777
23	1224065	880	5198.1692807317
23	1273154	900	5190.2504358536
23	1323264	920	5564.9275351721
23	1374366	940	5194.6923346997
23	1427221	960	5303.6104780587
23	1481111	980	5384.9455407224
23	1536329	1000	5669.8220900271
23	1593324	1020	5393.108440524
23	1651031	1040	5577.5160369023
23	1710063	1060	5667.4167626941
23	1771081	1080	5531.0115702407
23	1834223	1100	5939.1584919983
23	1898836	1120	6165.9873580468
23	1964219	1140	5943.6649041533
23	2031093	1160	5811.0153718369
23	2099887	1180	5627.1725156067
23	2171040	1200	5987.8230670936
23	2243456	1220	5956.5458027957
23	2316927	1240	6167.2537818582
23	2393293	1260	6302.1851718415
23	2471883	1280	6209.2166257786
23	2552677	1300	6206.8900953609
23	2635348	1320	6580.3277549899
23	2720017	1340	6713.7376777728
23	2807514	1360	6476.8504273368
23	2896178	1380	6805.1679504077
23	2987139	1400	6702.8070211443
23	3080079	1420	6607.6690352782
23	3175394	1440	6846.4087173152
23	3271885	1460	6941.0794168532
23	3370118	1480	6888.80931016
23	3471567	1500	6898.0423526113
23	3574449	1520	7078.2204095976
23	3679549	1540	7072.0497044938
23	3786777	1560	6981.6874963823
23	3896965	1580	6941.0908836412
23	4008719	1600	7064.2648502088
23	4123496	1620	7441.2039286542
23	4240809	1640	7348.2868012181
23	4360185	1660	7162.4451664047
23	4481530	1680	7250.2085587869
23	4605523	1700	7475.7250954063
23	4731224	1720	7617.8185403543
23	4858572	1740	7390.2411484565
23	4988849	1760	7612.2849852945
23	5122751	1780	7656.2836501485
23	5257571	1800	7386.1511684741
23	5395489	1820	7391.1777287228
23	5535250	1840	7665.6007340078
23	5677435	1860	7571.9523868093
23	5823082	1880	8024.6430764453
23	5970988	1900	7969.5659268919
23	6120788	1920	7970.5342528681
23	6273100	1940	7877.3989896279
23	6428323	1960	7969.5831071252
23	6586322	1980	7933.0245152437
23	6745774	2000	8062.6365846013
24	145846	240	44.856997243842
24	171867	260	44.877245350825
24	199164	280	45.027412017683
24	226264	300	45.001259756241
24	253377	320	44.996679424055
24	280340	340	44.954531489074
24	307309	360	45.084842861752
24	334518	380	44.982224734514
24	362209	400	44.995296085524
24	389597	420	45.108884870579
24	417445	440	45.082174795423
24	445947	460	45.209185094342
24	474687	480	45.301128463121
24	504155	500	45.357001487072
24	533643	520	45.34414345862
24	563940	540	45.453204596632
24	595178	560	45.43714790987
24	626754	580	45.471140216733
24	659265	600	45.486231787707
24	692580	620	45.565711418877
24	726770	640	45.558821198148
24	761869	660	45.539704063145
24	798263	680	45.432184118245
24	835171	700	45.466403325951
24	873577	720	45.427688704434
24	913292	740	45.614883747911
24	954251	760	45.449558032251
24	995801	780	45.486559242611
24	1039512	800	45.548851959648
24	1083886	820	45.606603033804
24	1129269	840	45.497342370848
24	1176106	860	45.550739095371
24	1224065	880	45.597976146769
24	1273154	900	45.528512595207
24	1323264	920	45.614160124362
24	1374366	940	45.567476620172
24	1427221	960	45.720779983265
24	1481111	980	45.635131701038
24	1536329	1000	45.724371693767
24	1593324	1020	45.704308818
24	1651031	1040	45.717344564773
24	1710063	1060	45.704973892695
24	1771081	1080	45.710839423477
24	1834223	1100	45.685834553833
24	1898836	1120	45.673980429977
24	1964219	1140	45.720499262718
24	2031093	1160	45.756026549897
24	2099887	1180	45.749370045583
24	2171040	1200	45.708573031249
24	2243456	1220	45.819583098428
24	2316927	1240	45.683361347098
24	2393293	1260	45.668008491605
24	2471883	1280	45.656004601313
24	2552677	1300	45.638897760007
24	2635348	1320	45.696720520763
24	2720017	1340	45.671684882808
24	2807514	1360	45.611622727724
24	2896178	1380	45.672268123542
24	2987139	1400	45.597326674451
24	3080079	1420	45.57013127778
24	3175394	1440	45.642724782102
24	3271885	1460	45.664996163508
24	3370118	1480	45.621253709669
24	3471567	1500	45.682399686168
24	3574449	1520	45.665938126436
24	3679549	1540	45.626127125767
24	3786777	1560	45.6319444208
24	3896965	1580	45.665071602903
24	4008719	1600	45.575902259412
24	4123496	1620	45.651557844505
24	4240809	1640	45.641532926821
24	4360185	1660	45.620669849712
24	4481530	1680	45.598795967213
24	4605523	1700	45.583689606136
24	4731224	1720	45.615679882361
24	4858572	1740	45.618772521337
24	4988849	1760	45.582544822123
24	5122751	1780	45.573116965169
24	5257571	1800	45.593525731322
24	5395489	1820	45.624553881005
24	5535250	1840	45.628575797665
24	5677435	1860	45.614171004875
24	5823082	1880	45.594562934348
24	5970988	1900	45.540376725096
24	6120788	1920	45.545910016389
24	6273100	1940	45.534098205942
24	6428323	1960	45.540474897858
24	6586322	1980	45.592094915194
24	6745774	2000	45.551619122041
25	145846	240	0.44863136038378
25	171867	260	0.40753052854269
25	199164	280	0.6339385961718
25	226264	300	0.65168183914717
25	253377	320	0.6245269774691
25	280340	340	0.59907089877904
25	307309	360	0.88948523792148
25	334518	380	0.65225147410343
25	362209	400	0.72403214940517
25	389597	420	0.96192148932499
25	417445	440	0.82605299846766
25	445947	460	1.1806783639751
25	474687	480	1.2974178576784
25	504155	500	1.3257735833651
25	533643	520	1.3155684959768
25	563940	540	1.3826084622692
25	595178	560	1.3345737923831
25	626754	580	1.3893176129113
25	659265	600	1.3454288550704
25	692580	620	1.3742798812052
25	726770	640	1.404981229624
25	761869	660	1.3643345840714
25	798263	680	1.299698319095
25	835171	700	1.2906379510763
25	873577	720	1.171607506615
25	913292	740	1.2716183724753
25	954251	760	1.1423131650793
25	995801	780	1.2186247275766
25	1039512	800	1.1596059046251
25	1083886	820	1.2441020991684
25	1129269	840	1.0973064412511
25	1176106	860	1.2120831528361
25	1224065	880	1.1513764834378
25	1273154	900	1.1411487204771
25	1323264	920	1.1894281376941
25	1374366	940	1.1075959113829
25	1427221	960	1.2028221715921
25	1481111	980	1.2031478265402
25	1536329	1000	1.1987230469745
25	1593324	1020	1.1655081243247
25	1651031	1040	1.1712545829165
25	1710063	1060	1.1699078107672
25	1771081	1080	1.1177990552473
25	1834223	1100	1.1080857608897
25	1898836	1120	1.1031117000499
25	1964219	1140	1.1260044828363
25	2031093	1160	1.1776138871054
25	2099887	1180	1.1311598448431
25	2171040	1200	1.0647668675436
25	2243456	1220	1.1237487652908
25	2316927	1240	1.0544471306654
25	2393293	1260	1.0756750474198
25	2471883	1280	1.0440370556233
25	2552677	1300	1.0345137874116
25	2635348	1320	1.0604098080999
25	2720017	1340	1.0174081015725
25	2807514	1360	0.95858912869635
25	2896178	1380	0.98337036623227
25	2987139	1400	0.96717675021572
25	3080079	1420	0.93587107539546
25	3175394	1440	0.94862266029716
25	3271885	1460	0.95559892040996
25	3370118	1480	0.97457946260719
25	3471567	1500	0.97965481446759
25	3574449	1520	0.98500517246497
25	3679549	1540	0.94854634767564
25	3786777	1560	0.99034508299456
25	3896965	1580	0.9330667213456
25	4008719	1600	0.86103454179654
25	4123496	1620	0.95516272716231
25	4240809	1640	0.89071471015072
25	4360185	1660	0.88615985677246
25	4481530	1680	0.86525825684555
25	4605523	1700	0.85664974907046
25	4731224	1720	0.88571279701806
25	4858572	1740	0.92035446456249
25	4988849	1760	0.86935545944317
25	5122751	1780	0.86754476709855
25	5257571	1800	0.87067114208479
25	5395489	1820	0.87214766965646
25	5535250	1840	0.87358117404988
25	5677435	1860	0.85484965493566
25	5823082	1880	0.89465717900571
25	5970988	1900	0.79896962246861
25	6120788	1920	0.86863721382952
25	6273100	1940	0.86353341278661
25	6428323	1960	0.85089914651934
25	6586322	1980	0.85327153134183
25	6745774	2000	0.84546150614644
26	145846	240	0.2012700975198
26	171867	260	0.16608113169429
26	199164	280	0.40187814371627
26	226264	300	0.42468921947424
26	253377	320	0.39003394558669
26	280340	340	0.35888594176392
26	307309	360	0.79118398848024
26	334518	380	0.4254319854701
26	362209	400	0.52422255337227
26	389597	420	0.92529295162521
26	417445	440	0.68236355627742
26	445947	460	1.394001399159
26	474687	480	1.6832930974228
26	504155	500	1.7576755943488
26	533643	520	1.7307204676066
26	563940	540	1.9116061599384
26	595178	560	1.7810872073159
26	626754	580	1.9302034295457
26	659265	600	1.8101788040561
26	692580	620	1.8886451918852
26	726770	640	1.9739722555958
26	761869	660	1.8614088572933
26	798263	680	1.6892157206584
26	835171	700	1.6657463207584
26	873577	720	1.3726641495566
26	913292	740	1.6170132852168
26	954251	760	1.3048793671134
26	995801	780	1.4850462266611
26	1039512	800	1.3446858540413
26	1083886	820	1.5477900331553
26	1129269	840	1.204081426011
26	1176106	860	1.4691455693891
26	1224065	880	1.3256678066136
26	1273154	900	1.3022204022465
26	1323264	920	1.4147392947385
26	1374366	940	1.2267687029121
26	1427221	960	1.4467811764735
26	1481111	980	1.4475646925084
26	1536329	1000	1.4369369433478
26	1593324	1020	1.3584091878668
26	1651031	1040	1.3718372980029
26	1710063	1060	1.3686842856942
26	1771081	1080	1.2494747279118
26	1834223	1100	1.2278540534864
26	1898836	1120	1.2168554227869
26	1964219	1140	1.2678860953674
26	2031093	1160	1.3867744671035
26	2099887	1180	1.2795225945855
26	2171040	1200	1.1337284822186
26	2243456	1220	1.2628112874927
26	2316927	1240	1.1118587513685
26	2393293	1260	1.1570768076416
26	2471883	1280	1.0900133735146
26	2552677	1300	1.0702187763447
26	2635348	1320	1.1244689611144
26	2720017	1340	1.0351192451454
26	2807514	1360	0.91889311765482
26	2896178	1380	0.96701727718379
26	2987139	1400	0.93543086615784
26	3080079	1420	0.87585466976186
26	3175394	1440	0.89988495162925
26	3271885	1460	0.91316929668869
26	3370118	1480	0.94980512893572
26	3471567	1500	0.95972355550952
26	3574449	1520	0.97023518978274
26	3679549	1540	0.89974017368881
26	3786777	1560	0.98078338341151
26	3896965	1580	0.87061350648262
26	4008719	1600	0.74138048216678
26	4123496	1620	0.91233583536013
26	4240809	1640	0.79337269487889
26	4360185	1660	0.78527929175499
26	4481530	1680	0.7486718510394
26	4605523	1700	0.73384879258248
26	4731224	1720	0.78448715880156
26	4858572	1740	0.8470523404401
26	4988849	1760	0.75577891486365
26	5122751	1780	0.75263392292008
26	5257571	1800	0.75806823765923
26	5395489	1820	0.76064155768719
26	5535250	1840	0.76314406765436
26	5677435	1860	0.73076793254362
26	5823082	1880	0.80041146794645
26	5970988	1900	0.63835245762763
26	6120788	1920	0.75453060924952
26	6273100	1940	0.74568995499889
26	6428323	1960	0.72402935754735
26	6586322	1980	0.72807230619844
26	6745774	2000	0.71480515837541
