version 2
run statisticRVV-115-20150327-05:21:22-15964
attr c 6
attr configname statisticRVV
attr datetime 20150327-05:21:22
attr experiment statisticRVV
attr inifile omnetpp.ini
attr iterationvars "$sc=\"erlangen-low.launchd.xml\", $p=1/5, $c=6"
attr iterationvars2 "$sc=\"erlangen-low.launchd.xml\", $p=1/5, $c=6, $repetition=5"
attr measurement "$sc=\"erlangen-low.launchd.xml\", $p=1/5, $c=6"
attr network RSUExampleScenario
attr p 1/5
attr processid 15964
attr repetition 5
attr replication #5
attr resultdir results
attr runnumber 115
attr sc "\"erlangen-low.launchd.xml\""
attr seedset 115

vector 0  RSUExampleScenario.rsu[0].appl  Number_CH  ETV
vector 1  RSUExampleScenario.rsu[0].appl  Number_ON  ETV
vector 2  RSUExampleScenario.rsu[0].appl  Number_FN  ETV
vector 3  RSUExampleScenario.rsu[0].appl  Number_CH_Losts  ETV
vector 4  RSUExampleScenario.rsu[0].appl  Number_CH_Losts  ETV
vector 5  RSUExampleScenario.rsu[0].appl  Mean_Cluster_Size  ETV
vector 6  RSUExampleScenario.rsu[0].appl  StdDev_Cluster_Size  ETV
vector 7  RSUExampleScenario.rsu[0].appl  Variance_Cluster_Size  ETV
vector 8  RSUExampleScenario.rsu[0].appl  Mean_Neighbors  ETV
vector 9  RSUExampleScenario.rsu[0].appl  StdDev_Neighbors  ETV
vector 10  RSUExampleScenario.rsu[0].appl  Variance_Neighbors  ETV
vector 11  RSUExampleScenario.rsu[0].appl  Total_CH_Utility  ETV
vector 12  RSUExampleScenario.rsu[0].appl  Mean_CH_Utility  ETV
vector 13  RSUExampleScenario.rsu[0].appl  StdDev_CH_Utility  ETV
vector 14  RSUExampleScenario.rsu[0].appl  Variance_CH_Utility  ETV
vector 15  RSUExampleScenario.rsu[0].appl  Total_exp_CH_Utility  ETV
vector 16  RSUExampleScenario.rsu[0].appl  Mean_exp_CH_Utility  ETV
vector 17  RSUExampleScenario.rsu[0].appl  StdDev_exp_CH_Utility  ETV
vector 18  RSUExampleScenario.rsu[0].appl  Variance_exp_CH_Utility  ETV
vector 19  RSUExampleScenario.rsu[0].appl  Total_ON_Utility  ETV
vector 20  RSUExampleScenario.rsu[0].appl  Mean_ON_Utility  ETV
vector 21  RSUExampleScenario.rsu[0].appl  StdDev_ON_Utility  ETV
vector 22  RSUExampleScenario.rsu[0].appl  Variance_ON_Utility  ETV
vector 23  RSUExampleScenario.rsu[0].appl  Total_exp_ON_Utility  ETV
vector 24  RSUExampleScenario.rsu[0].appl  Mean_exp_ON_Utility  ETV
vector 25  RSUExampleScenario.rsu[0].appl  StdDev_exp_ON_Utility  ETV
vector 26  RSUExampleScenario.rsu[0].appl  Variance_exp_ON_Utility  ETV
0	34725	240	9
0	40009	260	10
0	45323	280	9
0	50569	300	10
0	55865	320	9
0	61168	340	6
0	66524	360	8
0	71798	380	5
0	77215	400	10
0	82532	420	9
0	87782	440	8
0	93139	460	5
0	98433	480	9
0	103741	500	8
0	109077	520	4
0	114388	540	7
0	119694	560	12
0	124968	580	7
0	130240	600	10
0	135516	620	9
0	140782	640	8
0	146156	660	4
0	151456	680	10
0	156756	700	9
0	161995	720	5
0	167224	740	8
0	172630	760	5
0	177888	780	8
0	183235	800	4
0	188604	820	7
0	193949	840	7
0	199250	860	9
0	204599	880	8
0	209865	900	6
0	215192	920	9
0	220553	940	10
0	225867	960	10
0	231141	980	10
0	236474	1000	6
0	241825	1020	8
0	247143	1040	9
0	252466	1060	8
0	257760	1080	7
0	263203	1100	5
0	268564	1120	7
0	273893	1140	6
0	279193	1160	6
0	284569	1180	8
0	289892	1200	9
0	295230	1220	6
0	300483	1240	6
0	305680	1260	10
0	310946	1280	8
0	316366	1300	5
0	321567	1320	7
0	326836	1340	3
0	332180	1360	9
0	337592	1380	9
0	342990	1400	8
0	348276	1420	6
0	353595	1440	8
0	358893	1460	5
0	364129	1480	8
0	369442	1500	9
0	374788	1520	7
0	380222	1540	7
0	385483	1560	8
0	390834	1580	7
0	396072	1600	8
0	401409	1620	6
0	406604	1640	5
0	411941	1660	5
0	417237	1680	9
0	422615	1700	6
0	427886	1720	5
0	433176	1740	7
0	438462	1760	4
0	443797	1780	6
0	449003	1800	5
0	453867	1820	9
0	458116	1840	7
0	461914	1860	5
0	465271	1880	4
0	468154	1900	2
0	470692	1920	5
0	472643	1940	3
0	474221	1960	4
0	475290	1980	3
0	475870	2000	1
1	34725	240	26
1	40009	260	24
1	45323	280	25
1	50569	300	28
1	55865	320	22
1	61168	340	21
1	66524	360	28
1	71798	380	20
1	77215	400	25
1	82532	420	28
1	87782	440	25
1	93139	460	22
1	98433	480	28
1	103741	500	25
1	109077	520	21
1	114388	540	25
1	119694	560	28
1	124968	580	24
1	130240	600	25
1	135516	620	27
1	140782	640	28
1	146156	660	19
1	151456	680	28
1	156756	700	28
1	161995	720	24
1	167224	740	26
1	172630	760	29
1	177888	780	25
1	183235	800	20
1	188604	820	24
1	193949	840	26
1	199250	860	21
1	204599	880	31
1	209865	900	27
1	215192	920	28
1	220553	940	29
1	225867	960	25
1	231141	980	27
1	236474	1000	24
1	241825	1020	23
1	247143	1040	30
1	252466	1060	21
1	257760	1080	29
1	263203	1100	25
1	268564	1120	29
1	273893	1140	24
1	279193	1160	26
1	284569	1180	23
1	289892	1200	30
1	295230	1220	25
1	300483	1240	21
1	305680	1260	28
1	310946	1280	25
1	316366	1300	23
1	321567	1320	25
1	326836	1340	15
1	332180	1360	26
1	337592	1380	20
1	342990	1400	27
1	348276	1420	24
1	353595	1440	23
1	358893	1460	20
1	364129	1480	22
1	369442	1500	23
1	374788	1520	20
1	380222	1540	26
1	385483	1560	30
1	390834	1580	27
1	396072	1600	31
1	401409	1620	26
1	406604	1640	20
1	411941	1660	18
1	417237	1680	30
1	422615	1700	23
1	427886	1720	26
1	433176	1740	19
1	438462	1760	20
1	443797	1780	28
1	449003	1800	23
1	453867	1820	23
1	458116	1840	20
1	461914	1860	19
1	465271	1880	13
1	468154	1900	12
1	470692	1920	15
1	472643	1940	11
1	474221	1960	7
1	475290	1980	7
1	475870	2000	3
2	34725	240	5
2	40009	260	7
2	45323	280	5
2	50569	300	2
2	55865	320	10
2	61168	340	14
2	66524	360	5
2	71798	380	16
2	77215	400	6
2	82532	420	3
2	87782	440	7
2	93139	460	13
2	98433	480	4
2	103741	500	8
2	109077	520	15
2	114388	540	8
2	119694	560	1
2	124968	580	9
2	130240	600	5
2	135516	620	3
2	140782	640	4
2	146156	660	18
2	151456	680	3
2	156756	700	3
2	161995	720	10
2	167224	740	6
2	172630	760	7
2	177888	780	7
2	183235	800	17
2	188604	820	8
2	193949	840	6
2	199250	860	9
2	204599	880	1
2	209865	900	8
2	215192	920	4
2	220553	940	2
2	225867	960	5
2	231141	980	3
2	236474	1000	11
2	241825	1020	9
2	247143	1040	1
2	252466	1060	11
2	257760	1080	4
2	263203	1100	12
2	268564	1120	5
2	273893	1140	10
2	279193	1160	8
2	284569	1180	10
2	289892	1200	1
2	295230	1220	10
2	300483	1240	14
2	305680	1260	2
2	310946	1280	6
2	316366	1300	12
2	321567	1320	9
2	326836	1340	22
2	332180	1360	6
2	337592	1380	11
2	342990	1400	6
2	348276	1420	11
2	353595	1440	9
2	358893	1460	16
2	364129	1480	10
2	369442	1500	8
2	374788	1520	13
2	380222	1540	8
2	385483	1560	3
2	390834	1580	6
2	396072	1600	2
2	401409	1620	9
2	406604	1640	14
2	411941	1660	17
2	417237	1680	1
2	422615	1700	13
2	427886	1720	8
2	433176	1740	15
2	438462	1760	16
2	443797	1780	6
2	449003	1800	12
2	453867	1820	5
2	458116	1840	6
2	461914	1860	7
2	465271	1880	10
2	468154	1900	9
2	470692	1920	1
2	472643	1940	3
2	474221	1960	3
2	475290	1980	1
2	475870	2000	3
3	34725	240	3
3	40009	260	3
3	45323	280	1
3	50569	300	1
3	55865	320	0
3	61168	340	2
3	66524	360	2
3	71798	380	1
3	77215	400	4
3	82532	420	1
3	87782	440	0
3	93139	460	0
3	98433	480	0
3	103741	500	1
3	109077	520	0
3	114388	540	0
3	119694	560	0
3	124968	580	0
3	130240	600	2
3	135516	620	1
3	140782	640	0
3	146156	660	1
3	151456	680	2
3	156756	700	3
3	161995	720	2
3	167224	740	1
3	172630	760	1
3	177888	780	0
3	183235	800	1
3	188604	820	3
3	193949	840	0
3	199250	860	0
3	204599	880	1
3	209865	900	0
3	215192	920	0
3	220553	940	0
3	225867	960	4
3	231141	980	2
3	236474	1000	1
3	241825	1020	3
3	247143	1040	0
3	252466	1060	0
3	257760	1080	1
3	263203	1100	0
3	268564	1120	0
3	273893	1140	0
3	279193	1160	0
3	284569	1180	1
3	289892	1200	0
3	295230	1220	0
3	300483	1240	2
3	305680	1260	1
3	310946	1280	0
3	316366	1300	0
3	321567	1320	1
3	326836	1340	0
3	332180	1360	4
3	337592	1380	1
3	342990	1400	0
3	348276	1420	1
3	353595	1440	1
3	358893	1460	0
3	364129	1480	0
3	369442	1500	4
3	374788	1520	3
3	380222	1540	3
3	385483	1560	0
3	390834	1580	1
3	396072	1600	1
3	401409	1620	0
3	406604	1640	1
3	411941	1660	0
3	417237	1680	0
3	422615	1700	0
3	427886	1720	1
3	433176	1740	2
3	438462	1760	0
3	443797	1780	1
3	449003	1800	0
3	453867	1820	1
3	458116	1840	0
3	461914	1860	1
3	465271	1880	1
3	468154	1900	0
3	470692	1920	0
3	472643	1940	0
3	474221	1960	0
3	475290	1980	0
3	475870	2000	1
4	34725	240	2
4	40009	260	4
4	45323	280	4
4	50569	300	1
4	55865	320	10
4	61168	340	12
4	66524	360	3
4	71798	380	15
4	77215	400	1
4	82532	420	2
4	87782	440	7
4	93139	460	13
4	98433	480	3
4	103741	500	6
4	109077	520	15
4	114388	540	8
4	119694	560	1
4	124968	580	9
4	130240	600	3
4	135516	620	2
4	140782	640	4
4	146156	660	16
4	151456	680	1
4	156756	700	0
4	161995	720	8
4	167224	740	5
4	172630	760	6
4	177888	780	7
4	183235	800	16
4	188604	820	5
4	193949	840	6
4	199250	860	9
4	204599	880	0
4	209865	900	8
4	215192	920	3
4	220553	940	2
4	225867	960	1
4	231141	980	1
4	236474	1000	10
4	241825	1020	6
4	247143	1040	1
4	252466	1060	11
4	257760	1080	3
4	263203	1100	11
4	268564	1120	5
4	273893	1140	10
4	279193	1160	8
4	284569	1180	9
4	289892	1200	1
4	295230	1220	10
4	300483	1240	12
4	305680	1260	1
4	310946	1280	6
4	316366	1300	12
4	321567	1320	8
4	326836	1340	22
4	332180	1360	2
4	337592	1380	10
4	342990	1400	6
4	348276	1420	10
4	353595	1440	7
4	358893	1460	16
4	364129	1480	10
4	369442	1500	4
4	374788	1520	10
4	380222	1540	5
4	385483	1560	2
4	390834	1580	5
4	396072	1600	1
4	401409	1620	9
4	406604	1640	13
4	411941	1660	17
4	417237	1680	1
4	422615	1700	12
4	427886	1720	7
4	433176	1740	13
4	438462	1760	16
4	443797	1780	5
4	449003	1800	12
4	453867	1820	4
4	458116	1840	6
4	461914	1860	6
4	465271	1880	9
4	468154	1900	9
4	470692	1920	1
4	472643	1940	3
4	474221	1960	3
4	475290	1980	1
4	475870	2000	2
5	34725	240	2.8888888888889
5	40009	260	2.4
5	45323	280	2.7777777777778
5	50569	300	2.8
5	55865	320	2.4444444444444
5	61168	340	3.5
5	66524	360	3.5
5	71798	380	4
5	77215	400	2.5
5	82532	420	3.1111111111111
5	87782	440	3.125
5	93139	460	4.4
5	98433	480	3.1111111111111
5	103741	500	3.125
5	109077	520	5.25
5	114388	540	3.5714285714286
5	119694	560	2.3333333333333
5	124968	580	3.4285714285714
5	130240	600	2.5
5	135516	620	3
5	140782	640	3.5
5	146156	660	4.75
5	151456	680	2.8
5	156756	700	3.1111111111111
5	161995	720	4.8
5	167224	740	3.25
5	172630	760	5.8
5	177888	780	3.125
5	183235	800	5
5	188604	820	3.4285714285714
5	193949	840	3.7142857142857
5	199250	860	2.3333333333333
5	204599	880	3.875
5	209865	900	4.5
5	215192	920	3.1111111111111
5	220553	940	2.9
5	225867	960	2.5
5	231141	980	2.7
5	236474	1000	4
5	241825	1020	2.875
5	247143	1040	3.3333333333333
5	252466	1060	2.625
5	257760	1080	4.1428571428571
5	263203	1100	5
5	268564	1120	4.1428571428571
5	273893	1140	4
5	279193	1160	4.3333333333333
5	284569	1180	2.875
5	289892	1200	3.3333333333333
5	295230	1220	4.1666666666667
5	300483	1240	3.5
5	305680	1260	2.8
5	310946	1280	3.125
5	316366	1300	4.6
5	321567	1320	3.5714285714286
5	326836	1340	5
5	332180	1360	2.8888888888889
5	337592	1380	2.2222222222222
5	342990	1400	3.375
5	348276	1420	4
5	353595	1440	2.875
5	358893	1460	4
5	364129	1480	2.75
5	369442	1500	2.5555555555556
5	374788	1520	2.8571428571429
5	380222	1540	3.7142857142857
5	385483	1560	3.75
5	390834	1580	3.8571428571429
5	396072	1600	3.875
5	401409	1620	4.3333333333333
5	406604	1640	4
5	411941	1660	3.6
5	417237	1680	3.3333333333333
5	422615	1700	3.8333333333333
5	427886	1720	5.2
5	433176	1740	2.7142857142857
5	438462	1760	5
5	443797	1780	4.6666666666667
5	449003	1800	4.6
5	453867	1820	2.5555555555556
5	458116	1840	2.8571428571429
5	461914	1860	3.8
5	465271	1880	3.25
5	468154	1900	6
5	470692	1920	3
5	472643	1940	3.6666666666667
5	474221	1960	1.75
5	475290	1980	2.3333333333333
5	475870	2000	3
6	34725	240	1.4529663145136
6	40009	260	0.9660917830793
6	45323	280	1.3944333775568
6	50569	300	1.3984117975602
6	55865	320	1.3333333333333
6	61168	340	1.378404875209
6	66524	360	1.690308509457
6	71798	380	2.1213203435596
6	77215	400	1.3540064007727
6	82532	420	1.3642254619787
6	87782	440	1.6420805617961
6	93139	460	2.0736441353328
6	98433	480	1.6158932858054
6	103741	500	2.167124493754
6	109077	520	0.95742710775634
6	114388	540	1.5118578920369
6	119694	560	1.4974726182553
6	124968	580	1.9023794624227
6	130240	600	1.5092308563562
6	135516	620	2
6	140782	640	1.8516401995451
6	146156	660	1.2583057392118
6	151456	680	1.4757295747452
6	156756	700	1.6158932858054
6	161995	720	1.7888543819998
6	167224	740	1.1649647450214
6	172630	760	0.44721359549996
6	177888	780	1.5526475085203
6	183235	800	0.81649658092773
6	188604	820	1.3972762620115
6	193949	840	1.253566341056
6	199250	860	1.7320508075689
6	204599	880	1.5526475085203
6	209865	900	1.870828693387
6	215192	920	1.6914819275154
6	220553	940	1.6633299933166
6	225867	960	1.5811388300842
6	231141	980	1.7669811040931
6	236474	1000	1.897366596101
6	241825	1020	1.7268882005338
6	247143	1040	1.7320508075689
6	252466	1060	1.3024701806293
6	257760	1080	1.2149857925879
6	263203	1100	1.7320508075689
6	268564	1120	1.0690449676497
6	273893	1140	1.2649110640674
6	279193	1160	1.6329931618555
6	284569	1180	1.4577379737113
6	289892	1200	1.7320508075689
6	295230	1220	1.3291601358251
6	300483	1240	2.0736441353328
6	305680	1260	0.91893658347268
6	310946	1280	1.3562026818605
6	316366	1300	1.3416407864999
6	321567	1320	1.9023794624227
6	326836	1340	1
6	332180	1360	1.7638342073764
6	337592	1380	1.2018504251547
6	342990	1400	1.5059406173077
6	348276	1420	1.897366596101
6	353595	1440	1.9594095320493
6	358893	1460	1.2247448713916
6	364129	1480	2.2519832529192
6	369442	1500	1.8104634152
6	374788	1520	1.9518001458971
6	380222	1540	2.0586634591636
6	385483	1560	1.6690459207926
6	390834	1580	1.6761634196951
6	396072	1600	1.4577379737113
6	401409	1620	1.6329931618555
6	406604	1640	1.4142135623731
6	411941	1660	2.0736441353328
6	417237	1680	1.5811388300842
6	422615	1700	1.7224014243685
6	427886	1720	0.83666002653408
6	433176	1740	1.6035674514745
6	438462	1760	1.4142135623731
6	443797	1780	1.7511900715418
6	449003	1800	1.5165750888103
6	453867	1820	1.5898986690282
6	458116	1840	1.7728105208558
6	461914	1860	1.6431676725155
6	465271	1880	1.2583057392118
6	468154	1900	0
6	470692	1920	0.70710678118655
6	472643	1940	0.57735026918963
6	474221	1960	0.95742710775634
6	475290	1980	1.5275252316519
6	475870	2000	nan
7	34725	240	2.1111111111111
7	40009	260	0.93333333333333
7	45323	280	1.9444444444444
7	50569	300	1.9555555555556
7	55865	320	1.7777777777778
7	61168	340	1.9
7	66524	360	2.8571428571429
7	71798	380	4.5
7	77215	400	1.8333333333333
7	82532	420	1.8611111111111
7	87782	440	2.6964285714286
7	93139	460	4.3
7	98433	480	2.6111111111111
7	103741	500	4.6964285714286
7	109077	520	0.91666666666667
7	114388	540	2.2857142857143
7	119694	560	2.2424242424242
7	124968	580	3.6190476190476
7	130240	600	2.2777777777778
7	135516	620	4
7	140782	640	3.4285714285714
7	146156	660	1.5833333333333
7	151456	680	2.1777777777778
7	156756	700	2.6111111111111
7	161995	720	3.2
7	167224	740	1.3571428571429
7	172630	760	0.2
7	177888	780	2.4107142857143
7	183235	800	0.66666666666667
7	188604	820	1.952380952381
7	193949	840	1.5714285714286
7	199250	860	3
7	204599	880	2.4107142857143
7	209865	900	3.5
7	215192	920	2.8611111111111
7	220553	940	2.7666666666667
7	225867	960	2.5
7	231141	980	3.1222222222222
7	236474	1000	3.6
7	241825	1020	2.9821428571429
7	247143	1040	3
7	252466	1060	1.6964285714286
7	257760	1080	1.4761904761905
7	263203	1100	3
7	268564	1120	1.1428571428571
7	273893	1140	1.6
7	279193	1160	2.6666666666667
7	284569	1180	2.125
7	289892	1200	3
7	295230	1220	1.7666666666667
7	300483	1240	4.3
7	305680	1260	0.84444444444444
7	310946	1280	1.8392857142857
7	316366	1300	1.8
7	321567	1320	3.6190476190476
7	326836	1340	1
7	332180	1360	3.1111111111111
7	337592	1380	1.4444444444444
7	342990	1400	2.2678571428571
7	348276	1420	3.6
7	353595	1440	3.8392857142857
7	358893	1460	1.5
7	364129	1480	5.0714285714286
7	369442	1500	3.2777777777778
7	374788	1520	3.8095238095238
7	380222	1540	4.2380952380952
7	385483	1560	2.7857142857143
7	390834	1580	2.8095238095238
7	396072	1600	2.125
7	401409	1620	2.6666666666667
7	406604	1640	2
7	411941	1660	4.3
7	417237	1680	2.5
7	422615	1700	2.9666666666667
7	427886	1720	0.7
7	433176	1740	2.5714285714286
7	438462	1760	2
7	443797	1780	3.0666666666667
7	449003	1800	2.3
7	453867	1820	2.5277777777778
7	458116	1840	3.1428571428571
7	461914	1860	2.7
7	465271	1880	1.5833333333333
7	468154	1900	0
7	470692	1920	0.5
7	472643	1940	0.33333333333333
7	474221	1960	0.91666666666667
7	475290	1980	2.3333333333333
7	475870	2000	nan
8	34725	240	8.8
8	40009	260	8.8536585365854
8	45323	280	8.8717948717949
8	50569	300	9.125
8	55865	320	8.8292682926829
8	61168	340	8.780487804878
8	66524	360	8.9268292682927
8	71798	380	8.8292682926829
8	77215	400	9.025
8	82532	420	8.775
8	87782	440	9
8	93139	460	9.075
8	98433	480	9.025
8	103741	500	8.9
8	109077	520	9.25
8	114388	540	8.925
8	119694	560	8.6829268292683
8	124968	580	9.1
8	130240	600	9.1538461538462
8	135516	620	9.0769230769231
8	140782	640	8.85
8	146156	660	9
8	151456	680	9
8	156756	700	8.925
8	161995	720	9
8	167224	740	8.85
8	172630	760	9
8	177888	780	8.95
8	183235	800	8.7317073170732
8	188604	820	9.1282051282051
8	193949	840	9.1282051282051
8	199250	860	9.1538461538462
8	204599	880	8.95
8	209865	900	8.8780487804878
8	215192	920	8.95
8	220553	940	9.219512195122
8	225867	960	8.8
8	231141	980	8.95
8	236474	1000	8.7073170731707
8	241825	1020	9.075
8	247143	1040	9.075
8	252466	1060	8.85
8	257760	1080	8.825
8	263203	1100	9.1463414634146
8	268564	1120	9.0487804878049
8	273893	1140	8.875
8	279193	1160	8.975
8	284569	1180	8.8048780487805
8	289892	1200	9.2
8	295230	1220	8.7560975609756
8	300483	1240	8.8292682926829
8	305680	1260	8.875
8	310946	1280	9.2307692307692
8	316366	1300	8.925
8	321567	1320	8.7073170731707
8	326836	1340	8.975
8	332180	1360	8.7317073170732
8	337592	1380	9.05
8	342990	1400	9.2439024390244
8	348276	1420	9.2
8	353595	1440	9.1538461538462
8	358893	1460	8.8292682926829
8	364129	1480	8.85
8	369442	1500	8.85
8	374788	1520	9.225
8	380222	1540	9.15
8	385483	1560	9.175
8	390834	1580	8.975
8	396072	1600	8.9268292682927
8	401409	1620	8.780487804878
8	406604	1640	8.8461538461538
8	411941	1660	8.975
8	417237	1680	9.15
8	422615	1700	8.8048780487805
8	427886	1720	9.025641025641
8	433176	1740	9.1
8	438462	1760	9.1
8	443797	1780	8.875
8	449003	1800	8.85
8	453867	1820	8.8648648648649
8	458116	1840	8.3030303030303
8	461914	1860	8.5483870967742
8	465271	1880	8.2962962962963
8	468154	1900	8.2173913043478
8	470692	1920	7.8571428571429
8	472643	1940	7.9411764705882
8	474221	1960	7.2142857142857
8	475290	1980	6.5454545454545
8	475870	2000	4.8571428571429
9	34725	240	1.8002848777418
9	40009	260	1.9819305690381
9	45323	280	1.4542041987121
9	50569	300	1.343312018664
9	55865	320	1.7734491679266
9	61168	340	1.943092832599
9	66524	360	1.9155970857991
9	71798	380	1.9092202469122
9	77215	400	2.0189804484645
9	82532	420	2.0567275476174
9	87782	440	1.6486202467363
9	93139	460	1.2687061852988
9	98433	480	1.7019973183865
9	103741	500	1.498717400364
9	109077	520	1.4978617237882
9	114388	540	2.1290120496823
9	119694	560	1.9292359159813
9	124968	580	1.7066987176478
9	130240	600	1.5817788377324
9	135516	620	1.676220927918
9	140782	640	1.4420427107014
9	146156	660	1.7246329970052
9	151456	680	1.5165750888103
9	156756	700	1.6546360665779
9	161995	720	1.555973210431
9	167224	740	2.2707730525991
9	172630	760	2.0124611797498
9	177888	780	1.6004806970215
9	183235	800	2.0739381649883
9	188604	820	1.9081471748861
9	193949	840	1.7944283238532
9	199250	860	1.7250242033155
9	204599	880	1.6633299933166
9	209865	900	1.9773103189841
9	215192	920	1.738699779455
9	220553	940	1.7249955814719
9	225867	960	1.9637744922496
9	231141	980	1.6004806970215
9	236474	1000	2.1005225830615
9	241825	1020	1.8998987827291
9	247143	1040	1.4030644117751
9	252466	1060	1.7621373967793
9	257760	1080	1.7670415664143
9	263203	1100	1.5420923385089
9	268564	1120	1.4482958867613
9	273893	1140	1.3045777389344
9	279193	1160	1.8043750249794
9	284569	1180	2.2827561432961
9	289892	1200	1.4178351139171
9	295230	1220	1.8944720610882
9	300483	1240	1.8289674549372
9	305680	1260	1.3994046353122
9	310946	1280	1.385289984112
9	316366	1300	1.7886752009124
9	321567	1320	1.9136862652878
9	326836	1340	1.4048907248316
9	332180	1360	1.9624524229125
9	337592	1380	1.9341731155782
9	342990	1400	1.9593428465289
9	348276	1420	1.4178351139171
9	353595	1440	1.8713696298428
9	358893	1460	1.3946762890433
9	364129	1480	1.5283643007796
9	369442	1500	1.915523627949
9	374788	1520	1.4586171884919
9	380222	1540	1.3876746829286
9	385483	1560	1.4121723581882
9	390834	1580	2.0062402647739
9	396072	1600	1.737674363948
9	401409	1620	1.7679394096228
9	406604	1640	1.2039072690829
9	411941	1660	1.8043750249794
9	417237	1680	1.4597154622628
9	422615	1700	2.2607466929659
9	427886	1720	1.5809254366248
9	433176	1740	1.5656570669473
9	438462	1760	1.4105827128331
9	443797	1780	2.0024024032685
9	449003	1800	1.9020906177017
9	453867	1820	1.2055925735726
9	458116	1840	1.629510058362
9	461914	1860	1.6500244377467
9	465271	1880	1.6364787435414
9	468154	1900	2.0216222500109
9	470692	1920	1.7113069358158
9	472643	1940	1.6759545129304
9	474221	1960	1.5281246137553
9	475290	1980	1.2933395813657
9	475870	2000	0.89973541084244
10	34725	240	3.2410256410256
10	40009	260	3.9280487804878
10	45323	280	2.114709851552
10	50569	300	1.8044871794872
10	55865	320	3.1451219512195
10	61168	340	3.7756097560976
10	66524	360	3.669512195122
10	71798	380	3.6451219512195
10	77215	400	4.0762820512821
10	82532	420	4.2301282051282
10	87782	440	2.7179487179487
10	93139	460	1.6096153846154
10	98433	480	2.8967948717949
10	103741	500	2.2461538461538
10	109077	520	2.2435897435897
10	114388	540	4.5326923076923
10	119694	560	3.7219512195122
10	124968	580	2.9128205128205
10	130240	600	2.502024291498
10	135516	620	2.8097165991903
10	140782	640	2.0794871794872
10	146156	660	2.974358974359
10	151456	680	2.3
10	156756	700	2.7378205128205
10	161995	720	2.4210526315789
10	167224	740	5.1564102564103
10	172630	760	4.05
10	177888	780	2.5615384615385
10	183235	800	4.3012195121951
10	188604	820	3.6410256410256
10	193949	840	3.2199730094467
10	199250	860	2.9757085020243
10	204599	880	2.7666666666667
10	209865	900	3.909756097561
10	215192	920	3.0230769230769
10	220553	940	2.9756097560976
10	225867	960	3.8564102564103
10	231141	980	2.5615384615385
10	236474	1000	4.4121951219512
10	241825	1020	3.6096153846154
10	247143	1040	1.9685897435897
10	252466	1060	3.1051282051282
10	257760	1080	3.1224358974359
10	263203	1100	2.3780487804878
10	268564	1120	2.0975609756098
10	273893	1140	1.7019230769231
10	279193	1160	3.2557692307692
10	284569	1180	5.2109756097561
10	289892	1200	2.0102564102564
10	295230	1220	3.5890243902439
10	300483	1240	3.3451219512195
10	305680	1260	1.9583333333333
10	310946	1280	1.919028340081
10	316366	1300	3.199358974359
10	321567	1320	3.6621951219512
10	326836	1340	1.9737179487179
10	332180	1360	3.8512195121951
10	337592	1380	3.7410256410256
10	342990	1400	3.8390243902439
10	348276	1420	2.0102564102564
10	353595	1440	3.502024291498
10	358893	1460	1.9451219512195
10	364129	1480	2.3358974358974
10	369442	1500	3.6692307692308
10	374788	1520	2.1275641025641
10	380222	1540	1.925641025641
10	385483	1560	1.9942307692308
10	390834	1580	4.025
10	396072	1600	3.019512195122
10	401409	1620	3.1256097560976
10	406604	1640	1.4493927125506
10	411941	1660	3.2557692307692
10	417237	1680	2.1307692307692
10	422615	1700	5.1109756097561
10	427886	1720	2.4993252361673
10	433176	1740	2.4512820512821
10	438462	1760	1.9897435897436
10	443797	1780	4.0096153846154
10	449003	1800	3.6179487179487
10	453867	1820	1.4534534534535
10	458116	1840	2.655303030303
10	461914	1860	2.7225806451613
10	465271	1880	2.6780626780627
10	468154	1900	4.0869565217391
10	470692	1920	2.9285714285714
10	472643	1940	2.8088235294118
10	474221	1960	2.3351648351648
10	475290	1980	1.6727272727273
10	475870	2000	0.80952380952381
11	34725	240	412.0868707757
11	40009	260	457.46424370754
11	45323	280	411.68358870911
11	50569	300	468.32305156603
11	55865	320	421.51593012742
11	61168	340	272.18773986679
11	66524	360	369.28894061497
11	71798	380	225.96022666719
11	77215	400	467.86946268071
11	82532	420	419.05229049345
11	87782	440	372.40175455397
11	93139	460	227.52714375143
11	98433	480	413.94035668426
11	103741	500	373.05252055206
11	109077	520	181.58026060512
11	114388	540	326.5854112564
11	119694	560	564.63438307958
11	124968	580	333.01584688615
11	130240	600	468.6262850039
11	135516	620	420.30040635219
11	140782	640	371.52838048802
11	146156	660	182.64224157883
11	151456	680	457.7202403351
11	156756	700	413.48573569411
11	161995	720	229.7055308019
11	167224	740	367.35746554335
11	172630	760	226.53921971474
11	177888	780	367.3771975763
11	183235	800	182.53309366357
11	188604	820	320.137433484
11	193949	840	312.40781060873
11	199250	860	411.60081611407
11	204599	880	368.74168442427
11	209865	900	272.62308779797
11	215192	920	422.43412556431
11	220553	940	465.56738090598
11	225867	960	463.33005712258
11	231141	980	463.28597675569
11	236474	1000	274.21667571404
11	241825	1020	365.39402940808
11	247143	1040	415.99372802609
11	252466	1060	371.90773797889
11	257760	1080	322.97182647077
11	263203	1100	234.54995410629
11	268564	1120	318.3620868956
11	273893	1140	276.38884115894
11	279193	1160	275.78354721633
11	284569	1180	367.45685300946
11	289892	1200	416.232116939
11	295230	1220	275.91630584451
11	300483	1240	282.77093193531
11	305680	1260	465.16103856568
11	310946	1280	367.20333528763
11	316366	1300	230.61317626214
11	321567	1320	324.61477111613
11	326836	1340	134.92748954393
11	332180	1360	415.94159890228
11	337592	1380	430.10432147615
11	342990	1400	376.11336825885
11	348276	1420	280.19266229678
11	353595	1440	372.59100054245
11	358893	1460	225.34396645563
11	364129	1480	370.27478481031
11	369442	1500	415.3391728393
11	374788	1520	334.38957184072
11	380222	1540	319.84505907996
11	385483	1560	364.02633631201
11	390834	1580	319.97131904964
11	396072	1600	369.44603157702
11	401409	1620	274.96943998621
11	406604	1640	225.655697475
11	411941	1660	232.44250934983
11	417237	1680	412.12871465491
11	422615	1700	276.39504675462
11	427886	1720	231.58361468101
11	433176	1740	325.91102054033
11	438462	1760	183.92312877376
11	443797	1780	275.60839780632
11	449003	1800	228.16414615129
11	453867	1820	413.61027165462
11	458116	1840	321.74200108744
11	461914	1860	229.09953443334
11	465271	1880	178.6155606365
11	468154	1900	89.370847339032
11	470692	1920	230.43533871402
11	472643	1940	139.57176798388
11	474221	1960	185.67628890784
11	475290	1980	145.79599903897
11	475870	2000	45.627953739135
12	34725	240	45.787430086189
12	40009	260	45.746424370754
12	45323	280	45.742620967679
12	50569	300	46.832305156603
12	55865	320	46.835103347491
12	61168	340	45.364623311132
12	66524	360	46.161117576872
12	71798	380	45.192045333437
12	77215	400	46.786946268071
12	82532	420	46.561365610383
12	87782	440	46.550219319246
12	93139	460	45.505428750286
12	98433	480	45.993372964918
12	103741	500	46.631565069008
12	109077	520	45.395065151281
12	114388	540	46.655058750915
12	119694	560	47.052865256632
12	124968	580	47.573692412307
12	130240	600	46.86262850039
12	135516	620	46.700045150244
12	140782	640	46.441047561002
12	146156	660	45.660560394708
12	151456	680	45.77202403351
12	156756	700	45.942859521568
12	161995	720	45.941106160381
12	167224	740	45.919683192918
12	172630	760	45.307843942949
12	177888	780	45.922149697037
12	183235	800	45.633273415892
12	188604	820	45.733919069142
12	193949	840	44.629687229819
12	199250	860	45.733424012674
12	204599	880	46.092710553034
12	209865	900	45.437181299661
12	215192	920	46.937125062701
12	220553	940	46.556738090598
12	225867	960	46.333005712258
12	231141	980	46.328597675569
12	236474	1000	45.702779285673
12	241825	1020	45.67425367601
12	247143	1040	46.221525336232
12	252466	1060	46.488467247361
12	257760	1080	46.138832352967
12	263203	1100	46.909990821259
12	268564	1120	45.480298127943
12	273893	1140	46.064806859823
12	279193	1160	45.963924536055
12	284569	1180	45.932106626183
12	289892	1200	46.248012993223
12	295230	1220	45.986050974085
12	300483	1240	47.128488655885
12	305680	1260	46.516103856568
12	310946	1280	45.900416910954
12	316366	1300	46.122635252428
12	321567	1320	46.373538730876
12	326836	1340	44.975829847976
12	332180	1360	46.215733211365
12	337592	1380	47.789369052906
12	342990	1400	47.014171032356
12	348276	1420	46.698777049463
12	353595	1440	46.573875067806
12	358893	1460	45.068793291125
12	364129	1480	46.284348101289
12	369442	1500	46.148796982144
12	374788	1520	47.769938834389
12	380222	1540	45.692151297137
12	385483	1560	45.503292039001
12	390834	1580	45.710188435664
12	396072	1600	46.180753947127
12	401409	1620	45.828239997702
12	406604	1640	45.131139494999
12	411941	1660	46.488501869965
12	417237	1680	45.792079406101
12	422615	1700	46.06584112577
12	427886	1720	46.316722936203
12	433176	1740	46.558717220047
12	438462	1760	45.980782193439
12	443797	1780	45.934732967721
12	449003	1800	45.632829230259
12	453867	1820	45.956696850514
12	458116	1840	45.963143012491
12	461914	1860	45.819906886668
12	465271	1880	44.653890159124
12	468154	1900	44.685423669516
12	470692	1920	46.087067742804
12	472643	1940	46.523922661292
12	474221	1960	46.419072226961
12	475290	1980	48.598666346322
12	475870	2000	45.627953739135
13	34725	240	1.3585554021595
13	40009	260	0.83631873070397
13	45323	280	1.3687766731039
13	50569	300	1.1974068450438
13	55865	320	2.4071245038325
13	61168	340	0.65918987526021
13	66524	360	2.0394564965586
13	71798	380	0.59605075012495
13	77215	400	2.1830368558065
13	82532	420	2.4448094203331
13	87782	440	1.6403522707465
13	93139	460	0.38066084886071
13	98433	480	0.91397434329652
13	103741	500	1.6807642621842
13	109077	520	0.48930953085093
13	114388	540	2.4205858650864
13	119694	560	2.1206051663215
13	124968	580	2.5485268120257
13	130240	600	1.921598963816
13	135516	620	1.7952877668967
13	140782	640	1.2640656844904
13	146156	660	1.1241738122588
13	151456	680	1.8293316600224
13	156756	700	1.7381911113179
13	161995	720	1.7752228902577
13	167224	740	0.60989942754039
13	172630	760	0.49740901101877
13	177888	780	1.5427020973825
13	183235	800	0.87398477977821
13	188604	820	1.4075367301099
13	193949	840	0.79117365353692
13	199250	860	0.79214375976543
13	204599	880	2.1851832760263
13	209865	900	0.51182264713369
13	215192	920	4.1623225545307
13	220553	940	3.3654986042457
13	225867	960	1.8482562035525
13	231141	980	1.457650929391
13	236474	1000	1.3163872804935
13	241825	1020	1.0681619739713
13	247143	1040	1.6459119124675
13	252466	1060	2.447392990039
13	257760	1080	1.2910909605462
13	263203	1100	2.1963622828668
13	268564	1120	0.66709003472524
13	273893	1140	1.1078126956208
13	279193	1160	1.5188705963819
13	284569	1180	1.2536770753699
13	289892	1200	1.3718072609648
13	295230	1220	1.5394492744888
13	300483	1240	2.0813259804321
13	305680	1260	2.6181542906376
13	310946	1280	0.89819753255102
13	316366	1300	1.5078591775673
13	321567	1320	1.5885162787586
13	326836	1340	0.8255253998853
13	332180	1360	2.0753595708129
13	337592	1380	4.458175798183
13	342990	1400	3.4672583571887
13	348276	1420	2.7196064315351
13	353595	1440	2.2519192027726
13	358893	1460	1.2865037533785
13	364129	1480	0.95973098459243
13	369442	1500	1.307656051021
13	374788	1520	3.824520282467
13	380222	1540	1.3523627460627
13	385483	1560	0.90936423095146
13	390834	1580	1.2150207737475
13	396072	1600	1.570902049559
13	401409	1620	1.2020669043373
13	406604	1640	1.0822696627083
13	411941	1660	2.9320664949409
13	417237	1680	1.5259080504987
13	422615	1700	1.2986648819367
13	427886	1720	1.9029053137022
13	433176	1740	1.4094582003876
13	438462	1760	1.1182751064927
13	443797	1780	1.0700295681104
13	449003	1800	0.81104531282639
13	453867	1820	1.1266682492022
13	458116	1840	1.3975257939047
13	461914	1860	1.7986891016587
13	465271	1880	0.19252246289148
13	468154	1900	0.0080534226785364
13	470692	1920	1.2700055132914
13	472643	1940	1.2801585891662
13	474221	1960	0.46025362998234
13	475290	1980	3.2762141794433
13	475870	2000	nan
14	34725	240	1.8456727807368
14	40009	260	0.6994290193263
14	45323	280	1.8735495808333
14	50569	300	1.4337831525577
14	55865	320	5.794248376951
14	61168	340	0.43453129164557
14	66524	360	4.1593828013552
14	71798	380	0.35527649672452
14	77215	400	4.7656499138097
14	82532	420	5.9770931017493
14	87782	440	2.6907555721433
14	93139	460	0.14490268185535
14	98433	480	0.83534910020431
14	103741	500	2.8249685050356
14	109077	520	0.23942381698156
14	114388	540	5.8592359302562
14	119694	560	4.4969662714295
14	124968	580	6.494988911614
14	130240	600	3.6925425777388
14	135516	620	3.2230581659688
14	140782	640	1.5978620547062
14	146156	660	1.2637667601684
14	151456	680	3.3464543223604
14	156756	700	3.0213083394645
14	161995	720	3.1514163100948
14	167224	740	0.37197731171409
14	172630	760	0.24741572424267
14	177888	780	2.3799297612685
14	183235	800	0.76384939528397
14	188604	820	1.9811596466085
14	193949	840	0.62595575005095
14	199250	860	0.62749173613531
14	204599	880	4.7750259498252
14	209865	900	0.26196242211894
14	215192	920	17.324929047955
14	220553	940	11.32658085518
14	225867	960	3.4160509939703
14	231141	980	2.1247462319543
14	236474	1000	1.732875472245
14	241825	1020	1.1409700026383
14	247143	1040	2.7090260236023
14	252466	1060	5.9897324476922
14	257760	1080	1.666915868404
14	263203	1100	4.8240072775997
14	268564	1120	0.44500911442972
14	273893	1140	1.2272489685787
14	279193	1160	2.3069678885536
14	284569	1180	1.571706209308
14	289892	1200	1.8818551612356
14	295230	1220	2.3699040687241
14	300483	1240	4.3319178368215
14	305680	1260	6.8547318895839
14	310946	1280	0.80675880748074
14	316366	1300	2.273639299374
14	321567	1320	2.5233839678812
14	326836	1340	0.68149218585578
14	332180	1360	4.3071173481647
14	337592	1380	19.875331447505
14	342990	1400	12.021880515495
14	348276	1420	7.396259142447
14	353595	1440	5.0711400958159
14	358893	1460	1.6550919074571
14	364129	1480	0.92108356278676
14	369442	1500	1.7099643477717
14	374788	1520	14.626955391002
14	380222	1540	1.8288849969382
14	385483	1560	0.82694330453395
14	390834	1580	1.476275480638
14	396072	1600	2.4677332493088
14	401409	1620	1.4449648425031
14	406604	1640	1.1713076228187
14	411941	1660	8.5970139307549
14	417237	1680	2.3283953785767
14	422615	1700	1.6865304755757
14	427886	1720	3.6210486329162
14	433176	1740	1.98657241864
14	438462	1760	1.2505392138013
14	443797	1780	1.1449632766305
14	449003	1800	0.65779449945766
14	453867	1820	1.2693813437604
14	458116	1840	1.953078344629
14	461914	1860	3.2352824844258
14	465271	1880	0.037064898717803
14	468154	1900	6.4857616839165e-005
14	470692	1920	1.6129140037905
14	472643	1940	1.638806013416
14	474221	1960	0.21183340391192
14	475290	1980	10.733579349585
14	475870	2000	nan
15	34725	240	539.88764740562
15	40009	260	580.2790369912
15	45323	280	452.23017269021
15	50569	300	491.34821318939
15	55865	320	402.8249338882
15	61168	340	357.92289482847
15	66524	360	448.78487591629
15	71798	380	266.27995920932
15	77215	400	626.52495489575
15	82532	420	449.73208805674
15	87782	440	360.6147322831
15	93139	460	222.91459217994
15	98433	480	401.0752815896
15	103741	500	407.50470000344
15	109077	520	179.29911150763
15	114388	540	314.89777636698
15	119694	560	545.49944552211
15	124968	580	315.68181413921
15	130240	600	500.01976800556
15	135516	620	450.29599246453
15	140782	640	359.6593031869
15	146156	660	225.74900619785
15	151456	680	535.42217130345
15	156756	700	543.42035198872
15	161995	720	316.14643502251
15	167224	740	400.65903919571
15	172630	760	266.8700400122
15	177888	780	359.66315742081
15	183235	800	226.08364282157
15	188604	820	447.56723685135
15	193949	840	312.04440497163
15	199250	860	399.15998235585
15	204599	880	403.84230516618
15	209865	900	266.64886237229
15	215192	920	408.26849453304
15	220553	940	451.27705561077
15	225867	960	625.69787970129
15	231141	980	541.84459787793
15	236474	1000	313.44954558863
15	241825	1020	491.8484605948
15	247143	1040	403.39605227221
15	252466	1060	356.51874371256
15	257760	1080	359.98865447657
15	263203	1100	226.06106220239
15	268564	1120	312.45480758483
15	273893	1140	270.28613276265
15	279193	1160	268.81297513595
15	284569	1180	402.18771661293
15	289892	1200	403.56371863776
15	295230	1220	269.68730555705
15	300483	1240	362.46720825558
15	305680	1260	496.53152069759
15	310946	1280	357.56375644498
15	316366	1300	224.75203217746
15	321567	1320	361.39802330699
15	326836	1340	134.43188286886
15	332180	1360	588.4368422016
15	337592	1380	449.76798653444
15	342990	1400	362.23403688459
15	348276	1420	270.13231663169
15	353595	1440	407.56464964298
15	358893	1460	221.28184567295
15	364129	1480	360.75585160571
15	369442	1500	586.15668873926
15	374788	1520	452.23327209989
15	380222	1540	409.2267221898
15	385483	1560	358.17854049414
15	390834	1580	360.76944827791
15	396072	1600	405.26460550326
15	401409	1620	267.67499914397
15	406604	1640	268.12766092265
15	411941	1660	227.52339043617
15	417237	1680	403.47514283614
15	422615	1700	270.07018142628
15	427886	1720	272.86318257515
15	433176	1740	356.56039145785
15	438462	1760	179.93609525431
15	443797	1780	318.19855993656
15	449003	1800	223.82363878179
15	453867	1820	447.55264930392
15	458116	1840	311.92520519693
15	461914	1860	266.54913245803
15	465271	1880	221.71002106589
15	468154	1900	88.324727698859
15	470692	1920	224.98522927135
15	472643	1940	136.11390967134
15	474221	1960	179.7716027938
15	475290	1980	139.62632827088
15	475870	2000	90.712977837403
16	34725	240	44.990637283802
16	40009	260	44.636848999323
16	45323	280	45.223017269021
16	50569	300	44.668019380854
16	55865	320	44.758325987577
16	61168	340	44.740361853559
16	66524	360	44.878487591629
16	71798	380	44.379993201553
16	77215	400	44.751782492554
16	82532	420	44.973208805674
16	87782	440	45.076841535387
16	93139	460	44.582918435988
16	98433	480	44.563920176622
16	103741	500	45.278300000383
16	109077	520	44.824777876908
16	114388	540	44.985396623854
16	119694	560	45.458287126842
16	124968	580	45.097402019888
16	130240	600	45.45634254596
16	135516	620	45.029599246453
16	140782	640	44.957412898362
16	146156	660	45.149801239569
16	151456	680	44.618514275287
16	156756	700	45.285029332393
16	161995	720	45.163776431788
16	167224	740	44.517671021745
16	172630	760	44.478340002033
16	177888	780	44.957894677602
16	183235	800	45.216728564313
16	188604	820	44.756723685135
16	193949	840	44.577772138804
16	199250	860	44.35110915065
16	204599	880	44.871367240686
16	209865	900	44.441477062048
16	215192	920	45.363166059227
16	220553	940	45.127705561077
16	225867	960	44.692705692949
16	231141	980	45.153716489827
16	236474	1000	44.778506512662
16	241825	1020	44.713496417709
16	247143	1040	44.821783585801
16	252466	1060	44.564842964071
16	257760	1080	44.998581809571
16	263203	1100	45.212212440477
16	268564	1120	44.636401083547
16	273893	1140	45.047688793775
16	279193	1160	44.802162522659
16	284569	1180	44.687524068103
16	289892	1200	44.840413181973
16	295230	1220	44.947884259508
16	300483	1240	45.308401031948
16	305680	1260	45.139229154326
16	310946	1280	44.695469555622
16	316366	1300	44.950406435493
16	321567	1320	45.174752913374
16	326836	1340	44.810627622955
16	332180	1360	45.264372477046
16	337592	1380	44.976798653444
16	342990	1400	45.279254610573
16	348276	1420	45.022052771948
16	353595	1440	45.284961071442
16	358893	1460	44.256369134589
16	364129	1480	45.094481450714
16	369442	1500	45.088976056866
16	374788	1520	45.223327209989
16	380222	1540	45.469635798866
16	385483	1560	44.772317561768
16	390834	1580	45.096181034739
16	396072	1600	45.029400611473
16	401409	1620	44.612499857329
16	406604	1640	44.687943487108
16	411941	1660	45.504678087234
16	417237	1680	44.830571426238
16	422615	1700	45.011696904381
16	427886	1720	45.477197095859
16	433176	1740	44.570048932231
16	438462	1760	44.984023813578
16	443797	1780	45.456937133794
16	449003	1800	44.764727756358
16	453867	1820	44.755264930392
16	458116	1840	44.560743599562
16	461914	1860	44.424855409671
16	465271	1880	44.342004213179
16	468154	1900	44.16236384943
16	470692	1920	44.99704585427
16	472643	1940	45.371303223781
16	474221	1960	44.94290069845
16	475290	1980	46.542109423625
16	475870	2000	45.356488918702
17	34725	240	0.77305859755119
17	40009	260	0.6368192950541
17	45323	280	0.9594896544451
17	50569	300	0.48558254046391
17	55865	320	0.61147936858778
17	61168	340	0.51230176385979
17	66524	360	1.0475213511771
17	71798	380	0.73834116434944
17	77215	400	0.60460064654821
17	82532	420	1.4312286041915
17	87782	440	1.2548212789889
17	93139	460	0.74550710829263
17	98433	480	0.47548799544084
17	103741	500	1.1763824307521
17	109077	520	0.51949321554735
17	114388	540	1.0871301969374
17	119694	560	1.9906781792965
17	124968	580	1.0781219301768
17	130240	600	1.302895129103
17	135516	620	1.0059213553422
17	140782	640	0.79433765762347
17	146156	660	0.96147357977974
17	151456	680	0.85214839440478
17	156756	700	1.3918675584165
17	161995	720	0.67179494547061
17	167224	740	0.35544289662312
17	172630	760	0.43464979469742
17	177888	780	0.65241342059511
17	183235	800	0.90183212888847
17	188604	820	0.8090510901571
17	193949	840	0.47067231136411
17	199250	860	0.44324263942606
17	204599	880	0.84843836699606
17	209865	900	0.37686091725055
17	215192	920	1.8558510542447
17	220553	940	1.255736632192
17	225867	960	0.85988546695467
17	231141	980	0.99465987205703
17	236474	1000	0.59368616838762
17	241825	1020	0.36797027341254
17	247143	1040	0.83087429089305
17	252466	1060	0.093597368281989
17	257760	1080	0.80565267856602
17	263203	1100	0.88691479876418
17	268564	1120	0.46061695320755
17	273893	1140	0.77154928560997
17	279193	1160	0.77671159991275
17	284569	1180	0.55544622792708
17	289892	1200	0.87653631322133
17	295230	1220	0.72298420673062
17	300483	1240	1.2632879205882
17	305680	1260	0.84713604280328
17	310946	1280	0.78725932409927
17	316366	1300	0.76303048899832
17	321567	1320	1.1992176509499
17	326836	1340	0.28684673193638
17	332180	1360	0.75631639781764
17	337592	1380	0.82213204833922
17	342990	1400	1.5898811496674
17	348276	1420	0.78692005834158
17	353595	1440	1.2468115223869
17	358893	1460	0.18050171708234
17	364129	1480	0.75801372087657
17	369442	1500	0.91870621540978
17	374788	1520	0.90307912984317
17	380222	1540	1.1557928528232
17	385483	1560	0.61682981424893
17	390834	1580	1.0424529333633
17	396072	1600	0.84467566151929
17	401409	1620	0.40359280004958
17	406604	1640	0.22173802268916
17	411941	1660	1.5129061284998
17	417237	1680	0.8331567963989
17	422615	1700	1.1924747005303
17	427886	1720	1.5523344314849
17	433176	1740	0.29719990432212
17	438462	1760	0.61844478431321
17	443797	1780	1.0060776893455
17	449003	1800	0.78183471729563
17	453867	1820	0.81421449902918
17	458116	1840	0.61407381237453
17	461914	1860	0.25353736810635
17	465271	1880	0.20858541276356
17	468154	1900	0.20688460304176
17	470692	1920	0.8736143844691
17	472643	1940	0.48737840863058
17	474221	1960	0.29318208358521
17	475290	1980	1.3029825030301
17	475870	2000	0.35851031432204
18	34725	240	0.59761959524782
18	40009	260	0.4055388145532
18	45323	280	0.92062039698718
18	50569	300	0.23579040360339
18	55865	320	0.37390701820851
18	61168	340	0.26245309725385
18	66524	360	1.0973009811719
18	71798	380	0.54514767497289
18	77215	400	0.36554194180651
18	82532	420	2.048415317456
18	87782	440	1.5745764422032
18	93139	460	0.55578084851484
18	98433	480	0.22608883380835
18	103741	500	1.3838756233823
18	109077	520	0.26987320099973
18	114388	540	1.1818520650932
18	119694	560	3.9627996135273
18	124968	580	1.1623468963281
18	130240	600	1.6975357174404
18	135516	620	1.0118777731335
18	140782	640	0.63097231431874
18	146156	660	0.92443144461448
18	151456	680	0.72615688608664
18	156756	700	1.9372953001722
18	161995	720	0.45130844875986
18	167224	740	0.12633965275984
18	172630	760	0.18892044403051
18	177888	780	0.42564327137262
18	183235	800	0.81330118869551
18	188604	820	0.65456366648439
18	193949	840	0.22153242468484
18	199250	860	0.19646403740538
18	204599	880	0.71984766259094
18	209865	900	0.14202415095093
18	215192	920	3.4441831355413
18	220553	940	1.576874489429
18	225867	960	0.73940301627985
18	231141	980	0.9893482610805
18	236474	1000	0.35246326653478
18	241825	1020	0.1354021221153
18	247143	1040	0.69035208726703
18	252466	1060	0.0087604673493142
18	257760	1080	0.6490762384806
18	263203	1100	0.7866178602669
18	268564	1120	0.21216797758221
18	273893	1140	0.59528830012526
18	279193	1160	0.60328090943903
18	284569	1180	0.30852051211842
18	289892	1200	0.76831590839564
18	295230	1220	0.5227061631819
18	300483	1240	1.5958963703041
18	305680	1260	0.7176394750164
18	310946	1280	0.61977724338124
18	316366	1300	0.58221552714102
18	321567	1320	1.4381229743499
18	326836	1340	0.08228104762258
18	332180	1360	0.57201449360784
18	337592	1380	0.67590110490644
18	342990	1400	2.5277220700678
18	348276	1420	0.61924317822032
18	353595	1440	1.5545389723568
18	358893	1460	0.032580869869673
18	364129	1480	0.57458480103714
18	369442	1500	0.84402111023257
18	374788	1520	0.8155519147583
18	380222	1540	1.3358571186373
18	385483	1560	0.38047901974636
18	390834	1580	1.0867081182777
18	396072	1600	0.71347697316305
18	401409	1620	0.16288714825186
18	406604	1640	0.049167750706098
18	411941	1660	2.2888849536524
18	417237	1680	0.69415024738568
18	422615	1700	1.4219959114049
18	427886	1720	2.4097421871736
18	433176	1740	0.088327783129075
18	438462	1760	0.38247395124421
18	443797	1780	1.0121923169989
18	449003	1800	0.61126552516874
18	453867	1820	0.66294525042934
18	458116	1840	0.37708664704419
18	461914	1860	0.064281197026293
18	465271	1880	0.043507874417743
18	468154	1900	0.042801238975746
18	470692	1920	0.76320209275132
18	472643	1940	0.23753771319928
18	474221	1960	0.085955734135363
18	475290	1980	1.6977634032025
18	475870	2000	0.12852964547529
19	34725	240	1185.2789168092
19	40009	260	1098.6507477478
19	45323	280	1141.1258249971
19	50569	300	1304.9399820628
19	55865	320	1012.096263079
19	61168	340	955.97794230253
19	66524	360	1280.780939021
19	71798	380	902.17866704945
19	77215	400	1152.9061416021
19	82532	420	1286.8596344099
19	87782	440	1150.1581950799
19	93139	460	1002.1635843158
19	98433	480	1282.7842260047
19	103741	500	1148.6745348507
19	109077	520	952.25038233903
19	114388	540	1153.0958366058
19	119694	560	1314.0537923775
19	124968	580	1120.998402043
19	130240	600	1151.4698080312
19	135516	620	1253.2984644623
19	140782	640	1291.0920560201
19	146156	660	863.63834242646
19	151456	680	1282.0174044678
19	156756	700	1270.6753117344
19	161995	720	1091.8296791359
19	167224	740	1191.5019342881
19	172630	760	1313.9334761648
19	177888	780	1142.8056558388
19	183235	800	910.93008547887
19	188604	820	1089.9265882911
19	193949	840	1159.4104522788
19	199250	860	961.25102520189
19	204599	880	1421.8674495764
19	209865	900	1227.2781356572
19	215192	920	1282.1839515783
19	220553	940	1330.7629142862
19	225867	960	1155.8661295346
19	231141	980	1237.8744751635
19	236474	1000	1090.509754937
19	241825	1020	1041.1731448602
19	247143	1040	1384.0459315566
19	252466	1060	963.44472538423
19	257760	1080	1336.447991419
19	263203	1100	1157.7961116858
19	268564	1120	1317.8276607451
19	273893	1140	1104.2004134101
19	279193	1160	1191.225394473
19	284569	1180	1047.7568472079
19	289892	1200	1385.0339736723
19	295230	1220	1141.7600996067
19	300483	1240	973.73782254128
19	305680	1260	1299.925755495
19	310946	1280	1146.9119162926
19	316366	1300	1055.8616930173
19	321567	1320	1153.6736526922
19	326836	1340	675.48509900032
19	332180	1360	1191.4654730808
19	337592	1380	934.02740539706
19	342990	1400	1245.7653824346
19	348276	1420	1109.1921055774
19	353595	1440	1060.0692072501
19	358893	1460	895.37236203144
19	364129	1480	1004.9093048988
19	369442	1500	1053.3636743325
19	374788	1520	925.75769366534
19	380222	1540	1177.602798621
19	385483	1560	1362.6791859606
19	390834	1580	1225.1985389597
19	396072	1600	1424.9675785575
19	401409	1620	1184.5593990655
19	406604	1640	896.94503694974
19	411941	1660	822.94412922252
19	417237	1680	1366.8043538579
19	422615	1700	1049.4205120155
19	427886	1720	1199.4707989151
19	433176	1740	878.56329515552
19	438462	1760	915.02734701925
19	443797	1780	1280.0337246341
19	449003	1800	1045.404431046
19	453867	1820	1048.7105005352
19	458116	1840	908.01204225586
19	461914	1860	858.97911423492
19	465271	1880	581.15238478366
19	468154	1900	536.22508403419
19	470692	1920	691.18386767158
19	472643	1940	510.29581543803
19	474221	1960	325.88976272307
19	475290	1980	331.61780659951
19	475870	2000	136.8838612174
20	34725	240	45.587650646509
20	40009	260	45.777114489493
20	45323	280	45.645032999882
20	50569	300	46.604999359386
20	55865	320	46.004375594502
20	61168	340	45.522759157263
20	66524	360	45.742176393606
20	71798	380	45.108933352472
20	77215	400	46.116245664083
20	82532	420	45.959272657496
20	87782	440	46.006327803198
20	93139	460	45.552890196175
20	98433	480	45.813722357311
20	103741	500	45.946981394029
20	109077	520	45.345256301859
20	114388	540	46.123833464233
20	119694	560	46.930492584911
20	124968	580	46.708266751791
20	130240	600	46.05879232125
20	135516	620	46.418461646751
20	140782	640	46.110430572148
20	146156	660	45.454649601392
20	151456	680	45.786335873848
20	156756	700	45.381261133371
20	161995	720	45.49290329733
20	167224	740	45.826997472619
20	172630	760	45.308050902236
20	177888	780	45.712226233551
20	183235	800	45.546504273944
20	188604	820	45.413607845463
20	193949	840	44.592709703029
20	199250	860	45.773858342947
20	204599	880	45.86669192182
20	209865	900	45.454745765081
20	215192	920	45.792283984941
20	220553	940	45.888376354695
20	225867	960	46.234645181383
20	231141	980	45.847202783835
20	236474	1000	45.43790645571
20	241825	1020	45.268397602617
20	247143	1040	46.13486438522
20	252466	1060	45.878320256392
20	257760	1080	46.084413497207
20	263203	1100	46.311844467434
20	268564	1120	45.442333129143
20	273893	1140	46.008350558755
20	279193	1160	45.816361325884
20	284569	1180	45.55464553078
20	289892	1200	46.167799122411
20	295230	1220	45.670403984268
20	300483	1240	46.368467740061
20	305680	1260	46.425919839107
20	310946	1280	45.876476651704
20	316366	1300	45.907030131185
20	321567	1320	46.14694610769
20	326836	1340	45.032339933354
20	332180	1360	45.825595118492
20	337592	1380	46.701370269853
20	342990	1400	46.13945860869
20	348276	1420	46.21633773239
20	353595	1440	46.089965532615
20	358893	1460	44.768618101572
20	364129	1480	45.67769567722
20	369442	1500	45.798420623152
20	374788	1520	46.287884683267
20	380222	1540	45.292415331576
20	385483	1560	45.422639532019
20	390834	1580	45.377723665173
20	396072	1600	45.9666960825
20	401409	1620	45.559976887134
20	406604	1640	44.847251847487
20	411941	1660	45.71911829014
20	417237	1680	45.560145128596
20	422615	1700	45.626978783282
20	427886	1720	46.133492265964
20	433176	1740	46.240173429238
20	438462	1760	45.751367350962
20	443797	1780	45.715490165504
20	449003	1800	45.452366567217
20	453867	1820	45.59610871892
20	458116	1840	45.400602112793
20	461914	1860	45.209427064996
20	465271	1880	44.704029598743
20	468154	1900	44.685423669516
20	470692	1920	46.078924511438
20	472643	1940	46.390528676184
20	474221	1960	46.55568038901
20	475290	1980	47.373972371359
20	475870	2000	45.627953739135
21	34725	240	2.0952620321802
21	40009	260	1.3982930706602
21	45323	280	1.8719545671469
21	50569	300	1.8209132667194
21	55865	320	2.1286759792842
21	61168	340	1.4469574176334
21	66524	360	2.0541278686725
21	71798	380	1.273241006695
21	77215	400	2.1262458864862
21	82532	420	3.1026534721132
21	87782	440	2.0417243453664
21	93139	460	2.1190850350043
21	98433	480	1.8482310480502
21	103741	500	2.254609577865
21	109077	520	1.4562674907375
21	114388	540	2.7097701449272
21	119694	560	2.905640038769
21	124968	580	3.1548865173422
21	130240	600	2.3285046046959
21	135516	620	2.4719869387043
21	140782	640	1.9501987165368
21	146156	660	1.4175014718265
21	151456	680	2.0599965849328
21	156756	700	1.5653606825609
21	161995	720	1.5944794643744
21	167224	740	1.4154544693811
21	172630	760	1.3343572235944
21	177888	780	1.9305806153628
21	183235	800	1.9055244966808
21	188604	820	1.554764437434
21	193949	840	1.4045938546909
21	199250	860	1.6614974368359
21	204599	880	2.1781266265105
21	209865	900	1.3351698923685
21	215192	920	2.855913901808
21	220553	940	2.860523443097
21	225867	960	2.1159518574165
21	231141	980	2.0108156877927
21	236474	1000	1.4086751628827
21	241825	1020	1.4940090410594
21	247143	1040	2.13210552539
21	252466	1060	2.1309078521536
21	257760	1080	2.4134863253224
21	263203	1100	2.7299282966319
21	268564	1120	1.6291493088967
21	273893	1140	2.4248414001395
21	279193	1160	2.1997816875541
21	284569	1180	1.5957513071551
21	289892	1200	2.3679457404679
21	295230	1220	2.0871096084464
21	300483	1240	2.772774066629
21	305680	1260	3.4800335194449
21	310946	1280	2.4443697134756
21	316366	1300	3.2476219588652
21	321567	1320	2.3723595284314
21	326836	1340	1.8359440310305
21	332180	1360	3.0794884246807
21	337592	1380	3.762217000265
21	342990	1400	4.0732202461388
21	348276	1420	3.1006299288273
21	353595	1440	2.5965107496699
21	358893	1460	1.6214115114342
21	364129	1480	1.5966219196214
21	369442	1500	1.9496612053061
21	374788	1520	2.6476636981406
21	380222	1540	1.5992241560183
21	385483	1560	1.6229924614391
21	390834	1580	1.365755072068
21	396072	1600	2.6619351599811
21	401409	1620	1.7130351067874
21	406604	1640	1.4299860794191
21	411941	1660	2.548306415343
21	417237	1680	1.605812785518
21	422615	1700	1.3748895438715
21	427886	1720	2.649877651037
21	433176	1740	2.0839037320087
21	438462	1760	1.7300512767367
21	443797	1780	1.5308213274582
21	449003	1800	1.5892427456382
21	453867	1820	1.6157636215416
21	458116	1840	1.6137939878404
21	461914	1860	1.8646753703379
21	465271	1880	1.6968879642812
21	468154	1900	1.051107094662
21	470692	1920	1.8474047589905
21	472643	1940	2.3877586507116
21	474221	1960	1.5994942951837
21	475290	1980	3.2225126202372
21	475870	2000	0.57380316271961
22	34725	240	4.3901229834958
22	40009	260	1.9552235114564
22	45323	280	3.5042139014622
22	50569	300	3.3157251249146
22	55865	320	4.5312614247817
22	61168	340	2.0936857684442
22	66524	360	4.219441300857
22	71798	380	1.6211426611298
22	77215	400	4.5209215697995
22	82532	420	9.6264585680161
22	87782	440	4.168638302462
22	93139	460	4.4905213855791
22	98433	480	3.4159580069768
22	103741	500	5.0832643486005
22	109077	520	2.1207150045788
22	114388	540	7.3428542383385
22	119694	560	8.4427440348977
22	124968	580	9.9533089373074
22	130240	600	5.4219336940901
22	135516	620	6.1107194251248
22	140782	640	3.803275033982
22	146156	660	2.0093104226304
22	151456	680	4.2435859299346
22	156756	700	2.4503540665076
22	161995	720	2.5423647623117
22	167224	740	2.003511354891
22	172630	760	1.7805092001585
22	177888	780	3.7271415124146
22	183235	800	3.6310236074505
22	188604	820	2.4172924559093
22	193949	840	1.9728838966356
22	199250	860	2.7605737326124
22	204599	880	4.7442356011142
22	209865	900	1.7826786414874
22	215192	920	8.1562442145402
22	220553	940	8.1825943685078
22	225867	960	4.4772522629042
22	231141	980	4.0433797302732
22	236474	1000	1.9843657145227
22	241825	1020	2.2320630147671
22	247143	1040	4.5458739713987
22	252466	1060	4.5407682743698
22	257760	1080	5.8249162425184
22	263203	1100	7.4525085047515
22	268564	1120	2.6541274706787
22	273893	1140	5.8798558158305
22	279193	1160	4.8390394728985
22	284569	1180	2.5464222342871
22	289892	1200	5.6071670298001
22	295230	1220	4.3560265176695
22	300483	1240	7.6882760245701
22	305680	1260	12.11063329646
22	310946	1280	5.9749432961568
22	316366	1300	10.547048387703
22	321567	1320	5.6280897321395
22	326836	1340	3.3706904850765
22	332180	1360	9.4832489577422
22	337592	1380	14.154276757083
22	342990	1400	16.591123173555
22	348276	1420	9.6139059555396
22	353595	1440	6.7418680731515
22	358893	1460	2.6289752894114
22	364129	1480	2.5492015542154
22	369442	1500	3.8011788154756
22	374788	1520	7.0101230584516
22	380222	1540	2.5575179011925
22	385483	1560	2.6341045298881
22	390834	1580	1.8652869168794
22	396072	1600	7.0858987959438
22	401409	1620	2.9344892770862
22	406604	1640	2.0448601873325
22	411941	1660	6.4938655864781
22	417237	1680	2.5786347021329
22	422615	1700	1.8903212578473
22	427886	1720	7.0218515654654
22	433176	1740	4.34265476428
22	438462	1760	2.9930774201384
22	443797	1780	2.3434139366009
22	449003	1800	2.5256925045638
22	453867	1820	2.6106920806972
22	458116	1840	2.6043310351898
22	461914	1860	3.4770142367447
22	465271	1880	2.8794287633225
22	468154	1900	1.1048261244488
22	470692	1920	3.4129043435407
22	472643	1940	5.701391374048
22	474221	1960	2.5583820003251
22	475290	1980	10.384587587588
22	475870	2000	0.32925006954703
23	34725	240	1251.7489988445
23	40009	260	1256.1965035965
23	45323	280	1298.3786086444
23	50569	300	1299.9103584779
23	55865	320	1437.973425292
23	61168	340	1479.2491237921
23	66524	360	1391.5003165959
23	71798	380	1572.2901524918
23	77215	400	1171.0568193529
23	82532	420	1344.4946932845
23	87782	440	1433.6719590572
23	93139	460	1571.40622184
23	98433	480	1392.9352407024
23	103741	500	1385.9428649086
23	109077	520	1618.2735313417
23	114388	540	1475.5609296258
23	119694	560	1305.8599214907
23	124968	580	1479.4361402604
23	130240	600	1250.0230272675
23	135516	620	1296.9509912089
23	140782	640	1434.0234381503
23	146156	660	1569.1196599042
23	151456	680	1302.3836324024
23	156756	700	1250.3816965392
23	161995	720	1427.8977332444
23	167224	740	1389.8313892168
23	172630	760	1568.5113714511
23	177888	780	1432.8917193998
23	183235	800	1607.9255153172
23	188604	820	1295.5617925533
23	193949	840	1429.7137284623
23	199250	860	1343.6308563633
23	204599	880	1390.86380173
23	209865	900	1568.2297263952
23	215192	920	1389.0197669445
23	220553	940	1388.4153085535
23	225867	960	1163.092089032
23	231141	980	1249.2527762421
23	236474	1000	1525.0033276383
23	241825	1020	1298.9105525881
23	247143	1040	1384.9477478734
23	252466	1060	1435.5500002255
23	257760	1080	1431.0511999905
23	263203	1100	1614.094880071
23	268564	1120	1526.9277333159
23	273893	1140	1524.8431764818
23	279193	1160	1523.6553247809
23	284569	1180	1432.7261652033
23	289892	1200	1389.7698992716
23	295230	1220	1566.4422083922
23	300483	1240	1483.1408529149
23	305680	1260	1298.0745783723
23	310946	1280	1391.9887727804
23	316366	1300	1568.9593501101
23	321567	1320	1482.3984717834
23	326836	1340	1660.2594946967
23	332180	1360	1255.2202213978
23	337592	1380	1345.4300530546
23	342990	1400	1485.1026942212
23	348276	1420	1524.5321950164
23	353595	1440	1343.9114391967
23	358893	1460	1617.318800475
23	364129	1480	1428.0747641639
23	369442	1500	1203.7198188236
23	374788	1520	1338.2909719533
23	380222	1540	1385.0686590659
23	385483	1560	1433.5529841233
23	390834	1580	1430.3371159379
23	396072	1600	1440.7617040468
23	401409	1620	1575.8240111092
23	406604	1640	1479.6368758252
23	411941	1660	1567.1692945566
23	417237	1680	1386.9101876203
23	422615	1700	1570.5675607462
23	427886	1720	1476.4942468419
23	433176	1740	1434.8284613905
23	438462	1760	1614.4190433036
23	443797	1780	1476.2671691655
23	449003	1800	1566.4987561789
23	453867	1820	1207.1326407282
23	458116	1840	1164.3812564571
23	461914	1860	1122.6421119344
23	465271	1880	987.80685087925
23	468154	1900	944.99036054007
23	470692	1920	721.18552638139
23	472643	1940	631.16111778314
23	474221	1960	455.16589340522
23	475290	1980	366.84764387026
23	475870	2000	232.74066647967
24	34725	240	44.705321387302
24	40009	260	44.864160842734
24	45323	280	44.771676160153
24	50569	300	44.824495119926
24	55865	320	44.936669540375
24	61168	340	44.825731024002
24	66524	360	44.887106986966
24	71798	380	44.922575785479
24	77215	400	45.040646898187
24	82532	420	44.816489776149
24	87782	440	44.802248720539
24	93139	460	44.897320623999
24	98433	480	44.933394861367
24	103741	500	44.707834351891
24	109077	520	44.952042537268
24	114388	540	44.713967564417
24	119694	560	45.029652465198
24	124968	580	44.831398189708
24	130240	600	44.643679545269
24	135516	620	44.722447972721
24	140782	640	44.813232442198
24	146156	660	44.831990282978
24	151456	680	44.90978042767
24	156756	700	44.656489162115
24	161995	720	44.621804163887
24	167224	740	44.833270619898
24	172630	760	44.814610612889
24	177888	780	44.777866231242
24	183235	800	44.664597647701
24	188604	820	44.674544570802
24	193949	840	44.678554014445
24	199250	860	44.78769521211
24	204599	880	44.866574249356
24	209865	900	44.806563611293
24	215192	920	44.807089256275
24	220553	940	44.787590598499
24	225867	960	44.734311116617
24	231141	980	44.616170580075
24	236474	1000	44.853039048184
24	241825	1020	44.790019054763
24	247143	1040	44.675733802368
24	252466	1060	44.860937507047
24	257760	1080	44.720349999704
24	263203	1100	44.835968890861
24	268564	1120	44.909639215175
24	273893	1140	44.848328720053
24	279193	1160	44.813391905321
24	284569	1180	44.772692662604
24	289892	1200	44.831287073279
24	295230	1220	44.755491668347
24	300483	1240	44.943662209543
24	305680	1260	44.761192357666
24	310946	1280	44.902863638077
24	316366	1300	44.827410003145
24	321567	1320	44.921165811617
24	326836	1340	44.871878235047
24	332180	1360	44.829293621351
24	337592	1380	44.847668435154
24	342990	1400	45.003111946096
24	348276	1420	44.839182206366
24	353595	1440	44.797047973223
24	358893	1460	44.925522235416
24	364129	1480	44.627336380122
24	369442	1500	44.582215511986
24	374788	1520	44.609699065111
24	380222	1540	44.679634163417
24	385483	1560	44.798530753853
24	390834	1580	44.698034873058
24	396072	1600	45.023803251462
24	401409	1620	45.023543174548
24	406604	1640	44.837481085612
24	411941	1660	44.776265558759
24	417237	1680	44.739038310332
24	422615	1700	44.873358878463
24	427886	1720	44.742249904299
24	433176	1740	44.838389418454
24	438462	1760	44.844973425101
24	443797	1780	44.735368762591
24	449003	1800	44.757107319397
24	453867	1820	44.708616323268
24	458116	1840	44.783894479119
24	461914	1860	44.905684477376
24	465271	1880	44.900311403602
24	468154	1900	44.999540978098
24	470692	1920	45.074095398837
24	472643	1940	45.08293698451
24	474221	1960	45.516589340522
24	475290	1980	45.855955483783
24	475870	2000	46.548133295933
25	34725	240	0.78004504094186
25	40009	260	0.78621442915757
25	45323	280	0.74842949954417
25	50569	300	0.60955454618947
25	55865	320	0.94615832365308
25	61168	340	0.75375204688766
25	66524	360	0.76875671410078
25	71798	380	0.77277021106198
25	77215	400	1.0122463821772
25	82532	420	0.71016622247262
25	87782	440	0.68918422362176
25	93139	460	0.73239335636562
25	98433	480	0.83068674224316
25	103741	500	0.6129504836359
25	109077	520	0.90509867058149
25	114388	540	0.60122857796088
25	119694	560	1.0895468425
25	124968	580	0.67057424936245
25	130240	600	0.6498966743422
25	135516	620	0.73291022613185
25	140782	640	0.92196444335912
25	146156	660	0.9817611443133
25	151456	680	0.81232039148678
25	156756	700	0.62276842074609
25	161995	720	0.6925910038296
25	167224	740	1.0545609521468
25	172630	760	0.81740285898592
25	177888	780	0.71791818411625
25	183235	800	0.60701560914393
25	188604	820	0.46037965656697
25	193949	840	0.63198276615865
25	199250	860	0.55028468692547
25	204599	880	0.83593261841423
25	209865	900	0.85533554691359
25	215192	920	0.84501982133993
25	220553	940	0.71136554978231
25	225867	960	0.69217194901351
25	231141	980	0.57393950708427
25	236474	1000	0.85884481741551
25	241825	1020	0.8693234247862
25	247143	1040	0.52416647704007
25	252466	1060	0.76699888447665
25	257760	1080	0.67339212638972
25	263203	1100	0.84079353237466
25	268564	1120	0.87104952164013
25	273893	1140	0.88690216965485
25	279193	1160	0.78793643643024
25	284569	1180	0.86517214498035
25	289892	1200	0.73995401200608
25	295230	1220	0.74904900136988
25	300483	1240	0.99852702463478
25	305680	1260	0.71452470133004
25	310946	1280	0.73630612883335
25	316366	1300	0.66985612506262
25	321567	1320	0.93870268265808
25	326836	1340	0.70713888586825
25	332180	1360	0.80088010922941
25	337592	1380	0.70535326740358
25	342990	1400	1.3217229497646
25	348276	1420	0.70942718569484
25	353595	1440	0.54853878526681
25	358893	1460	0.74627025749937
25	364129	1480	0.69512166236349
25	369442	1500	0.59699928595892
25	374788	1520	0.50671035034231
25	380222	1540	0.62351749613746
25	385483	1560	0.83846513795743
25	390834	1580	0.77384911220405
25	396072	1600	1.3138561441128
25	401409	1620	1.0916900526768
25	406604	1640	0.83222810230005
25	411941	1660	0.72667791643361
25	417237	1680	0.6287626671521
25	422615	1700	0.90532004648142
25	427886	1720	0.85315003783605
25	433176	1740	0.78705124338788
25	438462	1760	0.91264643233932
25	443797	1780	0.78643968024006
25	449003	1800	0.78172700008546
25	453867	1820	0.69140995065186
25	458116	1840	0.68429480691352
25	461914	1860	0.95104687322611
25	465271	1880	0.88367177563084
25	468154	1900	1.0802428368889
25	470692	1920	1.0017306745911
25	472643	1940	0.91758928953211
25	474221	1960	0.75243002261389
25	475290	1980	1.0494289816756
25	475870	2000	0.51428865452829
26	34725	240	0.60847026589799
26	40009	260	0.61813312861556
26	45323	280	0.56014671578793
26	50569	300	0.37155674478025
26	55865	320	0.89521557341801
26	61168	340	0.56814214818734
26	66524	360	0.59098688547503
26	71798	380	0.59717379910478
26	77215	400	1.0246427382309
26	82532	420	0.50433606354102
26	87782	440	0.47497489408912
26	93139	460	0.5364000284485
26	98433	480	0.69004046373855
26	103741	500	0.37570829538948
26	109077	520	0.81920360348838
26	114388	540	0.36147580295686
26	119694	560	1.1871123220017
26	124968	580	0.44966982390801
26	130240	600	0.42236568732106
26	135516	620	0.53715739956864
26	140782	640	0.85001843481849
26	146156	660	0.96385494448335
26	151456	680	0.65986441842523
26	156756	700	0.38784050587859
26	161995	720	0.4796822985857
26	167224	740	1.1120988017927
26	172630	760	0.66814743387836
26	177888	780	0.51540651908478
26	183235	800	0.36846794974438
26	188604	820	0.21194942818072
26	193949	840	0.39940221672154
26	199250	860	0.30281323666466
26	204599	880	0.69878334252887
26	209865	900	0.73159889781397
26	215192	920	0.71405849845736
26	220553	940	0.50604094541708
26	225867	960	0.47910200700116
26	231141	980	0.32940655779213
26	236474	1000	0.73761442040148
26	241825	1020	0.75572321688201
26	247143	1040	0.2747504956526
26	252466	1060	0.58828728878842
26	257760	1080	0.45345695588367
26	263203	1100	0.70693376408306
26	268564	1120	0.75872726914949
26	273893	1140	0.78659545853848
26	279193	1160	0.62084382785438
26	284569	1180	0.7485228404499
26	289892	1200	0.5475319398839
26	295230	1220	0.56107440645321
26	300483	1240	0.99705621892598
26	305680	1260	0.51054554881078
26	310946	1280	0.54214671535756
26	316366	1300	0.44870722828391
26	321567	1320	0.88116272642948
26	326836	1340	0.50004540390699
26	332180	1360	0.64140894935931
26	337592	1380	0.49752323183691
26	342990	1400	1.7469515559344
26	348276	1420	0.50328693180291
26	353595	1440	0.30089479894199
26	358893	1460	0.55691929722817
26	364129	1480	0.48319412548698
26	369442	1500	0.35640814743547
26	374788	1520	0.25675537914402
26	380222	1540	0.38877406798953
26	385483	1560	0.70302378756997
26	390834	1580	0.59884244845899
26	396072	1600	1.7262179674229
26	401409	1620	1.1917871711136
26	406604	1640	0.69260361425794
26	411941	1660	0.5280607942323
26	417237	1680	0.39534249160423
26	422615	1700	0.81960438656112
26	427886	1720	0.72786498705965
26	433176	1740	0.61944965971841
26	438462	1760	0.8329235104617
26	443797	1780	0.61848737065608
26	449003	1800	0.61109710266261
26	453867	1820	0.4780477198604
26	458116	1840	0.46825938276881
26	461914	1860	0.90449015507315
26	465271	1880	0.78087580704657
26	468154	1900	1.1669245866499
26	470692	1920	1.0034643444168
26	472643	1940	0.84197010426404
26	474221	1960	0.56615093893074
26	475290	1980	1.1013011875807
26	475870	2000	0.26449282017652
