version 2
run statisticRVV-102-20150327-05:06:16-15912
attr c 5
attr configname statisticRVV
attr datetime 20150327-05:06:16
attr experiment statisticRVV
attr inifile omnetpp.ini
attr iterationvars "$sc=\"erlangen-low.launchd.xml\", $p=1/5, $c=5"
attr iterationvars2 "$sc=\"erlangen-low.launchd.xml\", $p=1/5, $c=5, $repetition=2"
attr measurement "$sc=\"erlangen-low.launchd.xml\", $p=1/5, $c=5"
attr network RSUExampleScenario
attr p 1/5
attr processid 15912
attr repetition 2
attr replication #2
attr resultdir results
attr runnumber 102
attr sc "\"erlangen-low.launchd.xml\""
attr seedset 102

vector 0  RSUExampleScenario.rsu[0].appl  Number_CH  ETV
vector 1  RSUExampleScenario.rsu[0].appl  Number_ON  ETV
vector 2  RSUExampleScenario.rsu[0].appl  Number_FN  ETV
vector 3  RSUExampleScenario.rsu[0].appl  Number_CH_Losts  ETV
vector 4  RSUExampleScenario.rsu[0].appl  Number_CH_Losts  ETV
vector 5  RSUExampleScenario.rsu[0].appl  Mean_Cluster_Size  ETV
vector 6  RSUExampleScenario.rsu[0].appl  StdDev_Cluster_Size  ETV
vector 7  RSUExampleScenario.rsu[0].appl  Variance_Cluster_Size  ETV
vector 8  RSUExampleScenario.rsu[0].appl  Mean_Neighbors  ETV
vector 9  RSUExampleScenario.rsu[0].appl  StdDev_Neighbors  ETV
vector 10  RSUExampleScenario.rsu[0].appl  Variance_Neighbors  ETV
vector 11  RSUExampleScenario.rsu[0].appl  Total_CH_Utility  ETV
vector 12  RSUExampleScenario.rsu[0].appl  Mean_CH_Utility  ETV
vector 13  RSUExampleScenario.rsu[0].appl  StdDev_CH_Utility  ETV
vector 14  RSUExampleScenario.rsu[0].appl  Variance_CH_Utility  ETV
vector 15  RSUExampleScenario.rsu[0].appl  Total_exp_CH_Utility  ETV
vector 16  RSUExampleScenario.rsu[0].appl  Mean_exp_CH_Utility  ETV
vector 17  RSUExampleScenario.rsu[0].appl  StdDev_exp_CH_Utility  ETV
vector 18  RSUExampleScenario.rsu[0].appl  Variance_exp_CH_Utility  ETV
vector 19  RSUExampleScenario.rsu[0].appl  Total_ON_Utility  ETV
vector 20  RSUExampleScenario.rsu[0].appl  Mean_ON_Utility  ETV
vector 21  RSUExampleScenario.rsu[0].appl  StdDev_ON_Utility  ETV
vector 22  RSUExampleScenario.rsu[0].appl  Variance_ON_Utility  ETV
vector 23  RSUExampleScenario.rsu[0].appl  Total_exp_ON_Utility  ETV
vector 24  RSUExampleScenario.rsu[0].appl  Mean_exp_ON_Utility  ETV
vector 25  RSUExampleScenario.rsu[0].appl  StdDev_exp_ON_Utility  ETV
vector 26  RSUExampleScenario.rsu[0].appl  Variance_exp_ON_Utility  ETV
0	34505	240	9
0	39925	260	11
0	45288	280	7
0	50560	300	10
0	55935	320	11
0	61282	340	6
0	66554	360	12
0	71785	380	10
0	77145	400	8
0	82342	420	11
0	87680	440	5
0	93043	460	10
0	98427	480	8
0	103752	500	8
0	109043	520	5
0	114275	540	9
0	119393	560	7
0	124795	580	10
0	130039	600	9
0	135329	620	5
0	140673	640	8
0	146026	660	5
0	151261	680	5
0	156567	700	9
0	161887	720	9
0	167161	740	4
0	172447	760	11
0	177765	780	7
0	183146	800	5
0	188438	820	7
0	193782	840	10
0	198953	860	9
0	204180	880	5
0	209510	900	4
0	214863	920	10
0	220253	940	10
0	225643	960	4
0	231026	980	6
0	236365	1000	7
0	241654	1020	6
0	246977	1040	8
0	252316	1060	7
0	257653	1080	8
0	262958	1100	10
0	268279	1120	5
0	273521	1140	8
0	278785	1160	5
0	284047	1180	8
0	289388	1200	7
0	294745	1220	9
0	300049	1240	7
0	305378	1260	6
0	310696	1280	10
0	315980	1300	5
0	321187	1320	9
0	326501	1340	5
0	331811	1360	5
0	337106	1380	4
0	342380	1400	5
0	347743	1420	9
0	352991	1440	8
0	358205	1460	6
0	363475	1480	7
0	368719	1500	7
0	374072	1520	7
0	379476	1540	8
0	384907	1560	8
0	390243	1580	7
0	395511	1600	7
0	400689	1620	12
0	405992	1640	6
0	411305	1660	7
0	416588	1680	7
0	421849	1700	9
0	427141	1720	9
0	432480	1740	11
0	437906	1760	10
0	443160	1780	7
0	448538	1800	7
0	453473	1820	8
0	457735	1840	7
0	461563	1860	7
0	464854	1880	4
0	467749	1900	3
0	470299	1920	6
0	472267	1940	2
0	473865	1960	3
0	474936	1980	1
0	475559	2000	2
1	34505	240	22
1	39925	260	22
1	45288	280	23
1	50560	300	28
1	55935	320	26
1	61282	340	24
1	66554	360	24
1	71785	380	24
1	77145	400	21
1	82342	420	27
1	87680	440	19
1	93043	460	26
1	98427	480	18
1	103752	500	28
1	109043	520	22
1	114275	540	25
1	119393	560	20
1	124795	580	23
1	130039	600	29
1	135329	620	20
1	140673	640	23
1	146026	660	23
1	151261	680	24
1	156567	700	30
1	161887	720	28
1	167161	740	17
1	172447	760	26
1	177765	780	23
1	183146	800	18
1	188438	820	20
1	193782	840	25
1	198953	860	29
1	204180	880	18
1	209510	900	16
1	214863	920	24
1	220253	940	22
1	225643	960	17
1	231026	980	16
1	236365	1000	19
1	241654	1020	24
1	246977	1040	25
1	252316	1060	16
1	257653	1080	26
1	262958	1100	24
1	268279	1120	22
1	273521	1140	25
1	278785	1160	23
1	284047	1180	27
1	289388	1200	28
1	294745	1220	25
1	300049	1240	17
1	305378	1260	20
1	310696	1280	27
1	315980	1300	17
1	321187	1320	24
1	326501	1340	16
1	331811	1360	16
1	337106	1380	14
1	342380	1400	24
1	347743	1420	25
1	352991	1440	29
1	358205	1460	21
1	363475	1480	25
1	368719	1500	24
1	374072	1520	27
1	379476	1540	30
1	384907	1560	22
1	390243	1580	21
1	395511	1600	19
1	400689	1620	28
1	405992	1640	14
1	411305	1660	19
1	416588	1680	23
1	421849	1700	25
1	427141	1720	23
1	432480	1740	24
1	437906	1760	26
1	443160	1780	23
1	448538	1800	19
1	453473	1820	23
1	457735	1840	20
1	461563	1860	16
1	464854	1880	14
1	467749	1900	15
1	470299	1920	13
1	472267	1940	9
1	473865	1960	10
1	474936	1980	5
1	475559	2000	6
2	34505	240	8
2	39925	260	8
2	45288	280	10
2	50560	300	2
2	55935	320	3
2	61282	340	9
2	66554	360	4
2	71785	380	6
2	77145	400	11
2	82342	420	2
2	87680	440	16
2	93043	460	5
2	98427	480	14
2	103752	500	5
2	109043	520	15
2	114275	540	5
2	119393	560	13
2	124795	580	8
2	130039	600	1
2	135329	620	15
2	140673	640	8
2	146026	660	12
2	151261	680	12
2	156567	700	1
2	161887	720	4
2	167161	740	19
2	172447	760	4
2	177765	780	9
2	183146	800	18
2	188438	820	13
2	193782	840	5
2	198953	860	3
2	204180	880	16
2	209510	900	20
2	214863	920	8
2	220253	940	9
2	225643	960	19
2	231026	980	18
2	236365	1000	15
2	241654	1020	10
2	246977	1040	8
2	252316	1060	17
2	257653	1080	7
2	262958	1100	8
2	268279	1120	14
2	273521	1140	7
2	278785	1160	13
2	284047	1180	5
2	289388	1200	6
2	294745	1220	6
2	300049	1240	16
2	305378	1260	14
2	310696	1280	3
2	315980	1300	18
2	321187	1320	7
2	326501	1340	20
2	331811	1360	18
2	337106	1380	21
2	342380	1400	12
2	347743	1420	6
2	352991	1440	3
2	358205	1460	13
2	363475	1480	9
2	368719	1500	9
2	374072	1520	8
2	379476	1540	3
2	384907	1560	10
2	390243	1580	12
2	395511	1600	15
2	400689	1620	0
2	405992	1640	20
2	411305	1660	14
2	416588	1680	9
2	421849	1700	6
2	427141	1720	8
2	432480	1740	5
2	437906	1760	6
2	443160	1780	10
2	448538	1800	13
2	453473	1820	6
2	457735	1840	7
2	461563	1860	8
2	464854	1880	9
2	467749	1900	6
2	470299	1920	2
2	472267	1940	7
2	473865	1960	1
2	474936	1980	4
2	475559	2000	0
3	34505	240	0
3	39925	260	2
3	45288	280	5
3	50560	300	0
3	55935	320	1
3	61282	340	1
3	66554	360	2
3	71785	380	0
3	77145	400	0
3	82342	420	2
3	87680	440	0
3	93043	460	1
3	98427	480	3
3	103752	500	1
3	109043	520	2
3	114275	540	1
3	119393	560	1
3	124795	580	1
3	130039	600	0
3	135329	620	0
3	140673	640	0
3	146026	660	0
3	151261	680	0
3	156567	700	0
3	161887	720	1
3	167161	740	1
3	172447	760	2
3	177765	780	1
3	183146	800	0
3	188438	820	1
3	193782	840	2
3	198953	860	1
3	204180	880	1
3	209510	900	0
3	214863	920	1
3	220253	940	1
3	225643	960	0
3	231026	980	2
3	236365	1000	1
3	241654	1020	0
3	246977	1040	1
3	252316	1060	1
3	257653	1080	0
3	262958	1100	3
3	268279	1120	0
3	273521	1140	0
3	278785	1160	0
3	284047	1180	0
3	289388	1200	0
3	294745	1220	0
3	300049	1240	1
3	305378	1260	0
3	310696	1280	0
3	315980	1300	2
3	321187	1320	2
3	326501	1340	2
3	331811	1360	1
3	337106	1380	0
3	342380	1400	0
3	347743	1420	0
3	352991	1440	0
3	358205	1460	0
3	363475	1480	1
3	368719	1500	1
3	374072	1520	1
3	379476	1540	1
3	384907	1560	1
3	390243	1580	0
3	395511	1600	1
3	400689	1620	0
3	405992	1640	0
3	411305	1660	1
3	416588	1680	1
3	421849	1700	0
3	427141	1720	3
3	432480	1740	3
3	437906	1760	1
3	443160	1780	0
3	448538	1800	0
3	453473	1820	1
3	457735	1840	1
3	461563	1860	0
3	464854	1880	1
3	467749	1900	0
3	470299	1920	2
3	472267	1940	0
3	473865	1960	0
3	474936	1980	0
3	475559	2000	0
4	34505	240	8
4	39925	260	6
4	45288	280	5
4	50560	300	2
4	55935	320	2
4	61282	340	8
4	66554	360	2
4	71785	380	5
4	77145	400	10
4	82342	420	0
4	87680	440	16
4	93043	460	4
4	98427	480	11
4	103752	500	3
4	109043	520	13
4	114275	540	4
4	119393	560	12
4	124795	580	7
4	130039	600	1
4	135329	620	15
4	140673	640	8
4	146026	660	11
4	151261	680	12
4	156567	700	1
4	161887	720	3
4	167161	740	18
4	172447	760	2
4	177765	780	8
4	183146	800	18
4	188438	820	12
4	193782	840	3
4	198953	860	2
4	204180	880	15
4	209510	900	20
4	214863	920	7
4	220253	940	7
4	225643	960	19
4	231026	980	16
4	236365	1000	14
4	241654	1020	10
4	246977	1040	7
4	252316	1060	16
4	257653	1080	7
4	262958	1100	5
4	268279	1120	14
4	273521	1140	7
4	278785	1160	13
4	284047	1180	5
4	289388	1200	6
4	294745	1220	6
4	300049	1240	15
4	305378	1260	14
4	310696	1280	3
4	315980	1300	16
4	321187	1320	5
4	326501	1340	17
4	331811	1360	17
4	337106	1380	21
4	342380	1400	12
4	347743	1420	6
4	352991	1440	3
4	358205	1460	13
4	363475	1480	8
4	368719	1500	8
4	374072	1520	6
4	379476	1540	1
4	384907	1560	9
4	390243	1580	12
4	395511	1600	12
4	400689	1620	0
4	405992	1640	20
4	411305	1660	13
4	416588	1680	8
4	421849	1700	6
4	427141	1720	5
4	432480	1740	2
4	437906	1760	4
4	443160	1780	10
4	448538	1800	13
4	453473	1820	5
4	457735	1840	6
4	461563	1860	8
4	464854	1880	8
4	467749	1900	6
4	470299	1920	0
4	472267	1940	7
4	473865	1960	1
4	474936	1980	4
4	475559	2000	0
5	34505	240	2.4444444444444
5	39925	260	2
5	45288	280	3.2857142857143
5	50560	300	2.8
5	55935	320	2.3636363636364
5	61282	340	4
5	66554	360	2
5	71785	380	2.4
5	77145	400	2.625
5	82342	420	2.4545454545455
5	87680	440	3.8
5	93043	460	2.6
5	98427	480	2.25
5	103752	500	3.5
5	109043	520	4.4
5	114275	540	2.7777777777778
5	119393	560	2.8571428571429
5	124795	580	2.3
5	130039	600	3.2222222222222
5	135329	620	4
5	140673	640	2.875
5	146026	660	4.6
5	151261	680	4.8
5	156567	700	3.3333333333333
5	161887	720	3.1111111111111
5	167161	740	4.25
5	172447	760	2.3636363636364
5	177765	780	3.2857142857143
5	183146	800	3.6
5	188438	820	2.8571428571429
5	193782	840	2.5
5	198953	860	3.2222222222222
5	204180	880	3.6
5	209510	900	4
5	214863	920	2.4
5	220253	940	2.2
5	225643	960	4.25
5	231026	980	2.6666666666667
5	236365	1000	2.7142857142857
5	241654	1020	4
5	246977	1040	3.125
5	252316	1060	2.2857142857143
5	257653	1080	3.25
5	262958	1100	2.4
5	268279	1120	4.4
5	273521	1140	3.125
5	278785	1160	4.6
5	284047	1180	3.375
5	289388	1200	4
5	294745	1220	2.7777777777778
5	300049	1240	2.4285714285714
5	305378	1260	3.3333333333333
5	310696	1280	2.7
5	315980	1300	3.4
5	321187	1320	2.6666666666667
5	326501	1340	3.2
5	331811	1360	3.2
5	337106	1380	3.5
5	342380	1400	4.8
5	347743	1420	2.7777777777778
5	352991	1440	3.625
5	358205	1460	3.5
5	363475	1480	3.5714285714286
5	368719	1500	3.4285714285714
5	374072	1520	3.8571428571429
5	379476	1540	3.75
5	384907	1560	2.75
5	390243	1580	3
5	395511	1600	2.7142857142857
5	400689	1620	2.3333333333333
5	405992	1640	2.3333333333333
5	411305	1660	2.7142857142857
5	416588	1680	3.2857142857143
5	421849	1700	2.7777777777778
5	427141	1720	2.5555555555556
5	432480	1740	2.1818181818182
5	437906	1760	2.6
5	443160	1780	3.2857142857143
5	448538	1800	2.7142857142857
5	453473	1820	2.875
5	457735	1840	2.8571428571429
5	461563	1860	2.2857142857143
5	464854	1880	3.5
5	467749	1900	5
5	470299	1920	2.1666666666667
5	472267	1940	4.5
5	473865	1960	3.3333333333333
5	474936	1980	5
5	475559	2000	3
6	34505	240	1.5898986690282
6	39925	260	1.0954451150103
6	45288	280	1.7043362064927
6	50560	300	1.3984117975602
6	55935	320	1.1200649331827
6	61282	340	1.2649110640674
6	66554	360	1.1281521496355
6	71785	380	1.3498971154211
6	77145	400	0.9161253813129
6	82342	420	1.3684762594679
6	87680	440	1.3038404810405
6	93043	460	0.6992058987801
6	98427	480	1.2817398889233
6	103752	500	1.1952286093344
6	109043	520	0.89442719099992
6	114275	540	1.4813657362193
6	119393	560	1.3451854182691
6	124795	580	1.1595018087284
6	130039	600	1.3944333775568
6	135329	620	1.2247448713916
6	140673	640	1.6420805617961
6	146026	660	0.54772255750517
6	151261	680	0.44721359549996
6	156567	700	1.3228756555323
6	161887	720	1.3642254619787
6	167161	740	1.5
6	172447	760	0.80903983495589
6	177765	780	1.7043362064927
6	183146	800	1.6733200530682
6	188438	820	1.3451854182691
6	193782	840	1.0801234497346
6	198953	860	1.092906420717
6	204180	880	1.5165750888103
6	209510	900	0.81649658092773
6	214863	920	1.1737877907773
6	220253	940	1.3984117975602
6	225643	960	0.95742710775634
6	231026	980	1.3662601021279
6	236365	1000	1.253566341056
6	241654	1020	1.0954451150103
6	246977	1040	0.99103120896511
6	252316	1060	1.1126972805284
6	257653	1080	0.88640526042792
6	262958	1100	1.0749676997731
6	268279	1120	0.54772255750517
6	273521	1140	1.3562026818605
6	278785	1160	0.54772255750517
6	284047	1180	1.3024701806293
6	289388	1200	0.81649658092773
6	294745	1220	1.5634719199411
6	300049	1240	1.1338934190277
6	305378	1260	1.6329931618555
6	310696	1280	1.4181364924122
6	315980	1300	1.3416407864999
6	321187	1320	1.5
6	326501	1340	1.6431676725155
6	331811	1360	1.7888543819998
6	337106	1380	1.7320508075689
6	342380	1400	0.44721359549996
6	347743	1420	0.97182531580755
6	352991	1440	1.0606601717798
6	358205	1460	1.0488088481702
6	363475	1480	0.78679579246944
6	368719	1500	1.6183471874254
6	374072	1520	1.2149857925879
6	379476	1540	0.88640526042792
6	384907	1560	1.2817398889233
6	390243	1580	1.4142135623731
6	395511	1600	1.253566341056
6	400689	1620	1.1547005383793
6	405992	1640	1.211060141639
6	411305	1660	1.3801311186847
6	416588	1680	1.4960264830862
6	421849	1700	1.4813657362193
6	427141	1720	1.0137937550497
6	432480	1740	1.0787197799412
6	437906	1760	1.2649110640674
6	443160	1780	1.1126972805284
6	448538	1800	1.6035674514745
6	453473	1820	1.6420805617961
6	457735	1840	1.6761634196951
6	461563	1860	1.6035674514745
6	464854	1880	1.7320508075689
6	467749	1900	0
6	470299	1920	0.98319208025018
6	472267	1940	0.70710678118655
6	473865	1960	2.0816659994661
6	474936	1980	nan
6	475559	2000	0
7	34505	240	2.5277777777778
7	39925	260	1.2
7	45288	280	2.9047619047619
7	50560	300	1.9555555555556
7	55935	320	1.2545454545455
7	61282	340	1.6
7	66554	360	1.2727272727273
7	71785	380	1.8222222222222
7	77145	400	0.83928571428571
7	82342	420	1.8727272727273
7	87680	440	1.7
7	93043	460	0.48888888888889
7	98427	480	1.6428571428571
7	103752	500	1.4285714285714
7	109043	520	0.8
7	114275	540	2.1944444444444
7	119393	560	1.8095238095238
7	124795	580	1.3444444444444
7	130039	600	1.9444444444444
7	135329	620	1.5
7	140673	640	2.6964285714286
7	146026	660	0.3
7	151261	680	0.2
7	156567	700	1.75
7	161887	720	1.8611111111111
7	167161	740	2.25
7	172447	760	0.65454545454545
7	177765	780	2.9047619047619
7	183146	800	2.8
7	188438	820	1.8095238095238
7	193782	840	1.1666666666667
7	198953	860	1.1944444444444
7	204180	880	2.3
7	209510	900	0.66666666666667
7	214863	920	1.3777777777778
7	220253	940	1.9555555555556
7	225643	960	0.91666666666667
7	231026	980	1.8666666666667
7	236365	1000	1.5714285714286
7	241654	1020	1.2
7	246977	1040	0.98214285714286
7	252316	1060	1.2380952380952
7	257653	1080	0.78571428571429
7	262958	1100	1.1555555555556
7	268279	1120	0.3
7	273521	1140	1.8392857142857
7	278785	1160	0.3
7	284047	1180	1.6964285714286
7	289388	1200	0.66666666666667
7	294745	1220	2.4444444444444
7	300049	1240	1.2857142857143
7	305378	1260	2.6666666666667
7	310696	1280	2.0111111111111
7	315980	1300	1.8
7	321187	1320	2.25
7	326501	1340	2.7
7	331811	1360	3.2
7	337106	1380	3
7	342380	1400	0.2
7	347743	1420	0.94444444444444
7	352991	1440	1.125
7	358205	1460	1.1
7	363475	1480	0.61904761904762
7	368719	1500	2.6190476190476
7	374072	1520	1.4761904761905
7	379476	1540	0.78571428571429
7	384907	1560	1.6428571428571
7	390243	1580	2
7	395511	1600	1.5714285714286
7	400689	1620	1.3333333333333
7	405992	1640	1.4666666666667
7	411305	1660	1.9047619047619
7	416588	1680	2.2380952380952
7	421849	1700	2.1944444444444
7	427141	1720	1.0277777777778
7	432480	1740	1.1636363636364
7	437906	1760	1.6
7	443160	1780	1.2380952380952
7	448538	1800	2.5714285714286
7	453473	1820	2.6964285714286
7	457735	1840	2.8095238095238
7	461563	1860	2.5714285714286
7	464854	1880	3
7	467749	1900	0
7	470299	1920	0.96666666666667
7	472267	1940	0.5
7	473865	1960	4.3333333333333
7	474936	1980	nan
7	475559	2000	0
8	34505	240	9
8	39925	260	9.1219512195122
8	45288	280	9.05
8	50560	300	9.25
8	55935	320	9.05
8	61282	340	9.1538461538462
8	66554	360	9
8	71785	380	9.2051282051282
8	77145	400	9.1282051282051
8	82342	420	8.9487179487179
8	87680	440	8.9
8	93043	460	8.780487804878
8	98427	480	9.025
8	103752	500	9.1
8	109043	520	8.8780487804878
8	114275	540	8.8461538461538
8	119393	560	8.7
8	124795	580	8.6585365853659
8	130039	600	9.025641025641
8	135329	620	8.925
8	140673	640	9.025641025641
8	146026	660	9.2051282051282
8	151261	680	8.7073170731707
8	156567	700	9.15
8	161887	720	8.6829268292683
8	167161	740	8.775
8	172447	760	8.875
8	177765	780	9.1794871794872
8	183146	800	8.8048780487805
8	188438	820	9.2820512820513
8	193782	840	8.875
8	198953	860	8.8292682926829
8	204180	880	8.7948717948718
8	209510	900	8.925
8	214863	920	8.6904761904762
8	220253	940	9.225
8	225643	960	9.125
8	231026	980	8.875
8	236365	1000	8.9512195121951
8	241654	1020	8.925
8	246977	1040	8.9024390243902
8	252316	1060	9.025
8	257653	1080	9
8	262958	1100	8.547619047619
8	268279	1120	8.7317073170732
8	273521	1140	9.025
8	278785	1160	8.8292682926829
8	284047	1180	9.05
8	289388	1200	9.0731707317073
8	294745	1220	9
8	300049	1240	8.85
8	305378	1260	8.8
8	310696	1280	8.975
8	315980	1300	8.975
8	321187	1320	8.95
8	326501	1340	8.825
8	331811	1360	9.0769230769231
8	337106	1380	9.0769230769231
8	342380	1400	8.7073170731707
8	347743	1420	9.1
8	352991	1440	8.975
8	358205	1460	8.75
8	363475	1480	8.9024390243902
8	368719	1500	8.75
8	374072	1520	9
8	379476	1540	9.075
8	384907	1560	9.175
8	390243	1580	9.125
8	395511	1600	9.1025641025641
8	400689	1620	8.8
8	405992	1640	9.075
8	411305	1660	8.975
8	416588	1680	8.8205128205128
8	421849	1700	8.725
8	427141	1720	8.95
8	432480	1740	9.15
8	437906	1760	9.219512195122
8	443160	1780	9.05
8	448538	1800	9.3333333333333
8	453473	1820	9.0810810810811
8	457735	1840	8.2352941176471
8	461563	1860	8.3548387096774
8	464854	1880	8.2592592592593
8	467749	1900	8.3333333333333
8	470299	1920	8.0952380952381
8	472267	1940	7.6666666666667
8	473865	1960	7.4285714285714
8	474936	1980	6.8
8	475559	2000	5.625
9	34505	240	1.6383560438183
9	39925	260	1.399912889276
9	45288	280	1.678674690924
9	50560	300	1.427747014867
9	55935	320	1.8390354216413
9	61282	340	1.4425573333213
9	66554	360	1.3774744634424
9	71785	380	1.2810252304407
9	77145	400	1.3988620785159
9	82342	420	1.2967310711883
9	87680	440	1.4464811413592
9	93043	460	1.7394279968132
9	98427	480	1.3490262395046
9	103752	500	1.549193338483
9	109043	520	1.5683609589508
9	114275	540	1.4425573333213
9	119393	560	1.6203829873339
9	124795	580	2.2091826101249
9	130039	600	1.4953820051848
9	135329	620	1.7886752009124
9	140673	640	1.36665514626
9	146026	660	1.489957385111
9	151261	680	1.8873778429216
9	156567	700	1.9942224241351
9	161887	720	1.9292359159813
9	167161	740	1.8740809713509
9	172447	760	2.1386252473769
9	177765	780	1.5195531696382
9	183146	800	2.2717780722941
9	188438	820	1.3945140249284
9	193782	840	1.4708710135364
9	198953	860	1.7592958680164
9	204180	880	1.8235230098196
9	209510	900	1.7303845726401
9	214863	920	2.1468990142687
9	220253	940	1.7169964831289
9	225643	960	2.0654359445467
9	231026	980	1.7713894300296
9	236365	1000	1.8967237478372
9	241654	1020	1.4030644117751
9	246977	1040	2.2672105994898
9	252316	1060	1.9012479032845
9	257653	1080	1.897366596101
9	262958	1100	2.2760940114364
9	268279	1120	1.7324028146465
9	273521	1140	1.5440124218977
9	278785	1160	1.6867489295149
9	284047	1180	1.4133067244713
9	289388	1200	1.737674363948
9	294745	1220	1.7831116564835
9	300049	1240	1.9813230492883
9	305378	1260	1.4884168150705
9	310696	1280	1.6715952767434
9	315980	1300	1.2297070737291
9	321187	1320	1.5843788720683
9	326501	1340	2.2970159013995
9	331811	1360	1.5624645744972
9	337106	1380	1.4935759876114
9	342380	1400	2.040145858009
9	347743	1420	1.7802333468483
9	352991	1440	1.3679012559954
9	358205	1460	2.1333733970597
9	363475	1480	1.7579089573806
9	368719	1500	1.427747014867
9	374072	1520	1.8439088914586
9	379476	1540	2.1047869738119
9	384907	1560	1.3938969538487
9	390243	1580	2.0901171602544
9	395511	1600	1.5354559034075
9	400689	1620	1.6824889987067
9	405992	1640	2.0679173221582
9	411305	1660	1.3490262395046
9	416588	1680	1.6038078844096
9	421849	1700	1.6484258225069
9	427141	1720	1.6322078801741
9	432480	1740	1.5450499950421
9	437906	1760	1.7104413921844
9	443160	1780	1.9341731155782
9	448538	1800	1.3828523788729
9	453473	1820	1.4216261889192
9	457735	1840	1.6707614582182
9	461563	1860	1.30507693507
9	464854	1880	1.5833895626543
9	467749	1900	1.8572224859501
9	470299	1920	1.4800257398019
9	472267	1940	1.8470962903656
9	473865	1960	1.785164750608
9	474936	1980	1.1352924243951
9	475559	2000	1.4078859531734
10	34505	240	2.6842105263158
10	39925	260	1.959756097561
10	45288	280	2.8179487179487
10	50560	300	2.0384615384615
10	55935	320	3.3820512820513
10	61282	340	2.080971659919
10	66554	360	1.8974358974359
10	71785	380	1.6410256410256
10	77145	400	1.9568151147099
10	82342	420	1.6815114709852
10	87680	440	2.0923076923077
10	93043	460	3.0256097560976
10	98427	480	1.8198717948718
10	103752	500	2.4
10	109043	520	2.459756097561
10	114275	540	2.080971659919
10	119393	560	2.625641025641
10	124795	580	4.880487804878
10	130039	600	2.2361673414305
10	135329	620	3.199358974359
10	140673	640	1.8677462887989
10	146026	660	2.2199730094467
10	151261	680	3.5621951219512
10	156567	700	3.9769230769231
10	161887	720	3.7219512195122
10	167161	740	3.5121794871795
10	172447	760	4.5737179487179
10	177765	780	2.3090418353576
10	183146	800	5.1609756097561
10	188438	820	1.944669365722
10	193782	840	2.1634615384615
10	198953	860	3.0951219512195
10	204180	880	3.3252361673414
10	209510	900	2.9942307692308
10	214863	920	4.6091753774681
10	220253	940	2.9480769230769
10	225643	960	4.2660256410256
10	231026	980	3.1378205128205
10	236365	1000	3.5975609756098
10	241654	1020	1.9685897435897
10	246977	1040	5.140243902439
10	252316	1060	3.6147435897436
10	257653	1080	3.6
10	262958	1100	5.1806039488966
10	268279	1120	3.0012195121951
10	273521	1140	2.3839743589744
10	278785	1160	2.8451219512195
10	284047	1180	1.9974358974359
10	289388	1200	3.019512195122
10	294745	1220	3.1794871794872
10	300049	1240	3.925641025641
10	305378	1260	2.2153846153846
10	310696	1280	2.7942307692308
10	315980	1300	1.5121794871795
10	321187	1320	2.5102564102564
10	326501	1340	5.2762820512821
10	331811	1360	2.4412955465587
10	337106	1380	2.2307692307692
10	342380	1400	4.1621951219512
10	347743	1420	3.1692307692308
10	352991	1440	1.8711538461538
10	358205	1460	4.5512820512821
10	363475	1480	3.090243902439
10	368719	1500	2.0384615384615
10	374072	1520	3.4
10	379476	1540	4.4301282051282
10	384907	1560	1.9429487179487
10	390243	1580	4.3685897435897
10	395511	1600	2.357624831309
10	400689	1620	2.8307692307692
10	405992	1640	4.2762820512821
10	411305	1660	1.8198717948718
10	416588	1680	2.5721997300945
10	421849	1700	2.7173076923077
10	427141	1720	2.6641025641026
10	432480	1740	2.3871794871795
10	437906	1760	2.9256097560976
10	443160	1780	3.7410256410256
10	448538	1800	1.9122807017544
10	453473	1820	2.021021021021
10	457735	1840	2.7914438502674
10	461563	1860	1.7032258064516
10	464854	1880	2.5071225071225
10	467749	1900	3.4492753623188
10	470299	1920	2.1904761904762
10	472267	1940	3.4117647058824
10	473865	1960	3.1868131868132
10	474936	1980	1.2888888888889
10	475559	2000	1.9821428571429
11	34505	240	411.53818774135
11	39925	260	505.59848599955
11	45288	280	324.32894838586
11	50560	300	463.47590618253
11	55935	320	519.32234853827
11	61282	340	272.39765216932
11	66554	360	562.48696151686
11	71785	380	466.63136828331
11	77145	400	370.20244633197
11	82342	420	507.63498108764
11	87680	440	228.46559793717
11	93043	460	464.0712540456
11	98427	480	373.96347254735
11	103752	500	369.94005206127
11	109043	520	228.30484234792
11	114275	540	414.02210266333
11	119393	560	325.37405661537
11	124795	580	467.89271414632
11	130039	600	421.37361373267
11	135329	620	229.52369403653
11	140673	640	366.88526938638
11	146026	660	231.59511041464
11	151261	680	230.46158017527
11	156567	700	416.00443834201
11	161887	720	417.30502379223
11	167161	740	184.52954696249
11	172447	760	518.85505097607
11	177765	780	321.31564714128
11	183146	800	234.00965805353
11	188438	820	322.62334801778
11	193782	840	466.03314970194
11	198953	860	413.41273446194
11	204180	880	230.20663748055
11	209510	900	189.34963649426
11	214863	920	461.05334522937
11	220253	940	461.43765114486
11	225643	960	181.01904849809
11	231026	980	267.23539427128
11	236365	1000	328.62407582286
11	241654	1020	275.05918637471
11	246977	1040	371.48338480455
11	252316	1060	324.48985188269
11	257653	1080	370.48542591938
11	262958	1100	460.08422949562
11	268279	1120	228.95571492834
11	273521	1140	371.7854009533
11	278785	1160	231.66231152869
11	284047	1180	365.44897500869
11	289388	1200	323.16969469358
11	294745	1220	425.02844736927
11	300049	1240	316.30958236374
11	305378	1260	274.38260879696
11	310696	1280	470.662653589
11	315980	1300	230.70316515909
11	321187	1320	410.1971068237
11	326501	1340	229.85755095255
11	331811	1360	232.51553114392
11	337106	1380	187.14452830154
11	342380	1400	228.41651651233
11	347743	1420	411.05696343581
11	352991	1440	370.3666956582
11	358205	1460	276.24909236746
11	363475	1480	322.10489325936
11	368719	1500	331.87335344363
11	374072	1520	322.91718908115
11	379476	1540	371.96188659917
11	384907	1560	364.77553272704
11	390243	1580	318.75576778435
11	395511	1600	322.90733001483
11	400689	1620	557.19959213972
11	405992	1640	281.00281888376
11	411305	1660	326.90981316661
11	416588	1680	329.41439747675
11	421849	1700	419.29699244482
11	427141	1720	418.61210624698
11	432480	1740	521.91525999474
11	437906	1760	466.96491747672
11	443160	1780	318.1913248227
11	448538	1800	321.25760718826
11	453473	1820	371.29186660293
11	457735	1840	319.63265509226
11	461563	1860	332.02716293843
11	464854	1880	188.48666903201
11	467749	1900	137.3605689993
11	470299	1920	284.57096543237
11	472267	1940	96.288733111704
11	473865	1960	148.75127985231
11	474936	1980	45.772654068242
11	475559	2000	96.533568981389
12	34505	240	45.726465304594
12	39925	260	45.963498727231
12	45288	280	46.332706912265
12	50560	300	46.347590618253
12	55935	320	47.211122594388
12	61282	340	45.399608694886
12	66554	360	46.873913459738
12	71785	380	46.663136828331
12	77145	400	46.275305791496
12	82342	420	46.148634644331
12	87680	440	45.693119587435
12	93043	460	46.40712540456
12	98427	480	46.745434068418
12	103752	500	46.242506507659
12	109043	520	45.660968469584
12	114275	540	46.002455851482
12	119393	560	46.48200808791
12	124795	580	46.789271414632
12	130039	600	46.819290414741
12	135329	620	45.904738807306
12	140673	640	45.860658673298
12	146026	660	46.319022082927
12	151261	680	46.092316035054
12	156567	700	46.222715371334
12	161887	720	46.367224865803
12	167161	740	46.132386740622
12	172447	760	47.168640997824
12	177765	780	45.902235305897
12	183146	800	46.801931610706
12	188438	820	46.089049716826
12	193782	840	46.603314970194
12	198953	860	45.934748273549
12	204180	880	46.041327496111
12	209510	900	47.337409123564
12	214863	920	46.105334522937
12	220253	940	46.143765114486
12	225643	960	45.254762124521
12	231026	980	44.539232378546
12	236365	1000	46.946296546123
12	241654	1020	45.843197729118
12	246977	1040	46.435423100569
12	252316	1060	46.355693126099
12	257653	1080	46.310678239922
12	262958	1100	46.008422949562
12	268279	1120	45.791142985669
12	273521	1140	46.473175119163
12	278785	1160	46.332462305737
12	284047	1180	45.681121876086
12	289388	1200	46.167099241939
12	294745	1220	47.22538304103
12	300049	1240	45.18708319482
12	305378	1260	45.730434799493
12	310696	1280	47.0662653589
12	315980	1300	46.140633031818
12	321187	1320	45.577456313745
12	326501	1340	45.97151019051
12	331811	1360	46.503106228785
12	337106	1380	46.786132075385
12	342380	1400	45.683303302466
12	347743	1420	45.672995937313
12	352991	1440	46.295836957276
12	358205	1460	46.041515394577
12	363475	1480	46.014984751337
12	368719	1500	47.410479063375
12	374072	1520	46.131027011594
12	379476	1540	46.495235824897
12	384907	1560	45.59694159088
12	390243	1580	45.536538254908
12	395511	1600	46.129618573547
12	400689	1620	46.433299344976
12	405992	1640	46.833803147294
12	411305	1660	46.701401880944
12	416588	1680	47.059199639535
12	421849	1700	46.588554716091
12	427141	1720	46.512456249665
12	432480	1740	47.446841817704
12	437906	1760	46.696491747672
12	443160	1780	45.4559035461
12	448538	1800	45.893943884037
12	453473	1820	46.411483325366
12	457735	1840	45.661807870322
12	461563	1860	47.432451848347
12	464854	1880	47.121667258002
12	467749	1900	45.7868563331
12	470299	1920	47.428494238728
12	472267	1940	48.144366555852
12	473865	1960	49.583759950769
12	474936	1980	45.772654068242
12	475559	2000	48.266784490694
13	34505	240	1.2097002355508
13	39925	260	1.4512750587661
13	45288	280	1.5390552664636
13	50560	300	1.6440592937803
13	55935	320	1.9600648828372
13	61282	340	0.91555359983314
13	66554	360	2.0706976567128
13	71785	380	3.0052276971894
13	77145	400	1.6485596359014
13	82342	420	1.3570808926998
13	87680	440	0.38184314271837
13	93043	460	1.2663271498488
13	98427	480	1.493741300419
13	103752	500	2.4129978788276
13	109043	520	1.3700884072756
13	114275	540	1.1321206377479
13	119393	560	1.3536849303467
13	124795	580	1.834343097074
13	130039	600	1.5181766984946
13	135329	620	1.2454664617708
13	140673	640	1.4616380376547
13	146026	660	1.0281931215673
13	151261	680	0.74390875808886
13	156567	700	0.91734680180749
13	161887	720	1.6153470270634
13	167161	740	1.0230121219178
13	172447	760	1.9012593990869
13	177765	780	1.0254145891444
13	183146	800	1.3649082171644
13	188438	820	0.92245156656858
13	193782	840	1.8213369464993
13	198953	860	1.7226250032645
13	204180	880	1.0613106772981
13	209510	900	2.2718715142799
13	214863	920	1.5899773613523
13	220253	940	1.2697326989465
13	225643	960	0.31491198599529
13	231026	980	1.1732393207075
13	236365	1000	2.0323478285064
13	241654	1020	1.2635166201503
13	246977	1040	1.9748380833162
13	252316	1060	0.81588689559719
13	257653	1080	1.685469328137
13	262958	1100	1.4272884850826
13	268279	1120	0.96562899334422
13	273521	1140	1.8107084830921
13	278785	1160	0.54784233527478
13	284047	1180	1.0396672487533
13	289388	1200	0.82558968140435
13	294745	1220	2.4615572618106
13	300049	1240	1.802388779955
13	305378	1260	1.3245142373066
13	310696	1280	2.7085449659722
13	315980	1300	2.7787992114532
13	321187	1320	1.0905852343749
13	326501	1340	1.4503989451618
13	331811	1360	1.831375828336
13	337106	1380	0.35714871194943
13	342380	1400	0.82020547938954
13	347743	1420	0.78131072883657
13	352991	1440	1.69875492452
13	358205	1460	1.2655155950031
13	363475	1480	1.1066739071492
13	368719	1500	2.6825937861273
13	374072	1520	2.3110809117691
13	379476	1540	0.83355155333907
13	384907	1560	1.3844587811033
13	390243	1580	1.9447335861622
13	395511	1600	0.8595844583841
13	400689	1620	1.5635045966543
13	405992	1640	1.2824588935924
13	411305	1660	2.4518416129152
13	416588	1680	1.1596818437012
13	421849	1700	1.5142509212616
13	427141	1720	1.5873843436392
13	432480	1740	2.4747982443859
13	437906	1760	1.681341049771
13	443160	1780	0.9282863432804
13	448538	1800	1.5568251553863
13	453473	1820	1.5003597127253
13	457735	1840	1.1385338522597
13	461563	1860	2.5252312865425
13	464854	1880	3.4606108680958
13	467749	1900	0.12390026966126
13	470299	1920	2.6851512001096
13	472267	1940	2.7919831300327
13	473865	1960	6.2555444532376
13	474936	1980	nan
13	475559	2000	0.63643671852025
14	34505	240	1.4633746598917
14	39925	260	2.1061992961964
14	45288	280	2.3686911132295
14	50560	300	2.7029309614655
14	55935	320	3.8418543449316
14	61282	340	0.83823839416742
14	66554	360	4.2877887855161
14	71785	380	9.0313935119541
14	77145	400	2.7177488731234
14	82342	420	1.841668549331
14	87680	440	0.14580418564104
14	93043	460	1.6035844504441
14	98427	480	2.2312630725774
14	103752	500	5.8225587632263
14	109043	520	1.877142243751
14	114275	540	1.2816971384146
14	119393	560	1.8324628906478
14	124795	580	3.3648145977829
14	130039	600	2.304860487852
14	135329	620	1.5511867073958
14	140673	640	2.136385753119
14	146026	660	1.0571810952383
14	151261	680	0.55340024036131
14	156567	700	0.84152515478643
14	161887	720	2.6093460178427
14	167161	740	1.0465538015908
14	172447	760	3.6147873026163
14	177765	780	1.0514750796302
14	183146	800	1.8629744412829
14	188438	820	0.85091689266483
14	193782	840	3.3172682726832
14	198953	860	2.9674369018719
14	204180	880	1.126380353747
14	209510	900	5.1614001773965
14	214863	920	2.5280280096128
14	220253	940	1.6122211267739
14	225643	960	0.099169558923496
14	231026	980	1.3764905036542
14	236365	1000	4.1304376960346
14	241654	1020	1.596474249396
14	246977	1040	3.8999854553162
14	252316	1060	0.66567142640723
14	257653	1080	2.8408068560907
14	262958	1100	2.0371524196494
14	268279	1120	0.93243935278696
14	273521	1140	3.2786652107418
14	278785	1160	0.30013122431932
14	284047	1180	1.0809079881304
14	289388	1200	0.68159832204134
14	294745	1220	6.0592641531726
14	300049	1240	3.2486053141079
14	305378	1260	1.754337964828
14	310696	1280	7.3362158326935
14	315980	1300	7.7217250575731
14	321187	1320	1.1893761534366
14	326501	1340	2.1036571001264
14	331811	1360	3.3539374246135
14	337106	1380	0.12755520244713
14	342380	1400	0.67273702842062
14	347743	1420	0.61044645499513
14	352991	1440	2.8857682935809
14	358205	1460	1.601529721196
14	363475	1480	1.2247271367649
14	368719	1500	7.196309421369
14	374072	1520	5.3410949807435
14	379476	1540	0.69480819207398
14	384907	1560	1.916726116574
14	390243	1580	3.7819887211474
14	395511	1600	0.73888544109548
14	400689	1620	2.4445466237591
14	405992	1640	1.6447008137541
14	411305	1660	6.0115272948224
14	416588	1680	1.3448619786103
14	421849	1700	2.2929558525415
14	427141	1720	2.5197890544308
14	432480	1740	6.1246263504153
14	437906	1760	2.8269077256449
14	443160	1780	0.8617155351209
14	448538	1800	2.4237045644435
14	453473	1820	2.2510792675692
14	457735	1840	1.2962593327412
14	461563	1860	6.3767930505333
14	464854	1880	11.975827580383
14	467749	1900	0.015351276822133
14	470299	1920	7.2100369674499
14	472267	1940	7.795169798387
14	473865	1960	39.131836406431
14	474936	1980	nan
14	475559	2000	0.40505169668082
15	34505	240	402.75156553957
15	39925	260	580.58776245728
15	45288	280	537.65145537029
15	50560	300	448.15111793121
15	55935	320	539.28546887856
15	61282	340	312.01346905036
15	66554	360	626.72970378694
15	71785	380	448.07767438245
15	77145	400	360.86621278314
15	82342	420	536.54484730995
15	87680	440	223.5686770227
15	93043	460	491.60819386929
15	98427	480	496.18284415408
15	103752	500	404.74415571499
15	109043	520	271.93273628826
15	114275	540	445.36033536733
15	119393	560	356.90538566475
15	124795	580	495.53314614106
15	130039	600	403.53928392785
15	135329	620	223.65668914507
15	140673	640	356.31820443447
15	146026	660	224.93766372411
15	151261	680	224.14851197666
15	156567	700	404.1866055802
15	161887	720	448.53408057243
15	167161	740	223.88810721962
15	172447	760	539.35088591963
15	177765	780	363.77450870182
15	183146	800	228.17871372938
15	188438	820	313.79378378686
15	193782	840	537.56651256231
15	198953	860	451.37933278444
15	204180	880	267.95542390164
15	209510	900	181.40158080887
15	214863	920	494.44112064246
15	220253	940	489.5245593079
15	225643	960	178.08957801092
15	231026	980	355.38609377439
15	236365	1000	362.19632185118
15	241654	1020	267.470101418
15	246977	1040	404.94220888337
15	252316	1060	360.22835809407
15	257653	1080	358.25737758431
15	262958	1100	579.98299163976
15	268279	1120	223.30119318065
15	273521	1140	356.5617797238
15	278785	1160	225.26256250323
15	284047	1180	358.61148337683
15	289388	1200	313.49793547154
15	294745	1220	405.17575485343
15	300049	1240	357.45878841614
15	305378	1260	268.82298928573
15	310696	1280	448.93123379113
15	315980	1300	317.92305967033
15	321187	1320	490.69108992985
15	326501	1340	314.30253489163
15	331811	1360	272.59624123593
15	337106	1380	180.25223162066
15	342380	1400	223.24692674372
15	347743	1420	401.53645678795
15	352991	1440	359.99477720498
15	358205	1460	267.81450548373
15	363475	1480	358.6435283883
15	368719	1500	359.47759264334
15	374072	1520	360.26393419814
15	379476	1540	403.20226080296
15	384907	1560	402.54338124868
15	390243	1580	310.79153947487
15	395511	1600	359.26716638079
15	400689	1620	537.86015966721
15	405992	1640	271.50885016499
15	411305	1660	359.83527215609
15	416588	1680	358.63646109368
15	421849	1700	404.04366613523
15	427141	1720	537.0874854785
15	432480	1740	632.19684689183
15	437906	1760	497.30764605772
15	443160	1780	311.62166306807
15	448538	1800	315.73366352364
15	453473	1820	406.50440678424
15	457735	1840	360.34381932122
15	461563	1860	313.65569643481
15	464854	1880	228.30487268367
15	467749	1900	135.41489797851
15	470299	1920	360.65895740908
15	472267	1940	93.551373692018
15	473865	1960	139.79965818318
15	474936	1980	45.441473937978
15	475559	2000	93.738637716375
16	34505	240	44.750173948841
16	39925	260	44.660597112098
16	45288	280	44.804287947524
16	50560	300	44.815111793121
16	55935	320	44.94045573988
16	61282	340	44.57335272148
16	66554	360	44.766407413353
16	71785	380	44.807767438245
16	77145	400	45.108276597892
16	82342	420	44.712070609163
16	87680	440	44.71373540454
16	93043	460	44.691653988117
16	98427	480	45.107531286735
16	103752	500	44.971572857221
16	109043	520	45.322122714711
16	114275	540	44.536033536733
16	119393	560	44.613173208094
16	124795	580	45.048467831006
16	130039	600	44.837698214205
16	135329	620	44.731337829013
16	140673	640	44.539775554309
16	146026	660	44.987532744821
16	151261	680	44.829702395333
16	156567	700	44.909622842244
16	161887	720	44.853408057243
16	167161	740	44.777621443925
16	172447	760	44.945907159969
16	177765	780	45.471813587727
16	183146	800	45.635742745877
16	188438	820	44.827683398122
16	193782	840	44.797209380192
16	198953	860	45.137933278444
16	204180	880	44.65923731694
16	209510	900	45.350395202218
16	214863	920	44.949192785678
16	220253	940	44.502232664354
16	225643	960	44.522394502731
16	231026	980	44.423261721799
16	236365	1000	45.274540231397
16	241654	1020	44.578350236334
16	246977	1040	44.993578764819
16	252316	1060	45.028544761758
16	257653	1080	44.782172198039
16	262958	1100	44.614076279981
16	268279	1120	44.66023863613
16	273521	1140	44.570222465476
16	278785	1160	45.052512500647
16	284047	1180	44.826435422104
16	289388	1200	44.785419353077
16	294745	1220	45.019528317048
16	300049	1240	44.682348552018
16	305378	1260	44.803831547621
16	310696	1280	44.893123379113
16	315980	1300	45.417579952905
16	321187	1320	44.608280902714
16	326501	1340	44.900362127375
16	331811	1360	45.432706872655
16	337106	1380	45.063057905166
16	342380	1400	44.649385348743
16	347743	1420	44.615161865328
16	352991	1440	44.999347150623
16	358205	1460	44.635750913955
16	363475	1480	44.830441048537
16	368719	1500	44.934699080417
16	374072	1520	45.032991774768
16	379476	1540	44.800251200329
16	384907	1560	44.727042360965
16	390243	1580	44.398791353553
16	395511	1600	44.908395797599
16	400689	1620	44.821679972267
16	405992	1640	45.251475027499
16	411305	1660	44.979409019511
16	416588	1680	44.82955763671
16	421849	1700	44.893740681693
16	427141	1720	44.757290456542
16	432480	1740	45.156917635131
16	437906	1760	45.209786005247
16	443160	1780	44.517380438296
16	448538	1800	45.104809074805
16	453473	1820	45.16715630936
16	457735	1840	45.042977415152
16	461563	1860	44.807956633544
16	464854	1880	45.660974536734
16	467749	1900	45.138299326169
16	470299	1920	45.082369676135
16	472267	1940	46.775686846009
16	473865	1960	46.59988606106
16	474936	1980	45.441473937978
16	475559	2000	46.869318858187
17	34505	240	0.56505897526066
17	39925	260	0.6558232230246
17	45288	280	0.38734032093856
17	50560	300	0.59068039838223
17	55935	320	0.97492362426931
17	61282	340	0.49068819448427
17	66554	360	0.70721453956938
17	71785	380	0.62281607477557
17	77145	400	1.2475809861928
17	82342	420	0.85606930366458
17	87680	440	0.34536081266721
17	93043	460	0.4017299538577
17	98427	480	0.54498649042835
17	103752	500	0.8160351086126
17	109043	520	1.4847841844689
17	114275	540	0.54653968049364
17	119393	560	0.54736501639803
17	124795	580	0.91808587699259
17	130039	600	0.72390912147717
17	135329	620	0.54881412760515
17	140673	640	0.47115161695932
17	146026	660	0.40365478700167
17	151261	680	0.56187158560037
17	156567	700	0.5933700272874
17	161887	720	0.92442592294269
17	167161	740	0.6280744445614
17	172447	760	1.0225684510352
17	177765	780	1.2668230921454
17	183146	800	0.87627881853708
17	188438	820	0.60655615341776
17	193782	840	0.8615590453823
17	198953	860	0.89887691277217
17	204180	880	0.78237202512133
17	209510	900	1.393594900613
17	214863	920	0.54341035004959
17	220253	940	0.54781149226514
17	225643	960	0.43367184805621
17	231026	980	0.28219143419069
17	236365	1000	1.0064758420658
17	241654	1020	0.59935353135545
17	246977	1040	0.89362118127647
17	252316	1060	0.42600363070922
17	257653	1080	0.65346282005418
17	262958	1100	0.78879533546664
17	268279	1120	0.66057120272905
17	273521	1140	0.54417786734205
17	278785	1160	0.43950859213227
17	284047	1180	0.41814313544848
17	289388	1200	0.40357777265463
17	294745	1220	0.76576899956649
17	300049	1240	0.51024721333093
17	305378	1260	0.32293532599984
17	310696	1280	0.68951899262774
17	315980	1300	1.0948116197848
17	321187	1320	0.63304589510492
17	326501	1340	0.88672117210192
17	331811	1360	0.85078162086148
17	337106	1380	0.29145939968599
17	342380	1400	0.87438515386741
17	347743	1420	0.46683439467054
17	352991	1440	1.2784947883101
17	358205	1460	0.66665796237976
17	363475	1480	0.83004479413929
17	368719	1500	1.0611466092142
17	374072	1520	0.92885915274344
17	379476	1540	0.82453962287565
17	384907	1560	0.34096834576517
17	390243	1580	0.26239232656616
17	395511	1600	0.97538467056875
17	400689	1620	0.8433359756351
17	405992	1640	1.1830503338156
17	411305	1660	0.84645348088962
17	416588	1680	0.53890550042589
17	421849	1700	0.99057226867326
17	427141	1720	0.97678283867518
17	432480	1740	1.1194572081699
17	437906	1760	1.5226296588486
17	443160	1780	0.4758636860631
17	448538	1800	0.74928117702391
17	453473	1820	0.90542000804426
17	457735	1840	0.90770949366585
17	461563	1860	0.58281834088267
17	464854	1880	1.3623997350038
17	467749	1900	0.69600927835954
17	470299	1920	0.95345100291834
17	472267	1940	1.6238993879472
17	473865	1960	1.6009296714257
17	474936	1980	nan
17	475559	2000	0.05065880861381
18	34505	240	0.31929164552263
18	39925	260	0.43010409985837
18	45288	280	0.15003252422479
18	50560	300	0.34890333303299
18	55935	320	0.95047607315841
18	61282	340	0.24077490420623
18	66554	360	0.50015240497833
18	71785	380	0.38789986299884
18	77145	400	1.5564583171098
18	82342	420	0.73285465267676
18	87680	440	0.11927409092616
18	93043	460	0.16138695582651
18	98427	480	0.29701027474941
18	103752	500	0.66591329848838
18	109043	520	2.204584074449
18	114275	540	0.29870562235409
18	119393	560	0.29960846117641
18	124795	580	0.84288167753325
18	130039	600	0.52404441615785
18	135329	620	0.301196946659
18	140673	640	0.22198384616338
18	146026	660	0.16293718706936
18	151261	680	0.31569967870508
18	156567	700	0.35208798928305
18	161887	720	0.85456328700844
18	167161	740	0.39447750791112
18	172447	760	1.0456462370526
18	177765	780	1.6048407467928
18	183146	800	0.76786456781675
18	188438	820	0.36791036724895
18	193782	840	0.74228398868006
18	198953	860	0.80797970431483
18	204180	880	0.61210598569245
18	209510	900	1.9421067470146
18	214863	920	0.29529480854102
18	220253	940	0.30009743105776
18	225643	960	0.18807127179649
18	231026	980	0.0796320055306
18	236365	1000	1.012993620662
18	241654	1020	0.35922465554825
18	246977	1040	0.79855881562595
18	252316	1060	0.18147909337743
18	257653	1080	0.42701365719317
18	262958	1100	0.62219808125393
18	268279	1120	0.4363543138749
18	273521	1140	0.29612955130495
18	278785	1160	0.19316780255809
18	284047	1180	0.17484368172269
18	289388	1200	0.16287501858087
18	294745	1220	0.58640216069707
18	300049	1240	0.26035221871198
18	305378	1260	0.10428722477862
18	310696	1280	0.47543644119437
18	315980	1300	1.1986124828157
18	321187	1320	0.40074710530919
18	326501	1340	0.78627443705381
18	331811	1360	0.72382936639569
18	337106	1380	0.084948581665316
18	342380	1400	0.76454939730373
18	347743	1420	0.21793435204741
18	352991	1440	1.6345489237362
18	358205	1460	0.44443283880434
18	363475	1480	0.68897436027773
18	368719	1500	1.1260321262467
18	374072	1520	0.86277932563527
18	379476	1540	0.67986558969192
18	384907	1560	0.11625941281384
18	390243	1580	0.068849733040802
18	395511	1600	0.95137525558052
18	400689	1620	0.71121556780041
18	405992	1640	1.3996080923413
18	411305	1660	0.71648349531015
18	416588	1680	0.29041913838928
18	421849	1700	0.98123341946449
18	427141	1720	0.95410471393035
18	432480	1740	1.2531844409236
18	437906	1760	2.3184010780054
18	443160	1780	0.22644624771356
18	448538	1800	0.56142228224233
18	453473	1820	0.81978539096686
18	457735	1840	0.82393652489111
18	461563	1860	0.33967721846923
18	464854	1880	1.8561330379385
18	467749	1900	0.48442891556257
18	470299	1920	0.909068814966
18	472267	1940	2.6370492221752
18	473865	1960	2.5629758128513
18	474936	1980	nan
18	475559	2000	0.0025663148901707
19	34505	240	999.60103486855
19	39925	260	1006.3400824366
19	45288	280	1057.8196454039
19	50560	300	1291.3748581839
19	55935	320	1215.0121566928
19	61282	340	1090.428918179
19	66554	360	1124.8741562602
19	71785	380	1108.3175416973
19	77145	400	963.27470053362
19	82342	420	1242.6780130779
19	87680	440	867.47338963736
19	93043	460	1203.077070775
19	98427	480	839.06247254827
19	103752	500	1284.5109625173
19	109043	520	1005.4282352987
19	114275	540	1142.6006246763
19	119393	560	920.81758649848
19	124795	580	1064.537648266
19	130039	600	1349.4344895306
19	135329	620	914.23671290269
19	140673	640	1055.0103551139
19	146026	660	1063.1100938026
19	151261	680	1106.6399818529
19	156567	700	1388.1333271764
19	161887	720	1291.3230758878
19	167161	740	782.05574221007
19	172447	760	1215.6416008582
19	177765	780	1051.4656751168
19	183146	800	833.55459908552
19	188438	820	923.49433715415
19	193782	840	1157.8145994994
19	198953	860	1327.8823305212
19	204180	880	823.67292816064
19	209510	900	752.31012402442
19	214863	920	1097.8645564167
19	220253	940	1017.5441733534
19	225643	960	769.3404425387
19	231026	980	715.82794229623
19	236365	1000	888.04080737774
19	241654	1020	1098.6849356278
19	246977	1040	1155.4917294466
19	252316	1060	737.82972526986
19	257653	1080	1198.2167532245
19	262958	1100	1110.3662667948
19	268279	1120	1007.0483459248
19	273521	1140	1159.9608914268
19	278785	1160	1064.7055357802
19	284047	1180	1237.569304638
19	289388	1200	1293.1750369624
19	294745	1220	1156.7146190707
19	300049	1240	770.87539198247
19	305378	1260	905.58421433508
19	310696	1280	1248.4403203584
19	315980	1300	777.44541888264
19	321187	1320	1091.4451809948
19	326501	1340	733.71364533283
19	331811	1360	749.05892760117
19	337106	1380	654.18071617212
19	342380	1400	1096.4510188436
19	347743	1420	1139.9493505814
19	352991	1440	1341.7836622658
19	358205	1460	968.33672654227
19	363475	1480	1147.2588360946
19	368719	1500	1121.9063249393
19	374072	1520	1242.0147312701
19	379476	1540	1395.4226955711
19	384907	1560	1006.2169782583
19	390243	1580	948.3072515062
19	395511	1600	878.21815876379
19	400689	1620	1303.2533628858
19	405992	1640	652.36698464214
19	411305	1660	875.50924131822
19	416588	1680	1075.3055494571
19	421849	1700	1158.5289694099
19	427141	1720	1066.921531337
19	432480	1740	1127.7449534763
19	437906	1760	1207.8529034999
19	443160	1780	1045.0495455435
19	448538	1800	870.99583324477
19	453473	1820	1052.4891163003
19	457735	1840	911.51211204641
19	461563	1860	745.42995574021
19	464854	1880	642.57432313374
19	467749	1900	686.8028449965
19	470299	1920	612.29676661639
19	472267	1940	431.32506879846
19	473865	1960	470.58104308989
19	474936	1980	228.86327034121
19	475559	2000	289.60070694417
20	34505	240	45.436410675843
20	39925	260	45.742731019844
20	45288	280	45.99215849582
20	50560	300	46.120530649426
20	55935	320	46.731236795877
20	61282	340	45.434538257459
20	66554	360	46.869756510841
20	71785	380	46.17989757072
20	77145	400	45.870223834934
20	82342	420	46.025111595479
20	87680	440	45.65649419144
20	93043	460	46.272195029809
20	98427	480	46.614581808237
20	103752	500	45.875391518475
20	109043	520	45.701283422669
20	114275	540	45.704024987053
20	119393	560	46.040879324924
20	124795	580	46.284245576782
20	130039	600	46.532223776917
20	135329	620	45.711835645134
20	140673	640	45.870015439733
20	146026	660	46.222177991416
20	151261	680	46.10999924387
20	156567	700	46.271110905881
20	161887	720	46.118681281708
20	167161	740	46.003278953534
20	172447	760	46.755446186853
20	177765	780	45.71589891812
20	183146	800	46.308588838084
20	188438	820	46.174716857707
20	193782	840	46.312583979978
20	198953	860	45.789045880042
20	204180	880	45.759607120035
20	209510	900	47.019382751526
20	214863	920	45.744356517361
20	220253	940	46.2520078797
20	225643	960	45.255320149335
20	231026	980	44.739246393514
20	236365	1000	46.738989861986
20	241654	1020	45.778538984493
20	246977	1040	46.219669177865
20	252316	1060	46.114357829366
20	257653	1080	46.085259739406
20	262958	1100	46.26526111645
20	268279	1120	45.774924814762
20	273521	1140	46.398435657073
20	278785	1160	46.291545033921
20	284047	1180	45.835900171779
20	289388	1200	46.184822748656
20	294745	1220	46.268584762826
20	300049	1240	45.345611293086
20	305378	1260	45.279210716754
20	310696	1280	46.238530383644
20	315980	1300	45.732083463685
20	321187	1320	45.476882541452
20	326501	1340	45.857102833302
20	331811	1360	46.816182975073
20	337106	1380	46.727194012294
20	342380	1400	45.685459118482
20	347743	1420	45.597974023256
20	352991	1440	46.268402147096
20	358205	1460	46.111272692489
20	363475	1480	45.890353443784
20	368719	1500	46.746096872472
20	374072	1520	46.000545602595
20	379476	1540	46.514089852369
20	384907	1560	45.737135375378
20	390243	1580	45.157488166962
20	395511	1600	46.222008355989
20	400689	1620	46.544762960206
20	405992	1640	46.597641760153
20	411305	1660	46.079433753591
20	416588	1680	46.752415193785
20	421849	1700	46.341158776397
20	427141	1720	46.387892666824
20	432480	1740	46.989373061511
20	437906	1760	46.455880903843
20	443160	1780	45.436936762761
20	448538	1800	45.841885960251
20	453473	1820	45.760396360883
20	457735	1840	45.57560560232
20	461563	1860	46.589372233763
20	464854	1880	45.898165938124
20	467749	1900	45.7868563331
20	470299	1920	47.099751278184
20	472267	1940	47.925007644274
20	473865	1960	47.058104308989
20	474936	1980	45.772654068242
20	475559	2000	48.266784490694
21	34505	240	1.5352290500889
21	39925	260	1.7407295045743
21	45288	280	2.1411712847963
21	50560	300	2.5891285127703
21	55935	320	2.362167766719
21	61282	340	1.4827698345317
21	66554	360	2.4916008086685
21	71785	380	2.1838945185026
21	77145	400	1.9965708659794
21	82342	420	1.5360981471045
21	87680	440	1.3767113781008
21	93043	460	1.7685002823614
21	98427	480	2.146123271847
21	103752	500	2.4388492040302
21	109043	520	2.2176188672846
21	114275	540	1.0668187939356
21	119393	560	1.8364387208014
21	124795	580	2.1034376632566
21	130039	600	1.7897716443739
21	135329	620	2.0671660580836
21	140673	640	2.2518486291539
21	146026	660	2.0283471983657
21	151261	680	2.4252571378085
21	156567	700	2.0702328991809
21	161887	720	2.1301547795647
21	167161	740	2.693670398515
21	172447	760	2.9334042681042
21	177765	780	1.5289356359469
21	183146	800	1.9687044033008
21	188438	820	1.6216540575456
21	193782	840	2.3067441344084
21	198953	860	2.1824001709011
21	204180	880	1.5498371305958
21	209510	900	3.3967363226891
21	214863	920	2.1175185544314
21	220253	940	2.0856912078207
21	225643	960	1.3532431276872
21	231026	980	1.3527504799865
21	236365	1000	2.8159641858795
21	241654	1020	2.410086720906
21	246977	1040	2.4273546825552
21	252316	1060	1.499511822873
21	257653	1080	2.4006179854563
21	262958	1100	1.7444269928726
21	268279	1120	2.4555729145128
21	273521	1140	2.9195664645774
21	278785	1160	2.6477075280208
21	284047	1180	2.5606892467662
21	289388	1200	2.7241819771401
21	294745	1220	2.5202159938138
21	300049	1240	1.8744994691508
21	305378	1260	1.6164803606053
21	310696	1280	2.2572478104502
21	315980	1300	2.5658490259591
21	321187	1320	1.6142908447859
21	326501	1340	1.8840356909863
21	331811	1360	2.5023361621682
21	337106	1380	2.0917766991747
21	342380	1400	1.4151284004899
21	347743	1420	1.162795183875
21	352991	1440	2.0397785067998
21	358205	1460	3.1013647013194
21	363475	1480	1.858932401428
21	368719	1500	3.9229466742126
21	374072	1520	3.0985597009579
21	379476	1540	2.3306406002961
21	384907	1560	1.3938675823338
21	390243	1580	1.4669955186786
21	395511	1600	1.6495210209599
21	400689	1620	2.2090706736526
21	405992	1640	1.7514470579145
21	411305	1660	2.3254604318042
21	416588	1680	2.3022955831709
21	421849	1700	2.3542620761694
21	427141	1720	1.9638419660298
21	432480	1740	2.5971532268378
21	437906	1760	2.5484663612477
21	443160	1780	1.5767270366013
21	448538	1800	3.2429988480405
21	453473	1820	1.9394333723843
21	457735	1840	1.9151632618466
21	461563	1860	2.6128326501663
21	464854	1880	2.3119470039314
21	467749	1900	1.7134714025441
21	470299	1920	3.153552995399
21	472267	1940	3.8772775465914
21	473865	1960	3.5796008079994
21	474936	1980	0.76644362194158
21	475559	2000	2.0286094682735
22	34505	240	2.3569282362369
22	39925	260	3.0301392080956
22	45288	280	4.5846144708363
22	50560	300	6.70358645564
22	55935	320	5.5798365581261
22	61282	340	2.1986063821971
22	66554	360	6.2080745897576
22	71785	380	4.7693952679457
22	77145	400	3.9862952228779
22	82342	420	2.3595975175377
22	87680	440	1.8953342185922
22	93043	460	3.1275932487123
22	98427	480	4.6058450979633
22	103752	500	5.947985439999
22	109043	520	4.9178334405367
22	114275	540	1.1381023390942
22	119393	560	3.3725071752587
22	124795	580	4.4244500032063
22	130039	600	3.2032825390049
22	135329	620	4.2731755116929
22	140673	640	5.0708222486222
22	146026	660	4.114192357118
22	151261	680	5.881872184491
22	156567	700	4.2858642568508
22	161887	720	4.5375593849022
22	167161	740	7.2558602158361
22	172447	760	8.6048606001321
22	177765	780	2.3376441788683
22	183146	800	3.8757970275761
22	188438	820	2.629761882354
22	193782	840	5.3210685016276
22	198953	860	4.7628705059493
22	204180	880	2.4019951313735
22	209510	900	11.537817645876
22	214863	920	4.4838848283614
22	220253	940	4.3501078143804
22	225643	960	1.8312669626326
22	231026	980	1.8299338611037
22	236365	1000	7.9296542961561
22	241654	1020	5.8085180022874
22	246977	1040	5.8920507549226
22	252316	1060	2.2485357069358
22	257653	1080	5.7629667120964
22	262958	1100	3.0430255334625
22	268279	1120	6.029838338489
22	273521	1140	8.5238683410852
22	278785	1160	7.0103551539381
22	284047	1180	6.5571294185041
22	289388	1200	7.4211674445751
22	294745	1220	6.3514886554748
22	300049	1240	3.5137482598466
22	305378	1260	2.6130087562228
22	310696	1280	5.0951676777823
22	315980	1300	6.5835812240152
22	321187	1320	2.6059349315596
22	326501	1340	3.5495904849101
22	331811	1360	6.2616862684946
22	337106	1380	4.3755297592104
22	342380	1400	2.002588389873
22	347743	1420	1.352092639643
22	352991	1440	4.1606963568025
22	358205	1460	9.61846301059
22	363475	1480	3.455629673079
22	368719	1500	15.389510608716
22	374072	1520	9.6010722204002
22	379476	1540	5.4318856077487
22	384907	1560	1.9428668370811
22	390243	1580	2.1520758518232
22	395511	1600	2.7209195985887
22	400689	1620	4.8799932411921
22	405992	1640	3.0675667966775
22	411305	1660	5.407766219887
22	416588	1680	5.3005649522882
22	421849	1700	5.5425499232895
22	427141	1720	3.8566752675397
22	432480	1740	6.7452048836738
22	437906	1760	6.4946807944109
22	443160	1780	2.4860681479494
22	448538	1800	10.517041528392
22	453473	1820	3.7614018059179
22	457735	1840	3.667850319527
22	461563	1860	6.8268944577752
22	464854	1880	5.3450989489876
22	467749	1900	2.9359842473365
22	470299	1920	9.9448964947903
22	472267	1940	15.033281173302
22	473865	1960	12.81354194463
22	474936	1980	0.58743582561492
22	475559	2000	4.1152563747689
23	34505	240	1346.2778250408
23	39925	260	1262.8702636719
23	45288	280	1256.6060140279
23	50560	300	1346.958175729
23	55935	320	1257.1005549671
23	61282	340	1434.3215377633
23	66554	360	1168.6381783781
23	71785	380	1298.0743225162
23	77145	400	1390.1776277869
23	82342	420	1208.9290356692
23	87680	440	1566.606782851
23	93043	460	1343.4884465884
23	98427	480	1294.6656213201
23	103752	500	1388.2804861436
23	109043	520	1573.1661053043
23	114275	540	1303.0859625082
23	119393	560	1437.3101282282
23	124795	580	1344.5225916354
23	130039	600	1344.6520571563
23	135329	620	1569.8066567434
23	140673	640	1395.6594410205
23	146026	660	1525.626656408
23	151261	680	1618.9879306521
23	156567	700	1392.8297739424
23	161887	720	1394.8669908375
23	167161	740	1568.2579123064
23	172447	760	1255.4219774154
23	177765	780	1386.6469945715
23	183146	800	1610.0300235667
23	188438	820	1434.1466042907
23	193782	840	1254.5157529843
23	198953	860	1391.5713768205
23	204180	880	1479.1729878685
23	209510	900	1609.865536741
23	214863	920	1390.8151274983
23	220253	940	1302.1916153002
23	225643	960	1618.2300515299
23	231026	980	1437.4123531304
23	236365	1000	1474.7312707483
23	241654	1020	1530.2045609449
23	246977	1040	1429.7646648717
23	252316	1060	1431.9503759707
23	257653	1080	1478.9562873936
23	262958	1100	1307.6196014755
23	268279	1120	1626.3366411939
23	273521	1140	1438.1922786653
23	278785	1160	1619.4864993749
23	284047	1180	1441.1283033367
23	289388	1200	1526.3652248634
23	294745	1220	1391.2627375958
23	300049	1240	1440.5088803132
23	305378	1260	1525.4328852277
23	310696	1280	1346.0520292086
23	315980	1300	1479.2101159714
23	321187	1320	1302.9857780853
23	326501	1340	1477.5773983894
23	331811	1360	1474.8697544429
23	337106	1380	1565.2769340772
23	342380	1400	1618.8575154803
23	347743	1420	1392.0934611264
23	352991	1440	1436.0869838018
23	358205	1460	1524.030770476
23	363475	1480	1486.3288229026
23	368719	1500	1437.9947821983
23	374072	1520	1479.7794038752
23	379476	1540	1387.912820251
23	384907	1560	1393.677080414
23	390243	1580	1480.7223194416
23	395511	1600	1386.1007234155
23	400689	1620	1255.0145949528
23	405992	1640	1518.2545514968
23	411305	1660	1432.8366011531
23	416588	1680	1389.8635859449
23	421849	1700	1389.000776082
23	427141	1720	1255.3843206244
23	432480	1740	1164.1051963607
23	437906	1760	1345.3227665172
23	443160	1780	1482.8581453819
23	448538	1800	1433.496206363
23	453473	1820	1253.0844584356
23	457735	1840	1171.0771983734
23	461563	1860	1084.4069108929
23	464854	1880	989.34161998305
23	467749	1900	946.81912829993
23	470299	1920	589.81503569533
23	472267	1940	727.93499595076
23	473865	1960	498.56137200546
23	474936	1980	414.12378763579
23	475559	2000	277.29113389852
24	34505	240	44.875927501361
24	39925	260	45.102509416852
24	45288	280	44.878786215283
24	50560	300	44.898605857633
24	55935	320	44.896448391682
24	61282	340	44.822548055104
24	66554	360	44.94762224531
24	71785	380	44.761183535041
24	77145	400	44.844439606028
24	82342	420	44.775149469229
24	87680	440	44.760193795742
24	93043	460	44.782948219614
24	98427	480	44.643642114488
24	103752	500	44.783241488504
24	109043	520	44.947603008695
24	114275	540	44.93399870718
24	119393	560	44.915941507133
24	124795	580	44.81741972118
24	130039	600	44.821735238544
24	135329	620	44.851618764096
24	140673	640	45.021272290984
24	146026	660	44.871372247293
24	151261	680	44.971886962558
24	156567	700	44.92999270782
24	161887	720	44.995709381855
24	167161	740	44.80736892304
24	172447	760	44.836499193408
24	177765	780	44.730548211985
24	183146	800	44.723056210186
24	188438	820	44.817081384084
24	193782	840	44.804134035152
24	198953	860	44.889399252275
24	204180	880	44.823423874803
24	209510	900	44.718487131694
24	214863	920	44.865004112848
24	220253	940	44.903159148284
24	225643	960	44.950834764721
24	231026	980	44.919136035324
24	236365	1000	44.688826386313
24	241654	1020	45.006016498379
24	246977	1040	44.680145777241
24	252316	1060	44.748449249085
24	257653	1080	44.816857193747
24	262958	1100	45.09033108536
24	268279	1120	45.176017810941
24	273521	1140	44.94350870829
24	278785	1160	44.985736093746
24	284047	1180	45.035259479271
24	289388	1200	44.893094848923
24	294745	1220	44.879443148251
24	300049	1240	45.015902509787
24	305378	1260	44.865673094932
24	310696	1280	44.868400973621
24	315980	1300	44.82454896883
24	321187	1320	44.930544071907
24	326501	1340	44.775072678466
24	331811	1360	44.693022861905
24	337106	1380	44.72219811649
24	342380	1400	44.968264318898
24	347743	1420	44.906240681497
24	352991	1440	44.877718243807
24	358205	1460	44.824434425766
24	363475	1480	45.040267360683
24	368719	1500	44.937336943697
24	374072	1520	44.841800117431
24	379476	1540	44.771381298418
24	384907	1560	44.957325174645
24	390243	1580	44.870373316412
24	395511	1600	44.712926561791
24	400689	1620	44.821949819744
24	405992	1640	44.654545632258
24	411305	1660	44.776143786034
24	416588	1680	44.834309224031
24	421849	1700	44.806476647806
24	427141	1720	44.835154308015
24	432480	1740	44.773276783104
24	437906	1760	44.844092217239
24	443160	1780	44.935095314602
24	448538	1800	44.796756448845
24	453473	1820	44.753016372701
24	457735	1840	45.04143070667
24	461563	1860	45.183621287204
24	464854	1880	44.970073635593
24	467749	1900	45.08662515714
24	470299	1920	45.370387361179
24	472267	1940	45.495937246923
24	473865	1960	45.323761091405
24	474936	1980	46.013754181755
24	475559	2000	46.215188983087
25	34505	240	0.86417469591233
25	39925	260	0.95658904738779
25	45288	280	1.1217705222819
25	50560	300	0.9411094248754
25	55935	320	0.93297835514663
25	61282	340	0.63629536752353
25	66554	360	0.99422525716008
25	71785	380	0.7370848629449
25	77145	400	0.8215162506546
25	82342	420	0.64089179261792
25	87680	440	0.67195641695846
25	93043	460	0.85526863906851
25	98427	480	0.58858193702605
25	103752	500	0.89654025013468
25	109043	520	1.1546362275631
25	114275	540	0.84288094352995
25	119393	560	0.76951013890129
25	124795	580	0.78774690198323
25	130039	600	0.67198744432031
25	135329	620	0.86486157092018
25	140673	640	0.90086355188332
25	146026	660	0.79265785355471
25	151261	680	1.1739512831942
25	156567	700	0.95908035217467
25	161887	720	0.82617202087654
25	167161	740	0.72939396162978
25	172447	760	0.84753080054287
25	177765	780	0.76112642928909
25	183146	800	0.80550866142324
25	188438	820	0.89605243009117
25	193782	840	0.64908496628492
25	198953	860	1.0120832032602
25	204180	880	0.66078773211014
25	209510	900	0.57867534066008
25	214863	920	0.77836294772035
25	220253	940	0.65040960907726
25	225643	960	0.80311008092474
25	231026	980	0.71671287064371
25	236365	1000	0.74033342977849
25	241654	1020	1.0533968209596
25	246977	1040	0.76726775123652
25	252316	1060	0.91099595239685
25	257653	1080	0.75022259082299
25	262958	1100	0.79180039702883
25	268279	1120	1.311572259393
25	273521	1140	0.83690228673166
25	278785	1160	0.98377643881817
25	284047	1180	1.0546001366752
25	289388	1200	0.69909394612552
25	294745	1220	0.66537317388019
25	300049	1240	0.85132949513551
25	305378	1260	0.7596437825001
25	310696	1280	0.84890995388029
25	315980	1300	0.73832175354456
25	321187	1320	0.70162725171883
25	326501	1340	1.0809517123199
25	331811	1360	0.76271333163613
25	337106	1380	0.68618988154751
25	342380	1400	1.0761014371284
25	347743	1420	0.89206200284353
25	352991	1440	0.79723163017553
25	358205	1460	0.87870628347611
25	363475	1480	1.1285455096352
25	368719	1500	1.0064045221334
25	374072	1520	0.74163037949461
25	379476	1540	0.70070947274257
25	384907	1560	1.0590838466248
25	390243	1580	0.9052861743745
25	395511	1600	0.61656859707508
25	400689	1620	0.70959994853722
25	405992	1640	0.70951106804414
25	411305	1660	0.65866739705195
25	416588	1680	0.79738930549222
25	421849	1700	0.68182277192851
25	427141	1720	0.76940111104129
25	432480	1740	0.77577870191814
25	437906	1760	0.80393699386788
25	443160	1780	0.79437127317993
25	448538	1800	0.72419185404428
25	453473	1820	0.51355468095773
25	457735	1840	0.94497116558589
25	461563	1860	1.1066844106061
25	464854	1880	0.87855470976551
25	467749	1900	0.88567443838742
25	470299	1920	0.91328459699993
25	472267	1940	1.3129583380457
25	473865	1960	0.76902882596906
25	474936	1980	0.9633084895138
25	475559	2000	0.82487310634702
26	34505	240	0.74679790505516
26	39925	260	0.91506260558229
26	45288	280	1.2583691046605
26	50560	300	0.88568694958931
26	55935	320	0.87044861117211
26	61282	340	0.40487179473191
26	66554	360	0.98848386197504
26	71785	380	0.5432940951825
26	77145	400	0.6748889500896
26	82342	420	0.41074228984501
26	87680	440	0.45152542629166
26	93043	460	0.73148444497411
26	98427	480	0.34642869659333
26	103752	500	0.80378442011155
26	109043	520	1.3331848180011
26	114275	540	0.71044828496595
26	119393	560	0.59214585387189
26	124795	580	0.62054518158418
26	130039	600	0.45156712532414
26	135329	620	0.74798553685452
26	140673	640	0.81155513911183
26	146026	660	0.62830647280196
26	151261	680	1.3781616153133
26	156567	700	0.91983512192749
26	161887	720	0.68256020807922
26	167161	740	0.53201555126199
26	172447	760	0.71830845786883
26	177765	780	0.57931344136236
26	183146	800	0.64884420362786
26	188438	820	0.8029099574723
26	193782	840	0.42131129345709
26	198953	860	1.0243124103214
26	204180	880	0.43664042690726
26	209510	900	0.33486514988806
26	214863	920	0.60584887838391
26	220253	940	0.42303265958003
26	225643	960	0.64498580208294
26	231026	980	0.51367733894635
26	236365	1000	0.54809358724759
26	241654	1020	1.1096448624078
26	246977	1040	0.58869980208754
26	252316	1060	0.82991362528344
26	257653	1080	0.56283393578116
26	262958	1100	0.62694786873501
26	268279	1120	1.7202217916092
26	273521	1140	0.70040543753669
26	278785	1160	0.96781608157375
26	284047	1180	1.1121814482753
26	289388	1200	0.48873234550935
26	294745	1220	0.4427214605194
26	300049	1240	0.72476190928767
26	305378	1260	0.57705867629105
26	310696	1280	0.72064810979704
26	315980	1300	0.54511901175711
26	321187	1320	0.49228080035452
26	326501	1340	1.1684566043674
26	331811	1360	0.58173162625548
26	337106	1380	0.47085655353819
26	342380	1400	1.1579943029899
26	347743	1420	0.79577461691722
26	352991	1440	0.63557827215233
26	358205	1460	0.7721247326204
26	363475	1480	1.2736149673178
26	368719	1500	1.0128500621705
26	374072	1520	0.55001561978932
26	379476	1540	0.49099376519118
26	384907	1560	1.1216585941816
26	390243	1580	0.81954305751362
26	395511	1600	0.38015683489914
26	400689	1620	0.50353208696402
26	405992	1640	0.50340595567714
26	411305	1660	0.43384273993918
26	416588	1680	0.63582970451337
26	421849	1700	0.46488229232028
26	427141	1720	0.59197806967158
26	432480	1740	0.60183259434979
26	437906	1760	0.64631469010932
26	443160	1780	0.6310257196535
26	448538	1800	0.5244538414641
26	453473	1820	0.2637384103336
26	457735	1840	0.89297050378876
26	461563	1860	1.2247503846785
26	464854	1880	0.77185837805115
26	467749	1900	0.78441921081287
26	470299	1920	0.83408875511733
26	472267	1940	1.7238595974438
26	473865	1960	0.59140533517135
26	474936	1980	0.92796324596936
26	475559	2000	0.68041564157459
