version 2
run statisticRVV-24-20150325-00:33:07-4388
attr c 16
attr configname statisticRVV
attr datetime 20150325-00:33:07
attr experiment statisticRVV
attr inifile omnetpp.ini
attr iterationvars "$sc=\"erlangen-low.launchd.xml\", $p=1/15, $c=16"
attr iterationvars2 "$sc=\"erlangen-low.launchd.xml\", $p=1/15, $c=16, $repetition=4"
attr measurement "$sc=\"erlangen-low.launchd.xml\", $p=1/15, $c=16"
attr network RSUExampleScenario
attr p 1/15
attr processid 4388
attr repetition 4
attr replication #4
attr resultdir results
attr runnumber 24
attr sc "\"erlangen-low.launchd.xml\""
attr seedset 24

vector 0  RSUExampleScenario.rsu[0].appl  Number_CH  ETV
vector 1  RSUExampleScenario.rsu[0].appl  Number_ON  ETV
vector 2  RSUExampleScenario.rsu[0].appl  Number_FN  ETV
vector 3  RSUExampleScenario.rsu[0].appl  Number_CH_Losts  ETV
vector 4  RSUExampleScenario.rsu[0].appl  Mean_Cluster_Size  ETV
vector 5  RSUExampleScenario.rsu[0].appl  StdDev_Cluster_Size  ETV
vector 6  RSUExampleScenario.rsu[0].appl  Variance_Cluster_Size  ETV
vector 7  RSUExampleScenario.rsu[0].appl  Mean_Neighbors  ETV
vector 8  RSUExampleScenario.rsu[0].appl  StdDev_Neighbors  ETV
vector 9  RSUExampleScenario.rsu[0].appl  Variance_Neighbors  ETV
vector 10  RSUExampleScenario.rsu[0].appl  Total_CH_Utility  ETV
vector 11  RSUExampleScenario.rsu[0].appl  Mean_CH_Utility  ETV
vector 12  RSUExampleScenario.rsu[0].appl  StdDev_CH_Utility  ETV
vector 13  RSUExampleScenario.rsu[0].appl  Variance_CH_Utility  ETV
vector 14  RSUExampleScenario.rsu[0].appl  Total_exp_CH_Utility  ETV
vector 15  RSUExampleScenario.rsu[0].appl  Mean_exp_CH_Utility  ETV
vector 16  RSUExampleScenario.rsu[0].appl  StdDev_exp_CH_Utility  ETV
vector 17  RSUExampleScenario.rsu[0].appl  Variance_exp_CH_Utility  ETV
vector 18  RSUExampleScenario.rsu[0].appl  Total_ON_Utility  ETV
vector 19  RSUExampleScenario.rsu[0].appl  Mean_ON_Utility  ETV
vector 20  RSUExampleScenario.rsu[0].appl  StdDev_ON_Utility  ETV
vector 21  RSUExampleScenario.rsu[0].appl  Variance_ON_Utility  ETV
vector 22  RSUExampleScenario.rsu[0].appl  Total_exp_ON_Utility  ETV
vector 23  RSUExampleScenario.rsu[0].appl  Mean_exp_ON_Utility  ETV
vector 24  RSUExampleScenario.rsu[0].appl  StdDev_exp_ON_Utility  ETV
vector 25  RSUExampleScenario.rsu[0].appl  Variance_exp_ON_Utility  ETV
0	34835	240	4
0	40280	260	2
0	45594	280	3
0	50874	300	3
0	56213	320	0
0	61394	340	2
0	66712	360	5
0	72013	380	3
0	77329	400	0
0	82693	420	2
0	88018	440	2
0	93331	460	1
0	98644	480	2
0	103916	500	0
0	109265	520	1
0	114541	540	1
0	119876	560	1
0	125164	580	2
0	130644	600	3
0	135955	620	1
0	141373	640	0
0	146629	660	1
0	151883	680	2
0	157139	700	1
0	162487	720	5
0	167834	740	0
0	173092	760	2
0	178513	780	2
0	183853	800	3
0	189107	820	4
0	194308	840	2
0	199724	860	3
0	205085	880	1
0	210442	900	2
0	215723	920	2
0	221163	940	1
0	226421	960	1
0	231750	980	1
0	237069	1000	2
0	242303	1020	3
0	247640	1040	2
0	252902	1060	3
0	258172	1080	3
0	263478	1100	1
0	268800	1120	2
0	274148	1140	3
0	279557	1160	1
0	284804	1180	2
0	290002	1200	0
0	295355	1220	1
0	300751	1240	3
0	305960	1260	2
0	311175	1280	4
0	316579	1300	4
0	322023	1320	0
0	327309	1340	0
0	332535	1360	5
0	337955	1380	3
0	343304	1400	4
0	348703	1420	3
0	354125	1440	3
0	359436	1460	0
0	364641	1480	2
0	369988	1500	2
0	375333	1520	0
0	380625	1540	0
0	385918	1560	1
0	391180	1580	1
0	396358	1600	0
0	401629	1620	4
0	406905	1640	1
0	412156	1660	1
0	417477	1680	2
0	422825	1700	0
0	428045	1720	1
0	433273	1740	2
0	438464	1760	1
0	443862	1780	4
0	449181	1800	1
0	454061	1820	5
0	458363	1840	4
0	462164	1860	0
0	465524	1880	4
0	468460	1900	1
0	470977	1920	0
0	472975	1940	0
0	474549	1960	0
0	475635	1980	1
0	476212	2000	2
1	34835	240	4
1	40280	260	3
1	45594	280	5
1	50874	300	4
1	56213	320	0
1	61394	340	4
1	66712	360	6
1	72013	380	4
1	77329	400	0
1	82693	420	3
1	88018	440	3
1	93331	460	1
1	98644	480	2
1	103916	500	0
1	109265	520	1
1	114541	540	1
1	119876	560	1
1	125164	580	2
1	130644	600	3
1	135955	620	1
1	141373	640	0
1	146629	660	1
1	151883	680	3
1	157139	700	1
1	162487	720	7
1	167834	740	0
1	173092	760	2
1	178513	780	3
1	183853	800	3
1	189107	820	5
1	194308	840	2
1	199724	860	6
1	205085	880	1
1	210442	900	3
1	215723	920	3
1	221163	940	1
1	226421	960	1
1	231750	980	1
1	237069	1000	3
1	242303	1020	4
1	247640	1040	3
1	252902	1060	5
1	258172	1080	4
1	263478	1100	1
1	268800	1120	3
1	274148	1140	4
1	279557	1160	2
1	284804	1180	3
1	290002	1200	0
1	295355	1220	2
1	300751	1240	4
1	305960	1260	4
1	311175	1280	7
1	316579	1300	6
1	322023	1320	0
1	327309	1340	0
1	332535	1360	8
1	337955	1380	3
1	343304	1400	6
1	348703	1420	6
1	354125	1440	6
1	359436	1460	0
1	364641	1480	3
1	369988	1500	2
1	375333	1520	0
1	380625	1540	0
1	385918	1560	1
1	391180	1580	2
1	396358	1600	0
1	401629	1620	6
1	406905	1640	2
1	412156	1660	2
1	417477	1680	3
1	422825	1700	0
1	428045	1720	1
1	433273	1740	2
1	438464	1760	2
1	443862	1780	4
1	449181	1800	2
1	454061	1820	7
1	458363	1840	5
1	462164	1860	0
1	465524	1880	5
1	468460	1900	1
1	470977	1920	0
1	472975	1940	0
1	474549	1960	0
1	475635	1980	1
1	476212	2000	2
2	34835	240	32
2	40280	260	36
2	45594	280	33
2	50874	300	33
2	56213	320	39
2	61394	340	34
2	66712	360	30
2	72013	380	34
2	77329	400	41
2	82693	420	36
2	88018	440	35
2	93331	460	38
2	98644	480	37
2	103916	500	40
2	109265	520	39
2	114541	540	37
2	119876	560	38
2	125164	580	36
2	130644	600	35
2	135955	620	38
2	141373	640	41
2	146629	660	39
2	151883	680	35
2	157139	700	38
2	162487	720	29
2	167834	740	42
2	173092	760	36
2	178513	780	36
2	183853	800	34
2	189107	820	31
2	194308	840	35
2	199724	860	31
2	205085	880	38
2	210442	900	36
2	215723	920	36
2	221163	940	39
2	226421	960	39
2	231750	980	39
2	237069	1000	36
2	242303	1020	33
2	247640	1040	36
2	252902	1060	32
2	258172	1080	32
2	263478	1100	39
2	268800	1120	35
2	274148	1140	33
2	279557	1160	38
2	284804	1180	35
2	290002	1200	40
2	295355	1220	38
2	300751	1240	34
2	305960	1260	33
2	311175	1280	29
2	316579	1300	31
2	322023	1320	40
2	327309	1340	40
2	332535	1360	27
2	337955	1380	35
2	343304	1400	32
2	348703	1420	33
2	354125	1440	31
2	359436	1460	40
2	364641	1480	35
2	369988	1500	35
2	375333	1520	40
2	380625	1540	40
2	385918	1560	38
2	391180	1580	36
2	396358	1600	40
2	401629	1620	31
2	406905	1640	37
2	412156	1660	38
2	417477	1680	36
2	422825	1700	41
2	428045	1720	38
2	433273	1740	36
2	438464	1760	36
2	443862	1780	33
2	449181	1800	38
2	454061	1820	25
2	458363	1840	25
2	462164	1860	31
2	465524	1880	19
2	468460	1900	21
2	470977	1920	21
2	472975	1940	18
2	474549	1960	14
2	475635	1980	9
2	476212	2000	3
3	34835	240	0
3	40280	260	2
3	45594	280	1
3	50874	300	1
3	56213	320	0
3	61394	340	2
3	66712	360	0
3	72013	380	0
3	77329	400	0
3	82693	420	0
3	88018	440	1
3	93331	460	1
3	98644	480	1
3	103916	500	1
3	109265	520	1
3	114541	540	0
3	119876	560	1
3	125164	580	1
3	130644	600	1
3	135955	620	2
3	141373	640	2
3	146629	660	0
3	151883	680	0
3	157139	700	1
3	162487	720	1
3	167834	740	0
3	173092	760	1
3	178513	780	1
3	183853	800	0
3	189107	820	0
3	194308	840	0
3	199724	860	0
3	205085	880	0
3	210442	900	2
3	215723	920	0
3	221163	940	0
3	226421	960	0
3	231750	980	3
3	237069	1000	1
3	242303	1020	2
3	247640	1040	3
3	252902	1060	0
3	258172	1080	1
3	263478	1100	1
3	268800	1120	1
3	274148	1140	0
3	279557	1160	0
3	284804	1180	0
3	290002	1200	0
3	295355	1220	0
3	300751	1240	3
3	305960	1260	0
3	311175	1280	0
3	316579	1300	0
3	322023	1320	1
3	327309	1340	0
3	332535	1360	0
3	337955	1380	0
3	343304	1400	0
3	348703	1420	0
3	354125	1440	1
3	359436	1460	1
3	364641	1480	1
3	369988	1500	0
3	375333	1520	1
3	380625	1540	1
3	385918	1560	0
3	391180	1580	1
3	396358	1600	1
3	401629	1620	0
3	406905	1640	0
3	412156	1660	0
3	417477	1680	0
3	422825	1700	1
3	428045	1720	2
3	433273	1740	1
3	438464	1760	0
3	443862	1780	1
3	449181	1800	0
3	454061	1820	0
3	458363	1840	0
3	462164	1860	0
3	465524	1880	0
3	468460	1900	0
3	470977	1920	0
3	472975	1940	0
3	474549	1960	0
3	475635	1980	0
3	476212	2000	0
4	34835	240	1
4	40280	260	1.5
4	45594	280	1.6666666666667
4	50874	300	1.3333333333333
4	56213	320	nan
4	61394	340	2
4	66712	360	1.2
4	72013	380	1.3333333333333
4	77329	400	nan
4	82693	420	1.5
4	88018	440	1.5
4	93331	460	1
4	98644	480	1
4	103916	500	nan
4	109265	520	1
4	114541	540	1
4	119876	560	1
4	125164	580	1
4	130644	600	1
4	135955	620	1
4	141373	640	nan
4	146629	660	1
4	151883	680	1.5
4	157139	700	1
4	162487	720	1.4
4	167834	740	nan
4	173092	760	1
4	178513	780	1.5
4	183853	800	1
4	189107	820	1.25
4	194308	840	1
4	199724	860	2
4	205085	880	1
4	210442	900	1.5
4	215723	920	1.5
4	221163	940	1
4	226421	960	1
4	231750	980	1
4	237069	1000	1.5
4	242303	1020	1.3333333333333
4	247640	1040	1.5
4	252902	1060	1.6666666666667
4	258172	1080	1.3333333333333
4	263478	1100	1
4	268800	1120	1.5
4	274148	1140	1.3333333333333
4	279557	1160	2
4	284804	1180	1.5
4	290002	1200	nan
4	295355	1220	2
4	300751	1240	1.3333333333333
4	305960	1260	2
4	311175	1280	1.75
4	316579	1300	1.5
4	322023	1320	nan
4	327309	1340	nan
4	332535	1360	1.6
4	337955	1380	1
4	343304	1400	1.5
4	348703	1420	2
4	354125	1440	2
4	359436	1460	nan
4	364641	1480	1.5
4	369988	1500	1
4	375333	1520	nan
4	380625	1540	nan
4	385918	1560	1
4	391180	1580	2
4	396358	1600	nan
4	401629	1620	1.5
4	406905	1640	2
4	412156	1660	2
4	417477	1680	1.5
4	422825	1700	nan
4	428045	1720	1
4	433273	1740	1
4	438464	1760	2
4	443862	1780	1
4	449181	1800	2
4	454061	1820	1.4
4	458363	1840	1.25
4	462164	1860	nan
4	465524	1880	1.25
4	468460	1900	1
4	470977	1920	nan
4	472975	1940	nan
4	474549	1960	nan
4	475635	1980	1
4	476212	2000	1
5	34835	240	0
5	40280	260	0.70710678118655
5	45594	280	0.57735026918963
5	50874	300	0.57735026918963
5	56213	320	nan
5	61394	340	0
5	66712	360	0.44721359549996
5	72013	380	0.57735026918963
5	77329	400	nan
5	82693	420	0.70710678118655
5	88018	440	0.70710678118655
5	93331	460	nan
5	98644	480	0
5	103916	500	nan
5	109265	520	nan
5	114541	540	nan
5	119876	560	nan
5	125164	580	0
5	130644	600	0
5	135955	620	nan
5	141373	640	nan
5	146629	660	nan
5	151883	680	0.70710678118655
5	157139	700	nan
5	162487	720	0.54772255750517
5	167834	740	nan
5	173092	760	0
5	178513	780	0.70710678118655
5	183853	800	0
5	189107	820	0.5
5	194308	840	0
5	199724	860	0
5	205085	880	nan
5	210442	900	0.70710678118655
5	215723	920	0.70710678118655
5	221163	940	nan
5	226421	960	nan
5	231750	980	nan
5	237069	1000	0.70710678118655
5	242303	1020	0.57735026918963
5	247640	1040	0.70710678118655
5	252902	1060	0.57735026918963
5	258172	1080	0.57735026918963
5	263478	1100	nan
5	268800	1120	0.70710678118655
5	274148	1140	0.57735026918963
5	279557	1160	nan
5	284804	1180	0.70710678118655
5	290002	1200	nan
5	295355	1220	nan
5	300751	1240	0.57735026918963
5	305960	1260	0
5	311175	1280	0.5
5	316579	1300	0.57735026918963
5	322023	1320	nan
5	327309	1340	nan
5	332535	1360	0.54772255750517
5	337955	1380	0
5	343304	1400	0.57735026918963
5	348703	1420	0
5	354125	1440	0
5	359436	1460	nan
5	364641	1480	0.70710678118655
5	369988	1500	0
5	375333	1520	nan
5	380625	1540	nan
5	385918	1560	nan
5	391180	1580	nan
5	396358	1600	nan
5	401629	1620	0.57735026918963
5	406905	1640	nan
5	412156	1660	nan
5	417477	1680	0.70710678118655
5	422825	1700	nan
5	428045	1720	nan
5	433273	1740	0
5	438464	1760	nan
5	443862	1780	0
5	449181	1800	nan
5	454061	1820	0.54772255750517
5	458363	1840	0.5
5	462164	1860	nan
5	465524	1880	0.5
5	468460	1900	nan
5	470977	1920	nan
5	472975	1940	nan
5	474549	1960	nan
5	475635	1980	nan
5	476212	2000	0
6	34835	240	0
6	40280	260	0.5
6	45594	280	0.33333333333333
6	50874	300	0.33333333333333
6	56213	320	nan
6	61394	340	0
6	66712	360	0.2
6	72013	380	0.33333333333333
6	77329	400	nan
6	82693	420	0.5
6	88018	440	0.5
6	93331	460	nan
6	98644	480	0
6	103916	500	nan
6	109265	520	nan
6	114541	540	nan
6	119876	560	nan
6	125164	580	0
6	130644	600	0
6	135955	620	nan
6	141373	640	nan
6	146629	660	nan
6	151883	680	0.5
6	157139	700	nan
6	162487	720	0.3
6	167834	740	nan
6	173092	760	0
6	178513	780	0.5
6	183853	800	0
6	189107	820	0.25
6	194308	840	0
6	199724	860	0
6	205085	880	nan
6	210442	900	0.5
6	215723	920	0.5
6	221163	940	nan
6	226421	960	nan
6	231750	980	nan
6	237069	1000	0.5
6	242303	1020	0.33333333333333
6	247640	1040	0.5
6	252902	1060	0.33333333333333
6	258172	1080	0.33333333333333
6	263478	1100	nan
6	268800	1120	0.5
6	274148	1140	0.33333333333333
6	279557	1160	nan
6	284804	1180	0.5
6	290002	1200	nan
6	295355	1220	nan
6	300751	1240	0.33333333333333
6	305960	1260	0
6	311175	1280	0.25
6	316579	1300	0.33333333333333
6	322023	1320	nan
6	327309	1340	nan
6	332535	1360	0.3
6	337955	1380	0
6	343304	1400	0.33333333333333
6	348703	1420	0
6	354125	1440	0
6	359436	1460	nan
6	364641	1480	0.5
6	369988	1500	0
6	375333	1520	nan
6	380625	1540	nan
6	385918	1560	nan
6	391180	1580	nan
6	396358	1600	nan
6	401629	1620	0.33333333333333
6	406905	1640	nan
6	412156	1660	nan
6	417477	1680	0.5
6	422825	1700	nan
6	428045	1720	nan
6	433273	1740	0
6	438464	1760	nan
6	443862	1780	0
6	449181	1800	nan
6	454061	1820	0.3
6	458363	1840	0.25
6	462164	1860	nan
6	465524	1880	0.25
6	468460	1900	nan
6	470977	1920	nan
6	472975	1940	nan
6	474549	1960	nan
6	475635	1980	nan
6	476212	2000	0
7	34835	240	9.2
7	40280	260	8.8536585365854
7	45594	280	9.25
7	50874	300	8.95
7	56213	320	9.2307692307692
7	61394	340	8.9230769230769
7	66712	360	8.8536585365854
7	72013	380	9.125
7	77329	400	8.7317073170732
7	82693	420	8.9
7	88018	440	9
7	93331	460	9.075
7	98644	480	8.8780487804878
7	103916	500	8.95
7	109265	520	8.9024390243902
7	114541	540	9.1282051282051
7	119876	560	8.9
7	125164	580	9.075
7	130644	600	9.425
7	135955	620	8.925
7	141373	640	9.2
7	146629	660	8.8780487804878
7	151883	680	8.775
7	157139	700	8.775
7	162487	720	8.8048780487805
7	167834	740	8.9047619047619
7	173092	760	9.025
7	178513	780	9.1463414634146
7	183853	800	9.025
7	189107	820	9.2307692307692
7	194308	840	8.8974358974359
7	199724	860	9.075
7	205085	880	8.925
7	210442	900	8.9512195121951
7	215723	920	8.9756097560976
7	221163	940	9.1
7	226421	960	8.7073170731707
7	231750	980	9.225
7	237069	1000	9
7	242303	1020	9.125
7	247640	1040	8.7
7	252902	1060	9.1
7	258172	1080	9.0769230769231
7	263478	1100	8.9268292682927
7	268800	1120	9.05
7	274148	1140	9.25
7	279557	1160	9.0487804878049
7	284804	1180	8.875
7	290002	1200	8.85
7	295355	1220	8.85
7	300751	1240	9.05
7	305960	1260	8.974358974359
7	311175	1280	8.85
7	316579	1300	9.05
7	322023	1320	9.25
7	327309	1340	9.075
7	332535	1360	8.975
7	337955	1380	8.9756097560976
7	343304	1400	8.9512195121951
7	348703	1420	8.9512195121951
7	354125	1440	9.15
7	359436	1460	8.8
7	364641	1480	8.9
7	369988	1500	9.1538461538462
7	375333	1520	9.15
7	380625	1540	8.975
7	385918	1560	9.075
7	391180	1580	9
7	396358	1600	8.8
7	401629	1620	8.609756097561
7	406905	1640	8.75
7	412156	1660	9.15
7	417477	1680	8.7560975609756
7	422825	1700	8.7317073170732
7	428045	1720	9.2051282051282
7	433273	1740	8.775
7	438464	1760	8.9230769230769
7	443862	1780	8.7073170731707
7	449181	1800	8.6341463414634
7	454061	1820	8.6756756756757
7	458363	1840	8.3529411764706
7	462164	1860	8.1935483870968
7	465524	1880	8
7	468460	1900	8.0434782608696
7	470977	1920	8
7	472975	1940	7.5
7	474549	1960	7.2142857142857
7	475635	1980	6.3636363636364
7	476212	2000	4.5714285714286
8	34835	240	1.9767883821219
8	40280	260	2.2645195473848
8	45594	280	1.4632243987255
8	50874	300	1.1972189997379
8	56213	320	1.459299371572
8	61394	340	1.5792172508892
8	66712	360	1.9178239701515
8	72013	380	1.4533339214301
8	77329	400	2.3132703067725
8	82693	420	2.0102302457743
8	88018	440	1.9348358440937
8	93331	460	2.0049617938684
8	98644	480	1.7775702792185
8	103916	500	1.9208705291465
8	109265	520	1.6704023175388
8	114541	540	1.592407762833
8	119876	560	1.9974342516698
8	125164	580	1.575249268024
8	130644	600	1.4480313780422
8	135955	620	1.639066338358
8	141373	640	2.0025624610125
8	146629	660	2.1118134618287
8	151883	680	1.8043750249794
8	157139	700	1.5273153923445
8	162487	720	1.805817158451
8	167834	740	1.8585271353036
8	173092	760	1.7019973183865
8	178513	780	1.9565400022713
8	183853	800	2.0937942494367
8	189107	820	1.459299371572
8	194308	840	1.586038955433
8	199724	860	1.7004901254246
8	205085	880	1.7742820866697
8	210442	900	1.7168462294596
8	215723	920	1.4051299740246
8	221163	940	1.481509971236
8	226421	960	1.7211028795372
8	231750	980	1.6715952767434
8	237069	1000	1.8841443681417
8	242303	1020	1.6974717247749
8	247640	1040	1.6203829873339
8	252902	1060	1.7802333468483
8	258172	1080	1.691847563505
8	263478	1100	1.7942999178292
8	268800	1120	1.8250395148515
8	274148	1140	1.5483655567843
8	279557	1160	1.9358618172818
8	284804	1180	1.6359346109433
8	290002	1200	1.8749358963401
8	295355	1220	1.4771767944465
8	300751	1240	1.9208705291465
8	305960	1260	1.7242417019356
8	311175	1280	1.1668498024761
8	316579	1300	1.7089507952287
8	322023	1320	1.9315199276138
8	327309	1340	1.4030644117751
8	332535	1360	1.9012479032845
8	337955	1380	1.7816818582178
8	343304	1400	1.9615200676031
8	348703	1420	1.8020990471142
8	354125	1440	1.6259119728908
8	359436	1460	1.7423826892785
8	364641	1480	1.6763819404469
8	369988	1500	1.6469822729123
8	375333	1520	1.5778921350154
8	380625	1540	1.3490262395046
8	385918	1560	1.4916433890176
8	391180	1580	1.4867838833501
8	396358	1600	1.5884196306634
8	401629	1620	1.7446783196407
8	406905	1640	1.6756169931378
8	412156	1660	1.5283643007796
8	417477	1680	2.1304986247928
8	422825	1700	1.9496716421478
8	428045	1720	1.2603150646082
8	433273	1740	1.8325756009871
8	438464	1760	1.5110925880688
8	443862	1780	2.0030464602578
8	449181	1800	1.8132305088016
8	454061	1820	1.4917188827742
8	458363	1840	1.6856318470258
8	462164	1860	1.6210974644503
8	465524	1880	1.6329931618555
8	468460	1900	1.5514878744308
8	470977	1920	1.7320508075689
8	472975	1940	1.6890651782778
8	474549	1960	1.7177163475235
8	475635	1980	0.67419986246324
8	476212	2000	1.5118578920369
9	34835	240	3.9076923076923
9	40280	260	5.1280487804878
9	45594	280	2.1410256410256
9	50874	300	1.4333333333333
9	56213	320	2.1295546558704
9	61394	340	2.4939271255061
9	66712	360	3.6780487804878
9	72013	380	2.1121794871795
9	77329	400	5.3512195121951
9	82693	420	4.0410256410256
9	88018	440	3.7435897435897
9	93331	460	4.0198717948718
9	98644	480	3.159756097561
9	103916	500	3.6897435897436
9	109265	520	2.790243902439
9	114541	540	2.5357624831309
9	119876	560	3.9897435897436
9	125164	580	2.4814102564103
9	130644	600	2.0967948717949
9	135955	620	2.6865384615385
9	141373	640	4.0102564102564
9	146629	660	4.459756097561
9	151883	680	3.2557692307692
9	157139	700	2.3326923076923
9	162487	720	3.2609756097561
9	167834	740	3.4541231126597
9	173092	760	2.8967948717949
9	178513	780	3.8280487804878
9	183853	800	4.3839743589744
9	189107	820	2.1295546558704
9	194308	840	2.5155195681511
9	199724	860	2.8916666666667
9	205085	880	3.1480769230769
9	210442	900	2.9475609756098
9	215723	920	1.9743902439024
9	221163	940	2.1948717948718
9	226421	960	2.9621951219512
9	231750	980	2.7942307692308
9	237069	1000	3.55
9	242303	1020	2.8814102564103
9	247640	1040	2.625641025641
9	252902	1060	3.1692307692308
9	258172	1080	2.8623481781377
9	263478	1100	3.219512195122
9	268800	1120	3.3307692307692
9	274148	1140	2.3974358974359
9	279557	1160	3.7475609756098
9	284804	1180	2.6762820512821
9	290002	1200	3.5153846153846
9	295355	1220	2.1820512820513
9	300751	1240	3.6897435897436
9	305960	1260	2.9730094466937
9	311175	1280	1.3615384615385
9	316579	1300	2.9205128205128
9	322023	1320	3.7307692307692
9	327309	1340	1.9685897435897
9	332535	1360	3.6147435897436
9	337955	1380	3.1743902439024
9	343304	1400	3.8475609756098
9	348703	1420	3.2475609756098
9	354125	1440	2.6435897435897
9	359436	1460	3.0358974358974
9	364641	1480	2.8102564102564
9	369988	1500	2.7125506072874
9	375333	1520	2.4897435897436
9	380625	1540	1.8198717948718
9	385918	1560	2.225
9	391180	1580	2.2105263157895
9	396358	1600	2.5230769230769
9	401629	1620	3.0439024390244
9	406905	1640	2.8076923076923
9	412156	1660	2.3358974358974
9	417477	1680	4.5390243902439
9	422825	1700	3.8012195121951
9	428045	1720	1.5883940620783
9	433273	1740	3.3583333333333
9	438464	1760	2.2834008097166
9	443862	1780	4.0121951219512
9	449181	1800	3.2878048780488
9	454061	1820	2.2252252252252
9	458363	1840	2.8413547237077
9	462164	1860	2.6279569892473
9	465524	1880	2.6666666666667
9	468460	1900	2.4071146245059
9	470977	1920	3
9	472975	1940	2.8529411764706
9	474549	1960	2.9505494505495
9	475635	1980	0.45454545454545
9	476212	2000	2.2857142857143
10	34835	240	190.54503375284
10	40280	260	93.180465640588
10	45594	280	137.53563726883
10	50874	300	138.95300542453
10	56213	320	0
10	61394	340	91.627044236097
10	66712	360	235.27081769523
10	72013	380	141.1244514605
10	77329	400	0
10	82693	420	95.209519955938
10	88018	440	91.892612056054
10	93331	460	46.223904193149
10	98644	480	98.047012610627
10	103916	500	0
10	109265	520	51.121953894938
10	114541	540	44.989986647263
10	119876	560	51.487648493063
10	125164	580	99.097151182294
10	130644	600	148.76706971499
10	135955	620	46.108016884894
10	141373	640	0
10	146629	660	48.477116052513
10	151883	680	102.32134974946
10	157139	700	46.714576640423
10	162487	720	242.00595684753
10	167834	740	0
10	173092	760	95.581315243266
10	178513	780	96.022643162407
10	183853	800	144.42954538657
10	189107	820	183.72243298844
10	194308	840	96.026995082668
10	199724	860	144.87731247378
10	205085	880	51.127581201379
10	210442	900	91.144105789725
10	215723	920	94.176188264983
10	221163	940	47.70170242854
10	226421	960	44.966533219548
10	231750	980	55.28470388255
10	237069	1000	95.591209249788
10	242303	1020	136.13515008672
10	247640	1040	92.843812029759
10	252902	1060	143.78059761251
10	258172	1080	137.27064974943
10	263478	1100	45.183877662619
10	268800	1120	90.002798226022
10	274148	1140	136.62329085339
10	279557	1160	47.529581959019
10	284804	1180	91.268927837848
10	290002	1200	0
10	295355	1220	46.038322291104
10	300751	1240	149.71641081594
10	305960	1260	95.302576917857
10	311175	1280	190.15521904134
10	316579	1300	189.97484994148
10	322023	1320	0
10	327309	1340	0
10	332535	1360	229.74037307603
10	337955	1380	141.17899530094
10	343304	1400	186.1888541663
10	348703	1420	148.68573035496
10	354125	1440	137.37353371451
10	359436	1460	0
10	364641	1480	105.74419176294
10	369988	1500	92.133298580672
10	375333	1520	0
10	380625	1540	0
10	385918	1560	44.394159884715
10	391180	1580	49.224258588215
10	396358	1600	0
10	401629	1620	192.81841485412
10	406905	1640	47.623781941767
10	412156	1660	45.537871255991
10	417477	1680	90.055915611153
10	422825	1700	0
10	428045	1720	48.345294014237
10	433273	1740	91.616913767493
10	438464	1760	46.265952732389
10	443862	1780	188.73990469268
10	449181	1800	46.86002700472
10	454061	1820	234.95461876834
10	458363	1840	183.05268913682
10	462164	1860	0
10	465524	1880	185.95143770226
10	468460	1900	45.537717953425
10	470977	1920	0
10	472975	1940	0
10	474549	1960	0
10	475635	1980	46.718645140525
10	476212	2000	97.038505484605
11	34835	240	47.636258438211
11	40280	260	46.590232820294
11	45594	280	45.845212422943
11	50874	300	46.317668474843
11	56213	320	nan
11	61394	340	45.813522118048
11	66712	360	47.054163539045
11	72013	380	47.041483820167
11	77329	400	nan
11	82693	420	47.604759977969
11	88018	440	45.946306028027
11	93331	460	46.223904193149
11	98644	480	49.023506305313
11	103916	500	nan
11	109265	520	51.121953894938
11	114541	540	44.989986647263
11	119876	560	51.487648493063
11	125164	580	49.548575591147
11	130644	600	49.589023238329
11	135955	620	46.108016884894
11	141373	640	nan
11	146629	660	48.477116052513
11	151883	680	51.160674874729
11	157139	700	46.714576640423
11	162487	720	48.401191369507
11	167834	740	nan
11	173092	760	47.790657621633
11	178513	780	48.011321581204
11	183853	800	48.143181795524
11	189107	820	45.930608247111
11	194308	840	48.013497541334
11	199724	860	48.29243749126
11	205085	880	51.127581201379
11	210442	900	45.572052894862
11	215723	920	47.088094132491
11	221163	940	47.70170242854
11	226421	960	44.966533219548
11	231750	980	55.28470388255
11	237069	1000	47.795604624894
11	242303	1020	45.378383362239
11	247640	1040	46.421906014879
11	252902	1060	47.926865870838
11	258172	1080	45.75688324981
11	263478	1100	45.183877662619
11	268800	1120	45.001399113011
11	274148	1140	45.541096951131
11	279557	1160	47.529581959019
11	284804	1180	45.634463918924
11	290002	1200	nan
11	295355	1220	46.038322291104
11	300751	1240	49.905470271982
11	305960	1260	47.651288458929
11	311175	1280	47.538804760335
11	316579	1300	47.493712485371
11	322023	1320	nan
11	327309	1340	nan
11	332535	1360	45.948074615206
11	337955	1380	47.059665100313
11	343304	1400	46.547213541576
11	348703	1420	49.561910118321
11	354125	1440	45.791177904835
11	359436	1460	nan
11	364641	1480	52.872095881469
11	369988	1500	46.066649290336
11	375333	1520	nan
11	380625	1540	nan
11	385918	1560	44.394159884715
11	391180	1580	49.224258588215
11	396358	1600	nan
11	401629	1620	48.204603713529
11	406905	1640	47.623781941767
11	412156	1660	45.537871255991
11	417477	1680	45.027957805577
11	422825	1700	nan
11	428045	1720	48.345294014237
11	433273	1740	45.808456883747
11	438464	1760	46.265952732389
11	443862	1780	47.184976173169
11	449181	1800	46.86002700472
11	454061	1820	46.990923753667
11	458363	1840	45.763172284205
11	462164	1860	nan
11	465524	1880	46.487859425565
11	468460	1900	45.537717953425
11	470977	1920	nan
11	472975	1940	nan
11	474549	1960	nan
11	475635	1980	46.718645140525
11	476212	2000	48.519252742302
12	34835	240	1.7336105934646
12	40280	260	0.14119029733938
12	45594	280	0.35657282434196
12	50874	300	0.2470271893453
12	56213	320	nan
12	61394	340	1.2484281615818
12	66712	360	2.1958782206091
12	72013	380	2.5965588976107
12	77329	400	nan
12	82693	420	3.0024657622954
12	88018	440	0.70564999235214
12	93331	460	nan
12	98644	480	3.3174525535402
12	103916	500	nan
12	109265	520	nan
12	114541	540	nan
12	119876	560	nan
12	125164	580	2.7186525771019
12	130644	600	4.7110260480465
12	135955	620	nan
12	141373	640	nan
12	146629	660	nan
12	151883	680	0.80003019140126
12	157139	700	nan
12	162487	720	2.0278775290298
12	167834	740	nan
12	173092	760	1.2705152587989
12	178513	780	1.6145265283052
12	183853	800	3.4334696226275
12	189107	820	3.5280588931229
12	194308	840	1.2493689664311
12	199724	860	2.1559787327601
12	205085	880	nan
12	210442	900	1.4240978158766
12	215723	920	0.46987378733268
12	221163	940	nan
12	226421	960	nan
12	231750	980	nan
12	237069	1000	2.8076379079695
12	242303	1020	1.0072975624201
12	247640	1040	1.4338202765907
12	252902	1060	1.5677389863667
12	258172	1080	0.34570516854398
12	263478	1100	nan
12	268800	1120	1.0415893062115
12	274148	1140	0.69712572671581
12	279557	1160	nan
12	284804	1180	0.41827942869287
12	290002	1200	nan
12	295355	1220	nan
12	300751	1240	5.3915360625177
12	305960	1260	1.1136194029247
12	311175	1280	1.5281662440932
12	316579	1300	2.2575608565002
12	322023	1320	nan
12	327309	1340	nan
12	332535	1360	0.34445166766085
12	337955	1380	1.4908670935087
12	343304	1400	0.84451362642351
12	348703	1420	2.3396862057467
12	354125	1440	1.2174428376721
12	359436	1460	nan
12	364641	1480	7.0358223897266
12	369988	1500	0.85934896141451
12	375333	1520	nan
12	380625	1540	nan
12	385918	1560	nan
12	391180	1580	nan
12	396358	1600	nan
12	401629	1620	1.6531444699433
12	406905	1640	nan
12	412156	1660	nan
12	417477	1680	1.2071420602966
12	422825	1700	nan
12	428045	1720	nan
12	433273	1740	0.65352606797758
12	438464	1760	nan
12	443862	1780	2.2526671905
12	449181	1800	nan
12	454061	1820	1.305184589836
12	458363	1840	0.77467677413031
12	462164	1860	nan
12	465524	1880	1.0288596836179
12	468460	1900	nan
12	470977	1920	nan
12	472975	1940	nan
12	474549	1960	nan
12	475635	1980	nan
12	476212	2000	2.081111023676
13	34835	240	3.0054056897727
13	40280	260	0.019934700062782
13	45594	280	0.1271441790592
13	50874	300	0.061022432275839
13	56213	320	nan
13	61394	340	1.5585728746304
13	66712	360	4.8218811597455
13	72013	380	6.7421181087615
13	77329	400	nan
13	82693	420	9.0148006537558
13	88018	440	0.49794191170658
13	93331	460	nan
13	98644	480	11.00549144499
13	103916	500	nan
13	109265	520	nan
13	114541	540	nan
13	119876	560	nan
13	125164	580	7.3910718349827
13	130644	600	22.193766425373
13	135955	620	nan
13	141373	640	nan
13	146629	660	nan
13	151883	680	0.64004830715354
13	157139	700	nan
13	162487	720	4.1122872727439
13	167834	740	nan
13	173092	760	1.6142090228407
13	178513	780	2.6066959106013
13	183853	800	11.788713649506
13	189107	820	12.447199553343
13	194308	840	1.560922814281
13	199724	860	4.6482442961138
13	205085	880	nan
13	210442	900	2.0280545891845
13	215723	920	0.22078137602235
13	221163	940	nan
13	226421	960	nan
13	231750	980	nan
13	237069	1000	7.8828306222675
13	242303	1020	1.0146483792575
13	247640	1040	2.0558405855627
13	252902	1060	2.4578055293741
13	258172	1080	0.11951206355802
13	263478	1100	nan
13	268800	1120	1.0849082828141
13	274148	1140	0.48598427884904
13	279557	1160	nan
13	284804	1180	0.17495768046763
13	290002	1200	nan
13	295355	1220	nan
13	300751	1240	29.068661113429
13	305960	1260	1.2401481745705
13	311175	1280	2.3352920695859
13	316579	1300	5.096581020802
13	322023	1320	nan
13	327309	1340	nan
13	332535	1360	0.11864695135434
13	337955	1380	2.2226846905069
13	343304	1400	0.71320326521498
13	348703	1420	5.4741315413612
13	354125	1440	1.4821670629991
13	359436	1460	nan
13	364641	1480	49.502796699778
13	369988	1500	0.73848063748419
13	375333	1520	nan
13	380625	1540	nan
13	385918	1560	nan
13	391180	1580	nan
13	396358	1600	nan
13	401629	1620	2.7328866385041
13	406905	1640	nan
13	412156	1660	nan
13	417477	1680	1.4571919537371
13	422825	1700	nan
13	428045	1720	nan
13	433273	1740	0.42709632152624
13	438464	1760	nan
13	443862	1780	5.0745094711551
13	449181	1800	nan
13	454061	1820	1.7035068135453
13	458363	1840	0.60012410437695
13	462164	1860	nan
13	465524	1880	1.0585522485744
13	468460	1900	nan
13	470977	1920	nan
13	472975	1940	nan
13	474549	1960	nan
13	475635	1980	nan
13	476212	2000	4.3310230928657
14	34835	240	179.41090438864
14	40280	260	178.45578315092
14	45594	280	177.94598312043
14	50874	300	179.02756067464
14	56213	320	0
14	61394	340	177.98154725871
14	66712	360	225.86041619213
14	72013	380	136.2627040428
14	77329	400	0
14	82693	420	90.093265158671
14	88018	440	136.63734901606
14	93331	460	88.962480643145
14	98644	480	134.08785643096
14	103916	500	44.502597455449
14	109265	520	90.540508166803
14	114541	540	43.823484323552
14	119876	560	89.555787427702
14	125164	580	134.50726809383
14	130644	600	181.27903511116
14	135955	620	134.89953759457
14	141373	640	88.971211208261
14	146629	660	46.965354140805
14	151883	680	90.105059440213
14	157139	700	90.425336820088
14	162487	720	271.90159370648
14	167834	740	0
14	173092	760	133.63128506686
14	178513	780	134.4280866901
14	183853	800	136.51734253012
14	189107	820	181.01510603455
14	194308	840	90.484648677064
14	199724	860	135.49775419708
14	205085	880	44.627203639797
14	210442	900	178.21751595445
14	215723	920	88.340862568872
14	221163	940	46.669143203581
14	226421	960	44.427733713626
14	231750	980	134.45266306533
14	237069	1000	133.28657470705
14	242303	1020	224.26326470287
14	247640	1040	227.13766697786
14	252902	1060	135.11183688476
14	258172	1080	178.66852860334
14	263478	1100	89.185611782558
14	268800	1120	131.93162811876
14	274148	1140	133.26319827747
14	279557	1160	45.411452796761
14	284804	1180	88.518016214204
14	290002	1200	0
14	295355	1220	44.36768888478
14	300751	1240	270.96317006658
14	305960	1260	91.776636688386
14	311175	1280	181.10399051053
14	316579	1300	178.36184726719
14	322023	1320	44.839573175275
14	327309	1340	0
14	332535	1360	224.40752371173
14	337955	1380	135.6303016242
14	343304	1400	177.66872490535
14	348703	1420	139.11275424945
14	354125	1440	179.91403042368
14	359436	1460	44.677038777748
14	364641	1480	136.79083663975
14	369988	1500	89.508594204608
14	375333	1520	44.444978590236
14	380625	1540	45.050469315666
14	385918	1560	43.875727150494
14	391180	1580	91.003239082896
14	396358	1600	44.775209160373
14	401629	1620	182.13352195368
14	406905	1640	45.198231393246
14	412156	1660	44.255382415917
14	417477	1680	88.542505888776
14	422825	1700	44.856945848958
14	428045	1720	134.12019986754
14	433273	1740	134.34594783727
14	438464	1760	44.674362813094
14	443862	1780	224.04727717191
14	449181	1800	44.779270582522
14	454061	1820	223.5481123113
14	458363	1840	178.10417009966
14	462164	1860	0
14	465524	1880	177.85994555108
14	468460	1900	44.536160466184
14	470977	1920	0
14	472975	1940	0
14	474549	1960	0
14	475635	1980	45.343295185707
14	476212	2000	94.894607538487
15	34835	240	44.85272609716
15	40280	260	44.613945787731
15	45594	280	44.486495780107
15	50874	300	44.756890168659
15	56213	320	nan
15	61394	340	44.495386814677
15	66712	360	45.172083238427
15	72013	380	45.420901347599
15	77329	400	nan
15	82693	420	45.046632579336
15	88018	440	45.545783005354
15	93331	460	44.481240321572
15	98644	480	44.695952143654
15	103916	500	44.502597455449
15	109265	520	45.270254083401
15	114541	540	43.823484323552
15	119876	560	44.777893713851
15	125164	580	44.835756031277
15	130644	600	45.31975877779
15	135955	620	44.966512531525
15	141373	640	44.48560560413
15	146629	660	46.965354140805
15	151883	680	45.052529720106
15	157139	700	45.212668410044
15	162487	720	45.316932284413
15	167834	740	nan
15	173092	760	44.543761688952
15	178513	780	44.809362230032
15	183853	800	45.505780843372
15	189107	820	45.253776508639
15	194308	840	45.242324338532
15	199724	860	45.165918065694
15	205085	880	44.627203639797
15	210442	900	44.554378988612
15	215723	920	44.170431284436
15	221163	940	46.669143203581
15	226421	960	44.427733713626
15	231750	980	44.81755435511
15	237069	1000	44.428858235683
15	242303	1020	44.852652940574
15	247640	1040	45.427533395571
15	252902	1060	45.037278961588
15	258172	1080	44.667132150834
15	263478	1100	44.592805891279
15	268800	1120	43.977209372921
15	274148	1140	44.421066092491
15	279557	1160	45.411452796761
15	284804	1180	44.259008107102
15	290002	1200	nan
15	295355	1220	44.36768888478
15	300751	1240	45.16052834443
15	305960	1260	45.888318344193
15	311175	1280	45.275997627632
15	316579	1300	44.590461816798
15	322023	1320	44.839573175275
15	327309	1340	nan
15	332535	1360	44.881504742346
15	337955	1380	45.210100541398
15	343304	1400	44.417181226337
15	348703	1420	46.370918083149
15	354125	1440	44.97850760592
15	359436	1460	44.677038777748
15	364641	1480	45.596945546582
15	369988	1500	44.754297102304
15	375333	1520	44.444978590236
15	380625	1540	45.050469315666
15	385918	1560	43.875727150494
15	391180	1580	45.501619541448
15	396358	1600	44.775209160373
15	401629	1620	45.53338048842
15	406905	1640	45.198231393246
15	412156	1660	44.255382415917
15	417477	1680	44.271252944388
15	422825	1700	44.856945848958
15	428045	1720	44.70673328918
15	433273	1740	44.781982612422
15	438464	1760	44.674362813094
15	443862	1780	44.809455434382
15	449181	1800	44.779270582522
15	454061	1820	44.70962246226
15	458363	1840	44.526042524915
15	462164	1860	nan
15	465524	1880	44.464986387771
15	468460	1900	44.536160466184
15	470977	1920	nan
15	472975	1940	nan
15	474549	1960	nan
15	475635	1980	45.343295185707
15	476212	2000	47.447303769244
16	34835	240	0.70431389496128
16	40280	260	0.5431950160159
16	45594	280	0.27221511361892
16	50874	300	0.55061973696067
16	56213	320	nan
16	61394	340	0.2767148548666
16	66712	360	1.3255326913066
16	72013	380	1.9716441582605
16	77329	400	nan
16	82693	420	1.0798816983245
16	88018	440	1.3079170934625
16	93331	460	0.53742906147682
16	98644	480	0.49132181605687
16	103916	500	nan
16	109265	520	0.22235779185906
16	114541	540	nan
16	119876	560	0.26731248565205
16	125164	580	0.5500023986817
16	130644	600	1.3309274983589
16	135955	620	0.54936904170968
16	141373	640	0.24525980055669
16	146629	660	nan
16	151883	680	0.67871418367302
16	157139	700	1.0151159491191
16	162487	720	1.6864212844539
16	167834	740	nan
16	173092	760	0.26670586278042
16	178513	780	0.69729507983017
16	183853	800	0.79928807014433
16	189107	820	0.73346835866112
16	194308	840	0.97973843768042
16	199724	860	0.73007930626646
16	205085	880	nan
16	210442	900	0.56489888355311
16	215723	920	0.19929026577599
16	221163	940	nan
16	226421	960	nan
16	231750	980	0.91873619300969
16	237069	1000	0.55967229010268
16	242303	1020	0.48020513621406
16	247640	1040	1.5534644498633
16	252902	1060	0.75014152726788
16	258172	1080	0.26944446825025
16	263478	1100	0.89312276018705
16	268800	1120	0.5195936052516
16	274148	1140	0.67486295210175
16	279557	1160	nan
16	284804	1180	0.49451701972738
16	290002	1200	nan
16	295355	1220	nan
16	300751	1240	1.527991181692
16	305960	1260	1.5271532448541
16	311175	1280	1.3704099886399
16	316579	1300	0.62285776909985
16	322023	1320	nan
16	327309	1340	nan
16	332535	1360	1.1533433725036
16	337955	1380	1.190859290404
16	343304	1400	0.30757427750613
16	348703	1420	1.8469393709011
16	354125	1440	0.7604553221432
16	359436	1460	nan
16	364641	1480	0.51209353095606
16	369988	1500	0.65202649130726
16	375333	1520	nan
16	380625	1540	nan
16	385918	1560	nan
16	391180	1580	1.1305010380744
16	396358	1600	nan
16	401629	1620	1.2323106945575
16	406905	1640	nan
16	412156	1660	nan
16	417477	1680	0.1298392159466
16	422825	1700	nan
16	428045	1720	0.21778407342246
16	433273	1740	0.89430987851417
16	438464	1760	nan
16	443862	1780	0.5564455482525
16	449181	1800	nan
16	454061	1820	0.50699603509787
16	458363	1840	0.56861689931179
16	462164	1860	nan
16	465524	1880	0.23693090772972
16	468460	1900	nan
16	470977	1920	nan
16	472975	1940	nan
16	474549	1960	nan
16	475635	1980	nan
16	476212	2000	1.6112972437991
17	34835	240	0.49605806263553
17	40280	260	0.29506082542451
17	45594	280	0.07410106808256
17	50874	300	0.30318209473063
17	56213	320	nan
17	61394	340	0.076571110903844
17	66712	360	1.7570369157225
17	72013	380	3.8873806868028
17	77329	400	nan
17	82693	420	1.1661444823762
17	88018	440	1.7106471233715
17	93331	460	0.28882999611985
17	98644	480	0.24139712693342
17	103916	500	nan
17	109265	520	0.049442987600437
17	114541	540	nan
17	119876	560	0.071455964985479
17	125164	580	0.30250263855562
17	130644	600	1.7713680058879
17	135955	620	0.30180634398901
17	141373	640	0.060152369769107
17	146629	660	nan
17	151883	680	0.46065294311894
17	157139	700	1.030460390156
17	162487	720	2.844016748659
17	167834	740	nan
17	173092	760	0.071132017241449
17	178513	780	0.48622042835537
17	183853	800	0.63886141907505
17	189107	820	0.53797583315704
17	194308	840	0.95988740626848
17	199724	860	0.53301579343851
17	205085	880	nan
17	210442	900	0.31911074863955
17	215723	920	0.039716610033064
17	221163	940	nan
17	226421	960	nan
17	231750	980	0.84407619234593
17	237069	1000	0.31323307230878
17	242303	1020	0.23059697284636
17	247640	1040	2.4132517969892
17	252902	1060	0.56271231093178
17	258172	1080	0.072600321470662
17	263478	1100	0.79766826476414
17	268800	1120	0.26997751461835
17	274148	1140	0.45544000411949
17	279557	1160	nan
17	284804	1180	0.24454708280005
17	290002	1200	nan
17	295355	1220	nan
17	300751	1240	2.3347570513286
17	305960	1260	2.3321970332684
17	311175	1280	1.8780235369639
17	316579	1300	0.38795180052804
17	322023	1320	nan
17	327309	1340	nan
17	332535	1360	1.3302009348979
17	337955	1380	1.4181458495415
17	343304	1400	0.09460193618342
17	348703	1420	3.4111850397845
17	354125	1440	0.57829229697591
17	359436	1460	nan
17	364641	1480	0.26223978444705
17	369988	1500	0.42513854536645
17	375333	1520	nan
17	380625	1540	nan
17	385918	1560	nan
17	391180	1580	1.2780325970873
17	396358	1600	nan
17	401629	1620	1.5185896479207
17	406905	1640	nan
17	412156	1660	nan
17	417477	1680	0.016858221997629
17	422825	1700	nan
17	428045	1720	0.047429902636478
17	433273	1740	0.79979015880803
17	438464	1760	nan
17	443862	1780	0.30963164817002
17	449181	1800	nan
17	454061	1820	0.25704497960496
17	458363	1840	0.32332517818295
17	462164	1860	nan
17	465524	1880	0.056136255037628
17	468460	1900	nan
17	470977	1920	nan
17	472975	1940	nan
17	474549	1960	nan
17	475635	1980	nan
17	476212	2000	2.5962788078746
18	34835	240	490.12225270402
18	40280	260	369.19192112738
18	45594	280	510.07953199872
18	50874	300	561.1658741574
18	56213	320	513.21686606849
18	61394	340	466.16921579881
18	66712	360	464.86915363145
18	72013	380	695.35061913429
18	77329	400	650.44361060084
18	82693	420	699.21772236575
18	88018	440	562.7945375348
18	93331	460	557.56720210668
18	98644	480	470.32764666545
18	103916	500	471.49909339558
18	109265	520	483.13091835328
18	114541	540	517.504034932
18	119876	560	425.08775144807
18	125164	580	339.01973325155
18	130644	600	491.72664793297
18	135955	620	530.60847442664
18	141373	640	386.71955738762
18	146629	660	277.14518366114
18	151883	680	299.40153905323
18	157139	700	294.63493821671
18	162487	720	629.69166695893
18	167834	740	621.7932403287
18	173092	760	583.10166769882
18	178513	780	679.14702832025
18	183853	800	675.29368689786
18	189107	820	681.0193545116
18	194308	840	626.48497172808
18	199724	860	677.81006236829
18	205085	880	580.92395682046
18	210442	900	572.56483189564
18	215723	920	620.05696734423
18	221163	940	519.86665257043
18	226421	960	426.14972990162
18	231750	980	473.27401171584
18	237069	1000	529.89726705694
18	242303	1020	572.22647670792
18	247640	1040	623.51751302271
18	252902	1060	711.31004508869
18	258172	1080	526.18917046605
18	263478	1100	626.82284939846
18	268800	1120	475.79539449392
18	274148	1140	564.63285741352
18	279557	1160	651.01783464753
18	284804	1180	738.28355921171
18	290002	1200	694.17294429679
18	295355	1220	696.16225132698
18	300751	1240	652.4435156274
18	305960	1260	651.31776466059
18	311175	1280	744.29247245483
18	316579	1300	744.72817656283
18	322023	1320	799.9882537093
18	327309	1340	751.68834638668
18	332535	1360	707.16111102194
18	337955	1380	703.19141433368
18	343304	1400	703.51848883128
18	348703	1420	809.14387049639
18	354125	1440	713.61117078619
18	359436	1460	664.68935689191
18	364641	1480	573.82571584561
18	369988	1500	465.53658727088
18	375333	1520	475.93928624435
18	380625	1540	430.62953385368
18	385918	1560	317.01198594158
18	391180	1580	236.73688813154
18	396358	1600	287.86360332496
18	401629	1620	379.70489413022
18	406905	1640	421.93486951844
18	412156	1660	420.16662056035
18	417477	1680	514.51011903632
18	422825	1700	415.25084395008
18	428045	1720	463.69903560757
18	433273	1740	511.76507583394
18	438464	1760	652.59372032382
18	443862	1780	557.68937826526
18	449181	1800	725.55699999069
18	454061	1820	646.55191584585
18	458363	1840	615.94513527622
18	462164	1860	515.7337681205
18	465524	1880	459.9887076832
18	468460	1900	472.80845836533
18	470977	1920	464.36581148875
18	472975	1940	378.47133556089
18	474549	1960	332.71913084804
18	475635	1980	324.85203614248
18	476212	2000	146.92156328886
19	34835	240	49.012225270402
19	40280	260	46.148990140923
19	45594	280	46.370866545338
19	50874	300	46.76382284645
19	56213	320	46.656078733499
19	61394	340	46.616921579881
19	66712	360	46.486915363145
19	72013	380	46.356707942286
19	77329	400	46.46025790006
19	82693	420	46.614514824384
19	88018	440	46.899544794567
19	93331	460	46.46393350889
19	98644	480	47.032764666545
19	103916	500	47.149909339558
19	109265	520	48.313091835328
19	114541	540	47.045821357454
19	119876	560	47.231972383119
19	125164	580	48.431390464507
19	130644	600	49.172664793297
19	135955	620	48.237134038786
19	141373	640	48.339944673453
19	146629	660	46.190863943523
19	151883	680	49.900256508872
19	157139	700	49.105823036119
19	162487	720	48.437820535302
19	167834	740	47.830249256054
19	173092	760	48.591805641568
19	178513	780	48.510502022875
19	183853	800	48.235263349847
19	189107	820	48.644239607971
19	194308	840	48.191151671391
19	199724	860	48.415004454878
19	205085	880	48.410329735039
19	210442	900	47.713735991303
19	215723	920	47.69668979571
19	221163	940	47.26060477913
19	226421	960	47.349969989069
19	231750	980	47.327401171584
19	237069	1000	48.172478823359
19	242303	1020	47.68553972566
19	247640	1040	47.962885617132
19	252902	1060	47.420669672579
19	258172	1080	47.835379133277
19	263478	1100	48.21714226142
19	268800	1120	47.579539449392
19	274148	1140	47.052738117793
19	279557	1160	46.501273903395
19	284804	1180	46.142722450732
19	290002	1200	46.278196286453
19	295355	1220	46.410816755132
19	300751	1240	46.6031082591
19	305960	1260	46.522697475757
19	311175	1280	46.518279528427
19	316579	1300	46.545511035177
19	322023	1320	47.058132571135
19	327309	1340	46.980521649167
19	332535	1360	47.14407406813
19	337955	1380	46.879427622246
19	343304	1400	46.901232588752
19	348703	1420	47.596698264493
19	354125	1440	47.574078052413
19	359436	1460	47.477811206565
19	364641	1480	47.818809653801
19	369988	1500	46.553658727088
19	375333	1520	47.593928624435
19	380625	1540	47.847725983742
19	385918	1560	45.287426563083
19	391180	1580	47.347377626308
19	396358	1600	47.977267220827
19	401629	1620	47.463111766278
19	406905	1640	46.881652168715
19	412156	1660	46.685180062261
19	417477	1680	46.77364718512
19	422825	1700	46.13898266112
19	428045	1720	46.369903560757
19	433273	1740	46.524097803086
19	438464	1760	46.613837165987
19	443862	1780	46.474114855438
19	449181	1800	48.370466666046
19	454061	1820	46.182279703275
19	458363	1840	47.380395021248
19	462164	1860	46.884888010954
19	465524	1880	45.99887076832
19	468460	1900	47.280845836533
19	470977	1920	46.436581148875
19	472975	1940	47.308916945111
19	474549	1960	47.531304406863
19	475635	1980	46.40743373464
19	476212	2000	48.97385442962
20	34835	240	3.9301478669045
20	40280	260	2.3588173620015
20	45594	280	1.2330546385047
20	50874	300	1.5556046411154
20	56213	320	1.5987063195751
20	61394	340	1.1572823415654
20	66712	360	1.6648153420582
20	72013	380	1.5825596893482
20	77329	400	1.5278827492423
20	82693	420	2.0626197871463
20	88018	440	2.2450989508295
20	93331	460	2.9284137600077
20	98644	480	2.3555047307642
20	103916	500	2.2235279168364
20	109265	520	2.8167135803512
20	114541	540	2.9988329455574
20	119876	560	3.3459201329175
20	125164	580	2.6268587382612
20	130644	600	3.2931492024712
20	135955	620	2.6070335444574
20	141373	640	3.1932797243161
20	146629	660	2.9691184686272
20	151883	680	4.0457108290375
20	157139	700	3.4664721780564
20	162487	720	2.9788089825653
20	167834	740	3.602176401426
20	173092	760	2.9622805737917
20	178513	780	2.8650185922519
20	183853	800	3.7766517986737
20	189107	820	2.9097250094343
20	194308	840	2.9872749458207
20	199724	860	2.8147863975153
20	205085	880	3.5765371283231
20	210442	900	2.27209590583
20	215723	920	2.6379870558477
20	221163	940	1.8726696371365
20	226421	960	2.2983525174803
20	231750	980	3.6447989984037
20	237069	1000	3.5602983859314
20	242303	1020	3.6701045609708
20	247640	1040	4.6373103976335
20	252902	1060	4.3656760040118
20	258172	1080	4.2058900822429
20	263478	1100	4.37478227531
20	268800	1120	4.4375608227478
20	274148	1140	4.4710743190093
20	279557	1160	1.6798955688632
20	284804	1180	1.4231977212358
20	290002	1200	1.4514064605716
20	295355	1220	1.3503091640691
20	300751	1240	3.1761893944539
20	305960	1260	1.4091636085624
20	311175	1280	2.2528727222145
20	316579	1300	2.4686249280424
20	322023	1320	2.1417747161095
20	327309	1340	2.927533679871
20	332535	1360	2.7125912091648
20	337955	1380	1.6864298080574
20	343304	1400	1.5394622250376
20	348703	1420	3.2388804618143
20	354125	1440	3.0548572648933
20	359436	1460	3.388440131486
20	364641	1480	3.4523325140093
20	369988	1500	3.8474582999846
20	375333	1520	3.2736443260209
20	380625	1540	4.5814141217764
20	385918	1560	2.2244517049043
20	391180	1580	3.0000121774227
20	396358	1600	2.8257911324742
20	401629	1620	2.3934214275431
20	406905	1640	1.7993548045054
20	412156	1660	1.5304612525842
20	417477	1680	2.1936035824922
20	422825	1700	1.7917222267787
20	428045	1720	1.828227619247
20	433273	1740	1.859762081555
20	438464	1760	1.8747220833854
20	443862	1780	1.8382120854727
20	449181	1800	4.4810003665268
20	454061	1820	2.1324295526311
20	458363	1840	2.6139728207682
20	462164	1860	1.2677959510538
20	465524	1880	2.1607141648472
20	468460	1900	1.4707432174481
20	470977	1920	2.4179367603173
20	472975	1940	1.2898887569065
20	474549	1960	1.3593397372201
20	475635	1980	2.5949349471556
20	476212	2000	1.6689816142693
21	34835	240	15.446062255734
21	40280	260	5.5640193472797
21	45594	280	1.5204237415379
21	50874	300	2.4199057994599
21	56213	320	2.5558618962492
21	61394	340	1.339302418099
21	66712	360	2.7716101231523
21	72013	380	2.5044951703498
21	77329	400	2.3344256954323
21	82693	420	4.2544003863274
21	88018	440	5.0404692990159
21	93331	460	8.5756071498027
21	98644	480	5.5484025366527
21	103916	500	4.9440763969506
21	109265	520	7.9338753937351
21	114541	540	8.9929990353604
21	119876	560	11.195181535863
21	125164	580	6.900386830779
21	130644	600	10.844831669737
21	135955	620	6.7966239019263
21	141373	640	10.197035397728
21	146629	660	8.8156644807433
21	151883	680	16.367776112192
21	157139	700	12.016429361239
21	162487	720	8.8733029546115
21	167834	740	12.975674826991
21	173092	760	8.7751061978634
21	178513	780	8.2083315339493
21	183853	800	14.263098808426
21	189107	820	8.4664996305275
21	194308	840	8.9238116019283
21	199724	860	7.923022463637
21	205085	880	12.791617830274
21	210442	900	5.1624198052893
21	215723	920	6.9589757068202
21	221163	940	3.506891569853
21	226421	960	5.282424294608
21	231750	980	13.284559738765
21	237069	1000	12.675724596866
21	242303	1020	13.469667488459
21	247640	1040	21.504647724
21	252902	1060	19.059126972004
21	258172	1080	17.689511383909
21	263478	1100	19.138719956367
21	268800	1120	19.691946055586
21	274148	1140	19.990505566105
21	279557	1160	2.8220491222863
21	284804	1180	2.0254917537309
21	290002	1200	2.1065807137889
21	295355	1220	1.8233348385689
21	300751	1240	10.088179069441
21	305960	1260	1.9857420756966
21	311175	1280	5.075435502498
21	316579	1300	6.0941090353524
21	322023	1320	4.587198934566
21	327309	1340	8.570453446779
21	332535	1360	7.358151068038
21	337955	1380	2.8440454975045
21	343304	1400	2.3699439423177
21	348703	1420	10.490346645922
21	354125	1440	9.3321529088713
21	359436	1460	11.481526524665
21	364641	1480	11.918599787286
21	369988	1500	14.802935370121
21	375333	1520	10.716747173289
21	380625	1540	20.989355355212
21	385918	1560	4.9481853874519
21	391180	1580	9.0000730646842
21	396358	1600	7.9850955243701
21	401629	1620	5.7284661298226
21	406905	1640	3.2376777124967
21	412156	1660	2.3423116456617
21	417477	1680	4.8118966771224
21	422825	1700	3.2102685379329
21	428045	1720	3.3424162277776
21	433273	1740	3.4587149999898
21	438464	1760	3.514582889933
21	443862	1780	3.3790236711778
21	449181	1800	20.079364284813
21	454061	1820	4.5472557969343
21	458363	1840	6.8328539077146
21	462164	1860	1.6073065735084
21	465524	1880	4.6686857021711
21	468460	1900	2.1630856116696
21	470977	1920	5.8464181768936
21	472975	1940	1.6638130051937
21	474549	1960	1.8478045211856
21	475635	1980	6.7336873799695
21	476212	2000	2.7854996287691
22	34835	240	1620.0214932708
22	40280	260	1660.6985178228
22	45594	280	1617.928819442
22	50874	300	1616.9569733812
22	56213	320	1747.8391636169
22	61394	340	1570.7405233149
22	66712	360	1620.1884251578
22	72013	380	1662.954052357
22	77329	400	1836.1196497138
22	82693	420	1708.5208331844
22	88018	440	1656.7213194606
22	93331	460	1709.1426639236
22	98644	480	1714.1550016751
22	103916	500	1747.6985170203
22	109265	520	1748.8310560844
22	114541	540	1704.8594201229
22	119876	560	1703.1611124994
22	125164	580	1659.8237613937
22	130644	600	1615.7483093589
22	135955	620	1658.8877767317
22	141373	640	1707.9785197546
22	146629	660	1792.6263750425
22	151883	680	1705.090622767
22	157139	700	1706.1430521085
22	162487	720	1571.2507521777
22	167834	740	1891.1928263613
22	173092	760	1663.4648726878
22	178513	780	1707.4504033245
22	183853	800	1656.2881350953
22	189107	820	1572.9093287011
22	194308	840	1655.8828318092
22	199724	860	1661.6045718081
22	205085	880	1747.4119756594
22	210442	900	1659.3061557043
22	215723	920	1756.5360139004
22	221163	940	1745.396030718
22	226421	960	1794.7766482277
22	231750	980	1658.6029248526
22	237069	1000	1711.3947162627
22	242303	1020	1573.6061406928
22	247640	1040	1569.9499033936
22	252902	1060	1658.9335500434
22	258172	1080	1568.6038280041
22	263478	1100	1751.7839618219
22	268800	1120	1659.3268338493
22	274148	1140	1663.2728230862
22	279557	1160	1797.0388366547
22	284804	1180	1701.7554627188
22	290002	1200	1798.0257880203
22	295355	1220	1744.0582164137
22	300751	1240	1524.7720998376
22	305960	1260	1652.7124576763
22	311175	1280	1614.8760706828
22	316579	1300	1613.9677479153
22	322023	1320	1747.510235516
22	327309	1340	1798.1221216409
22	332535	1360	1574.0256151589
22	337955	1380	1710.1385801319
22	343304	1400	1661.4129773954
22	348703	1420	1708.7258113798
22	354125	1440	1619.3389988001
22	359436	1460	1754.6337170131
22	364641	1480	1658.9996759609
22	369988	1500	1665.9188747881
22	375333	1520	1751.7254407986
22	380625	1540	1754.6577641147
22	385918	1560	1750.8453718816
22	391180	1580	1656.9838793966
22	396358	1600	1756.3465223101
22	401629	1620	1661.9595291291
22	406905	1640	1747.653689573
22	412156	1660	1749.4594202496
22	417477	1680	1751.9594524871
22	422825	1700	1797.4128695279
22	428045	1720	1611.8743573003
22	433273	1740	1656.9369916885
22	438464	1760	1701.1484665165
22	443862	1780	1611.2406321544
22	449181	1800	1805.0348234265
22	454061	1820	1436.7017721763
22	458363	1840	1353.5891879156
22	462164	1860	1392.8785068748
22	465524	1880	1087.1411084321
22	468460	1900	989.84992146358
22	470977	1920	950.70441618526
22	472975	1940	817.50618267995
22	474549	1960	640.24034327214
22	475635	1980	462.3553895538
22	476212	2000	235.7322649883
23	34835	240	45.0005970353
23	40280	260	44.88374372494
23	45594	280	44.942467206723
23	50874	300	44.91547148281
23	56213	320	44.816388810689
23	61394	340	44.87830066614
23	66712	360	45.00523403216
23	72013	380	44.944704117757
23	77329	400	44.78340609058
23	82693	420	44.961074557484
23	88018	440	44.776251877314
23	93331	460	44.977438524305
23	98644	480	45.109342149346
23	103916	500	44.8127824877
23	109265	520	44.841821950883
23	114541	540	44.864721582181
23	119876	560	44.820029276301
23	125164	580	44.860101659289
23	130644	600	44.881897482193
23	135955	620	44.834804776532
23	141373	640	44.946803151436
23	146629	660	44.815659376063
23	151883	680	44.870805862289
23	157139	700	44.898501371275
23	162487	720	44.89287863365
23	167834	740	45.028400627649
23	173092	760	44.958510072644
23	178513	780	44.932905350645
23	183853	800	44.764544191764
23	189107	820	44.940266534318
23	194308	840	44.753590048896
23	199724	860	44.908231670488
23	205085	880	44.805435273317
23	210442	900	44.846112316332
23	215723	920	45.039384971806
23	221163	940	44.753744377384
23	226421	960	44.869416205693
23	231750	980	44.827106077097
23	237069	1000	45.036703059544
23	242303	1020	44.960175448366
23	247640	1040	44.855711525532
23	252902	1060	44.836041893064
23	258172	1080	44.817252228689
23	263478	1100	44.917537482612
23	268800	1120	44.846671185117
23	274148	1140	44.95331954287
23	279557	1160	44.925970916368
23	284804	1180	44.783038492599
23	290002	1200	44.950644700507
23	295355	1220	44.719441446506
23	300751	1240	44.846238230518
23	305960	1260	44.667904261521
23	311175	1280	44.857668630078
23	316579	1300	44.832437442091
23	322023	1320	44.80795475682
23	327309	1340	44.953053041023
23	332535	1360	44.972160433111
23	337955	1380	45.003646845576
23	343304	1400	44.903053443119
23	348703	1420	44.966468720521
23	354125	1440	44.981638855558
23	359436	1460	44.990608128542
23	364641	1480	44.837829080025
23	369988	1500	45.024834453732
23	375333	1520	44.916036943553
23	380625	1540	44.99122472089
23	385918	1560	44.893471073888
23	391180	1580	44.7833480918
23	396358	1600	45.034526213078
23	401629	1620	44.917825111598
23	406905	1640	44.811633065974
23	412156	1660	44.857933852553
23	417477	1680	44.922037243258
23	422825	1700	44.935321738198
23	428045	1720	44.774287702786
23	433273	1740	44.782080856445
23	438464	1760	44.76706490833
23	443862	1780	44.756684226512
23	449181	1800	45.125870585662
23	454061	1820	44.896930380508
23	458363	1840	45.119639597187
23	462164	1860	44.931564737898
23	465524	1880	45.297546184669
23	468460	1900	44.993178248344
23	470977	1920	45.271638865965
23	472975	1940	45.417010148886
23	474549	1960	45.731453090867
23	475635	1980	46.23553895538
23	476212	2000	47.14645299766
24	34835	240	1.2046778951324
24	40280	260	0.82630300606975
24	45594	280	0.94321984259733
24	50874	300	0.82678234076682
24	56213	320	0.74750784405185
24	61394	340	0.89515381366348
24	66712	360	1.0820078672138
24	72013	380	0.89725870529116
24	77329	400	0.7223051010851
24	82693	420	1.0102296115022
24	88018	440	0.73026930358582
24	93331	460	1.1115929550941
24	98644	480	1.4375529175879
24	103916	500	0.79911907282866
24	109265	520	0.67323308376688
24	114541	540	0.70258693798153
24	119876	560	0.75873797690599
24	125164	580	0.68755216731298
24	130644	600	0.77537948937639
24	135955	620	0.77167739991465
24	141373	640	0.98938917746122
24	146629	660	0.76173739609389
24	151883	680	0.79472730523681
24	157139	700	0.83335422147733
24	162487	720	0.87340294069692
24	167834	740	0.91133388909224
24	173092	760	0.81062443369559
24	178513	780	0.75342979551938
24	183853	800	0.70433390592545
24	189107	820	1.0695827827198
24	194308	840	0.58675305418069
24	199724	860	0.93827472291483
24	205085	880	0.84830076552816
24	210442	900	0.72649189831111
24	215723	920	1.0697161178825
24	221163	940	0.77750498495481
24	226421	960	0.93669559931473
24	231750	980	0.78469409823095
24	237069	1000	1.0905608116423
24	242303	1020	1.1093304680996
24	247640	1040	0.65770766738917
24	252902	1060	0.83673610965199
24	258172	1080	0.80997710632243
24	263478	1100	1.0571844596328
24	268800	1120	0.85135645930037
24	274148	1140	1.0139335175844
24	279557	1160	0.97343088129556
24	284804	1180	0.63191373289852
24	290002	1200	1.0568974822663
24	295355	1220	0.59674090324087
24	300751	1240	0.91143296086577
24	305960	1260	0.52947651314123
24	311175	1280	0.77626978503845
24	316579	1300	0.81096187434768
24	322023	1320	0.84008751629687
24	327309	1340	0.93041191981428
24	332535	1360	1.2474071603549
24	337955	1380	0.91050472627901
24	343304	1400	0.67751272389997
24	348703	1420	0.84353393410773
24	354125	1440	0.78601094060945
24	359436	1460	0.81664898941168
24	364641	1480	0.76735183140987
24	369988	1500	0.97558592564244
24	375333	1520	0.82513016058717
24	380625	1540	1.0428850657067
24	385918	1560	0.73468751024991
24	391180	1580	0.75525934287366
24	396358	1600	1.174242093965
24	401629	1620	1.1541360604985
24	406905	1640	0.7099989920251
24	412156	1660	0.74859000961588
24	417477	1680	0.80973191624463
24	422825	1700	1.0169156744859
24	428045	1720	0.74482173087109
24	433273	1740	0.65297348567834
24	438464	1760	0.66762788824573
24	443862	1780	0.86805571970887
24	449181	1800	1.5410926925985
24	454061	1820	0.97695738389868
24	458363	1840	1.2485432868264
24	462164	1860	0.68602858468176
24	465524	1880	1.2740643771324
24	468460	1900	0.66568989280436
24	470977	1920	0.99540400078558
24	472975	1940	0.96059023328059
24	474549	1960	0.61834453436453
24	475635	1980	1.0665991218225
24	476212	2000	1.2114758843869
25	34835	240	1.4512488310206
25	40280	260	0.68277665783991
25	45594	280	0.88966367146934
25	50874	300	0.68356903900386
25	56213	320	0.55876797691905
25	61394	340	0.80130035011627
25	66712	360	1.1707410247125
25	72013	380	0.80507318422077
25	77329	400	0.52172465905356
25	82693	420	1.0205638679559
25	88018	440	0.53329325575972
25	93331	460	1.2356388978149
25	98644	480	2.0665583908655
25	103916	500	0.63859129255854
25	109265	520	0.45324278507827
25	114541	540	0.49362840542226
25	119876	560	0.5756833175994
25	125164	580	0.47272798277678
25	130644	600	0.60121335254559
25	135955	620	0.59548600953904
25	141373	640	0.97889094447739
25	146629	660	0.5802438606079
25	151883	680	0.63159148968896
25	157139	700	0.69447925845409
25	162487	720	0.76283269681803
25	167834	740	0.83052945740799
25	173092	760	0.6571119725043
25	178513	780	0.56765645677638
25	183853	800	0.4960862510362
25	189107	820	1.1440073290907
25	194308	840	0.34427914659037
25	199724	860	0.8803594556609
25	205085	880	0.71961418879567
25	210442	900	0.52779047831167
25	215723	920	1.1442925728577
25	221163	940	0.60451400162958
25	226421	960	0.87739864577558
25	231750	980	0.61574482779848
25	237069	1000	1.1893228838899
25	242303	1020	1.2306140874541
25	247640	1040	0.4325793757425
25	252902	1060	0.70012731719554
25	258172	1080	0.65606291276646
25	263478	1100	1.1176389816891
25	268800	1120	0.72480782079246
25	274148	1140	1.028061178081
25	279557	1160	0.94756768065984
25	284804	1180	0.39931496582575
25	290002	1200	1.1170322880209
25	295355	1220	0.35609970560073
25	300751	1240	0.83071004215255
25	305960	1260	0.2803453779682
25	311175	1280	0.60259477916364
25	316579	1300	0.6576591616455
25	322023	1320	0.70574703503785
25	327309	1340	0.8656663405325
25	332535	1360	1.5560246237047
25	337955	1380	0.82901885657641
25	343304	1400	0.45902349104635
25	348703	1420	0.71154949799127
25	354125	1440	0.61781319875775
25	359436	1460	0.66691557190712
25	364641	1480	0.58882883316807
25	369988	1500	0.95176789831161
25	375333	1520	0.68083978191061
25	380625	1540	1.0876092602741
25	385918	1560	0.53976573771721
25	391180	1580	0.57041667499795
25	396358	1600	1.3788444952393
25	401629	1620	1.3320300461431
25	406905	1640	0.50409856867665
25	412156	1660	0.56038700249671
25	417477	1680	0.6556657761852
25	422825	1700	1.034117489015
25	428045	1720	0.55475941077781
25	433273	1740	0.42637437299892
25	438464	1760	0.44572699716345
25	443862	1780	0.75352073251928
25	449181	1800	2.3749666871805
25	454061	1820	0.95444572995416
25	458363	1840	1.5588603390793
25	462164	1860	0.47063521900046
25	465524	1880	1.6232400370778
25	468460	1900	0.44314303338188
25	470977	1920	0.99082912477993
25	472975	1940	0.92273359627405
25	474549	1960	0.38234996317849
25	475635	1980	1.1376336866726
25	476212	2000	1.467673818451
