version 2
run statisticRVV-138-20150327-07:10:22-15664
attr c 15
attr configname statisticRVV
attr datetime 20150327-07:10:22
attr experiment statisticRVV
attr inifile omnetpp.ini
attr iterationvars "$sc=\"erlangen-medium.launchd.xml\", $p=1/15, $c=15"
attr iterationvars2 "$sc=\"erlangen-medium.launchd.xml\", $p=1/15, $c=15, $repetition=8"
attr measurement "$sc=\"erlangen-medium.launchd.xml\", $p=1/15, $c=15"
attr network RSUExampleScenario
attr p 1/15
attr processid 15664
attr repetition 8
attr replication #8
attr resultdir results
attr runnumber 138
attr sc "\"erlangen-medium.launchd.xml\""
attr seedset 138

vector 0  RSUExampleScenario.rsu[0].appl  Number_CH  ETV
vector 1  RSUExampleScenario.rsu[0].appl  Number_ON  ETV
vector 2  RSUExampleScenario.rsu[0].appl  Number_FN  ETV
vector 3  RSUExampleScenario.rsu[0].appl  Number_CH_Losts  ETV
vector 4  RSUExampleScenario.rsu[0].appl  Number_CH_Losts  ETV
vector 5  RSUExampleScenario.rsu[0].appl  Mean_Cluster_Size  ETV
vector 6  RSUExampleScenario.rsu[0].appl  StdDev_Cluster_Size  ETV
vector 7  RSUExampleScenario.rsu[0].appl  Variance_Cluster_Size  ETV
vector 8  RSUExampleScenario.rsu[0].appl  Mean_Neighbors  ETV
vector 9  RSUExampleScenario.rsu[0].appl  StdDev_Neighbors  ETV
vector 10  RSUExampleScenario.rsu[0].appl  Variance_Neighbors  ETV
vector 11  RSUExampleScenario.rsu[0].appl  Total_CH_Utility  ETV
vector 12  RSUExampleScenario.rsu[0].appl  Mean_CH_Utility  ETV
vector 13  RSUExampleScenario.rsu[0].appl  StdDev_CH_Utility  ETV
vector 14  RSUExampleScenario.rsu[0].appl  Variance_CH_Utility  ETV
vector 15  RSUExampleScenario.rsu[0].appl  Total_exp_CH_Utility  ETV
vector 16  RSUExampleScenario.rsu[0].appl  Mean_exp_CH_Utility  ETV
vector 17  RSUExampleScenario.rsu[0].appl  StdDev_exp_CH_Utility  ETV
vector 18  RSUExampleScenario.rsu[0].appl  Variance_exp_CH_Utility  ETV
vector 19  RSUExampleScenario.rsu[0].appl  Total_ON_Utility  ETV
vector 20  RSUExampleScenario.rsu[0].appl  Mean_ON_Utility  ETV
vector 21  RSUExampleScenario.rsu[0].appl  StdDev_ON_Utility  ETV
vector 22  RSUExampleScenario.rsu[0].appl  Variance_ON_Utility  ETV
vector 23  RSUExampleScenario.rsu[0].appl  Total_exp_ON_Utility  ETV
vector 24  RSUExampleScenario.rsu[0].appl  Mean_exp_ON_Utility  ETV
vector 25  RSUExampleScenario.rsu[0].appl  StdDev_exp_ON_Utility  ETV
vector 26  RSUExampleScenario.rsu[0].appl  Variance_exp_ON_Utility  ETV
0	145677	240	2
0	171543	260	5
0	198703	280	6
0	226003	300	4
0	253317	320	5
0	280513	340	6
0	307687	360	5
0	334767	380	8
0	362284	400	10
0	389801	420	5
0	417441	440	7
0	445708	460	8
0	474178	480	6
0	503285	500	4
0	533149	520	7
0	563298	540	4
0	593888	560	2
0	625189	580	5
0	657309	600	8
0	690155	620	10
0	724017	640	9
0	758010	660	6
0	794062	680	8
0	830502	700	4
0	867737	720	7
0	906902	740	9
0	946818	760	7
0	988321	780	6
0	1030681	800	6
0	1074031	820	9
0	1119007	840	13
0	1164920	860	11
0	1211870	880	9
0	1259398	900	7
0	1308598	920	8
0	1358848	940	9
0	1410635	960	12
0	1463498	980	13
0	1516947	1000	9
0	1572169	1020	11
0	1628926	1040	11
0	1687223	1060	12
0	1746354	1080	17
0	1807353	1100	13
0	1870405	1120	13
0	1935051	1140	12
0	2001101	1160	9
0	2068317	1180	10
0	2137295	1200	11
0	2208848	1220	5
0	2281806	1240	7
0	2356715	1260	10
0	2433639	1280	9
0	2512405	1300	9
0	2593624	1320	10
0	2676936	1340	10
0	2761926	1360	11
0	2849308	1380	14
0	2938705	1400	8
0	3030066	1420	12
0	3123257	1440	13
0	3218325	1460	7
0	3315147	1480	13
0	3414717	1500	9
0	3517375	1520	12
0	3621518	1540	12
0	3727411	1560	9
0	3836536	1580	11
0	3947874	1600	11
0	4061904	1620	11
0	4177439	1640	15
0	4295399	1660	15
0	4415649	1680	9
0	4537931	1700	14
0	4662969	1720	13
0	4790391	1740	8
0	4920039	1760	10
0	5052124	1780	13
0	5186024	1800	12
0	5323070	1820	9
0	5461738	1840	12
0	5602326	1860	5
0	5746164	1880	14
0	5893534	1900	13
0	6042746	1920	9
0	6194547	1940	13
0	6350113	1960	13
0	6508215	1980	15
0	6668086	2000	15
1	145677	240	26
1	171543	260	49
1	198703	280	59
1	226003	300	46
1	253317	320	62
1	280513	340	49
1	307687	360	63
1	334767	380	74
1	362284	400	74
1	389801	420	47
1	417441	440	63
1	445708	460	79
1	474178	480	51
1	503285	500	51
1	533149	520	56
1	563298	540	39
1	593888	560	30
1	625189	580	65
1	657309	600	55
1	690155	620	67
1	724017	640	88
1	758010	660	48
1	794062	680	82
1	830502	700	47
1	867737	720	73
1	906902	740	83
1	946818	760	68
1	988321	780	87
1	1030681	800	83
1	1074031	820	73
1	1119007	840	99
1	1164920	860	107
1	1211870	880	92
1	1259398	900	80
1	1308598	920	71
1	1358848	940	90
1	1410635	960	112
1	1463498	980	104
1	1516947	1000	93
1	1572169	1020	103
1	1628926	1040	110
1	1687223	1060	95
1	1746354	1080	113
1	1807353	1100	81
1	1870405	1120	108
1	1935051	1140	92
1	2001101	1160	110
1	2068317	1180	107
1	2137295	1200	107
1	2208848	1220	64
1	2281806	1240	88
1	2356715	1260	96
1	2433639	1280	100
1	2512405	1300	114
1	2593624	1320	96
1	2676936	1340	102
1	2761926	1360	108
1	2849308	1380	123
1	2938705	1400	102
1	3030066	1420	107
1	3123257	1440	127
1	3218325	1460	90
1	3315147	1480	127
1	3414717	1500	107
1	3517375	1520	118
1	3621518	1540	123
1	3727411	1560	98
1	3836536	1580	137
1	3947874	1600	120
1	4061904	1620	110
1	4177439	1640	133
1	4295399	1660	134
1	4415649	1680	105
1	4537931	1700	132
1	4662969	1720	153
1	4790391	1740	102
1	4920039	1760	100
1	5052124	1780	123
1	5186024	1800	112
1	5323070	1820	106
1	5461738	1840	111
1	5602326	1860	75
1	5746164	1880	163
1	5893534	1900	148
1	6042746	1920	101
1	6194547	1940	143
1	6350113	1960	130
1	6508215	1980	153
1	6668086	2000	168
2	145677	240	50
2	171543	260	31
2	198703	280	28
2	226003	300	44
2	253317	320	27
2	280513	340	41
2	307687	360	25
2	334767	380	12
2	362284	400	11
2	389801	420	43
2	417441	440	26
2	445708	460	8
2	474178	480	39
2	503285	500	44
2	533149	520	38
2	563298	540	57
2	593888	560	70
2	625189	580	35
2	657309	600	43
2	690155	620	30
2	724017	640	10
2	758010	660	53
2	794062	680	21
2	830502	700	59
2	867737	720	31
2	906902	740	23
2	946818	760	40
2	988321	780	22
2	1030681	800	27
2	1074031	820	35
2	1119007	840	7
2	1164920	860	3
2	1211870	880	21
2	1259398	900	35
2	1308598	920	47
2	1358848	940	26
2	1410635	960	5
2	1463498	980	12
2	1516947	1000	26
2	1572169	1020	14
2	1628926	1040	11
2	1687223	1060	27
2	1746354	1080	6
2	1807353	1100	41
2	1870405	1120	16
2	1935051	1140	35
2	2001101	1160	22
2	2068317	1180	23
2	2137295	1200	22
2	2208848	1220	75
2	2281806	1240	49
2	2356715	1260	39
2	2433639	1280	37
2	2512405	1300	25
2	2593624	1320	43
2	2676936	1340	40
2	2761926	1360	33
2	2849308	1380	16
2	2938705	1400	44
2	3030066	1420	38
2	3123257	1440	17
2	3218325	1460	62
2	3315147	1480	19
2	3414717	1500	43
2	3517375	1520	32
2	3621518	1540	29
2	3727411	1560	57
2	3836536	1580	17
2	3947874	1600	35
2	4061904	1620	47
2	4177439	1640	19
2	4295399	1660	21
2	4415649	1680	58
2	4537931	1700	28
2	4662969	1720	8
2	4790391	1740	65
2	4920039	1760	68
2	5052124	1780	43
2	5186024	1800	54
2	5323070	1820	65
2	5461738	1840	58
2	5602326	1860	102
2	5746164	1880	6
2	5893534	1900	23
2	6042746	1920	75
2	6194547	1940	32
2	6350113	1960	45
2	6508215	1980	23
2	6668086	2000	8
3	145677	240	0
3	171543	260	0
3	198703	280	0
3	226003	300	1
3	253317	320	0
3	280513	340	0
3	307687	360	0
3	334767	380	0
3	362284	400	0
3	389801	420	0
3	417441	440	0
3	445708	460	0
3	474178	480	0
3	503285	500	0
3	533149	520	0
3	563298	540	0
3	593888	560	0
3	625189	580	0
3	657309	600	0
3	690155	620	0
3	724017	640	0
3	758010	660	0
3	794062	680	0
3	830502	700	0
3	867737	720	2
3	906902	740	0
3	946818	760	1
3	988321	780	0
3	1030681	800	0
3	1074031	820	0
3	1119007	840	0
3	1164920	860	1
3	1211870	880	0
3	1259398	900	0
3	1308598	920	1
3	1358848	940	0
3	1410635	960	2
3	1463498	980	1
3	1516947	1000	0
3	1572169	1020	0
3	1628926	1040	0
3	1687223	1060	0
3	1746354	1080	0
3	1807353	1100	0
3	1870405	1120	0
3	1935051	1140	0
3	2001101	1160	0
3	2068317	1180	1
3	2137295	1200	0
3	2208848	1220	0
3	2281806	1240	0
3	2356715	1260	0
3	2433639	1280	1
3	2512405	1300	0
3	2593624	1320	0
3	2676936	1340	0
3	2761926	1360	0
3	2849308	1380	0
3	2938705	1400	0
3	3030066	1420	0
3	3123257	1440	0
3	3218325	1460	0
3	3315147	1480	0
3	3414717	1500	0
3	3517375	1520	0
3	3621518	1540	1
3	3727411	1560	1
3	3836536	1580	0
3	3947874	1600	0
3	4061904	1620	0
3	4177439	1640	1
3	4295399	1660	0
3	4415649	1680	0
3	4537931	1700	1
3	4662969	1720	0
3	4790391	1740	0
3	4920039	1760	0
3	5052124	1780	0
3	5186024	1800	1
3	5323070	1820	0
3	5461738	1840	0
3	5602326	1860	0
3	5746164	1880	0
3	5893534	1900	0
3	6042746	1920	0
3	6194547	1940	1
3	6350113	1960	0
3	6508215	1980	0
3	6668086	2000	0
4	145677	240	50
4	171543	260	31
4	198703	280	28
4	226003	300	43
4	253317	320	27
4	280513	340	41
4	307687	360	25
4	334767	380	12
4	362284	400	11
4	389801	420	43
4	417441	440	26
4	445708	460	8
4	474178	480	39
4	503285	500	43
4	533149	520	36
4	563298	540	57
4	593888	560	70
4	625189	580	35
4	657309	600	41
4	690155	620	30
4	724017	640	9
4	758010	660	53
4	794062	680	21
4	830502	700	58
4	867737	720	29
4	906902	740	23
4	946818	760	39
4	988321	780	21
4	1030681	800	27
4	1074031	820	35
4	1119007	840	7
4	1164920	860	2
4	1211870	880	21
4	1259398	900	35
4	1308598	920	46
4	1358848	940	26
4	1410635	960	3
4	1463498	980	10
4	1516947	1000	26
4	1572169	1020	14
4	1628926	1040	10
4	1687223	1060	27
4	1746354	1080	6
4	1807353	1100	40
4	1870405	1120	16
4	1935051	1140	34
4	2001101	1160	21
4	2068317	1180	22
4	2137295	1200	22
4	2208848	1220	75
4	2281806	1240	49
4	2356715	1260	39
4	2433639	1280	36
4	2512405	1300	25
4	2593624	1320	43
4	2676936	1340	40
4	2761926	1360	33
4	2849308	1380	16
4	2938705	1400	44
4	3030066	1420	38
4	3123257	1440	17
4	3218325	1460	62
4	3315147	1480	19
4	3414717	1500	43
4	3517375	1520	31
4	3621518	1540	28
4	3727411	1560	54
4	3836536	1580	17
4	3947874	1600	34
4	4061904	1620	47
4	4177439	1640	18
4	4295399	1660	21
4	4415649	1680	58
4	4537931	1700	27
4	4662969	1720	8
4	4790391	1740	65
4	4920039	1760	66
4	5052124	1780	42
4	5186024	1800	53
4	5323070	1820	65
4	5461738	1840	58
4	5602326	1860	102
4	5746164	1880	6
4	5893534	1900	23
4	6042746	1920	75
4	6194547	1940	31
4	6350113	1960	45
4	6508215	1980	23
4	6668086	2000	8
5	145677	240	13
5	171543	260	9.8
5	198703	280	9.8333333333333
5	226003	300	11.5
5	253317	320	12.4
5	280513	340	8.1666666666667
5	307687	360	12.6
5	334767	380	9.25
5	362284	400	7.4
5	389801	420	9.4
5	417441	440	9
5	445708	460	9.875
5	474178	480	8.5
5	503285	500	12.75
5	533149	520	8
5	563298	540	9.75
5	593888	560	15
5	625189	580	13
5	657309	600	6.875
5	690155	620	6.7
5	724017	640	9.7777777777778
5	758010	660	8
5	794062	680	10.25
5	830502	700	11.75
5	867737	720	10.428571428571
5	906902	740	9.2222222222222
5	946818	760	9.7142857142857
5	988321	780	14.5
5	1030681	800	13.833333333333
5	1074031	820	8.1111111111111
5	1119007	840	7.6153846153846
5	1164920	860	9.7272727272727
5	1211870	880	10.222222222222
5	1259398	900	11.428571428571
5	1308598	920	8.875
5	1358848	940	10
5	1410635	960	9.3333333333333
5	1463498	980	8
5	1516947	1000	10.333333333333
5	1572169	1020	9.3636363636364
5	1628926	1040	10
5	1687223	1060	7.9166666666667
5	1746354	1080	6.6470588235294
5	1807353	1100	6.2307692307692
5	1870405	1120	8.3076923076923
5	1935051	1140	7.6666666666667
5	2001101	1160	12.222222222222
5	2068317	1180	10.7
5	2137295	1200	9.7272727272727
5	2208848	1220	12.8
5	2281806	1240	12.571428571429
5	2356715	1260	9.6
5	2433639	1280	11.111111111111
5	2512405	1300	12.666666666667
5	2593624	1320	9.6
5	2676936	1340	10.2
5	2761926	1360	9.8181818181818
5	2849308	1380	8.7857142857143
5	2938705	1400	12.75
5	3030066	1420	8.9166666666667
5	3123257	1440	9.7692307692308
5	3218325	1460	12.857142857143
5	3315147	1480	9.7692307692308
5	3414717	1500	11.888888888889
5	3517375	1520	9.8333333333333
5	3621518	1540	10.25
5	3727411	1560	10.888888888889
5	3836536	1580	12.454545454545
5	3947874	1600	10.909090909091
5	4061904	1620	10
5	4177439	1640	8.8666666666667
5	4295399	1660	8.9333333333333
5	4415649	1680	11.666666666667
5	4537931	1700	9.4285714285714
5	4662969	1720	11.769230769231
5	4790391	1740	12.75
5	4920039	1760	10
5	5052124	1780	9.4615384615385
5	5186024	1800	9.3333333333333
5	5323070	1820	11.777777777778
5	5461738	1840	9.25
5	5602326	1860	15
5	5746164	1880	11.642857142857
5	5893534	1900	11.384615384615
5	6042746	1920	11.222222222222
5	6194547	1940	11
5	6350113	1960	10
5	6508215	1980	10.2
5	6668086	2000	11.2
6	145677	240	2.8284271247462
6	171543	260	3.3466401061363
6	198703	280	4.4459719597256
6	226003	300	4.5092497528229
6	253317	320	3.286335345031
6	280513	340	5.5287129303905
6	307687	360	2.7928480087538
6	334767	380	4.7434164902526
6	362284	400	4.0606512887576
6	389801	420	4.8785243670602
6	417441	440	4.2426406871193
6	445708	460	4.3568501072613
6	474178	480	3.0822070014845
6	503285	500	0.95742710775634
6	533149	520	5.4772255750517
6	563298	540	4.2720018726588
6	593888	560	0
6	625189	580	2.1213203435596
6	657309	600	4.5178218519231
6	690155	620	4.3474130238568
6	724017	640	2.538591035288
6	758010	660	5.5497747702046
6	794062	680	4.6827952580239
6	830502	700	2.6299556396766
6	867737	720	5.3496773378446
6	906902	740	4.9187848544579
6	946818	760	4.8892496259408
6	988321	780	1.2247448713916
6	1030681	800	1.6020819787597
6	1074031	820	4.6487752269938
6	1119007	840	4.0112022623826
6	1164920	860	3.1651511525015
6	1211870	880	3.7675515184858
6	1259398	900	4.0766466144428
6	1308598	920	4.9117206760971
6	1358848	940	3.1224989991992
6	1410635	960	4.3969686527576
6	1463498	980	4.6904157598234
6	1516947	1000	3.5355339059327
6	1572169	1020	4.9854333266573
6	1628926	1040	4.1472882706655
6	1687223	1060	3.1176428547377
6	1746354	1080	3.0810139660221
6	1807353	1100	4.5305232617923
6	1870405	1120	4.0493747538893
6	1935051	1140	5.1404515778521
6	2001101	1160	2.7738861628489
6	2068317	1180	3.7431418769679
6	2137295	1200	3.901048810023
6	2208848	1220	2.588435821109
6	2281806	1240	2.3704530408864
6	2356715	1260	4.3256341860022
6	2433639	1280	3.5512126254438
6	2512405	1300	2.872281323269
6	2593624	1320	5.2535702146255
6	2676936	1340	4.4671641514003
6	2761926	1360	5.0560494819213
6	2849308	1380	4.9796288312186
6	2938705	1400	2.4928469095164
6	3030066	1420	5.2128919444242
6	3123257	1440	3.6321216516394
6	3218325	1460	2.2677868380554
6	3315147	1480	4.1059681390598
6	3414717	1500	5.4185894023363
6	3517375	1520	3.3799766898963
6	3621518	1540	4.0480073661449
6	3727411	1560	5.0607421502297
6	3836536	1580	2.8412545244535
6	3947874	1600	3.6181361349332
6	4061904	1620	4.8579831205964
6	4177439	1640	5.1251016250087
6	4295399	1660	3.8999389494611
6	4415649	1680	4.6904157598234
6	4537931	1700	5.1398037333718
6	4662969	1720	3.6549930723565
6	4790391	1740	2.6049403612586
6	4920039	1760	4.618802153517
6	5052124	1780	4.3515396626823
6	5186024	1800	5.2627910557963
6	5323070	1820	3.1135902820449
6	5461738	1840	5.2245051962319
6	5602326	1860	0
6	5746164	1880	3.6921359850184
6	5893534	1900	3.3798042728946
6	6042746	1920	3.6324157862839
6	6194547	1940	2.9439202887759
6	6350113	1960	4.3779751788546
6	6508215	1980	3.3636714634883
6	6668086	2000	3.7071359757712
7	145677	240	8
7	171543	260	11.2
7	198703	280	19.766666666667
7	226003	300	20.333333333333
7	253317	320	10.8
7	280513	340	30.566666666667
7	307687	360	7.8
7	334767	380	22.5
7	362284	400	16.488888888889
7	389801	420	23.8
7	417441	440	18
7	445708	460	18.982142857143
7	474178	480	9.5
7	503285	500	0.91666666666667
7	533149	520	30
7	563298	540	18.25
7	593888	560	0
7	625189	580	4.5
7	657309	600	20.410714285714
7	690155	620	18.9
7	724017	640	6.4444444444444
7	758010	660	30.8
7	794062	680	21.928571428571
7	830502	700	6.9166666666667
7	867737	720	28.619047619048
7	906902	740	24.194444444444
7	946818	760	23.904761904762
7	988321	780	1.5
7	1030681	800	2.5666666666667
7	1074031	820	21.611111111111
7	1119007	840	16.089743589744
7	1164920	860	10.018181818182
7	1211870	880	14.194444444444
7	1259398	900	16.619047619048
7	1308598	920	24.125
7	1358848	940	9.75
7	1410635	960	19.333333333333
7	1463498	980	22
7	1516947	1000	12.5
7	1572169	1020	24.854545454545
7	1628926	1040	17.2
7	1687223	1060	9.719696969697
7	1746354	1080	9.4926470588235
7	1807353	1100	20.525641025641
7	1870405	1120	16.397435897436
7	1935051	1140	26.424242424242
7	2001101	1160	7.6944444444444
7	2068317	1180	14.011111111111
7	2137295	1200	15.218181818182
7	2208848	1220	6.7
7	2281806	1240	5.6190476190476
7	2356715	1260	18.711111111111
7	2433639	1280	12.611111111111
7	2512405	1300	8.25
7	2593624	1320	27.6
7	2676936	1340	19.955555555556
7	2761926	1360	25.563636363636
7	2849308	1380	24.796703296703
7	2938705	1400	6.2142857142857
7	3030066	1420	27.174242424242
7	3123257	1440	13.192307692308
7	3218325	1460	5.1428571428571
7	3315147	1480	16.858974358974
7	3414717	1500	29.361111111111
7	3517375	1520	11.424242424242
7	3621518	1540	16.386363636364
7	3727411	1560	25.611111111111
7	3836536	1580	8.0727272727273
7	3947874	1600	13.090909090909
7	4061904	1620	23.6
7	4177439	1640	26.266666666667
7	4295399	1660	15.209523809524
7	4415649	1680	22
7	4537931	1700	26.417582417582
7	4662969	1720	13.358974358974
7	4790391	1740	6.7857142857143
7	4920039	1760	21.333333333333
7	5052124	1780	18.935897435897
7	5186024	1800	27.69696969697
7	5323070	1820	9.6944444444444
7	5461738	1840	27.295454545455
7	5602326	1860	0
7	5746164	1880	13.631868131868
7	5893534	1900	11.423076923077
7	6042746	1920	13.194444444444
7	6194547	1940	8.6666666666667
7	6350113	1960	19.166666666667
7	6508215	1980	11.314285714286
7	6668086	2000	13.742857142857
8	145677	240	22.730769230769
8	171543	260	22.670588235294
8	198703	280	22.268817204301
8	226003	300	22.212765957447
8	253317	320	22.053191489362
8	280513	340	22.072916666667
8	307687	360	22.430107526882
8	334767	380	22.159574468085
8	362284	400	22.568421052632
8	389801	420	22.368421052632
8	417441	440	22.3125
8	445708	460	22.378947368421
8	474178	480	22.333333333333
8	503285	500	22.061224489796
8	533149	520	22.757575757576
8	563298	540	22.67
8	593888	560	22.460784313725
8	625189	580	22.257142857143
8	657309	600	23.048076923077
8	690155	620	22.607476635514
8	724017	640	23.716981132075
8	758010	660	23.738317757009
8	794062	680	23.666666666667
8	830502	700	24.862385321101
8	867737	720	25.198198198198
8	906902	740	25.330434782609
8	946818	760	26.622807017544
8	988321	780	27.070175438596
8	1030681	800	27.336206896552
8	1074031	820	27.837606837607
8	1119007	840	28.302521008403
8	1164920	860	28.768595041322
8	1211870	880	28.655737704918
8	1259398	900	29.180327868852
8	1308598	920	29.134920634921
8	1358848	940	29.656
8	1410635	960	30.325581395349
8	1463498	980	30.8515625
8	1516947	1000	30.96875
8	1572169	1020	31.3046875
8	1628926	1040	31.809160305344
8	1687223	1060	32.022388059701
8	1746354	1080	32.176470588235
8	1807353	1100	33.231343283582
8	1870405	1120	33.481751824818
8	1935051	1140	34.36231884058
8	2001101	1160	35.05
8	2068317	1180	35.157142857143
8	2137295	1200	36.085714285714
8	2208848	1220	36.284722222222
8	2281806	1240	37.076388888889
8	2356715	1260	38.034482758621
8	2433639	1280	38.993150684932
8	2512405	1300	39.189189189189
8	2593624	1320	40.120805369128
8	2676936	1340	40.769736842105
8	2761926	1360	41.769736842105
8	2849308	1380	42.019607843137
8	2938705	1400	42.837662337662
8	3030066	1420	43.732484076433
8	3123257	1440	44.070063694268
8	3218325	1460	44.610062893082
8	3315147	1480	45.150943396226
8	3414717	1500	46.188679245283
8	3517375	1520	47.298136645963
8	3621518	1540	47.475609756098
8	3727411	1560	48.604938271605
8	3836536	1580	48.793939393939
8	3947874	1600	50.09696969697
8	4061904	1620	50.22619047619
8	4177439	1640	51
8	4295399	1660	51.1
8	4415649	1680	51.412790697674
8	4537931	1700	51.666666666667
8	4662969	1720	52.310344827586
8	4790391	1740	53.142857142857
8	4920039	1760	53.738636363636
8	5052124	1780	53.842696629213
8	5186024	1800	54.179775280899
8	5323070	1820	55.222222222222
8	5461738	1840	55.110497237569
8	5602326	1860	55.873626373626
8	5746164	1880	56.726775956284
8	5893534	1900	57.804347826087
8	6042746	1920	58.367567567568
8	6194547	1940	58.563829787234
8	6350113	1960	59.255319148936
8	6508215	1980	59.685863874346
8	6668086	2000	60.612565445026
9	145677	240	4.3683426585397
9	171543	260	4.4678434003286
9	198703	280	5.2152364258097
9	226003	300	4.5552105115845
9	253317	320	5.1019014403479
9	280513	340	4.8693343145308
9	307687	360	4.737449895255
9	334767	380	4.4920555715436
9	362284	400	4.2517896897083
9	389801	420	4.5195853499765
9	417441	440	4.9060918093841
9	445708	460	4.1951820069776
9	474178	480	4.5274988254041
9	503285	500	4.7986603081702
9	533149	520	4.4723433776455
9	563298	540	3.3606607094499
9	593888	560	3.8426258777283
9	625189	580	4.3765735003991
9	657309	600	3.227249896884
9	690155	620	3.9087637609096
9	724017	640	3.3658076706537
9	758010	660	3.2398941532854
9	794062	680	3.9389277113386
9	830502	700	3.5680368341923
9	867737	720	3.8490136158379
9	906902	740	5.4478737831079
9	946818	760	4.8360562278094
9	988321	780	5.7679604810142
9	1030681	800	6.5990038319593
9	1074031	820	6.4138283593655
9	1119007	840	7.3801780120104
9	1164920	860	7.9987085734495
9	1211870	880	8.6337512716977
9	1259398	900	8.1605950940056
9	1308598	920	9.299766168762
9	1358848	940	9.2065054138627
9	1410635	960	10.025874954569
9	1463498	980	9.5225301373393
9	1516947	1000	9.8460092239341
9	1572169	1020	10.097601331875
9	1628926	1040	10.679321862522
9	1687223	1060	11.722009641856
9	1746354	1080	11.872085125569
9	1807353	1100	11.736399378109
9	1870405	1120	12.327696095629
9	1935051	1140	13.41528816789
9	2001101	1160	13.794652806184
9	2068317	1180	14.003736104038
9	2137295	1200	14.266974347775
9	2208848	1220	15.507572341353
9	2281806	1240	15.884671707665
9	2356715	1260	16.031831960675
9	2433639	1280	16.722686046967
9	2512405	1300	17.315539539448
9	2593624	1320	18.000342621243
9	2676936	1340	18.8519749329
9	2761926	1360	18.889876189294
9	2849308	1380	19.762228255808
9	2938705	1400	20.283117284757
9	3030066	1420	21.122166678636
9	3123257	1440	21.437181529273
9	3218325	1460	21.841463283179
9	3315147	1480	22.435050752537
9	3414717	1500	22.555184032182
9	3517375	1520	23.273602192317
9	3621518	1540	24.178642712725
9	3727411	1560	24.602519192499
9	3836536	1580	24.946405227543
9	3947874	1600	25.409625658933
9	4061904	1620	25.988643853667
9	4177439	1640	26.048148189389
9	4295399	1660	26.459894850565
9	4415649	1680	26.742183845842
9	4537931	1700	26.798613831233
9	4662969	1720	26.966821980754
9	4790391	1740	27.652755321076
9	4920039	1760	27.522871244811
9	5052124	1780	27.287918262165
9	5186024	1800	27.723640933613
9	5323070	1820	28.093927763078
9	5461738	1840	28.054885696043
9	5602326	1860	28.010465033941
9	5746164	1880	28.292073482974
9	5893534	1900	29.160471459618
9	6042746	1920	29.589676281107
9	6194547	1940	29.610143698625
9	6350113	1960	30.150225004335
9	6508215	1980	30.378416145995
9	6668086	2000	30.353299468872
10	145677	240	19.082417582418
10	171543	260	19.96162464986
10	198703	280	27.198690977092
10	226003	300	20.74994280485
10	253317	320	26.029398307024
10	280513	340	23.710416666667
10	307687	360	22.443431510051
10	334767	380	20.178563257836
10	362284	400	18.07771556551
10	389801	420	20.426651735722
10	417441	440	24.069736842105
10	445708	460	17.599552071669
10	474178	480	20.498245614035
10	503285	500	23.027140753208
10	533149	520	20.00185528757
10	563298	540	11.29404040404
10	593888	560	14.765773636187
10	625189	580	19.154395604396
10	657309	600	10.415141896938
10	690155	620	15.2784341386
10	724017	640	11.328661275831
10	758010	660	10.496914124493
10	794062	680	15.515151515152
10	830502	700	12.730886850153
10	867737	720	14.814905814906
10	906902	740	29.679328756674
10	946818	760	23.387439838534
10	988321	780	33.269368110542
10	1030681	800	43.546851574213
10	1074031	820	41.137194223401
10	1119007	840	54.467027488962
10	1164920	860	63.979338842975
10	1211870	880	74.541661021542
10	1259398	900	66.595312288308
10	1308598	920	86.485650793651
10	1358848	940	84.759741935484
10	1410635	960	100.51816860465
10	1463498	980	90.678580216535
10	1516947	1000	96.943897637795
10	1572169	1020	101.96155265748
10	1628926	1040	114.04791544334
10	1687223	1060	137.40551004377
10	1746354	1080	140.94640522876
10	1807353	1100	137.74307036247
10	1870405	1120	151.97209102619
10	1935051	1140	179.96995662753
10	2001101	1160	190.29244604317
10	2068317	1180	196.10462487153
10	2137295	1200	203.54655704008
10	2208848	1220	240.4847999223
10	2281806	1240	252.3227952603
10	2356715	1260	257.01963601533
10	2433639	1280	279.64822862541
10	2512405	1300	299.8279095422
10	2593624	1320	324.01233448213
10	2676936	1340	355.39695887069
10	2761926	1360	356.82742244685
10	2849308	1380	390.54566563467
10	2938705	1400	411.4048467872
10	3030066	1420	446.14592520007
10	3123257	1440	459.55275191899
10	3218325	1460	477.04951835045
10	3315147	1480	503.33150226893
10	3414717	1500	508.73632672558
10	3517375	1520	541.66055900621
10	3621518	1540	584.6067634296
10	3727411	1560	605.28395061728
10	3836536	1580	622.32313377679
10	3947874	1600	645.64907612712
10	4061904	1620	675.40960935272
10	4177439	1640	678.50602409639
10	4295399	1660	700.12603550296
10	4415649	1680	715.14439684483
10	4537931	1700	718.16570327553
10	4662969	1720	727.20948774168
10	4790391	1740	764.67487684729
10	4920039	1760	757.50844155844
10	5052124	1780	744.63048308259
10	5186024	1800	768.60026661588
10	5323070	1820	789.26877715705
10	5461738	1840	787.07661141805
10	5602326	1860	784.58615141764
10	5746164	1880	800.44142196601
10	5893534	1900	850.33309574721
10	6042746	1920	875.54894242068
10	6194547	1940	876.76060985323
10	6350113	1960	909.03606781204
10	6508215	1980	922.84816753927
10	6668086	2000	921.32278864701
11	145677	240	91.844708393865
11	171543	260	228.56389209394
11	198703	280	279.22213795482
11	226003	300	179.42159491372
11	253317	320	230.64299812938
11	280513	340	281.52864027929
11	307687	360	228.94034110889
11	334767	380	375.61211550829
11	362284	400	468.98638915823
11	389801	420	230.18525262109
11	417441	440	319.53036607535
11	445708	460	373.58158968845
11	474178	480	287.04479057982
11	503285	500	183.306960482
11	533149	520	334.35418119622
11	563298	540	189.47898006724
11	593888	560	95.934656638287
11	625189	580	230.37342898587
11	657309	600	372.12885161807
11	690155	620	466.65263040332
11	724017	640	422.79258676634
11	758010	660	293.46864583619
11	794062	680	369.45218838072
11	830502	700	190.36358835187
11	867737	720	335.02659634738
11	906902	740	416.5787612777
11	946818	760	325.27611503682
11	988321	780	280.93084872046
11	1030681	800	281.10486000739
11	1074031	820	440.61695314368
11	1119007	840	623.02779540006
11	1164920	860	519.22994745946
11	1211870	880	423.15464936371
11	1259398	900	328.63464506836
11	1308598	920	388.69091160363
11	1358848	940	420.00432881924
11	1410635	960	566.19369753328
11	1463498	980	615.6144918036
11	1516947	1000	423.1482332644
11	1572169	1020	516.23752603797
11	1628926	1040	527.97863854937
11	1687223	1060	579.78228240084
11	1746354	1080	805.18277229651
11	1807353	1100	623.30294973319
11	1870405	1120	625.19702988983
11	1935051	1140	567.41751189942
11	2001101	1160	426.53589871699
11	2068317	1180	470.05059899457
11	2137295	1200	516.28461005731
11	2208848	1220	238.15144743116
11	2281806	1240	324.31573987837
11	2356715	1260	493.12242408742
11	2433639	1280	427.4393805862
11	2512405	1300	428.44035618916
11	2593624	1320	480.83678428377
11	2676936	1340	480.38470142319
11	2761926	1360	520.01017048957
11	2849308	1380	673.07304127872
11	2938705	1400	388.20881579074
11	3030066	1420	573.88371514305
11	3123257	1440	622.77543222272
11	3218325	1460	336.25003412977
11	3315147	1480	621.80411586389
11	3414717	1500	425.89444066525
11	3517375	1520	575.61825443369
11	3621518	1540	571.14307176884
11	3727411	1560	420.59011478375
11	3836536	1580	520.41815328378
11	3947874	1600	528.01606214314
11	4061904	1620	530.53170352507
11	4177439	1640	717.4333197529
11	4295399	1660	722.37359305719
11	4415649	1680	432.75959167912
11	4537931	1700	666.36385133233
11	4662969	1720	620.13163211484
11	4790391	1740	387.507896968
11	4920039	1760	475.49605032353
11	5052124	1780	637.46022513839
11	5186024	1800	571.64455319321
11	5323070	1820	430.50704682693
11	5461738	1840	574.22433407004
11	5602326	1860	234.33587400016
11	5746164	1880	668.07288412708
11	5893534	1900	617.36184478023
11	6042746	1920	423.20217287847
11	6194547	1940	613.79644919848
11	6350113	1960	615.86568458616
11	6508215	1980	710.85235916212
11	6668086	2000	713.54921916605
12	145677	240	45.922354196932
12	171543	260	45.712778418787
12	198703	280	46.537022992469
12	226003	300	44.855398728431
12	253317	320	46.128599625877
12	280513	340	46.921440046548
12	307687	360	45.788068221778
12	334767	380	46.951514438536
12	362284	400	46.898638915823
12	389801	420	46.037050524218
12	417441	440	45.647195153622
12	445708	460	46.697698711057
12	474178	480	47.840798429969
12	503285	500	45.8267401205
12	533149	520	47.764883028032
12	563298	540	47.369745016811
12	593888	560	47.967328319144
12	625189	580	46.074685797174
12	657309	600	46.516106452259
12	690155	620	46.665263040332
12	724017	640	46.976954085149
12	758010	660	48.911440972699
12	794062	680	46.18152354759
12	830502	700	47.590897087966
12	867737	720	47.86094233534
12	906902	740	46.286529030856
12	946818	760	46.468016433832
12	988321	780	46.821808120077
12	1030681	800	46.850810001232
12	1074031	820	48.957439238187
12	1119007	840	47.925215030774
12	1164920	860	47.202722496314
12	1211870	880	47.017183262635
12	1259398	900	46.947806438338
12	1308598	920	48.586363950453
12	1358848	940	46.667147646582
12	1410635	960	47.182808127774
12	1463498	980	47.35496090797
12	1516947	1000	47.016470362711
12	1572169	1020	46.93068418527
12	1628926	1040	47.998058049943
12	1687223	1060	48.31519020007
12	1746354	1080	47.36369248803
12	1807353	1100	47.946380748707
12	1870405	1120	48.092079222294
12	1935051	1140	47.284792658285
12	2001101	1160	47.392877635221
12	2068317	1180	47.005059899457
12	2137295	1200	46.934964550664
12	2208848	1220	47.630289486231
12	2281806	1240	46.330819982625
12	2356715	1260	49.312242408742
12	2433639	1280	47.493264509578
12	2512405	1300	47.604484021017
12	2593624	1320	48.083678428377
12	2676936	1340	48.038470142319
12	2761926	1360	47.273651862688
12	2849308	1380	48.076645805623
12	2938705	1400	48.526101973842
12	3030066	1420	47.823642928587
12	3123257	1440	47.90580247867
12	3218325	1460	48.035719161395
12	3315147	1480	47.831085835683
12	3414717	1500	47.321604518361
12	3517375	1520	47.968187869474
12	3621518	1540	47.595255980736
12	3727411	1560	46.732234975972
12	3836536	1580	47.310741207616
12	3947874	1600	48.001460194831
12	4061904	1620	48.230154865916
12	4177439	1640	47.828887983527
12	4295399	1660	48.158239537146
12	4415649	1680	48.084399075458
12	4537931	1700	47.597417952309
12	4662969	1720	47.702433239603
12	4790391	1740	48.438487121
12	4920039	1760	47.549605032353
12	5052124	1780	49.035401933723
12	5186024	1800	47.637046099434
12	5323070	1820	47.834116314103
12	5461738	1840	47.85202783917
12	5602326	1860	46.867174800032
12	5746164	1880	47.719491723363
12	5893534	1900	47.489372675402
12	6042746	1920	47.022463653163
12	6194547	1940	47.215111476806
12	6350113	1960	47.374283429704
12	6508215	1980	47.390157277475
12	6668086	2000	47.569947944403
13	145677	240	0.78367469350525
13	171543	260	1.3803210465326
13	198703	280	1.4147894535536
13	226003	300	0.93824926630009
13	253317	320	1.0976733371478
13	280513	340	1.694260467395
13	307687	360	0.44853553078456
13	334767	380	2.1765381225326
13	362284	400	1.1316297752478
13	389801	420	1.5051719687854
13	417441	440	0.39351459975983
13	445708	460	2.210601013493
13	474178	480	3.4732562317583
13	503285	500	0.40482269664809
13	533149	520	2.4674824056093
13	563298	540	3.6968013517516
13	593888	560	2.1488434202017
13	625189	580	1.9949495813057
13	657309	600	0.96844272165233
13	690155	620	1.2286400997774
13	724017	640	1.8757889449383
13	758010	660	2.6885695236357
13	794062	680	1.0402368279989
13	830502	700	2.2114087640513
13	867737	720	2.6834793780393
13	906902	740	1.5353799778908
13	946818	760	1.4250120177361
13	988321	780	2.0657153964086
13	1030681	800	1.7997359642269
13	1074031	820	2.9164425218669
13	1119007	840	2.7238338549668
13	1164920	860	1.5991673699088
13	1211870	880	1.421600601358
13	1259398	900	1.8901251671197
13	1308598	920	2.2773059519682
13	1358848	940	1.4046917035496
13	1410635	960	1.9610610600786
13	1463498	980	1.8888063421303
13	1516947	1000	2.5818841676894
13	1572169	1020	1.8689599433446
13	1628926	1040	2.6072971566769
13	1687223	1060	2.2550649498611
13	1746354	1080	1.6930925583596
13	1807353	1100	2.056674126815
13	1870405	1120	2.1594929858399
13	1935051	1140	1.5137768137947
13	2001101	1160	2.2569171319134
13	2068317	1180	1.6406014601662
13	2137295	1200	1.9861225950925
13	2208848	1220	1.5508934668886
13	2281806	1240	1.1028689324081
13	2356715	1260	1.9641238666509
13	2433639	1280	1.7460896624674
13	2512405	1300	1.9878135988869
13	2593624	1320	2.4532477263092
13	2676936	1340	2.4333488886216
13	2761926	1360	2.4575464047014
13	2849308	1380	1.8871097084743
13	2938705	1400	1.9467748189323
13	3030066	1420	2.106459384613
13	3123257	1440	2.1619162226097
13	3218325	1460	1.8923588846993
13	3315147	1480	1.7381571745397
13	3414717	1500	1.7694095950594
13	3517375	1520	1.7519870202224
13	3621518	1540	1.6163882988148
13	3727411	1560	1.8351990174073
13	3836536	1580	1.7619733692836
13	3947874	1600	1.8425491736936
13	4061904	1620	1.974965724213
13	4177439	1640	1.4575254114902
13	4295399	1660	2.1333065215592
13	4415649	1680	1.3681958866592
13	4537931	1700	1.3667684318419
13	4662969	1720	1.6568413908107
13	4790391	1740	1.3088378530418
13	4920039	1760	1.6562914901398
13	5052124	1780	1.9363472344752
13	5186024	1800	1.2440446925308
13	5323070	1820	1.6031348102232
13	5461738	1840	2.3576004249286
13	5602326	1860	1.8654530321123
13	5746164	1880	1.5220455091549
13	5893534	1900	1.8457364308695
13	6042746	1920	1.5760358335957
13	6194547	1940	2.0265387204348
13	6350113	1960	1.4625910049435
13	6508215	1980	1.6549929613746
13	6668086	2000	1.363894143321
14	145677	240	0.61414602524055
14	171543	260	1.9052861915009
14	198703	280	2.0016291978866
14	226003	300	0.88031168571266
14	253317	320	1.2048867550852
14	280513	340	2.8705185313774
14	307687	360	0.20118412237619
14	334767	380	4.7373181988378
14	362284	400	1.2805859482274
14	389801	420	2.2655426556174
14	417441	440	0.15485374022414
14	445708	460	4.8867568408563
14	474178	480	12.063508851448
14	503285	500	0.16388141572143
14	533149	520	6.0884694219915
14	563298	540	13.666340234312
14	593888	560	4.617528044544
14	625189	580	3.9798238319516
14	657309	600	0.93788130512138
14	690155	620	1.5095564947811
14	724017	640	3.5185841659527
14	758010	660	7.2284060834227
14	794062	680	1.0820926583252
14	830502	700	4.890328721723
14	867737	720	7.201061572362
14	906902	740	2.3573916765078
14	946818	760	2.0306592506924
14	988321	780	4.2671800989594
14	1030681	800	3.2390495409319
14	1074031	820	8.5056369833535
14	1119007	840	7.4192708694631
14	1164920	860	2.5573362769812
14	1211870	880	2.0209482697813
14	1259398	900	3.5725731473793
14	1308598	920	5.1861223988697
14	1358848	940	1.9731587820212
14	1410635	960	3.8457604813567
14	1463498	980	3.5675893980718
14	1516947	1000	6.6661258553653
14	1572169	1020	3.4930112698267
14	1628926	1040	6.7979984632153
14	1687223	1060	5.0853179280923
14	1746354	1080	2.8665624111727
14	1807353	1100	4.2299084639101
14	1870405	1120	4.6634099558918
14	1935051	1140	2.2915202419825
14	2001101	1160	5.0936749403241
14	2068317	1180	2.6915731510995
14	2137295	1200	3.9446829627371
14	2208848	1220	2.4052705456376
14	2281806	1240	1.216319882071
14	2356715	1260	3.8577825635477
14	2433639	1280	3.0488291093754
14	2512405	1300	3.9514029039199
14	2593624	1320	6.0184244066413
14	2676936	1340	5.9211868137559
14	2761926	1360	6.0395343312608
14	2849308	1380	3.5611830518181
14	2938705	1400	3.7899321956289
14	3030066	1420	4.4371711390242
14	3123257	1440	4.6738817535829
14	3218325	1460	3.5810221485005
14	3315147	1480	3.0211903634039
14	3414717	1500	3.1308103150882
14	3517375	1520	3.0694585190278
14	3621518	1540	2.6127111325456
14	3727411	1560	3.3679554334926
14	3836536	1580	3.1045501540646
14	3947874	1600	3.394987457479
14	4061904	1620	3.9004896118163
14	4177439	1640	2.1243803251396
14	4295399	1660	4.5509967149271
14	4415649	1680	1.8719599842712
14	4537931	1700	1.8680559462795
14	4662969	1720	2.7451233943035
14	4790391	1740	1.7130565255551
14	4920039	1760	2.7433015003094
14	5052124	1780	3.7494406124598
14	5186024	1800	1.547647197014
14	5323070	1820	2.5700412197494
14	5461738	1840	5.5582797636236
14	5602326	1860	3.4799150150169
14	5746164	1880	2.3166225319385
14	5893534	1900	3.4067429722389
14	6042746	1920	2.4838889487778
14	6194547	1940	4.1068591854213
14	6350113	1960	2.1391724477418
14	6508215	1980	2.7390017021994
14	6668086	2000	1.8602072341854
15	145677	240	91.054352004206
15	171543	260	222.81197250414
15	198703	280	270.91279402467
15	226003	300	223.99043219768
15	253317	320	225.74559669956
15	280513	340	272.11332624046
15	307687	360	223.97566656013
15	334767	380	361.94683941098
15	362284	400	448.77142383699
15	389801	420	223.70978065519
15	417441	440	314.99564608767
15	445708	460	364.55526524515
15	474178	480	272.06426592102
15	503285	500	180.32343776663
15	533149	520	325.48284558893
15	563298	540	181.69334675896
15	593888	560	94.790951014368
15	625189	580	227.62116063471
15	657309	600	359.27072970529
15	690155	620	448.13235651963
15	724017	640	410.47393834383
15	758010	660	280.76155483503
15	794062	680	362.52178952457
15	830502	700	184.73891832212
15	867737	720	416.64451509845
15	906902	740	404.83748224772
15	946818	760	319.36298602916
15	988321	780	272.53507565018
15	1030681	800	275.54600093828
15	1074031	820	417.17827345154
15	1119007	840	595.21359118754
15	1164920	860	545.87104482937
15	1211870	880	408.72202480539
15	1259398	900	317.61605613597
15	1308598	920	417.64379996524
15	1358848	940	408.47974419164
15	1410635	960	645.47209252195
15	1463498	980	638.03133105224
15	1516947	1000	409.04355761609
15	1572169	1020	502.36973121453
15	1628926	1040	505.22992104023
15	1687223	1060	552.77179592141
15	1746354	1080	772.89845141759
15	1807353	1100	595.54102718196
15	1870405	1120	596.06215706683
15	1935051	1140	541.74626791877
15	2001101	1160	413.35517303252
15	2068317	1180	501.54766949329
15	2137295	1200	499.82458487306
15	2208848	1220	228.1986546835
15	2281806	1240	315.92385558107
15	2356715	1260	463.61122195976
15	2433639	1280	458.28931168992
15	2512405	1300	412.58357406397
15	2593624	1320	457.72121213272
15	2676936	1340	457.01867740709
15	2761926	1360	499.40002899252
15	2849308	1380	645.14489175169
15	2938705	1400	369.50658134387
15	3030066	1420	546.63299924959
15	3123257	1440	591.79632389572
15	3218325	1460	321.45885755686
15	3315147	1480	593.84966674168
15	3414717	1500	407.94354022722
15	3517375	1520	547.05265392043
15	3621518	1540	593.98688371993
15	3727411	1560	453.09624469496
15	3836536	1580	502.13676452192
15	3947874	1600	500.70580311853
15	4061904	1620	502.17964399931
15	4177439	1640	722.83643304208
15	4295399	1660	687.80541452742
15	4415649	1680	411.09191850976
15	4537931	1700	676.45566605158
15	4662969	1720	592.71498915638
15	4790391	1740	368.36229121777
15	4920039	1760	452.50002426896
15	5052124	1780	601.39073390151
15	5186024	1800	586.3558684632
15	5323070	1820	411.88738772526
15	5461738	1840	544.1392131323
15	5602326	1860	227.33941268829
15	5746164	1880	636.64541064991
15	5893534	1900	593.49604712737
15	6042746	1920	406.38847385749
15	6194547	1940	638.80463881177
15	6350113	1960	585.269798618
15	6508215	1980	682.08668314765
15	6668086	2000	684.21396022827
16	145677	240	45.527176002103
16	171543	260	44.562394500829
16	198703	280	45.152132337445
16	226003	300	44.798086439536
16	253317	320	45.149119339912
16	280513	340	45.352221040077
16	307687	360	44.795133312026
16	334767	380	45.243354926372
16	362284	400	44.877142383699
16	389801	420	44.741956131038
16	417441	440	44.999378012525
16	445708	460	45.569408155643
16	474178	480	45.34404432017
16	503285	500	45.080859441657
16	533149	520	46.497549369847
16	563298	540	45.42333668974
16	593888	560	47.395475507184
16	625189	580	45.524232126942
16	657309	600	44.908841213161
16	690155	620	44.813235651963
16	724017	640	45.608215371537
16	758010	660	46.793592472505
16	794062	680	45.315223690571
16	830502	700	46.184729580529
16	867737	720	46.293835010939
16	906902	740	44.981942471969
16	946818	760	45.623283718452
16	988321	780	45.422512608363
16	1030681	800	45.924333489714
16	1074031	820	46.353141494615
16	1119007	840	45.78566086058
16	1164920	860	45.489253735781
16	1211870	880	45.41355831171
16	1259398	900	45.373722305139
16	1308598	920	46.404866662804
16	1358848	940	45.386638243515
16	1410635	960	46.105149465853
16	1463498	980	45.573666503732
16	1516947	1000	45.449284179566
16	1572169	1020	45.669975564957
16	1628926	1040	45.929992821839
16	1687223	1060	46.064316326784
16	1746354	1080	45.46461478927
16	1807353	1100	45.810848244766
16	1870405	1120	45.850935158987
16	1935051	1140	45.145522326564
16	2001101	1160	45.928352559169
16	2068317	1180	45.595242681208
16	2137295	1200	45.438598624824
16	2208848	1220	45.6397309367
16	2281806	1240	45.131979368725
16	2356715	1260	46.361122195976
16	2433639	1280	45.828931168992
16	2512405	1300	45.842619340441
16	2593624	1320	45.772121213272
16	2676936	1340	45.701867740709
16	2761926	1360	45.400002635684
16	2849308	1380	46.081777982263
16	2938705	1400	46.188322667984
16	3030066	1420	45.552749937466
16	3123257	1440	45.522794145825
16	3218325	1460	45.922693936695
16	3315147	1480	45.680743595514
16	3414717	1500	45.327060025246
16	3517375	1520	45.587721160036
16	3621518	1540	45.691298747687
16	3727411	1560	45.309624469496
16	3836536	1580	45.64879677472
16	3947874	1600	45.518709374412
16	4061904	1620	45.652694909028
16	4177439	1640	45.17727706513
16	4295399	1660	45.853694301828
16	4415649	1680	45.676879834418
16	4537931	1700	45.097044403439
16	4662969	1720	45.593460704337
16	4790391	1740	46.045286402221
16	4920039	1760	45.250002426896
16	5052124	1780	46.260825684732
16	5186024	1800	45.104297574093
16	5323070	1820	45.765265302807
16	5461738	1840	45.344934427692
16	5602326	1860	45.467882537659
16	5746164	1880	45.47467218928
16	5893534	1900	45.653542086721
16	6042746	1920	45.154274873055
16	6194547	1940	45.628902772269
16	6350113	1960	45.020753739846
16	6508215	1980	45.472445543177
16	6668086	2000	45.614264015218
17	145677	240	1.3425410561872
17	171543	260	0.2825175227985
17	198703	280	0.6163661032564
17	226003	300	0.73397577036397
17	253317	320	0.9563309067013
17	280513	340	1.2655493358625
17	307687	360	0.48799262282481
17	334767	380	0.981043045023
17	362284	400	0.54095109193177
17	389801	420	0.27196317702769
17	417441	440	0.44903938998129
17	445708	460	1.6583321444007
17	474178	480	1.381935905134
17	503285	500	0.19469962268044
17	533149	520	2.1448720794298
17	563298	540	1.7379248856955
17	593888	560	2.750880718632
17	625189	580	1.927019099151
17	657309	600	0.5163504075157
17	690155	620	0.28573519271723
17	724017	640	1.4675629637817
17	758010	660	1.281906089848
17	794062	680	1.0574870965717
17	830502	700	1.6858678584217
17	867737	720	1.4051656377808
17	906902	740	1.1322178237933
17	946818	760	0.86821184079898
17	988321	780	1.2282509525149
17	1030681	800	1.4231941257974
17	1074031	820	1.4729798397569
17	1119007	840	1.4050894557786
17	1164920	860	1.2448283994115
17	1211870	880	1.2650705120325
17	1259398	900	1.0102766141426
17	1308598	920	1.2389982443615
17	1358848	940	1.0321354616558
17	1410635	960	1.1631351033672
17	1463498	980	1.0891390368566
17	1516947	1000	1.3110417346023
17	1572169	1020	1.1655486664343
17	1628926	1040	1.2814919562577
17	1687223	1060	1.2877016159422
17	1746354	1080	1.1490015231654
17	1807353	1100	1.083327211588
17	1870405	1120	1.1710178224874
17	1935051	1140	0.81723364985948
17	2001101	1160	1.1584384012087
17	2068317	1180	1.4045526873586
17	2137295	1200	1.0205814650141
17	2208848	1220	0.69393173726394
17	2281806	1240	1.059499610367
17	2356715	1260	0.95095854624935
17	2433639	1280	1.1296818049385
17	2512405	1300	1.0339032559552
17	2593624	1320	1.1726585696489
17	2676936	1340	0.83852098839851
17	2761926	1360	1.1221998566452
17	2849308	1380	1.1846571764975
17	2938705	1400	0.87217828403224
17	3030066	1420	1.1125021080375
17	3123257	1440	0.80500844538181
17	3218325	1460	1.0066853569307
17	3315147	1480	0.85073597729347
17	3414717	1500	0.64290728485099
17	3517375	1520	0.76161386338458
17	3621518	1540	0.8073296991651
17	3727411	1560	0.89188092171284
17	3836536	1580	1.0166691326251
17	3947874	1600	0.7096206624318
17	4061904	1620	0.64602881335437
17	4177439	1640	0.8627882508191
17	4295399	1660	1.1412663137297
17	4415649	1680	0.45697551155316
17	4537931	1700	0.88173722773852
17	4662969	1720	0.9316279477784
17	4790391	1740	0.78242646355218
17	4920039	1760	0.71000173880495
17	5052124	1780	0.98186378860355
17	5186024	1800	0.65581533742013
17	5323070	1820	0.93553562058057
17	5461738	1840	1.0179004023404
17	5602326	1860	1.2458543509172
17	5746164	1880	0.90735561293121
17	5893534	1900	0.86089951062845
17	6042746	1920	0.59850165941015
17	6194547	1940	0.98438896016636
17	6350113	1960	0.67050729343337
17	6508215	1980	0.84234081125282
17	6668086	2000	0.93177462695881
18	145677	240	1.8024164875482
18	171543	260	0.079816150688202
18	198703	280	0.37990717324348
18	226003	300	0.53872043148138
18	253317	320	0.91456880311214
18	280513	340	1.601615121502
18	307687	360	0.23813679993144
18	334767	380	0.96244545618799
18	362284	400	0.29262808386218
18	389801	420	0.073963969658995
18	417441	440	0.20163637375477
18	445708	460	2.7500655011527
18	474178	480	1.9097468458984
18	503285	500	0.037907943071905
18	533149	520	4.6004762371176
18	563298	540	3.0203829083196
18	593888	560	7.5673447281412
18	625189	580	3.7134026084927
18	657309	600	0.26661774334163
18	690155	620	0.08164460035715
18	724017	640	2.1537410526636
18	758010	660	1.6432832231894
18	794062	680	1.1182789594156
18	830502	700	2.8421504360592
18	867737	720	1.9744904695999
18	906902	740	1.2819172005152
18	946818	760	0.75379180050356
18	988321	780	1.5086004023538
18	1030681	800	2.0254815197042
18	1074031	820	2.1696696083301
18	1119007	840	1.9742763787402
18	1164920	860	1.5495977439813
18	1211870	880	1.6004034004141
18	1259398	900	1.0206588370834
18	1308598	920	1.535116649531
18	1358848	940	1.0653036112074
18	1410635	960	1.352883268685
18	1463498	980	1.1862238416049
18	1516947	1000	1.7188304298689
18	1572169	1020	1.3585036938267
18	1628926	1040	1.6422216339531
18	1687223	1060	1.6581754517002
18	1746354	1080	1.3202045002364
18	1807353	1100	1.1735978473671
18	1870405	1120	1.3712827405831
18	1935051	1140	0.66787083846264
18	2001101	1160	1.341979529395
18	2068317	1180	1.9727682515662
18	2137295	1200	1.0415865267304
18	2208848	1220	0.48154125598215
18	2281806	1240	1.1225394243679
18	2356715	1260	0.90432215668467
18	2433639	1280	1.2761809804092
18	2512405	1300	1.0689559426748
18	2593624	1320	1.375128120971
18	2676936	1340	0.70311744798482
18	2761926	1360	1.2593325182545
18	2849308	1380	1.4034126258271
18	2938705	1400	0.76069495913742
18	3030066	1420	1.2376609403879
18	3123257	1440	0.64803859713603
18	3218325	1460	1.0134154078586
18	3315147	1480	0.72375170306147
18	3414717	1500	0.41332977691448
18	3517375	1520	0.58005567689958
18	3621518	1540	0.65178124315401
18	3727411	1560	0.79545157851535
18	3836536	1580	1.0336161252327
18	3947874	1600	0.50356148455015
18	4061904	1620	0.41735322768405
18	4177439	1640	0.74440356575147
18	4295399	1660	1.3024887988541
18	4415649	1680	0.20882661815927
18	4537931	1700	0.77746053878002
18	4662969	1720	0.86793063308179
18	4790391	1740	0.61219117086678
18	4920039	1760	0.50410246910605
18	5052124	1780	0.96405649937091
18	5186024	1800	0.43009375679548
18	5323070	1820	0.87522689737506
18	5461738	1840	1.0361212290847
18	5602326	1860	1.5521530636994
18	5746164	1880	0.82329420831777
18	5893534	1900	0.7411479674003
18	6042746	1920	0.35820423631671
18	6194547	1940	0.96902162489741
18	6350113	1960	0.44958003054734
18	6508215	1980	0.70953804230207
18	6668086	2000	0.86820395544424
19	145677	240	1191.7646423601
19	171543	260	2224.2426394784
19	198703	280	2722.0972675038
19	226003	300	2068.5547379142
19	253317	320	2849.1245582212
19	280513	340	2264.5634907743
19	307687	360	2880.8169777384
19	334767	380	3407.1126916077
19	362284	400	3438.699610397
19	389801	420	2138.7938534456
19	417441	440	2872.0219866905
19	445708	460	3648.4353899884
19	474178	480	2406.0693576971
19	503285	500	2337.7337803853
19	533149	520	2605.8225696601
19	563298	540	1848.5427222506
19	593888	560	1439.0198495743
19	625189	580	3007.0925908454
19	657309	600	2542.2918903222
19	690155	620	3101.9133980271
19	724017	640	4136.7167556057
19	758010	660	2275.9287989853
19	794062	680	3803.6712609002
19	830502	700	2228.9484468295
19	867737	720	3416.6265056498
19	906902	740	3837.872564962
19	946818	760	3172.8471371954
19	988321	780	4063.8731669624
19	1030681	800	3882.5195859457
19	1074031	820	3486.4299593287
19	1119007	840	4667.8292984225
19	1164920	860	5074.2839536884
19	1211870	880	4339.7281410627
19	1259398	900	3736.1616864713
19	1308598	920	3386.2401551437
19	1358848	940	4216.0684503166
19	1410635	960	5223.7648824617
19	1463498	980	4889.1822445383
19	1516947	1000	4351.6922419833
19	1572169	1020	4822.7247900645
19	1628926	1040	5206.9523021324
19	1687223	1060	4552.5008100476
19	1746354	1080	5396.7900724479
19	1807353	1100	3847.2923333868
19	1870405	1120	5174.501395102
19	1935051	1140	4368.0399207341
19	2001101	1160	5216.1574588251
19	2068317	1180	5032.9464716151
19	2137295	1200	5001.2886876339
19	2208848	1220	3054.8491483131
19	2281806	1240	4080.854057454
19	2356715	1260	4669.7871632279
19	2433639	1280	4757.5568797976
19	2512405	1300	5394.9410029205
19	2593624	1320	4626.9105100265
19	2676936	1340	4895.1739660891
19	2761926	1360	5078.7847037012
19	2849308	1380	5863.7265544738
19	2938705	1400	4939.8796311634
19	3030066	1420	5092.2274738996
19	3123257	1440	6012.4233919139
19	3218325	1460	4328.539075566
19	3315147	1480	6062.8280763096
19	3414717	1500	5050.6285871197
19	3517375	1520	5653.691687493
19	3621518	1540	5846.4825744418
19	3727411	1560	4609.3173835178
19	3836536	1580	6490.6602851809
19	3947874	1600	5721.1500706336
19	4061904	1620	5249.9967721175
19	4177439	1640	6394.406194907
19	4295399	1660	6432.0799374034
19	4415649	1680	5050.5299425877
19	4537931	1700	6322.0144207369
19	4662969	1720	7314.9224001635
19	4790391	1740	4933.9096576707
19	4920039	1760	4750.3431964673
19	5052124	1780	5947.4758927386
19	5186024	1800	5380.2091939456
19	5323070	1820	5063.7559061444
19	5461738	1840	5292.79292961
19	5602326	1860	3515.0381100024
19	5746164	1880	7809.59269013
19	5893534	1900	7040.8655997355
19	6042746	1920	4762.6051063216
19	6194547	1940	6751.9908855713
19	6350113	1960	6216.3510941317
19	6508215	1980	7266.7159773266
19	6668086	2000	8008.8278846224
20	145677	240	45.837101629237
20	171543	260	45.392706928131
20	198703	280	46.137241822099
20	226003	300	44.968581259004
20	253317	320	45.953621906794
20	280513	340	46.215581444374
20	307687	360	45.727253614894
20	334767	380	46.042063400104
20	362284	400	46.468913654014
20	389801	420	45.506252200971
20	417441	440	45.587650582389
20	445708	460	46.182726455549
20	474178	480	47.17783054308
20	503285	500	45.837917262457
20	533149	520	46.532545886788
20	563298	540	47.398531339759
20	593888	560	47.967328319144
20	625189	580	46.262962936083
20	657309	600	46.223488914949
20	690155	620	46.297214895928
20	724017	640	47.008144950065
20	758010	660	47.415183312193
20	794062	680	46.386234889027
20	830502	700	47.424435038925
20	867737	720	46.80310281712
20	906902	740	46.239428493518
20	946818	760	46.659516723462
20	988321	780	46.711185827154
20	1030681	800	46.777344408984
20	1074031	820	47.759314511352
20	1119007	840	47.149790893156
20	1164920	860	47.423214520452
20	1211870	880	47.170958055029
20	1259398	900	46.702021080891
20	1308598	920	47.693523311883
20	1358848	940	46.845205003518
20	1410635	960	46.640757879123
20	1463498	980	47.011367735945
20	1516947	1000	46.792389698745
20	1572169	1020	46.822570777325
20	1628926	1040	47.335930019386
20	1687223	1060	47.921061158396
20	1746354	1080	47.759204180955
20	1807353	1100	47.497436214652
20	1870405	1120	47.912049954649
20	1935051	1140	47.478694790588
20	2001101	1160	47.419613262046
20	2068317	1180	47.03688291229
20	2137295	1200	46.74101577228
20	2208848	1220	47.732017942393
20	2281806	1240	46.373341561978
20	2356715	1260	48.643616283624
20	2433639	1280	47.575568797976
20	2512405	1300	47.324043885268
20	2593624	1320	48.196984479442
20	2676936	1340	47.991901628325
20	2761926	1360	47.02578429353
20	2849308	1380	47.672573613608
20	2938705	1400	48.430192462386
20	3030066	1420	47.590910971024
20	3123257	1440	47.341916471763
20	3218325	1460	48.0948786174
20	3315147	1480	47.738803750469
20	3414717	1500	47.202136328222
20	3517375	1520	47.912641419432
20	3621518	1540	47.532378653999
20	3727411	1560	47.033850852223
20	3836536	1580	47.377082373583
20	3947874	1600	47.676250588614
20	4061904	1620	47.727243382887
20	4177439	1640	48.07824206697
20	4295399	1660	48.000596547787
20	4415649	1680	48.100285167502
20	4537931	1700	47.894048641946
20	4662969	1720	47.809950327866
20	4790391	1740	48.371663310497
20	4920039	1760	47.503431964673
20	5052124	1780	48.35346254259
20	5186024	1800	48.0375820888
20	5323070	1820	47.771282133438
20	5461738	1840	47.682819185676
20	5602326	1860	46.867174800032
20	5746164	1880	47.911611595889
20	5893534	1900	47.573416214429
20	6042746	1920	47.154506003184
20	6194547	1940	47.216719479519
20	6350113	1960	47.818085339474
20	6508215	1980	47.494875668801
20	6668086	2000	47.671594551324
21	145677	240	2.1051743900021
21	171543	260	2.4955363470582
21	198703	280	2.0285993466586
21	226003	300	2.3394174729802
21	253317	320	2.097631117866
21	280513	340	2.7446685482157
21	307687	360	1.7761275129844
21	334767	380	2.2080843177151
21	362284	400	2.1560823996186
21	389801	420	2.1987240791236
21	417441	440	1.961464481836
21	445708	460	2.6670709487748
21	474178	480	3.9543033052305
21	503285	500	2.048069036659
21	533149	520	2.4804689161973
21	563298	540	4.9875836626665
21	593888	560	3.0098957986915
21	625189	580	2.7041823600166
21	657309	600	2.0176549959668
21	690155	620	2.480600132799
21	724017	640	2.5217057388035
21	758010	660	3.4041082390126
21	794062	680	2.1732106734818
21	830502	700	2.7231916272506
21	867737	720	2.6533562291516
21	906902	740	2.2693382444895
21	946818	760	2.7571307301064
21	988321	780	2.4703670160019
21	1030681	800	2.8183433612157
21	1074031	820	3.8225615102961
21	1119007	840	3.3213153995763
21	1164920	860	2.3260377998862
21	1211870	880	2.2373028800826
21	1259398	900	2.6026479648297
21	1308598	920	2.8081438021758
21	1358848	940	2.1397449532809
21	1410635	960	2.4505821980827
21	1463498	980	2.6684802787702
21	1516947	1000	2.7731572373947
21	1572169	1020	2.7063725053532
21	1628926	1040	2.7178000321833
21	1687223	1060	3.0917808555275
21	1746354	1080	2.4062920850872
21	1807353	1100	2.8648128186384
21	1870405	1120	2.8886101739647
21	1935051	1140	3.3754105677761
21	2001101	1160	2.8281385559143
21	2068317	1180	2.5069632169121
21	2137295	1200	2.6268879407599
21	2208848	1220	2.7269144166537
21	2281806	1240	1.9138147118002
21	2356715	1260	3.0341411175573
21	2433639	1280	2.7855795497158
21	2512405	1300	2.7279844159077
21	2593624	1320	2.8603342610669
21	2676936	1340	2.9025818443818
21	2761926	1360	3.0327996636109
21	2849308	1380	2.7938667796755
21	2938705	1400	3.149697105938
21	3030066	1420	2.6049223644026
21	3123257	1440	2.7917649264193
21	3218325	1460	3.2480548465846
21	3315147	1480	2.413499250522
21	3414717	1500	2.6504743934885
21	3517375	1520	2.7018537211885
21	3621518	1540	2.6197856869428
21	3727411	1560	2.5160703284106
21	3836536	1580	2.7248289270522
21	3947874	1600	2.5840376738964
21	4061904	1620	2.4195589098347
21	4177439	1640	2.4661394292228
21	4295399	1660	2.6659821905742
21	4415649	1680	2.1723841505335
21	4537931	1700	2.3308940903949
21	4662969	1720	2.4302440095095
21	4790391	1740	2.6068864684602
21	4920039	1760	2.4573177816463
21	5052124	1780	2.8753643597521
21	5186024	1800	2.2275825357977
21	5323070	1820	3.0302417231015
21	5461738	1840	2.8063677652065
21	5602326	1860	2.4808115048856
21	5746164	1880	2.6687412742103
21	5893534	1900	2.9514726687917
21	6042746	1920	2.4744479648969
21	6194547	1940	2.4968671954581
21	6350113	1960	2.4770696131219
21	6508215	1980	2.5863020814131
21	6668086	2000	2.6702488653813
22	145677	240	4.4317592123207
22	171543	260	6.2277016594884
22	198703	280	4.1152153092636
22	226003	300	5.4728741128853
22	253317	320	4.4000563066396
22	280513	340	7.5332054395647
22	307687	360	3.15462894238
22	334767	380	4.8756363541394
22	362284	400	4.648691313945
22	389801	420	4.8343875761181
22	417441	440	3.8473429135042
22	445708	460	7.1132674457985
22	474178	480	15.636514629757
22	503285	500	4.1945867789211
22	533149	520	6.1527260442211
22	563298	540	24.875990792098
22	593888	560	9.0594727189805
22	625189	580	7.3126022362252
22	657309	600	4.0709316827497
22	690155	620	6.1533770188424
22	724017	640	6.3589998331143
22	758010	660	11.587952902914
22	794062	680	4.7228446313354
22	830502	700	7.4157726387276
22	867737	720	7.0402992787777
22	906902	740	5.1498960679025
22	946818	760	7.6017698628971
22	988321	780	6.10271319375
22	1030681	800	7.9430593017084
22	1074031	820	14.611976499997
22	1119007	840	11.031135983463
22	1164920	860	5.4104518464995
22	1211870	880	5.0055241772261
22	1259398	900	6.7737764288321
22	1308598	920	7.8856716136985
22	1358848	940	4.5785084650912
22	1410635	960	6.0053531095596
22	1463498	980	7.1207869981857
22	1516947	1000	7.6904010633148
22	1572169	1020	7.3244521377316
22	1628926	1040	7.3864370149355
22	1687223	1060	9.5591088586062
22	1746354	1080	5.7902415987531
22	1807353	1100	8.2071524858351
22	1870405	1120	8.3440687371321
22	1935051	1140	11.393396501055
22	2001101	1160	7.9983676914491
22	2068317	1180	6.2848645709504
22	2137295	1200	6.90054025331
22	2208848	1220	7.4360622357537
22	2281806	1240	3.662686751103
22	2356715	1260	9.2060123212518
22	2433639	1280	7.759453427795
22	2512405	1300	7.4418989734351
22	2593624	1320	8.1815120850329
22	2676936	1340	8.424981363335
22	2761926	1360	9.1978737995987
22	2849308	1380	7.8056915825744
22	2938705	1400	9.920591859154
22	3030066	1420	6.785620524565
22	3123257	1440	7.7939514043849
22	3218325	1460	10.549860286422
22	3315147	1480	5.8249786322704
22	3414717	1500	7.0250145105383
22	3517375	1520	7.3000135307001
22	3621518	1540	6.8632770455106
22	3727411	1560	6.3306098975082
22	3836536	1580	7.4246926817005
22	3947874	1600	6.6772507001158
22	4061904	1620	5.8542653181603
22	4177439	1640	6.0818436843673
22	4295399	1660	7.107461040459
22	4415649	1680	4.7192528974891
22	4537931	1700	5.4330672606379
22	4662969	1720	5.9060859457566
22	4790391	1740	6.7958570594407
22	4920039	1760	6.0384106799949
22	5052124	1780	8.2677202013324
22	5186024	1800	4.9621239537907
22	5323070	1820	9.1823649004252
22	5461738	1840	7.8757000335902
22	5602326	1860	6.1544257227726
22	5746164	1880	7.1221799886737
22	5893534	1900	8.7111909146243
22	6042746	1920	6.1228927309823
22	6194547	1940	6.2343457917548
22	6350113	1960	6.135873868252
22	6508215	1980	6.6889584563218
22	6668086	2000	7.1302290030699
23	145677	240	3404.9906184567
23	171543	260	3587.3359866532
23	198703	280	3915.1221650376
23	226003	300	4009.2099555079
23	253317	320	4000.7903063304
23	280513	340	4051.3273755079
23	307687	360	3961.5845497545
23	334767	380	3869.4834366352
23	362284	400	3828.5291949799
23	389801	420	4056.5503646792
23	417441	440	4015.1930302296
23	445708	460	3923.0489577282
23	474178	480	4073.2001900574
23	503285	500	4263.3169730735
23	533149	520	4164.3616689212
23	563298	540	4354.8064620089
23	593888	560	4542.5436756803
23	625189	580	4553.6568565063
23	657309	600	4379.7536550559
23	690155	620	4419.3294933738
23	724017	640	4411.4985351426
23	758010	660	4587.7406523231
23	794062	680	4693.4657945234
23	830502	700	4769.0519265358
23	867737	720	4632.1629923366
23	906902	740	4827.3001005626
23	946818	760	4874.3155184903
23	988321	780	4911.3117095441
23	1030681	800	4997.1938228281
23	1074031	820	4909.2744932754
23	1119007	840	4822.7328972891
23	1164920	860	4966.9144269163
23	1211870	880	5145.8707755553
23	1259398	900	5246.0193912443
23	1308598	920	5332.634007073
23	1358848	940	5288.4598391201
23	1410635	960	5242.4103692837
23	1463498	980	5204.2700638647
23	1516947	1000	5435.5541648613
23	1572169	1020	5339.7508206963
23	1628926	1040	5477.2958983145
23	1687223	1060	5567.9090375082
23	1746354	1080	5448.5199427395
23	1807353	1100	5532.1179674274
23	1870405	1120	5670.933001206
23	1935051	1140	5760.0291099002
23	2001101	1160	5988.0276443287
23	2068317	1180	5897.3919247042
23	2137295	1200	5901.8123221068
23	2208848	1220	6348.0020861184
23	2281806	1240	6262.3596365906
23	2356715	1260	6159.509454804
23	2433639	1280	6213.5503700659
23	2512405	1300	6346.6641081115
23	2593624	1320	6347.7327050465
23	2676936	1340	6479.964163436
23	2761926	1360	6444.9259931424
23	2849308	1380	6341.245656023
23	2938705	1400	6661.0900093291
23	3030066	1420	6622.8381742546
23	3123257	1440	6573.5546168788
23	3218325	1460	6943.2977217694
23	3315147	1480	6665.2990219137
23	3414717	1500	6847.4536809626
23	3517375	1520	6801.6758570002
23	3621518	1540	6885.7275509568
23	3727411	1560	6932.2795706778
23	3836536	1580	7023.9478774857
23	3947874	1600	7019.2514153414
23	4061904	1620	7160.0611427236
23	4177439	1640	6892.908421007
23	4295399	1660	7065.5909646488
23	4415649	1680	7432.2158092562
23	4537931	1700	7262.9269421333
23	4662969	1720	7342.0655993716
23	4790391	1740	7610.0041421838
23	4920039	1760	7575.137891694
23	5052124	1780	7521.5400140068
23	5186024	1800	7528.9067007377
23	5323070	1820	7804.4278104813
23	5461738	1840	7713.6381169812
23	5602326	1860	8072.0043403359
23	5746164	1880	7714.0533809129
23	5893534	1900	7798.8300072151
23	6042746	1920	8021.9211252087
23	6194547	1940	7935.8753783423
23	6350113	1960	7981.6619673719
23	6508215	1980	8018.3531878553
23	6668086	2000	8021.476239801
24	145677	240	44.802508137588
24	171543	260	44.841699833165
24	198703	280	45.001404195834
24	226003	300	45.047302870875
24	253317	320	44.952700071128
24	280513	340	45.014748616755
24	307687	360	45.01800624721
24	334767	380	44.993993449246
24	362284	400	45.04151994094
24	389801	420	45.072781829769
24	417441	440	45.114528429546
24	445708	460	45.092516755496
24	474178	480	45.257779889527
24	503285	500	45.35443588376
24	533149	520	45.264800749143
24	563298	540	45.362567312593
24	593888	560	45.425436756803
24	625189	580	45.536568565063
24	657309	600	45.622433906833
24	690155	620	45.560097869833
24	724017	640	45.479366341676
24	758010	660	45.423174775476
24	794062	680	45.567629073043
24	830502	700	45.419542157483
24	867737	720	45.413362669967
24	906902	740	45.54056698644
24	946818	760	45.554350640096
24	988321	780	45.475108421705
24	1030681	800	45.429034752983
24	1074031	820	45.456245308106
24	1119007	840	45.497480163105
24	1164920	860	45.568022265287
24	1211870	880	45.538679429693
24	1259398	900	45.617559923864
24	1308598	920	45.578068436521
24	1358848	940	45.590171026897
24	1410635	960	45.586177124206
24	1463498	980	45.651491788287
24	1516947	1000	45.676925755137
24	1572169	1020	45.638895903387
24	1628926	1040	45.644132485954
24	1687223	1060	45.6385986681
24	1746354	1080	45.785881871761
24	1807353	1100	45.719983201879
24	1870405	1120	45.733330654887
24	1935051	1140	45.71451674524
24	2001101	1160	45.710134689532
24	2068317	1180	45.716216470575
24	2137295	1200	45.750483117107
24	2208848	1220	45.669079756247
24	2281806	1240	45.710654281683
24	2356715	1260	45.625995961511
24	2433639	1280	45.687870368132
24	2512405	1300	45.659454015191
24	2593624	1320	45.667141762924
24	2676936	1340	45.633550446732
24	2761926	1360	45.708694986826
24	2849308	1380	45.620472345489
24	2938705	1400	45.623904173487
24	3030066	1420	45.674746029342
24	3123257	1440	45.649684839436
24	3218325	1460	45.679590274799
24	3315147	1480	45.652733026806
24	3414717	1500	45.649691206417
24	3517375	1520	45.648831255035
24	3621518	1540	45.600844708323
24	3727411	1560	45.60710243867
24	3836536	1580	45.610051152504
24	3947874	1600	45.579554645074
24	4061904	1620	45.605484985501
24	4177439	1640	45.648400139119
24	4295399	1660	45.584457836444
24	4415649	1680	45.596416007707
24	4537931	1700	45.678785799581
24	4662969	1720	45.602891921563
24	4790391	1740	45.568887078945
24	4920039	1760	45.633360793337
24	5052124	1780	45.585090993981
24	5186024	1800	45.629737580229
24	5323070	1820	45.639928716265
24	5461738	1840	45.642829094563
24	5602326	1860	45.604544295683
24	5746164	1880	45.645286277591
24	5893534	1900	45.60719302465
24	6042746	1920	45.579097302322
24	6194547	1940	45.608479185876
24	6350113	1960	45.609496956411
24	6508215	1980	45.558824930996
24	6668086	2000	45.576569544324
25	145677	240	0.43568542077396
25	171543	260	0.40452055981392
25	198703	280	0.82297262394806
25	226003	300	0.7272377450441
25	253317	320	0.69852502294712
25	280513	340	0.71496222680443
25	307687	360	0.76506297908625
25	334767	380	0.77169284250531
25	362284	400	0.69470718255476
25	389801	420	0.87632327154864
25	417441	440	1.0928975196055
25	445708	460	0.86476980640691
25	474178	480	1.2815245243319
25	503285	500	1.500458345635
25	533149	520	1.2355920610598
25	563298	540	1.2944857110547
25	593888	560	1.3593161291639
25	625189	580	1.5293592207337
25	657309	600	1.4868655142815
25	690155	620	1.345314496977
25	724017	640	1.275570404858
25	758010	660	1.1925080722016
25	794062	680	1.2965533486442
25	830502	700	1.1265156147306
25	867737	720	1.1709063954019
25	906902	740	1.2762216793006
25	946818	760	1.271774722872
25	988321	780	1.1097688355946
25	1030681	800	1.1338900980848
25	1074031	820	1.1080969203371
25	1119007	840	1.1288295495727
25	1164920	860	1.2110923740445
25	1211870	880	1.1702893335257
25	1259398	900	1.2610729200329
25	1308598	920	1.2278968137644
25	1358848	940	1.1778526618514
25	1410635	960	1.1601014886958
25	1463498	980	1.1986408355287
25	1516947	1000	1.1838829146739
25	1572169	1020	1.1827537415001
25	1628926	1040	1.1545232994147
25	1687223	1060	1.1553603936541
25	1746354	1080	1.2021265096371
25	1807353	1100	1.1873687309895
25	1870405	1120	1.1591229071678
25	1935051	1140	1.1083989860467
25	2001101	1160	1.120915791662
25	2068317	1180	1.1028896781816
25	2137295	1200	1.1321914569741
25	2208848	1220	1.0865637385323
25	2281806	1240	1.0465236065212
25	2356715	1260	1.0425917795131
25	2433639	1280	1.1139090533007
25	2512405	1300	1.0951319037028
25	2593624	1320	1.0271324922761
25	2676936	1340	1.0399456813083
25	2761926	1360	1.0792593692195
25	2849308	1380	1.0058561704793
25	2938705	1400	1.0131544410068
25	3030066	1420	1.0799500986093
25	3123257	1440	0.9700412738443
25	3218325	1460	1.0310571321506
25	3315147	1480	1.0242422307873
25	3414717	1500	0.99020386926128
25	3517375	1520	0.97499977176079
25	3621518	1540	0.98304081402503
25	3727411	1560	0.90558333951375
25	3836536	1580	0.9611819456669
25	3947874	1600	0.89759726790748
25	4061904	1620	0.94020597173248
25	4177439	1640	0.90274369369734
25	4295399	1660	0.90589637996974
25	4415649	1680	0.92424360693957
25	4537931	1700	0.8854510915895
25	4662969	1720	0.87693055980962
25	4790391	1740	0.86776534300456
25	4920039	1760	0.8819518597794
25	5052124	1780	0.86453294141156
25	5186024	1800	0.84528838753674
25	5323070	1820	0.87772768613672
25	5461738	1840	0.83441754370771
25	5602326	1860	0.84312687177413
25	5746164	1880	0.90888076912885
25	5893534	1900	0.87679831558658
25	6042746	1920	0.81323454661775
25	6194547	1940	0.90143003128275
25	6350113	1960	0.84229762177859
25	6508215	1980	0.85254444328987
25	6668086	2000	0.81660689774011
26	145677	240	0.18982178587498
26	171543	260	0.16363688331217
26	198703	280	0.67728393976795
26	226003	300	0.52887473781683
26	253317	320	0.48793720768328
26	280513	340	0.51117098575715
26	307687	360	0.58532136196833
26	334767	380	0.59550984317393
26	362284	400	0.48261806949317
26	389801	420	0.76794247625771
26	417441	440	1.1944249883599
26	445708	460	0.74782681807304
26	474178	480	1.6423051064642
26	503285	500	2.2513752469858
26	533149	520	1.5266877413539
26	563298	540	1.6756932561247
26	593888	560	1.847740339005
26	625189	580	2.3389396260433
26	657309	600	2.2107690575595
26	690155	620	1.8098710957766
26	724017	640	1.6270798577496
26	758010	660	1.422075502266
26	794062	680	1.6810505858805
26	830502	700	1.2690374302319
26	867737	720	1.371021786793
26	906902	740	1.6287417747169
26	946818	760	1.6174109457361
26	988321	780	1.2315868684569
26	1030681	800	1.2857067545346
26	1074031	820	1.2278787848606
26	1119007	840	1.2742561519885
26	1164920	860	1.4667447384687
26	1211870	880	1.369577124164
26	1259398	900	1.5903049096404
26	1308598	920	1.5077305852527
26	1358848	940	1.3873368930305
26	1410635	960	1.3458354640743
26	1463498	980	1.4367398525968
26	1516947	1000	1.4015787556567
26	1572169	1020	1.3989064130326
26	1628926	1040	1.3329240488914
26	1687223	1060	1.3348576392245
26	1746354	1080	1.4451081451722
26	1807353	1100	1.4098445033316
26	1870405	1120	1.3435659139211
26	1935051	1140	1.2285483122694
26	2001101	1160	1.2564522119972
26	2068317	1180	1.2163656422394
26	2137295	1200	1.2818574952452
26	2208848	1220	1.1806207578933
26	2281806	1240	1.0952116590061
26	2356715	1260	1.0869976187084
26	2433639	1280	1.2407933790252
26	2512405	1300	1.1993138865077
26	2593624	1320	1.0550011566893
26	2676936	1340	1.0814870200717
26	2761926	1360	1.1648007860481
26	2849308	1380	1.0117466356912
26	2938705	1400	1.0264819213318
26	3030066	1420	1.1662922154863
26	3123257	1440	0.94098007296148
26	3218325	1460	1.0630788097585
26	3315147	1480	1.0490721473282
26	3414717	1500	0.9805037027
26	3517375	1520	0.95062455493358
26	3621518	1540	0.96636924203898
26	3727411	1560	0.82008118480488
26	3836536	1580	0.923870732676
26	3947874	1600	0.80568085535497
26	4061904	1620	0.88398726928142
26	4177439	1640	0.81494617651032
26	4295399	1660	0.82064825124229
26	4415649	1680	0.85422624496866
26	4537931	1700	0.78402363559703
26	4662969	1720	0.76900720672802
26	4790391	1740	0.75301669051982
26	4920039	1760	0.77783908296834
26	5052124	1780	0.74741720678573
26	5186024	1800	0.71451245810446
26	5323070	1820	0.77040589101093
26	5461738	1840	0.69625263724721
26	5602326	1860	0.71086292190763
26	5746164	1880	0.82606425249225
26	5893534	1900	0.76877528621546
26	6042746	1920	0.66135042781257
26	6194547	1940	0.81257610129842
26	6350113	1960	0.70946528365387
26	6508215	1980	0.72683202778444
26	6668086	2000	0.66684682543673
