version 2
run statisticRVV-169-20150327-11:21:42-16840
attr c 10
attr configname statisticRVV
attr datetime 20150327-11:21:42
attr experiment statisticRVV
attr inifile omnetpp.ini
attr iterationvars "$sc=\"erlangen-medium.launchd.xml\", $p=1/10, $c=10"
attr iterationvars2 "$sc=\"erlangen-medium.launchd.xml\", $p=1/10, $c=10, $repetition=9"
attr measurement "$sc=\"erlangen-medium.launchd.xml\", $p=1/10, $c=10"
attr network RSUExampleScenario
attr p 1/10
attr processid 16840
attr repetition 9
attr replication #9
attr resultdir results
attr runnumber 169
attr sc "\"erlangen-medium.launchd.xml\""
attr seedset 169

vector 0  RSUExampleScenario.rsu[0].appl  Number_CH  ETV
vector 1  RSUExampleScenario.rsu[0].appl  Number_ON  ETV
vector 2  RSUExampleScenario.rsu[0].appl  Number_FN  ETV
vector 3  RSUExampleScenario.rsu[0].appl  Number_CH_Losts  ETV
vector 4  RSUExampleScenario.rsu[0].appl  Number_CH_Losts  ETV
vector 5  RSUExampleScenario.rsu[0].appl  Mean_Cluster_Size  ETV
vector 6  RSUExampleScenario.rsu[0].appl  StdDev_Cluster_Size  ETV
vector 7  RSUExampleScenario.rsu[0].appl  Variance_Cluster_Size  ETV
vector 8  RSUExampleScenario.rsu[0].appl  Mean_Neighbors  ETV
vector 9  RSUExampleScenario.rsu[0].appl  StdDev_Neighbors  ETV
vector 10  RSUExampleScenario.rsu[0].appl  Variance_Neighbors  ETV
vector 11  RSUExampleScenario.rsu[0].appl  Total_CH_Utility  ETV
vector 12  RSUExampleScenario.rsu[0].appl  Mean_CH_Utility  ETV
vector 13  RSUExampleScenario.rsu[0].appl  StdDev_CH_Utility  ETV
vector 14  RSUExampleScenario.rsu[0].appl  Variance_CH_Utility  ETV
vector 15  RSUExampleScenario.rsu[0].appl  Total_exp_CH_Utility  ETV
vector 16  RSUExampleScenario.rsu[0].appl  Mean_exp_CH_Utility  ETV
vector 17  RSUExampleScenario.rsu[0].appl  StdDev_exp_CH_Utility  ETV
vector 18  RSUExampleScenario.rsu[0].appl  Variance_exp_CH_Utility  ETV
vector 19  RSUExampleScenario.rsu[0].appl  Total_ON_Utility  ETV
vector 20  RSUExampleScenario.rsu[0].appl  Mean_ON_Utility  ETV
vector 21  RSUExampleScenario.rsu[0].appl  StdDev_ON_Utility  ETV
vector 22  RSUExampleScenario.rsu[0].appl  Variance_ON_Utility  ETV
vector 23  RSUExampleScenario.rsu[0].appl  Total_exp_ON_Utility  ETV
vector 24  RSUExampleScenario.rsu[0].appl  Mean_exp_ON_Utility  ETV
vector 25  RSUExampleScenario.rsu[0].appl  StdDev_exp_ON_Utility  ETV
vector 26  RSUExampleScenario.rsu[0].appl  Variance_exp_ON_Utility  ETV
0	145240	240	6
0	171173	260	3
0	198436	280	8
0	225775	300	12
0	253336	320	6
0	280639	340	8
0	308125	360	13
0	335692	380	6
0	363717	400	4
0	392244	420	7
0	421082	440	9
0	450658	460	7
0	480589	480	7
0	511417	500	12
0	542784	520	11
0	574881	540	12
0	607450	560	7
0	640858	580	7
0	675345	600	11
0	710553	620	13
0	747264	640	9
0	785108	660	13
0	823856	680	9
0	864432	700	12
0	906107	720	11
0	949062	740	9
0	993150	760	9
0	1038406	780	7
0	1084071	800	14
0	1131448	820	12
0	1179546	840	13
0	1229097	860	13
0	1280193	880	9
0	1332227	900	20
0	1385680	920	12
0	1439944	940	8
0	1496526	960	14
0	1553472	980	11
0	1611869	1000	17
0	1672074	1020	16
0	1733816	1040	13
0	1796989	1060	12
0	1861950	1080	9
0	1928212	1100	13
0	1995798	1120	12
0	2066369	1140	14
0	2138959	1160	20
0	2213158	1180	12
0	2288983	1200	21
0	2366824	1220	19
0	2447008	1240	17
0	2528335	1260	13
0	2612471	1280	8
0	2698082	1300	16
0	2785923	1320	19
0	2875805	1340	16
0	2968004	1360	12
0	3062537	1380	22
0	3159388	1400	13
0	3257398	1420	19
0	3358291	1440	19
0	3461796	1460	19
0	3566623	1480	16
0	3673641	1500	14
0	3783861	1520	18
0	3896260	1540	12
0	4010523	1560	14
0	4127022	1580	19
0	4247246	1600	20
0	4369186	1620	12
0	4492803	1640	18
0	4619136	1660	17
0	4748067	1680	20
0	4879138	1700	18
0	5012611	1720	21
0	5148357	1740	20
0	5287144	1760	18
0	5427688	1780	24
0	5571055	1800	21
0	5717428	1820	26
0	5866861	1840	25
0	6018397	1860	22
0	6171808	1880	25
0	6328604	1900	25
0	6487179	1920	13
0	6648438	1940	22
0	6812051	1960	17
0	6978008	1980	16
0	7147788	2000	21
1	145240	240	50
1	171173	260	29
1	198436	280	58
1	225775	300	65
1	253336	320	49
1	280639	340	67
1	308125	360	68
1	335692	380	54
1	363717	400	37
1	392244	420	58
1	421082	440	59
1	450658	460	46
1	480589	480	64
1	511417	500	77
1	542784	520	67
1	574881	540	75
1	607450	560	65
1	640858	580	63
1	675345	600	82
1	710553	620	76
1	747264	640	77
1	785108	660	80
1	823856	680	65
1	864432	700	90
1	906107	720	74
1	949062	740	73
1	993150	760	78
1	1038406	780	53
1	1084071	800	86
1	1131448	820	73
1	1179546	840	89
1	1229097	860	89
1	1280193	880	63
1	1332227	900	101
1	1385680	920	96
1	1439944	940	58
1	1496526	960	101
1	1553472	980	72
1	1611869	1000	103
1	1672074	1020	112
1	1733816	1040	92
1	1796989	1060	88
1	1861950	1080	64
1	1928212	1100	88
1	1995798	1120	71
1	2066369	1140	108
1	2138959	1160	115
1	2213158	1180	89
1	2288983	1200	121
1	2366824	1220	122
1	2447008	1240	120
1	2528335	1260	94
1	2612471	1280	66
1	2698082	1300	110
1	2785923	1320	122
1	2875805	1340	101
1	2968004	1360	94
1	3062537	1380	128
1	3159388	1400	99
1	3257398	1420	133
1	3358291	1440	123
1	3461796	1460	117
1	3566623	1480	118
1	3673641	1500	108
1	3783861	1520	132
1	3896260	1540	103
1	4010523	1560	108
1	4127022	1580	129
1	4247246	1600	130
1	4369186	1620	109
1	4492803	1640	142
1	4619136	1660	131
1	4748067	1680	112
1	4879138	1700	121
1	5012611	1720	130
1	5148357	1740	137
1	5287144	1760	123
1	5427688	1780	138
1	5571055	1800	151
1	5717428	1820	152
1	5866861	1840	138
1	6018397	1860	125
1	6171808	1880	148
1	6328604	1900	153
1	6487179	1920	102
1	6648438	1940	144
1	6812051	1960	149
1	6978008	1980	139
1	7147788	2000	142
2	145240	240	22
2	171173	260	53
2	198436	280	25
2	225775	300	17
2	253336	320	41
2	280639	340	19
2	308125	360	13
2	335692	380	35
2	363717	400	55
2	392244	420	31
2	421082	440	29
2	450658	460	47
2	480589	480	29
2	511417	500	14
2	542784	520	24
2	574881	540	18
2	607450	560	34
2	640858	580	35
2	675345	600	16
2	710553	620	21
2	747264	640	25
2	785108	660	20
2	823856	680	38
2	864432	700	13
2	906107	720	32
2	949062	740	36
2	993150	760	30
2	1038406	780	59
2	1084071	800	19
2	1131448	820	36
2	1179546	840	22
2	1229097	860	23
2	1280193	880	54
2	1332227	900	6
2	1385680	920	20
2	1439944	940	65
2	1496526	960	16
2	1553472	980	49
2	1611869	1000	12
2	1672074	1020	7
2	1733816	1040	31
2	1796989	1060	38
2	1861950	1080	67
2	1928212	1100	37
2	1995798	1120	57
2	2066369	1140	21
2	2138959	1160	8
2	2213158	1180	45
2	2288983	1200	4
2	2366824	1220	7
2	2447008	1240	12
2	2528335	1260	43
2	2612471	1280	76
2	2698082	1300	26
2	2785923	1320	14
2	2875805	1340	37
2	2968004	1360	48
2	3062537	1380	9
2	3159388	1400	46
2	3257398	1420	8
2	3358291	1440	20
2	3461796	1460	25
2	3566623	1480	27
2	3673641	1500	42
2	3783861	1520	16
2	3896260	1540	52
2	4010523	1560	46
2	4127022	1580	23
2	4247246	1600	21
2	4369186	1620	51
2	4492803	1640	12
2	4619136	1660	28
2	4748067	1680	44
2	4879138	1700	39
2	5012611	1720	28
2	5148357	1740	21
2	5287144	1760	39
2	5427688	1780	21
2	5571055	1800	11
2	5717428	1820	8
2	5866861	1840	23
2	6018397	1860	40
2	6171808	1880	17
2	6328604	1900	12
2	6487179	1920	74
2	6648438	1940	26
2	6812051	1960	28
2	6978008	1980	40
2	7147788	2000	33
3	145240	240	0
3	171173	260	0
3	198436	280	0
3	225775	300	2
3	253336	320	0
3	280639	340	0
3	308125	360	0
3	335692	380	1
3	363717	400	0
3	392244	420	0
3	421082	440	1
3	450658	460	0
3	480589	480	1
3	511417	500	0
3	542784	520	0
3	574881	540	0
3	607450	560	1
3	640858	580	0
3	675345	600	0
3	710553	620	1
3	747264	640	0
3	785108	660	0
3	823856	680	0
3	864432	700	0
3	906107	720	0
3	949062	740	0
3	993150	760	0
3	1038406	780	0
3	1084071	800	0
3	1131448	820	0
3	1179546	840	0
3	1229097	860	0
3	1280193	880	0
3	1332227	900	0
3	1385680	920	0
3	1439944	940	1
3	1496526	960	0
3	1553472	980	0
3	1611869	1000	1
3	1672074	1020	0
3	1733816	1040	1
3	1796989	1060	0
3	1861950	1080	0
3	1928212	1100	0
3	1995798	1120	1
3	2066369	1140	0
3	2138959	1160	0
3	2213158	1180	0
3	2288983	1200	1
3	2366824	1220	0
3	2447008	1240	0
3	2528335	1260	2
3	2612471	1280	0
3	2698082	1300	0
3	2785923	1320	1
3	2875805	1340	0
3	2968004	1360	0
3	3062537	1380	2
3	3159388	1400	0
3	3257398	1420	1
3	3358291	1440	1
3	3461796	1460	0
3	3566623	1480	1
3	3673641	1500	0
3	3783861	1520	0
3	3896260	1540	0
3	4010523	1560	0
3	4127022	1580	0
3	4247246	1600	1
3	4369186	1620	0
3	4492803	1640	0
3	4619136	1660	0
3	4748067	1680	0
3	4879138	1700	0
3	5012611	1720	1
3	5148357	1740	0
3	5287144	1760	1
3	5427688	1780	1
3	5571055	1800	1
3	5717428	1820	0
3	5866861	1840	1
3	6018397	1860	3
3	6171808	1880	0
3	6328604	1900	0
3	6487179	1920	0
3	6648438	1940	1
3	6812051	1960	0
3	6978008	1980	1
3	7147788	2000	0
4	145240	240	22
4	171173	260	53
4	198436	280	25
4	225775	300	15
4	253336	320	41
4	280639	340	17
4	308125	360	13
4	335692	380	34
4	363717	400	55
4	392244	420	31
4	421082	440	28
4	450658	460	47
4	480589	480	28
4	511417	500	13
4	542784	520	24
4	574881	540	18
4	607450	560	33
4	640858	580	35
4	675345	600	16
4	710553	620	20
4	747264	640	25
4	785108	660	20
4	823856	680	38
4	864432	700	11
4	906107	720	32
4	949062	740	36
4	993150	760	30
4	1038406	780	59
4	1084071	800	19
4	1131448	820	36
4	1179546	840	22
4	1229097	860	22
4	1280193	880	53
4	1332227	900	6
4	1385680	920	20
4	1439944	940	63
4	1496526	960	16
4	1553472	980	49
4	1611869	1000	10
4	1672074	1020	7
4	1733816	1040	30
4	1796989	1060	37
4	1861950	1080	67
4	1928212	1100	37
4	1995798	1120	56
4	2066369	1140	21
4	2138959	1160	8
4	2213158	1180	44
4	2288983	1200	3
4	2366824	1220	7
4	2447008	1240	12
4	2528335	1260	41
4	2612471	1280	76
4	2698082	1300	26
4	2785923	1320	13
4	2875805	1340	37
4	2968004	1360	48
4	3062537	1380	7
4	3159388	1400	46
4	3257398	1420	7
4	3358291	1440	19
4	3461796	1460	25
4	3566623	1480	26
4	3673641	1500	42
4	3783861	1520	16
4	3896260	1540	52
4	4010523	1560	46
4	4127022	1580	23
4	4247246	1600	18
4	4369186	1620	51
4	4492803	1640	11
4	4619136	1660	28
4	4748067	1680	44
4	4879138	1700	38
4	5012611	1720	27
4	5148357	1740	21
4	5287144	1760	38
4	5427688	1780	19
4	5571055	1800	10
4	5717428	1820	8
4	5866861	1840	22
4	6018397	1860	37
4	6171808	1880	17
4	6328604	1900	12
4	6487179	1920	74
4	6648438	1940	25
4	6812051	1960	26
4	6978008	1980	39
4	7147788	2000	32
5	145240	240	8.3333333333333
5	171173	260	9.6666666666667
5	198436	280	7.25
5	225775	300	5.4166666666667
5	253336	320	8.1666666666667
5	280639	340	8.375
5	308125	360	5.2307692307692
5	335692	380	9
5	363717	400	9.25
5	392244	420	8.2857142857143
5	421082	440	6.5555555555556
5	450658	460	6.5714285714286
5	480589	480	9.1428571428571
5	511417	500	6.4166666666667
5	542784	520	6.0909090909091
5	574881	540	6.25
5	607450	560	9.2857142857143
5	640858	580	9
5	675345	600	7.4545454545455
5	710553	620	5.8461538461538
5	747264	640	8.5555555555556
5	785108	660	6.1538461538462
5	823856	680	7.2222222222222
5	864432	700	7.5
5	906107	720	6.7272727272727
5	949062	740	8.1111111111111
5	993150	760	8.6666666666667
5	1038406	780	7.5714285714286
5	1084071	800	6.1428571428571
5	1131448	820	6.0833333333333
5	1179546	840	6.8461538461538
5	1229097	860	6.8461538461538
5	1280193	880	7
5	1332227	900	5.05
5	1385680	920	8
5	1439944	940	7.25
5	1496526	960	7.2142857142857
5	1553472	980	6.5454545454545
5	1611869	1000	6.0588235294118
5	1672074	1020	7
5	1733816	1040	7.0769230769231
5	1796989	1060	7.3333333333333
5	1861950	1080	7.1111111111111
5	1928212	1100	6.7692307692308
5	1995798	1120	5.9166666666667
5	2066369	1140	7.7142857142857
5	2138959	1160	5.75
5	2213158	1180	7.4166666666667
5	2288983	1200	5.7619047619048
5	2366824	1220	6.4210526315789
5	2447008	1240	7.0588235294118
5	2528335	1260	7.2307692307692
5	2612471	1280	8.25
5	2698082	1300	6.875
5	2785923	1320	6.4210526315789
5	2875805	1340	6.3125
5	2968004	1360	7.8333333333333
5	3062537	1380	5.8181818181818
5	3159388	1400	7.6153846153846
5	3257398	1420	7
5	3358291	1440	6.4736842105263
5	3461796	1460	6.1578947368421
5	3566623	1480	7.375
5	3673641	1500	7.7142857142857
5	3783861	1520	7.3333333333333
5	3896260	1540	8.5833333333333
5	4010523	1560	7.7142857142857
5	4127022	1580	6.7894736842105
5	4247246	1600	6.5
5	4369186	1620	9.0833333333333
5	4492803	1640	7.8888888888889
5	4619136	1660	7.7058823529412
5	4748067	1680	5.6
5	4879138	1700	6.7222222222222
5	5012611	1720	6.1904761904762
5	5148357	1740	6.85
5	5287144	1760	6.8333333333333
5	5427688	1780	5.75
5	5571055	1800	7.1904761904762
5	5717428	1820	5.8461538461538
5	5866861	1840	5.52
5	6018397	1860	5.6818181818182
5	6171808	1880	5.92
5	6328604	1900	6.12
5	6487179	1920	7.8461538461538
5	6648438	1940	6.5454545454545
5	6812051	1960	8.7647058823529
5	6978008	1980	8.6875
5	7147788	2000	6.7619047619048
6	145240	240	1.8618986725025
6	171173	260	0.57735026918963
6	198436	280	1.6690459207926
6	225775	300	3.3427896171076
6	253336	320	1.6020819787597
6	280639	340	1.922609833385
6	308125	360	3.2699094318204
6	335692	380	1.2649110640674
6	363717	400	0.95742710775634
6	392244	420	1.8898223650461
6	421082	440	2.6977356760398
6	450658	460	2.6367367999823
6	480589	480	1.5735915849389
6	511417	500	2.8431203515387
6	542784	520	2.8793938756115
6	574881	540	2.7010099121356
6	607450	560	0.48795003647427
6	640858	580	1.1547005383793
6	675345	600	2.2074254852038
6	710553	620	2.7339273901037
6	747264	640	1.4240006242196
6	785108	660	2.9677756498247
6	823856	680	2.0480342879074
6	864432	700	2.7468990781342
6	906107	720	3.0361458822299
6	949062	740	1.5365907428821
6	993150	760	1.3228756555323
6	1038406	780	1.8126539343499
6	1084071	800	2.5975474485084
6	1131448	820	2.5746432527222
6	1179546	840	2.0349510168615
6	1229097	860	2.5444761689509
6	1280193	880	2.7386127875258
6	1332227	900	2.2354794611118
6	1385680	920	1.7580981459831
6	1439944	940	2.2519832529192
6	1496526	960	2.6363894724698
6	1553472	980	3.3275707765166
6	1611869	1000	2.6802655706873
6	1672074	1020	2.6583202716503
6	1733816	1040	2.0191391920626
6	1796989	1060	2.2292817160909
6	1861950	1080	2.368778400592
6	1928212	1100	2.8622207623291
6	1995798	1120	3.3427896171076
6	2066369	1140	2.3996336716761
6	2138959	1160	2.5105042479445
6	2213158	1180	3.0883456393155
6	2288983	1200	2.4270303233533
6	2366824	1220	2.5235730725762
6	2447008	1240	2.1929029913363
6	2528335	1260	2.5217006878245
6	2612471	1280	1.1649647450214
6	2698082	1300	2.3057898140695
6	2785923	1320	2.7551122073073
6	2875805	1340	3.0048571790797
6	2968004	1360	3.0401355631656
6	3062537	1380	2.8558438605505
6	3159388	1400	1.7577666482624
6	3257398	1420	2.6874192494328
6	3358291	1440	2.1951568167884
6	3461796	1460	2.9488822344659
6	3566623	1480	2.5265259415516
6	3673641	1500	2.7012410660108
6	3783861	1520	2.9505732244669
6	3896260	1540	1.8319554050415
6	4010523	1560	1.637473261253
6	4127022	1580	2.8003759146154
6	4247246	1600	2.6056618514709
6	4369186	1620	1.6213537179739
6	4492803	1640	1.8435543958499
6	4619136	1660	1.8962036376123
6	4748067	1680	3.2991226904006
6	4879138	1700	2.5622957434934
6	5012611	1720	2.6761735298565
6	5148357	1740	2.6412716235695
6	5287144	1760	2.7706444355484
6	5427688	1780	2.967212130281
6	5571055	1800	1.5690458125577
6	5717428	1820	2.737770007759
6	5866861	1840	2.5350871122442
6	6018397	1860	2.5706468268172
6	6171808	1880	2.9849623113199
6	6328604	1900	2.2233608194203
6	6487179	1920	2.3038429433649
6	6648438	1940	2.385018173581
6	6812051	1960	0.83137023677074
6	6978008	1980	1.4476993242153
6	7147788	2000	2.9138421697951
7	145240	240	3.4666666666667
7	171173	260	0.33333333333333
7	198436	280	2.7857142857143
7	225775	300	11.174242424242
7	253336	320	2.5666666666667
7	280639	340	3.6964285714286
7	308125	360	10.692307692308
7	335692	380	1.6
7	363717	400	0.91666666666667
7	392244	420	3.5714285714286
7	421082	440	7.2777777777778
7	450658	460	6.952380952381
7	480589	480	2.4761904761905
7	511417	500	8.0833333333333
7	542784	520	8.2909090909091
7	574881	540	7.2954545454545
7	607450	560	0.23809523809524
7	640858	580	1.3333333333333
7	675345	600	4.8727272727273
7	710553	620	7.474358974359
7	747264	640	2.0277777777778
7	785108	660	8.8076923076923
7	823856	680	4.1944444444444
7	864432	700	7.5454545454545
7	906107	720	9.2181818181818
7	949062	740	2.3611111111111
7	993150	760	1.75
7	1038406	780	3.2857142857143
7	1084071	800	6.7472527472527
7	1131448	820	6.6287878787879
7	1179546	840	4.1410256410256
7	1229097	860	6.474358974359
7	1280193	880	7.5
7	1332227	900	4.9973684210526
7	1385680	920	3.0909090909091
7	1439944	940	5.0714285714286
7	1496526	960	6.9505494505495
7	1553472	980	11.072727272727
7	1611869	1000	7.1838235294118
7	1672074	1020	7.0666666666667
7	1733816	1040	4.0769230769231
7	1796989	1060	4.969696969697
7	1861950	1080	5.6111111111111
7	1928212	1100	8.1923076923077
7	1995798	1120	11.174242424242
7	2066369	1140	5.7582417582418
7	2138959	1160	6.3026315789474
7	2213158	1180	9.5378787878788
7	2288983	1200	5.8904761904762
7	2366824	1220	6.3684210526316
7	2447008	1240	4.8088235294118
7	2528335	1260	6.3589743589744
7	2612471	1280	1.3571428571429
7	2698082	1300	5.3166666666667
7	2785923	1320	7.5906432748538
7	2875805	1340	9.0291666666667
7	2968004	1360	9.2424242424242
7	3062537	1380	8.1558441558442
7	3159388	1400	3.0897435897436
7	3257398	1420	7.2222222222222
7	3358291	1440	4.8187134502924
7	3461796	1460	8.6959064327485
7	3566623	1480	6.3833333333333
7	3673641	1500	7.2967032967033
7	3783861	1520	8.7058823529412
7	3896260	1540	3.3560606060606
7	4010523	1560	2.6813186813187
7	4127022	1580	7.8421052631579
7	4247246	1600	6.7894736842105
7	4369186	1620	2.6287878787879
7	4492803	1640	3.3986928104575
7	4619136	1660	3.5955882352941
7	4748067	1680	10.884210526316
7	4879138	1700	6.5653594771242
7	5012611	1720	7.1619047619048
7	5148357	1740	6.9763157894737
7	5287144	1760	7.6764705882353
7	5427688	1780	8.804347826087
7	5571055	1800	2.4619047619048
7	5717428	1820	7.4953846153846
7	5866861	1840	6.4266666666667
7	6018397	1860	6.6082251082251
7	6171808	1880	8.91
7	6328604	1900	4.9433333333333
7	6487179	1920	5.3076923076923
7	6648438	1940	5.6883116883117
7	6812051	1960	0.69117647058824
7	6978008	1980	2.0958333333333
7	7147788	2000	8.4904761904762
8	145240	240	22.487179487179
8	171173	260	23.070588235294
8	198436	280	22.549450549451
8	225775	300	22.436170212766
8	253336	320	22.020833333333
8	280639	340	22.945652173913
8	308125	360	22.521276595745
8	335692	380	21.894736842105
8	363717	400	22.145833333333
8	392244	420	22.489583333333
8	421082	440	21.969072164948
8	450658	460	22.26
8	480589	480	22
8	511417	500	22.382352941176
8	542784	520	22.78431372549
8	574881	540	23.104761904762
8	607450	560	22.783018867925
8	640858	580	23.52380952381
8	675345	600	23.651376146789
8	710553	620	24.154545454545
8	747264	640	24.72972972973
8	785108	660	25.230088495575
8	823856	680	25.776785714286
8	864432	700	26.672566371681
8	906107	720	27.188034188034
8	949062	740	27.474576271186
8	993150	760	27.965811965812
8	1038406	780	28.168067226891
8	1084071	800	28.865546218487
8	1131448	820	29.107438016529
8	1179546	840	29.096774193548
8	1229097	860	29.806451612903
8	1280193	880	30.4
8	1332227	900	30.094488188976
8	1385680	920	30.78125
8	1439944	940	30.738461538462
8	1496526	960	31.641221374046
8	1553472	980	31.560606060606
8	1611869	1000	32.75572519084
8	1672074	1020	32.651851851852
8	1733816	1040	33.455882352941
8	1796989	1060	33.649635036496
8	1861950	1080	34.064285714286
8	1928212	1100	35.086956521739
8	1995798	1120	35.514285714286
8	2066369	1140	35.986013986014
8	2138959	1160	37.335664335664
8	2213158	1180	38.027586206897
8	2288983	1200	38.123287671233
8	2366824	1220	38.391891891892
8	2447008	1240	39.322147651007
8	2528335	1260	40.133333333333
8	2612471	1280	41.12
8	2698082	1300	41.802631578947
8	2785923	1320	42.051612903226
8	2875805	1340	42.928571428571
8	2968004	1360	43.811688311688
8	3062537	1380	44.207547169811
8	3159388	1400	45.322784810127
8	3257398	1420	46.23125
8	3358291	1440	46.33950617284
8	3461796	1460	47.478260869565
8	3566623	1480	48
8	3673641	1500	48.30487804878
8	3783861	1520	48.831325301205
8	3896260	1540	50.137724550898
8	4010523	1560	50.571428571429
8	4127022	1580	50.549707602339
8	4247246	1600	51.994082840237
8	4369186	1620	51.831395348837
8	4492803	1640	52.801169590643
8	4619136	1660	52.698863636364
8	4748067	1680	53.335227272727
8	4879138	1700	54.175141242938
8	5012611	1720	54.128491620112
8	5148357	1740	55.073033707865
8	5287144	1760	55.844444444444
8	5427688	1780	56.087912087912
8	5571055	1800	56.644808743169
8	5717428	1820	57.134408602151
8	5866861	1840	57.951612903226
8	6018397	1860	58.582887700535
8	6171808	1880	58.226315789474
8	6328604	1900	59.4
8	6487179	1920	60.31746031746
8	6648438	1940	60.630208333333
8	6812051	1960	61.546875
8	6978008	1980	61.564102564103
8	7147788	2000	62.682051282051
9	145240	240	4.3207250165527
9	171173	260	3.9664912985268
9	198436	280	4.8056997091734
9	225775	300	4.2793791898225
9	253336	320	4.7572198131763
9	280639	340	3.6505731310823
9	308125	360	4.5406851915425
9	335692	380	5.1000076850391
9	363717	400	4.6157149566891
9	392244	420	4.323728390288
9	421082	440	4.7224058316168
9	450658	460	3.8654648079912
9	480589	480	4.5902839858452
9	511417	500	3.6723319745939
9	542784	520	3.6658105987825
9	574881	540	3.1222643703785
9	607450	560	4.0190136600465
9	640858	580	3.4168565121919
9	675345	600	3.515510991752
9	710553	620	3.4830819518404
9	747264	640	4.236091564694
9	785108	660	4.2573651508665
9	823856	680	4.3219736512335
9	864432	700	4.75552775702
9	906107	720	5.8867642653721
9	949062	740	7.0100195256892
9	993150	760	6.6435496639035
9	1038406	780	7.3338307419366
9	1084071	800	7.9296957106514
9	1131448	820	7.8589669093045
9	1179546	840	8.5391678683322
9	1229097	860	8.1536838094389
9	1280193	880	8.7242709280379
9	1332227	900	9.6423611272855
9	1385680	920	9.6814926128463
9	1439944	940	10.446284786078
9	1496526	960	10.672804189434
9	1553472	980	11.034475866354
9	1611869	1000	11.23394006027
9	1672074	1020	12.240938481312
9	1733816	1040	12.479237658969
9	1796989	1060	12.502112316158
9	1861950	1080	13.280163556615
9	1928212	1100	13.493160344081
9	1995798	1120	14.151536365374
9	2066369	1140	15.011725939743
9	2138959	1160	15.397065778607
9	2213158	1180	16.214681630644
9	2288983	1200	16.861255490113
9	2366824	1220	17.0476064652
9	2447008	1240	17.630313443419
9	2528335	1260	18.592654487589
9	2612471	1280	18.717224597795
9	2698082	1300	19.779593294851
9	2785923	1320	20.537831278288
9	2875805	1340	20.319058680418
9	2968004	1360	20.983270485514
9	3062537	1380	21.506276820494
9	3159388	1400	22.17052297558
9	3257398	1420	22.613576896698
9	3358291	1440	23.453975965164
9	3461796	1460	23.934568869243
9	3566623	1480	23.937418407172
9	3673641	1500	24.225013197153
9	3783861	1520	25.182157838129
9	3896260	1540	25.491533243026
9	4010523	1560	26.087731172094
9	4127022	1580	26.181305351605
9	4247246	1600	25.976522605683
9	4369186	1620	27.036050273956
9	4492803	1640	26.59712940792
9	4619136	1660	27.305576591367
9	4748067	1680	27.149240619836
9	4879138	1700	27.533406426379
9	5012611	1720	27.886814238743
9	5148357	1740	27.865298525784
9	5287144	1760	28.244705287622
9	5427688	1780	28.638014511739
9	5571055	1800	29.032940042617
9	5717428	1820	29.251716492481
9	5866861	1840	29.287629019787
9	6018397	1860	29.880358676346
9	6171808	1880	30.092913298636
9	6328604	1900	30.776683265164
9	6487179	1920	30.249754032845
9	6648438	1940	30.928285973439
9	6812051	1960	30.99835987259
9	6978008	1980	31.327991231941
9	7147788	2000	31.485087877552
10	145240	240	18.668664668665
10	171173	260	15.733053221289
10	198436	280	23.09474969475
10	225775	300	18.313086250286
10	253336	320	22.631140350877
10	280639	340	13.32668418538
10	308125	360	20.617822008694
10	335692	380	26.010078387458
10	363717	400	21.304824561404
10	392244	420	18.694627192982
10	421082	440	22.301116838488
10	450658	460	14.941818181818
10	480589	480	21.070707070707
10	511417	500	13.486022131625
10	542784	520	13.438167346146
10	574881	540	9.7485347985348
10	607450	560	16.152470799641
10	640858	580	11.674908424908
10	675345	600	12.358817533129
10	710553	620	12.131859883236
10	747264	640	17.944471744472
10	785108	660	18.125158027813
10	823856	680	18.679456241956
10	864432	700	22.615044247788
10	906107	720	34.653993516062
10	949062	740	49.140373750543
10	993150	760	44.136752136752
10	1038406	780	53.785073351374
10	1084071	800	62.880074063524
10	1131448	820	61.763360881543
10	1179546	840	72.917387883556
10	1229097	860	66.482559664306
10	1280193	880	76.112903225806
10	1332227	900	92.975128108986
10	1385680	920	93.731299212598
10	1439944	940	109.12486583184
10	1496526	960	113.908749266
10	1553472	980	121.75965764515
10	1611869	1000	126.20140927775
10	1672074	1020	149.84057490326
10	1733816	1040	155.73137254902
10	1796989	1060	156.30281236582
10	1861950	1080	176.36274409044
10	1928212	1100	182.06537607109
10	1995798	1120	200.26598150051
10	2066369	1140	225.35191568994
10	2138959	1160	237.06963459076
10	2213158	1180	262.91590038314
10	2288983	1200	284.30193670288
10	2366824	1220	290.62088619231
10	2447008	1240	310.82795211319
10	2528335	1260	345.68680089485
10	2612471	1280	350.3344966443
10	2698082	1300	391.23231090972
10	2785923	1320	421.80251361542
10	2875805	1340	412.86414565826
10	2968004	1360	440.29764026823
10	3062537	1380	462.51994267972
10	3159388	1400	491.53208901072
10	3257398	1420	511.37386006289
10	3358291	1440	550.0889885745
10	3461796	1460	572.86358695652
10	3566623	1480	573
10	3673641	1500	586.85126440221
10	3783861	1520	634.14107338445
10	3896260	1540	649.8182670803
10	4010523	1560	680.56971770744
10	4127022	1580	685.460749914
10	4247246	1600	674.77972668357
10	4369186	1620	730.94801441588
10	4492803	1640	707.40729274166
10	4619136	1660	745.59451298701
10	4748067	1680	737.08126623377
10	4879138	1700	758.08846944016
10	5012611	1720	777.67440838617
10	5148357	1740	776.47486193106
10	5287144	1760	797.76337678461
10	5427688	1780	820.13587517455
10	5571055	1800	842.91160751816
10	5717428	1820	855.66291775647
10	5866861	1840	857.7652136007
10	6018397	1860	892.83583462711
10	6171808	1880	905.58343079922
10	6328604	1900	947.20423280423
10	6487179	1920	915.04761904762
10	6648438	1940	956.5588732548
10	6812051	1960	960.89831479058
10	6978008	1980	981.4430346286
10	7147788	2000	991.31075865715
11	145240	240	275.9075070891
11	171173	260	137.05041545823
11	198436	280	375.58656317041
11	225775	300	567.90119763863
11	253336	320	277.53766743296
11	280639	340	376.40396980871
11	308125	360	606.44642763832
11	335692	380	280.12910787971
11	363717	400	189.36207092168
11	392244	420	331.96234278355
11	421082	440	421.43116887412
11	450658	460	327.55196784805
11	480589	480	327.07155890467
11	511417	500	570.60001624828
11	542784	520	509.03464202056
11	574881	540	560.48214412153
11	607450	560	327.58336987139
11	640858	580	331.80024127461
11	675345	600	522.03672486566
11	710553	620	622.31271945136
11	747264	640	421.29008645637
11	785108	660	623.4371715109
11	823856	680	418.97421925154
11	864432	700	563.92094544726
11	906107	720	533.54325422573
11	949062	740	420.86588609538
11	993150	760	423.64457201657
11	1038406	780	332.02478448459
11	1084071	800	678.25282269058
11	1131448	820	554.07753409588
11	1179546	840	613.22078936707
11	1229097	860	624.14408279756
11	1280193	880	425.69564032525
11	1332227	900	970.42575970999
11	1385680	920	568.10300315442
11	1439944	940	373.51838076839
11	1496526	960	671.87074650879
11	1553472	980	521.13654325223
11	1611869	1000	815.36523594405
11	1672074	1020	776.65964314033
11	1733816	1040	616.13535015556
11	1796989	1060	580.12920853819
11	1861950	1080	423.22065687791
11	1928212	1100	640.39377041659
11	1995798	1120	575.72006978043
11	2066369	1140	674.73122611786
11	2138959	1160	967.85614657064
11	2213158	1180	567.93561024445
11	2288983	1200	1014.572947259
11	2366824	1220	931.65408952496
11	2447008	1240	803.71388187264
11	2528335	1260	626.65352798073
11	2612471	1280	371.19594519465
11	2698082	1300	778.98340792761
11	2785923	1320	922.7085687115
11	2875805	1340	767.72595345564
11	2968004	1360	579.34235611491
11	3062537	1380	1060.3828875088
11	3159388	1400	621.38958974196
11	3257398	1420	916.5897153651
11	3358291	1440	918.05882073953
11	3461796	1460	940.10033847175
11	3566623	1480	764.72364418221
11	3673641	1500	676.58292194914
11	3783861	1520	851.37635161795
11	3896260	1540	577.39522524808
11	4010523	1560	668.65576127536
11	4127022	1580	907.30085295956
11	4247246	1600	971.98688955943
11	4369186	1620	584.85606899003
11	4492803	1640	862.123145084
11	4619136	1660	818.24737475375
11	4748067	1680	979.50774853544
11	4879138	1700	884.3897874818
11	5012611	1720	1026.6263146322
11	5148357	1740	971.28947589418
11	5287144	1760	867.16301196073
11	5427688	1780	1163.3291582094
11	5571055	1800	1022.7982815982
11	5717428	1820	1269.7942289567
11	5866861	1840	1231.0658362782
11	6018397	1860	1095.1303829752
11	6171808	1880	1234.9180020166
11	6328604	1900	1230.9751421327
11	6487179	1920	639.09734630578
11	6648438	1940	1052.7277532835
11	6812051	1960	817.69305939766
11	6978008	1980	772.25314689738
11	7147788	2000	1022.1880479029
12	145240	240	45.98458451485
12	171173	260	45.68347181941
12	198436	280	46.948320396302
12	225775	300	47.325099803219
12	253336	320	46.256277905493
12	280639	340	47.050496226088
12	308125	360	46.649725202947
12	335692	380	46.688184646619
12	363717	400	47.34051773042
12	392244	420	47.423191826221
12	421082	440	46.825685430458
12	450658	460	46.793138264007
12	480589	480	46.724508414953
12	511417	500	47.550001354024
12	542784	520	46.275876547324
12	574881	540	46.706845343461
12	607450	560	46.797624267341
12	640858	580	47.400034467801
12	675345	600	47.457884078696
12	710553	620	47.870209188566
12	747264	640	46.810009606263
12	785108	660	47.956705500839
12	823856	680	46.552691027949
12	864432	700	46.993412120605
12	906107	720	48.503932202339
12	949062	740	46.762876232819
12	993150	760	47.071619112952
12	1038406	780	47.432112069228
12	1084071	800	48.446630192184
12	1131448	820	46.173127841323
12	1179546	840	47.170829951313
12	1229097	860	48.01108329212
12	1280193	880	47.299515591695
12	1332227	900	48.5212879855
12	1385680	920	47.341916929535
12	1439944	940	46.689797596049
12	1496526	960	47.990767607771
12	1553472	980	47.376049386566
12	1611869	1000	47.962660937885
12	1672074	1020	48.54122769627
12	1733816	1040	47.395026935043
12	1796989	1060	48.344100711516
12	1861950	1080	47.024517430879
12	1928212	1100	49.261059262815
12	1995798	1120	47.976672481702
12	2066369	1140	48.195087579847
12	2138959	1160	48.392807328532
12	2213158	1180	47.327967520371
12	2288983	1200	48.312997488525
12	2366824	1220	49.034425764472
12	2447008	1240	47.277287168979
12	2528335	1260	48.204117536979
12	2612471	1280	46.399493149331
12	2698082	1300	48.686462995476
12	2785923	1320	48.563608879553
12	2875805	1340	47.982872090978
12	2968004	1360	48.278529676242
12	3062537	1380	48.199222159491
12	3159388	1400	47.79919921092
12	3257398	1420	48.241563966584
12	3358291	1440	48.31888530208
12	3461796	1460	49.478965182724
12	3566623	1480	47.795227761388
12	3673641	1500	48.327351567796
12	3783861	1520	47.298686200997
12	3896260	1540	48.116268770674
12	4010523	1560	47.761125805383
12	4127022	1580	47.752676471556
12	4247246	1600	48.599344477971
12	4369186	1620	48.73800574917
12	4492803	1640	47.895730282445
12	4619136	1660	48.132198514926
12	4748067	1680	48.975387426772
12	4879138	1700	49.132765971211
12	5012611	1720	48.886967363436
12	5148357	1740	48.564473794709
12	5287144	1760	48.175722886707
12	5427688	1780	48.472048258724
12	5571055	1800	48.704680076105
12	5717428	1820	48.838239575256
12	5866861	1840	49.242633451127
12	6018397	1860	49.778653771598
12	6171808	1880	49.396720080665
12	6328604	1900	49.239005685308
12	6487179	1920	49.161334331213
12	6648438	1940	47.851261512885
12	6812051	1960	48.099591729274
12	6978008	1980	48.265821681086
12	7147788	2000	48.67562132871
13	145240	240	0.980363142017
13	171173	260	0.46947640551849
13	198436	280	1.1853566816711
13	225775	300	1.9460712220234
13	253336	320	0.89252415350236
13	280639	340	1.4621001230328
13	308125	360	1.9955115797516
13	335692	380	0.60898074948003
13	363717	400	1.7414469688134
13	392244	420	2.4130069116445
13	421082	440	1.8534634071357
13	450658	460	1.4901740109799
13	480589	480	1.454145222812
13	511417	500	2.4740490336715
13	542784	520	1.2769912822849
13	574881	540	1.8122212081846
13	607450	560	1.4163900742712
13	640858	580	2.1459808734595
13	675345	600	2.1816955307148
13	710553	620	2.2683299573048
13	747264	640	1.7347675534091
13	785108	660	1.8006187017551
13	823856	680	2.065914514978
13	864432	700	1.6879060644345
13	906107	720	2.3149504826011
13	949062	740	1.5414548911741
13	993150	760	1.9450850421942
13	1038406	780	1.875967120443
13	1084071	800	2.6981751804636
13	1131448	820	1.8313697254105
13	1179546	840	1.8289437329713
13	1229097	860	1.9791025011545
13	1280193	880	2.2917694552964
13	1332227	900	2.2397036794919
13	1385680	920	1.9964968783753
13	1439944	940	1.6498584789449
13	1496526	960	1.920409159216
13	1553472	980	2.5726778567918
13	1611869	1000	1.7703919310115
13	1672074	1020	1.8662855562428
13	1733816	1040	1.7813077229385
13	1796989	1060	1.6597431591244
13	1861950	1080	1.1792527531674
13	1928212	1100	2.6277716319287
13	1995798	1120	2.3712628326976
13	2066369	1140	1.8127112533358
13	2138959	1160	2.4803737072149
13	2213158	1180	1.8974401543203
13	2288983	1200	2.3111198273286
13	2366824	1220	2.5309440312891
13	2447008	1240	1.6545628402945
13	2528335	1260	2.1893124243622
13	2612471	1280	1.7586928127416
13	2698082	1300	2.3786201883549
13	2785923	1320	2.01353351455
13	2875805	1340	2.0563149161766
13	2968004	1360	2.0750433298198
13	3062537	1380	1.804876127509
13	3159388	1400	1.6477657024783
13	3257398	1420	1.6707140570126
13	3358291	1440	1.846475353227
13	3461796	1460	1.9860601939948
13	3566623	1480	1.7708344796802
13	3673641	1500	1.6600324628503
13	3783861	1520	1.4790084969159
13	3896260	1540	1.7398066814329
13	4010523	1560	1.9850233760802
13	4127022	1580	2.1866721411684
13	4247246	1600	1.7767005198304
13	4369186	1620	1.7468889663529
13	4492803	1640	1.7577267010901
13	4619136	1660	1.6650646070755
13	4748067	1680	2.2634551187276
13	4879138	1700	2.1379326345019
13	5012611	1720	2.2827560231868
13	5148357	1740	2.4378738217613
13	5287144	1760	1.8098692510332
13	5427688	1780	2.1744739672644
13	5571055	1800	1.8431479657077
13	5717428	1820	2.2137727162879
13	5866861	1840	1.8075838734601
13	6018397	1860	2.2758253844661
13	6171808	1880	1.9782269314295
13	6328604	1900	2.0590851896358
13	6487179	1920	1.0606197877782
13	6648438	1940	1.8098516946936
13	6812051	1960	1.5409004105376
13	6978008	1980	1.5938696718194
13	7147788	2000	1.7395637865295
14	145240	240	0.96111189022544
14	171173	260	0.22040809533856
14	198436	280	1.4050704627824
14	225775	300	3.7871932011877
14	253336	320	0.7965993645851
14	280639	340	2.1377367697726
14	308125	360	3.9820664649228
14	335692	380	0.37085755323726
14	363717	400	3.0326375451895
14	392244	420	5.8226023556442
14	421082	440	3.4353266015909
14	450658	460	2.220618583
14	480589	480	2.1145383290269
14	511417	500	6.1209186210108
14	542784	520	1.6307067350317
14	574881	540	3.2841457073939
14	607450	560	2.0061608424939
14	640858	580	4.6052339092539
14	675345	600	4.7597953887409
14	710553	620	5.1453207952065
14	747264	640	3.0094184643611
14	785108	660	3.2422277091102
14	823856	680	4.2680027831967
14	864432	700	2.8490268823548
14	906107	720	5.3589957368948
14	949062	740	2.3760831815245
14	993150	760	3.7833558213678
14	1038406	780	3.5192526369832
14	1084071	800	7.2801493044696
14	1131448	820	3.3539150711501
14	1179546	840	3.345035178375
14	1229097	860	3.9168467100759
14	1280193	880	5.2522072362294
14	1332227	900	5.0162725719295
14	1385680	920	3.9859997853622
14	1439944	940	2.7220330005463
14	1496526	960	3.6879713388006
14	1553472	980	6.6186713548269
14	1611869	1000	3.1342875893908
14	1672074	1020	3.4830217774406
14	1733816	1040	3.1730572038005
14	1796989	1060	2.7547473542602
14	1861950	1080	1.390637055853
14	1928212	1100	6.9051837495691
14	1995798	1120	5.6228874217332
14	2066369	1140	3.2859220879703
14	2138959	1160	6.1522537274428
14	2213158	1180	3.6002791392272
14	2288983	1200	5.3412748562716
14	2366824	1220	6.4056776895181
14	2447008	1240	2.7375781924834
14	2528335	1260	4.7930888914667
14	2612471	1280	3.093000409589
14	2698082	1300	5.6578340004495
14	2785923	1320	4.0543172142161
14	2875805	1340	4.2284310344902
14	2968004	1360	4.3058048206296
14	3062537	1380	3.257577835652
14	3159388	1400	2.7151318102639
14	3257398	1420	2.7912854602995
14	3358291	1440	3.4094712300749
14	3461796	1460	3.9444350941705
14	3566623	1480	3.1358547544244
14	3673641	1500	2.7557077777169
14	3783861	1520	2.1874661339496
14	3896260	1540	3.0269272887585
14	4010523	1560	3.9403178035847
14	4127022	1580	4.7815350529619
14	4247246	1600	3.1566647371658
14	4369186	1620	3.0516210607656
14	4492803	1640	3.089603155725
14	4619136	1660	2.7724401457354
14	4748067	1680	5.1232290744942
14	4879138	1700	4.570755949668
14	5012611	1720	5.2109750613955
14	5148357	1740	5.9432287708289
14	5287144	1760	3.2756267058355
14	5427688	1780	4.7283370343108
14	5571055	1800	3.3971944234923
14	5717428	1820	4.9007896393805
14	5866861	1840	3.2673594595931
14	6018397	1860	5.1793811805802
14	6171808	1880	3.9133817922331
14	6328604	1900	4.2398318181774
14	6487179	1920	1.1249143342267
14	6648438	1940	3.2755631567854
14	6812051	1960	2.3743740751948
14	6978008	1980	2.5404205307456
14	7147788	2000	3.0260821674049
15	145240	240	268.73926239569
15	171173	260	134.30582682305
15	198436	280	359.98657941387
15	225775	300	626.75892968107
15	253336	320	269.95424660404
15	280639	340	361.46591482418
15	308125	360	583.19441749349
15	335692	380	314.98512700797
15	363717	400	183.91158962183
15	392244	420	319.86207756146
15	421082	440	447.73582909915
15	450658	460	314.3250911711
15	480589	480	362.47624115632
15	511417	500	550.68700012488
15	542784	520	489.82114766178
15	574881	540	540.09477949581
15	607450	560	366.0465743952
15	640858	580	321.10570615305
15	675345	600	502.63839833398
15	710553	620	642.68701623637
15	747264	640	407.90145860892
15	785108	660	590.61206437913
15	823856	680	408.18436022026
15	864432	700	545.11612180626
15	906107	720	508.30273160904
15	949062	740	408.24605015806
15	993150	760	406.31974309453
15	1038406	780	323.00927365242
15	1084071	800	640.93006292083
15	1131448	820	539.67324470993
15	1179546	840	594.55100041053
15	1229097	860	594.3633255046
15	1280193	880	407.59484127642
15	1332227	900	920.38612079241
15	1385680	920	549.34495402284
15	1439944	940	405.61419969414
15	1496526	960	636.83989858232
15	1553472	980	499.03556917831
15	1611869	1000	820.2405545259
15	1672074	1020	734.15060276162
15	1733816	1040	641.26261036054
15	1796989	1060	556.09280711396
15	1861950	1080	408.47932503082
15	1928212	1100	598.64543053383
15	1995798	1120	585.17903107664
15	2066369	1140	640.70728615675
15	2138959	1160	918.52468751169
15	2213158	1180	544.44239966925
15	2288983	1200	1004.2463844936
15	2366824	1220	869.86348742761
15	2447008	1240	774.60235200735
15	2528335	1260	686.06538213154
15	2612471	1280	360.44385996399
15	2698082	1300	734.90163297755
15	2785923	1320	915.21652338539
15	2875805	1340	731.48494175821
15	2968004	1360	546.23966616244
15	3062537	1380	1089.7563873295
15	3159388	1400	594.79207135928
15	3257398	1420	911.02017916744
15	3358291	1440	909.96443463456
15	3461796	1460	873.78926353523
15	3566623	1480	771.59125870724
15	3673641	1500	638.38247483939
15	3783861	1520	819.90466636192
15	3896260	1540	545.53739522123
15	4010523	1560	637.48732606405
15	4127022	1580	862.70786607196
15	4247246	1600	956.52656455054
15	4369186	1620	548.48381172379
15	4492803	1640	817.0875055613
15	4619136	1660	770.90415797361
15	4748067	1680	908.44599437581
15	4879138	1700	828.52865651935
15	5012611	1720	1005.0525024504
15	5148357	1740	909.2694155452
15	5287144	1760	859.78752882792
15	5427688	1780	1138.6456536913
15	5571055	1800	1008.3427146648
15	5717428	1820	1182.675989043
15	5866861	1840	1191.2496644646
15	6018397	1860	1148.3933876604
15	6171808	1880	1141.3736862895
15	6328604	1900	1141.0145173936
15	6487179	1920	595.5331925032
15	6648438	1940	1041.6090814279
15	6812051	1960	774.80641941279
15	6978008	1980	775.6309096959
15	7147788	2000	961.0449194181
16	145240	240	44.789877065949
16	171173	260	44.768608941018
16	198436	280	44.998322426734
16	225775	300	44.768494977219
16	253336	320	44.992374434007
16	280639	340	45.183239353023
16	308125	360	44.86110903796
16	335692	380	44.997875286852
16	363717	400	45.977897405457
16	392244	420	45.69458250878
16	421082	440	44.773582909915
16	450658	460	44.903584453014
16	480589	480	45.30953014454
16	511417	500	45.89058334374
16	542784	520	44.52919524198
16	574881	540	45.007898291318
16	607450	560	45.7558217994
16	640858	580	45.87224373615
16	675345	600	45.694399848544
16	710553	620	45.906215445455
16	747264	640	45.32238428988
16	785108	660	45.431697259933
16	823856	680	45.353817802251
16	864432	700	45.426343483855
16	906107	720	46.209339237186
16	949062	740	45.360672239785
16	993150	760	45.146638121615
16	1038406	780	46.144181950345
16	1084071	800	45.78071878006
16	1131448	820	44.972770392494
16	1179546	840	45.734692339272
16	1229097	860	45.720255808046
16	1280193	880	45.28831569738
16	1332227	900	46.01930603962
16	1385680	920	45.77874616857
16	1439944	940	45.06824441046
16	1496526	960	45.488564184451
16	1553472	980	45.366869925301
16	1611869	1000	45.568919695884
16	1672074	1020	45.884412672601
16	1733816	1040	45.80447216861
16	1796989	1060	46.341067259497
16	1861950	1080	45.386591670092
16	1928212	1100	46.049648502602
16	1995798	1120	45.01377162128
16	2066369	1140	45.764806154053
16	2138959	1160	45.926234375585
16	2213158	1180	45.370199972437
16	2288983	1200	45.647562931529
16	2366824	1220	45.78228881198
16	2447008	1240	45.564844235727
16	2528335	1260	45.737692142103
16	2612471	1280	45.055482495499
16	2698082	1300	45.931352061097
16	2785923	1320	45.76082616927
16	2875805	1340	45.717808859888
16	2968004	1360	45.519972180203
16	3062537	1380	45.406516138729
16	3159388	1400	45.753236258406
16	3257398	1420	45.551008958372
16	3358291	1440	45.498221731728
16	3461796	1460	45.988908607118
16	3566623	1480	45.387721100426
16	3673641	1500	45.598748202813
16	3783861	1520	45.550259242329
16	3896260	1540	45.461449601769
16	4010523	1560	45.534809004575
16	4127022	1580	45.405677161682
16	4247246	1600	45.548884026216
16	4369186	1620	45.706984310316
16	4492803	1640	45.393750308961
16	4619136	1660	45.347303410212
16	4748067	1680	45.422299718791
16	4879138	1700	46.02936980663
16	5012611	1720	45.684204656835
16	5148357	1740	45.46347077726
16	5287144	1760	45.25197520147
16	5427688	1780	45.545826147652
16	5571055	1800	45.833759757491
16	5717428	1820	45.487538040117
16	5866861	1840	45.817294787099
16	6018397	1860	45.935735506416
16	6171808	1880	45.654947451579
16	6328604	1900	45.640580695744
16	6487179	1920	45.810245577169
16	6648438	1940	45.28735136643
16	6812051	1960	45.576848200752
16	6978008	1980	45.625347629171
16	7147788	2000	45.764043781814
17	145240	240	0.46120736391394
17	171173	260	0.44212231685147
17	198436	280	0.90012081128129
17	225775	300	0.33856127233362
17	253336	320	0.14793140166076
17	280639	340	0.84884146263319
17	308125	360	0.36055900865186
17	335692	380	0.46301366054987
17	363717	400	1.8614026595472
17	392244	420	2.1250460544593
17	421082	440	0.71341291619803
17	450658	460	0.36960596256824
17	480589	480	1.3051438100709
17	511417	500	1.5892158282578
17	542784	520	0.36118617042855
17	574881	540	1.2282656253266
17	607450	560	1.7046843121514
17	640858	580	1.7697005086382
17	675345	600	1.4036648730799
17	710553	620	1.3667856585044
17	747264	640	1.201619013963
17	785108	660	0.96917004814118
17	823856	680	1.1997627382706
17	864432	700	1.2506051943998
17	906107	720	1.4924716676594
17	949062	740	1.1096400323923
17	993150	760	0.92732621723311
17	1038406	780	1.4792714293995
17	1084071	800	1.38389242157
17	1131448	820	0.8819081374469
17	1179546	840	1.3370549870427
17	1229097	860	1.2818717798719
17	1280193	880	1.1818812072649
17	1332227	900	1.3086552212923
17	1385680	920	1.3220411081946
17	1439944	940	0.73163453845549
17	1496526	960	1.1287393701806
17	1553472	980	1.1532369506471
17	1611869	1000	1.1895846555015
17	1672074	1020	1.248432923016
17	1733816	1040	1.3611033932134
17	1796989	1060	1.150565924646
17	1861950	1080	1.260912921752
17	1928212	1100	1.2362770504102
17	1995798	1120	0.93628829446802
17	2066369	1140	1.1489121409651
17	2138959	1160	1.1879960453754
17	2213158	1180	1.0068395067369
17	2288983	1200	1.1960868484157
17	2366824	1220	1.1497137821798
17	2447008	1240	1.1594064177377
17	2528335	1260	1.1255023979015
17	2612471	1280	0.69481607186052
17	2698082	1300	1.0165901821937
17	2785923	1320	1.1882433374114
17	2875805	1340	1.0993680055458
17	2968004	1360	0.99205858575974
17	3062537	1380	0.91583411430213
17	3159388	1400	1.0902457709522
17	3257398	1420	0.76130048096288
17	3358291	1440	0.6958922776423
17	3461796	1460	0.95115579596901
17	3566623	1480	0.93480085180822
17	3673641	1500	0.88116085533862
17	3783861	1520	1.1218841932253
17	3896260	1540	0.74285721107268
17	4010523	1560	1.0148831583042
17	4127022	1580	0.90140210153738
17	4247246	1600	0.81267971891446
17	4369186	1620	0.85721172259426
17	4492803	1640	0.83865708503921
17	4619136	1660	0.89671687624744
17	4748067	1680	0.74511460587716
17	4879138	1700	0.79279283017118
17	5012611	1720	0.85887311210542
17	5148357	1740	0.78760359976588
17	5287144	1760	0.68694438439647
17	5427688	1780	0.89373911600802
17	5571055	1800	1.3687528484242
17	5717428	1820	0.79612390446096
17	5866861	1840	0.78480044291573
17	6018397	1860	0.80435895072627
17	6171808	1880	0.7398833323281
17	6328604	1900	0.69513126690434
17	6487179	1920	0.56163592852706
17	6648438	1940	0.72172615268703
17	6812051	1960	0.8672666213603
17	6978008	1980	0.95424492749672
17	7147788	2000	1.1269538873636
18	145240	240	0.21271223252844
18	171173	260	0.19547214305811
18	198436	280	0.81021747490169
18	225775	300	0.11462373512416
18	253336	320	0.021883699597318
18	280639	340	0.72053182868526
18	308125	360	0.13000279872001
18	335692	380	0.21438164985579
18	363717	400	3.4648198609694
18	392244	420	4.5158207335729
18	421082	440	0.50895798899818
18	450658	460	0.136608567566
18	480589	480	1.7034003649663
18	511417	500	2.5256069487851
18	542784	520	0.13045544970884
18	574881	540	1.508636446359
18	607450	560	2.9059486040951
18	640858	580	3.1318398902743
18	675345	600	1.9702750759184
18	710553	620	1.8681030362933
18	747264	640	1.4438882547174
18	785108	660	0.93929058221398
18	823856	680	1.4394306281425
18	864432	700	1.5640133522598
18	906107	720	2.227471678766
18	949062	740	1.2313010014877
18	993150	760	0.85993391316787
18	1038406	780	2.1882439618376
18	1084071	800	1.9151582344788
18	1131448	820	0.77776196289505
18	1179546	840	1.7877160383757
18	1229097	860	1.6431952600319
18	1280193	880	1.396843188086
18	1332227	900	1.7125784882155
18	1385680	920	1.7477926917564
18	1439944	940	0.53528909786097
18	1496526	960	1.2740525657956
18	1553472	980	1.3299554643378
18	1611869	1000	1.4151116526046
18	1672074	1020	1.5585847632703
18	1733816	1040	1.852602447017
18	1796989	1060	1.3238019469566
18	1861950	1080	1.5899013962411
18	1928212	1100	1.528380945371
18	1995798	1120	0.87663577035783
18	2066369	1140	1.319999107657
18	2138959	1160	1.4113346038276
18	2213158	1180	1.0137257923263
18	2288983	1200	1.4306237489529
18	2366824	1220	1.3218417809343
18	2447008	1240	1.3442232414913
18	2528335	1260	1.2667556476819
18	2612471	1280	0.48276937371569
18	2698082	1300	1.0334555985326
18	2785923	1320	1.4119222289027
18	2875805	1340	1.2086100116178
18	2968004	1360	0.98418023757962
18	3062537	1380	0.83875212491957
18	3159388	1400	1.1886358410792
18	3257398	1420	0.57957842231432
18	3358291	1440	0.48426606208219
18	3461796	1460	0.90469734820543
18	3566623	1480	0.87385263254137
18	3673641	1500	0.77644445298109
18	3783861	1520	1.2586241430088
18	3896260	1540	0.55183683604269
18	4010523	1560	1.0299878250096
18	4127022	1580	0.81252574865601
18	4247246	1600	0.66044832553488
18	4369186	1620	0.73481193735302
18	4492803	1640	0.70334570628646
18	4619136	1660	0.80410115614697
18	4748067	1680	0.55519577589147
18	4879138	1700	0.62852047157083
18	5012611	1720	0.73766302269765
18	5148357	1740	0.62031943036417
18	5287144	1760	0.47189258725385
18	5427688	1780	0.79876960748279
18	5571055	1800	1.8734843600694
18	5717428	1820	0.63381327125417
18	5866861	1840	0.61591173520073
18	6018397	1860	0.64699332161346
18	6171808	1880	0.54742734545693
18	6328604	1900	0.48320747822804
18	6487179	1920	0.31543491621246
18	6648438	1940	0.52088863947243
18	6812051	1960	0.75215139252571
18	6978008	1980	0.91058338165321
18	7147788	2000	1.2700250642439
19	145240	240	2304.6917522782
19	171173	260	1325.1707540496
19	198436	280	2721.1012683703
19	225775	300	3017.4113075118
19	253336	320	2270.9124592633
19	280639	340	3142.938898579
19	308125	360	3142.1329275563
19	335692	380	2519.5571898015
19	363717	400	1746.9382061808
19	392244	420	2733.0896663196
19	421082	440	2745.8651384846
19	450658	460	2138.1154442337
19	480589	480	2992.9195280528
19	511417	500	3631.8155478067
19	542784	520	3083.0775038231
19	574881	540	3499.7009208514
19	607450	560	3040.4965769508
19	640858	580	2983.9980115335
19	675345	600	3891.8640012089
19	710553	620	3597.2692217816
19	747264	640	3600.0004268358
19	785108	660	3799.5767940058
19	823856	680	3034.3267103786
19	864432	700	4226.0074602322
19	906107	720	3541.3811211552
19	949062	740	3406.7425457808
19	993150	760	3675.6101653364
19	1038406	780	2500.6479413009
19	1084071	800	4107.9810368156
19	1131448	820	3391.3602229918
19	1179546	840	4199.8803717242
19	1229097	860	4268.8723632716
19	1280193	880	3001.5226998432
19	1332227	900	4856.4125909638
19	1385680	920	4554.9624509157
19	1439944	940	2710.6540037223
19	1496526	960	4848.3569717301
19	1553472	980	3429.2607590394
19	1611869	1000	4939.0542660471
19	1672074	1020	5394.8361238439
19	1733816	1040	4340.951608975
19	1796989	1060	4248.5194599817
19	1861950	1080	3010.827833784
19	1928212	1100	4303.3326300786
19	1995798	1120	3404.2330309859
19	2066369	1140	5181.6825865988
19	2138959	1160	5490.8525054094
19	2213158	1180	4249.7395594242
19	2288983	1200	5863.1555448267
19	2366824	1220	5907.7592475938
19	2447008	1240	5695.7940509518
19	2528335	1260	4501.5343140812
19	2612471	1280	3069.9853074465
19	2698082	1300	5336.1512660552
19	2785923	1320	5893.6757287323
19	2875805	1340	4829.0013326756
19	2968004	1360	4521.9856320392
19	3062537	1380	6176.0949736919
19	3159388	1400	4747.9732218257
19	3257398	1420	6408.2581792157
19	3358291	1440	5935.2072656501
19	3461796	1460	5707.1233174955
19	3566623	1480	5652.7489877132
19	3673641	1500	5203.2644104519
19	3783861	1520	6281.5229304823
19	3896260	1540	4974.535946818
19	4010523	1560	5162.6202885481
19	4127022	1580	6208.1842799855
19	4247246	1600	6285.4723067167
19	4369186	1620	5306.2327942338
19	4492803	1640	6813.2434036829
19	4619136	1660	6342.729805562
19	4748067	1680	5412.5716800939
19	4879138	1700	5903.5725276353
19	5012611	1720	6318.9488045219
19	5148357	1740	6634.3344043139
19	5287144	1760	5922.5187111935
19	5427688	1780	6718.4844554882
19	5571055	1800	7344.6704042462
19	5717428	1820	7389.2548854091
19	5866861	1840	6731.462476538
19	6018397	1860	6163.197697659
19	6171808	1880	7249.1712561058
19	6328604	1900	7475.2981645279
19	6487179	1920	5012.5258968929
19	6648438	1940	6950.3994443468
19	6812051	1960	7167.2779166472
19	6978008	1980	6715.3675891277
19	7147788	2000	6904.4014677524
20	145240	240	46.093835045563
20	171173	260	45.69554324309
20	198436	280	46.915539109832
20	225775	300	46.421712423259
20	253336	320	46.345152229864
20	280639	340	46.909535799687
20	308125	360	46.207837169946
20	335692	380	46.658466477805
20	363717	400	47.214546112994
20	392244	420	47.1222356262
20	421082	440	46.54008709296
20	450658	460	46.480770526819
20	480589	480	46.764367625825
20	511417	500	47.166435685802
20	542784	520	46.016082146614
20	574881	540	46.662678944685
20	607450	560	46.776870414628
20	640858	580	47.365047802119
20	675345	600	47.461756112304
20	710553	620	47.332489760284
20	747264	640	46.753252296569
20	785108	660	47.494709925072
20	823856	680	46.68194939044
20	864432	700	46.955638447025
20	906107	720	47.856501637232
20	949062	740	46.667706106586
20	993150	760	47.123207247903
20	1038406	780	47.182036628318
20	1084071	800	47.767221358321
20	1131448	820	46.456989356051
20	1179546	840	47.189667098024
20	1229097	860	47.964858014287
20	1280193	880	47.643217457828
20	1332227	900	48.08329297984
20	1385680	920	47.447525530372
20	1439944	940	46.735413857281
20	1496526	960	48.003534373565
20	1553472	980	47.628621653325
20	1611869	1000	47.951983165506
20	1672074	1020	48.168179677178
20	1733816	1040	47.184256619294
20	1796989	1060	48.278630227065
20	1861950	1080	47.044184902875
20	1928212	1100	48.901507159984
20	1995798	1120	47.946944098393
20	2066369	1140	47.978542468507
20	2138959	1160	47.746543525299
20	2213158	1180	47.749882690159
20	2288983	1200	48.455830948981
20	2366824	1220	48.424256127818
20	2447008	1240	47.464950424598
20	2528335	1260	47.888662915758
20	2612471	1280	46.514928900705
20	2698082	1300	48.510466055047
20	2785923	1320	48.308817448625
20	2875805	1340	47.811894382927
20	2968004	1360	48.106230128076
20	3062537	1380	48.250741981968
20	3159388	1400	47.959325472987
20	3257398	1420	48.18239232493
20	3358291	1440	48.253717606911
20	3461796	1460	48.778831773465
20	3566623	1480	47.904652438247
20	3673641	1500	48.178374170851
20	3783861	1520	47.587294927896
20	3896260	1540	48.296465503087
20	4010523	1560	47.802039708779
20	4127022	1580	48.125459534772
20	4247246	1600	48.349786974744
20	4369186	1620	48.681034809484
20	4492803	1640	47.98058734988
20	4619136	1660	48.417784775282
20	4748067	1680	48.326532857981
20	4879138	1700	48.789855600292
20	5012611	1720	48.607298496322
20	5148357	1740	48.425798571635
20	5287144	1760	48.15055862759
20	5427688	1780	48.684669967306
20	5571055	1800	48.640201352624
20	5717428	1820	48.613518982955
20	5866861	1840	48.778713598102
20	6018397	1860	49.305581581272
20	6171808	1880	48.98088686558
20	6328604	1900	48.858157938091
20	6487179	1920	49.142410753852
20	6648438	1940	48.266662807964
20	6812051	1960	48.102536353337
20	6978008	1980	48.311997044084
20	7147788	2000	48.622545547552
21	145240	240	2.1258780943235
21	171173	260	1.4391602366824
21	198436	280	2.5595177911714
21	225775	300	1.9956215251199
21	253336	320	2.1046166951854
21	280639	340	2.5146978183587
21	308125	360	2.3912510297865
21	335692	380	2.2245401868113
21	363717	400	2.3926609292403
21	392244	420	2.9383425351413
21	421082	440	2.1717565954179
21	450658	460	2.3844457567497
21	480589	480	2.0324924007669
21	511417	500	2.9482980076331
21	542784	520	1.7273275131111
21	574881	540	2.3616573394156
21	607450	560	1.9937404352671
21	640858	580	2.8077246369774
21	675345	600	2.9268136540939
21	710553	620	2.8977348296102
21	747264	640	2.5430302887415
21	785108	660	2.673646744468
21	823856	680	2.762794890418
21	864432	700	2.2782876894412
21	906107	720	2.5368375003274
21	949062	740	2.210909659232
21	993150	760	2.5590059091119
21	1038406	780	2.6277080216576
21	1084071	800	3.1341945661377
21	1131448	820	2.4768335071155
21	1179546	840	2.4876358081582
21	1229097	860	3.1388413641707
21	1280193	880	2.8928319476111
21	1332227	900	3.0117032202255
21	1385680	920	2.7160549157111
21	1439944	940	2.7904588730967
21	1496526	960	2.6294790253469
21	1553472	980	3.226454399281
21	1611869	1000	2.4963614223554
21	1672074	1020	2.7891611573381
21	1733816	1040	2.3431025081603
21	1796989	1060	2.7245752439421
21	1861950	1080	2.1942451244527
21	1928212	1100	3.2559838282962
21	1995798	1120	2.761644967882
21	2066369	1140	2.6660918503254
21	2138959	1160	3.2144851785663
21	2213158	1180	2.6718826168144
21	2288983	1200	2.9598402178456
21	2366824	1220	3.3395289102526
21	2447008	1240	2.387392164349
21	2528335	1260	2.5137195785494
21	2612471	1280	2.1785887977594
21	2698082	1300	2.8643050422905
21	2785923	1320	2.9523726352864
21	2875805	1340	2.5258939724135
21	2968004	1360	2.5660608125742
21	3062537	1380	2.484517461366
21	3159388	1400	2.4658642325453
21	3257398	1420	2.4411899922636
21	3358291	1440	2.6372268765973
21	3461796	1460	2.4578171661216
21	3566623	1480	2.5503309523563
21	3673641	1500	2.4697878189783
21	3783861	1520	2.4344306812644
21	3896260	1540	2.9793525154648
21	4010523	1560	2.6616796588383
21	4127022	1580	3.0383705739383
21	4247246	1600	2.6218165944913
21	4369186	1620	2.6509548413716
21	4492803	1640	2.4769774879894
21	4619136	1660	2.7139327975141
21	4748067	1680	2.6671294333052
21	4879138	1700	2.89283981085
21	5012611	1720	2.9146179586349
21	5148357	1740	3.270539160765
21	5287144	1760	2.5023964845337
21	5427688	1780	2.8246145289007
21	5571055	1800	2.8776032339496
21	5717428	1820	2.7572212980139
21	5866861	1840	2.4542093461478
21	6018397	1860	2.9700328781207
21	6171808	1880	2.8491660549753
21	6328604	1900	2.8291110361173
21	6487179	1920	2.2606640404801
21	6648438	1940	2.7828903023991
21	6812051	1960	2.841086269831
21	6978008	1980	2.4232227461317
21	7147788	2000	2.6285889589675
22	145240	240	4.5193576719244
22	171173	260	2.0711821868478
22	198436	280	6.5511313233228
22	225775	300	3.9825052715217
22	253336	320	4.429411433653
22	280639	340	6.3237051176582
22	308125	360	5.7180814874552
22	335692	380	4.9485790427383
22	363717	400	5.724826322313
22	392244	420	8.6338568538203
22	421082	440	4.716526709741
22	450658	460	5.6855815668816
22	480589	480	4.1310253591751
22	511417	500	8.6924611418134
22	542784	520	2.9836603375505
22	574881	540	5.5774253888157
22	607450	560	3.975000923219
22	640858	580	7.88331763709
22	675345	600	8.5662381657902
22	710553	620	8.3968671427363
22	747264	640	6.4670030494567
22	785108	660	7.1483869142043
22	823856	680	7.6330356065196
22	864432	700	5.1905947958595
22	906107	720	6.4355445030673
22	949062	740	4.8881215212853
22	993150	760	6.5485112428698
22	1038406	780	6.9048494470837
22	1084071	800	9.8231755784072
22	1131448	820	6.1347042219699
22	1179546	840	6.1883319140311
22	1229097	860	9.852325109429
22	1280193	880	8.3684766771197
22	1332227	900	9.0703562867165
22	1385680	920	7.3769543051585
22	1439944	940	7.7866607224441
22	1496526	960	6.9141599447391
22	1553472	980	10.41000799064
22	1611869	1000	6.2318203510242
22	1672074	1020	7.7794199616035
22	1733816	1040	5.4901293637471
22	1796989	1060	7.4233102599021
22	1861950	1080	4.8147116661846
22	1928212	1100	10.601430690127
22	1995798	1120	7.6266829286281
22	2066369	1140	7.1080457543713
22	2138959	1160	10.332914963222
22	2213158	1180	7.1389567180349
22	2288983	1200	8.7606541151763
22	2366824	1220	11.152453342413
22	2447008	1240	5.699641346395
22	2528335	1260	6.3187861195825
22	2612471	1280	4.7462491497226
22	2698082	1300	8.2042433752906
22	2785923	1320	8.7165041775879
22	2875805	1340	6.3801403598751
22	2968004	1360	6.5846680938292
22	3062537	1380	6.1728270158327
22	3159388	1400	6.0804864133464
22	3257398	1420	5.9594085783279
22	3358291	1440	6.954965598647
22	3461796	1460	6.0408652220818
22	3566623	1480	6.5041879665468
22	3673641	1500	6.0998518707733
22	3783861	1520	5.9264527418816
22	3896260	1540	8.8765414114065
22	4010523	1560	7.0845386062736
22	4127022	1580	9.2316957445741
22	4247246	1600	6.8739222551499
22	4369186	1620	7.0275615709914
22	4492803	1640	6.1354174760063
22	4619136	1660	7.3654312294229
22	4748067	1680	7.1135794140028
22	4879138	1700	8.3685221712384
22	5012611	1720	8.494997844797
22	5148357	1740	10.696426402098
22	5287144	1760	6.2619881658066
22	5427688	1780	7.978447236877
22	5571055	1800	8.2806003720373
22	5717428	1820	7.6022692862213
22	5866861	1840	6.023143514719
22	6018397	1860	8.8210952971177
22	6171808	1880	8.1177472088234
22	6328604	1900	8.0038692546806
22	6487179	1920	5.1106019039198
22	6648438	1940	7.7444784351872
22	6812051	1960	8.0717711926219
22	6978008	1980	5.87200847737
22	7147788	2000	6.9094799152061
23	145240	240	3227.4301309772
23	171173	260	3677.9958670948
23	198436	280	3735.0752621567
23	225775	300	3607.2071463867
23	253336	320	4052.4477141867
23	280639	340	3781.1228498316
23	308125	360	3652.8571794407
23	335692	380	3966.8403435599
23	363717	400	4151.5645412157
23	392244	420	4028.8891535628
23	421082	440	3937.2498677623
23	450658	460	4235.374372526
23	480589	480	4176.4556431459
23	511417	500	4086.7620588529
23	542784	520	4142.8358535802
23	574881	540	4238.3818213561
23	607450	560	4456.3115504372
23	640858	580	4450.5400589449
23	675345	600	4458.9023973268
23	710553	620	4364.7779417409
23	747264	640	4641.6447970682
23	785108	660	4555.2507080733
23	823856	680	4683.4113057674
23	864432	700	4590.5806711637
23	906107	720	4815.5640083288
23	949062	740	4962.6483771098
23	993150	760	4909.6854195914
23	1038406	780	5093.0195321838
23	1084071	800	4776.6693200757
23	1131448	820	4972.2427867674
23	1179546	840	5058.6113322171
23	1229097	860	5065.064364858
23	1280193	880	5297.1332246508
23	1332227	900	4877.7892927271
23	1385680	920	5288.0865900599
23	1439944	940	5529.4818263051
23	1496526	960	5348.5778042437
23	1553472	980	5533.0682258099
23	1611869	1000	5166.1422935945
23	1672074	1020	5435.7299345449
23	1733816	1040	5572.9794980993
23	1796989	1060	5708.1191075547
23	1861950	1080	5993.4000098477
23	1928212	1100	5709.1882233028
23	1995798	1120	5812.9421897018
23	2066369	1140	5896.1414872867
23	2138959	1160	5608.616237386
23	2213158	1180	6075.8176709189
23	2288983	1200	5660.4857792775
23	2366824	1220	5890.7739228573
23	2447008	1240	6026.6018304943
23	2528335	1260	6166.1627291675
23	2612471	1280	6490.1457037295
23	2698082	1300	6199.5346450673
23	2785923	1320	6157.3007382643
23	2875805	1340	6297.3845032329
23	2968004	1360	6479.9557048863
23	3062537	1380	6173.4439045328
23	3159388	1400	6613.0116565989
23	3257398	1420	6391.9256202013
23	3358291	1440	6479.2321408072
23	3461796	1460	6467.0243436947
23	3566623	1480	6570.1569103483
23	3673641	1500	6846.7147923322
23	3783861	1520	6755.534991725
23	3896260	1540	7067.9931900037
23	4010523	1560	7025.7058569464
23	4127022	1580	6938.6219393087
23	4247246	1600	6750.2445222527
23	4369186	1620	7288.8513081868
23	4492803	1640	6980.3360731886
23	4619136	1660	7256.5058539897
23	4748067	1680	7120.0496872502
23	4879138	1700	7239.3933530993
23	5012611	1720	7162.9010034081
23	5148357	1740	7206.6460320352
23	5287144	1760	7352.8387353027
23	5427688	1780	7156.5247488639
23	5571055	1800	7330.5683548881
23	5717428	1820	7300.7695989513
23	5866861	1840	7286.3170050569
23	6018397	1860	7367.4548702188
23	6171808	1880	7518.011968065
23	6328604	1900	7513.5883307166
23	6487179	1920	8013.9608578047
23	6648438	1940	7707.1766879514
23	6812051	1960	7971.7777509245
23	6978008	1980	8105.3301623814
23	7147788	2000	7926.1083884964
24	145240	240	44.825418485795
24	171173	260	44.853608135303
24	198436	280	45.000906772972
24	225775	300	45.090089329834
24	253336	320	45.027196824297
24	280639	340	45.013367259899
24	308125	360	45.097002215317
24	335692	380	45.077731176817
24	363717	400	45.125701534954
24	392244	420	45.268417455761
24	421082	440	45.255745606463
24	450658	460	45.541659919635
24	480589	480	45.396256990716
24	511417	500	45.408467320588
24	542784	520	45.525668720661
24	574881	540	45.573998079097
24	607450	560	45.472566841195
24	640858	580	45.413674070867
24	675345	600	45.499004054355
24	710553	620	45.466436893135
24	747264	640	45.506321539884
24	785108	660	45.552507080733
24	823856	680	45.470012677353
24	864432	700	45.451293773898
24	906107	720	45.429849135178
24	949062	740	45.528884193667
24	993150	760	45.460050181401
24	1038406	780	45.473388680212
24	1084071	800	45.492088762626
24	1131448	820	45.616906300618
24	1179546	840	45.573075065019
24	1229097	860	45.631210494216
24	1280193	880	45.664941591817
24	1332227	900	45.58681581988
24	1385680	920	45.586953362585
24	1439944	940	45.698196911612
24	1496526	960	45.714340207211
24	1553472	980	45.727836576941
24	1611869	1000	45.718073394642
24	1672074	1020	45.678402811302
24	1733816	1040	45.680159820486
24	1796989	1060	45.664952860438
24	1861950	1080	45.751145113341
24	1928212	1100	45.673505786422
24	1995798	1120	45.771198344108
24	2066369	1140	45.706523157261
24	2138959	1160	45.598505995008
24	2213158	1180	45.682839630969
24	2288983	1200	45.649078865141
24	2366824	1220	45.664914130677
24	2447008	1240	45.656074473442
24	2528335	1260	45.675279475315
24	2612471	1280	45.705251434715
24	2698082	1300	45.584813566671
24	2785923	1320	45.609635098254
24	2875805	1340	45.633221037919
24	2968004	1360	45.633490879481
24	3062537	1380	45.72921410765
24	3159388	1400	45.606976942061
24	3257398	1420	45.656611572866
24	3358291	1440	45.628395357797
24	3461796	1460	45.542424955596
24	3566623	1480	45.626089655197
24	3673641	1500	45.644765282215
24	3783861	1520	45.645506700844
24	3896260	1540	45.59995606454
24	4010523	1560	45.621466603548
24	4127022	1580	45.648828548084
24	4247246	1600	45.609760285491
24	4369186	1620	45.555320676167
24	4492803	1640	45.623111589468
24	4619136	1660	45.63840159742
24	4748067	1680	45.64134414904
24	4879138	1700	45.530775805656
24	5012611	1720	45.623573270115
24	5148357	1740	45.611683747058
24	5287144	1760	45.669805809333
24	5427688	1780	45.582960183847
24	5571055	1800	45.531480465143
24	5717428	1820	45.629809993445
24	5866861	1840	45.539481281605
24	6018397	1860	45.478116482832
24	6171808	1880	45.563708897364
24	6328604	1900	45.53689897404
24	6487179	1920	45.533868510254
24	6648438	1940	45.604595786695
24	6812051	1960	45.553015719569
24	6978008	1980	45.535562710008
24	7147788	2000	45.552347060324
25	145240	240	0.4342128841108
25	171173	260	0.44260939426108
25	198436	280	0.775631020184
25	225775	300	0.77968407493339
25	253336	320	0.69372574877691
25	280639	340	0.63320938853018
25	308125	360	0.91263268292311
25	335692	380	0.82891655834688
25	363717	400	0.88651790901538
25	392244	420	1.2602145934692
25	421082	440	1.0980996199294
25	450658	460	1.5500174385382
25	480589	480	1.3393625883904
25	511417	500	1.4268714954493
25	542784	520	1.3582760328146
25	574881	540	1.4814163815573
25	607450	560	1.4246244244649
25	640858	580	1.2923241612092
25	675345	600	1.3792452987024
25	710553	620	1.2927494323427
25	747264	640	1.3496479923034
25	785108	660	1.352479301381
25	823856	680	1.2096660264666
25	864432	700	1.2303541422935
25	906107	720	1.1653552866946
25	949062	740	1.1977313519418
25	993150	760	1.1251555820958
25	1038406	780	1.1001605075836
25	1084071	800	1.1240852977276
25	1131448	820	1.1596640806002
25	1179546	840	1.1372059189337
25	1229097	860	1.1893540567417
25	1280193	880	1.1938476544208
25	1332227	900	1.112559545486
25	1385680	920	1.1882704159741
25	1439944	940	1.1688450392917
25	1496526	960	1.1729441963934
25	1553472	980	1.1787606730866
25	1611869	1000	1.1826856057976
25	1672074	1020	1.1083742587842
25	1733816	1040	1.1125118581377
25	1796989	1060	1.1487851677967
25	1861950	1080	1.1309816927987
25	1928212	1100	1.1417360675907
25	1995798	1120	1.1316050061457
25	2066369	1140	1.0817738357113
25	2138959	1160	1.068886241242
25	2213158	1180	1.0761574230377
25	2288983	1200	1.0516988092709
25	2366824	1220	1.1035461581356
25	2447008	1240	1.0399942861028
25	2528335	1260	1.0480376579507
25	2612471	1280	1.0349726994667
25	2698082	1300	1.0186378415732
25	2785923	1320	1.040232979017
25	2875805	1340	1.0030506568012
25	2968004	1360	0.96270636086551
25	3062537	1380	1.0444039727371
25	3159388	1400	0.93528800529497
25	3257398	1420	1.0188066786103
25	3358291	1440	1.0127370813206
25	3461796	1460	0.8907207840047
25	3566623	1480	0.90400586768052
25	3673641	1500	0.9611710252818
25	3783861	1520	0.91584699675828
25	3896260	1540	0.88038930786275
25	4010523	1560	0.91604810567616
25	4127022	1580	0.93089368245022
25	4247246	1600	0.93060928695713
25	4369186	1620	0.8387050418874
25	4492803	1640	0.86198987133756
25	4619136	1660	0.87049141500238
25	4748067	1680	0.91483876327281
25	4879138	1700	0.85332436124203
25	5012611	1720	0.93424700806577
25	5148357	1740	0.87723522931516
25	5287144	1760	0.90210820242987
25	5427688	1780	0.86050306144204
25	5571055	1800	0.82943741978761
25	5717428	1820	0.90209163760931
25	5866861	1840	0.85315197939101
25	6018397	1860	0.8144976814595
25	6171808	1880	0.82248881313672
25	6328604	1900	0.80653573415996
25	6487179	1920	0.82421029058563
25	6648438	1940	0.81441882624312
25	6812051	1960	0.79036230521745
25	6978008	1980	0.80832121939119
25	7147788	2000	0.79180171384788
26	145240	240	0.18854082872782
26	171173	260	0.19590307588816
26	198436	280	0.60160347947168
26	225775	300	0.60790725670474
26	253336	320	0.48125541451609
26	280639	340	0.40095412972276
26	308125	360	0.83289841393944
26	335692	380	0.68710266070164
26	363717	400	0.785914003005
26	392244	420	1.5881408215928
26	421082	440	1.2058227752892
26	450658	460	2.4025540597726
26	480589	480	1.7938921431799
26	511417	500	2.0359622645258
26	542784	520	1.8449137813185
26	574881	540	2.1945944955463
26	607450	560	2.029554750782
26	640858	580	1.670101737645
26	675345	600	1.9023175939927
26	710553	620	1.6712010948223
26	747264	640	1.8215497031285
26	785108	660	1.8292002606641
26	823856	680	1.4632918955875
26	864432	700	1.5137713154587
26	906107	720	1.358052944227
26	949062	740	1.4345603914243
26	993150	760	1.2659750839213
26	1038406	780	1.2103531424465
26	1084071	800	1.2635677565674
26	1131448	820	1.3448207798342
26	1179546	840	1.2932373020579
26	1229097	860	1.4145630722878
26	1280193	880	1.425272221966
26	1332227	900	1.237788742252
26	1385680	920	1.4119865814792
26	1439944	940	1.3661987258767
26	1496526	960	1.3757980878531
26	1553472	980	1.3894767244155
26	1611869	1000	1.3987452421608
26	1672074	1020	1.2284934975354
26	1733816	1040	1.237682634497
26	1796989	1060	1.3197073617496
26	1861950	1080	1.2791195894457
26	1928212	1100	1.3035612480375
26	1995798	1120	1.280529889934
26	2066369	1140	1.1702346316295
26	2138959	1160	1.1425177967164
26	2213158	1180	1.1581147991592
26	2288983	1200	1.1060703854219
26	2366824	1220	1.2178141231359
26	2447008	1240	1.0815881151265
26	2528335	1260	1.0983829324829
26	2612471	1280	1.0711684886413
26	2698082	1300	1.0376230522849
26	2785923	1320	1.0820846506346
26	2875805	1340	1.0061106201093
26	2968004	1360	0.92680353725091
26	3062537	1380	1.090779658269
26	3159388	1400	0.87476365284864
26	3257398	1420	1.037967048381
26	3358291	1440	1.0256363958817
26	3461796	1460	0.79338351505795
26	3566623	1480	0.8172266088008
26	3673641	1500	0.92384973984126
26	3783861	1520	0.83877572147116
26	3896260	1540	0.77508533339906
26	4010523	1560	0.83914413191288
26	4127022	1580	0.86656304802573
26	4247246	1600	0.86603364497086
26	4369186	1620	0.70342614728734
26	4492803	1640	0.74302653828853
26	4619136	1660	0.75775530359285
26	4748067	1680	0.83692996278653
26	4879138	1700	0.72816246548912
26	5012611	1720	0.87281747207985
26	5148357	1740	0.76954164755162
26	5287144	1760	0.81379920889126
26	5427688	1780	0.74046551875113
26	5571055	1800	0.68796643334393
26	5717428	1820	0.81376932264465
26	5866861	1840	0.72786829993879
26	6018397	1860	0.66340647310291
26	6171808	1880	0.67648784773506
26	6328604	1900	0.65049989047694
26	6487179	1920	0.67932260310724
26	6648438	1940	0.66327802453923
26	6812051	1960	0.62467257350864
26	6978008	1980	0.65338319371806
26	7147788	2000	0.62694995405243
