version 2
run statisticRVV-210-20150326-05:58:50-5488
attr c 4
attr configname statisticRVV
attr datetime 20150326-05:58:50
attr experiment statisticRVV
attr inifile omnetpp.ini
attr iterationvars "$sc=\"erlangen-medium.launchd.xml\", $p=1/5, $c=4"
attr iterationvars2 "$sc=\"erlangen-medium.launchd.xml\", $p=1/5, $c=4, $repetition=0"
attr measurement "$sc=\"erlangen-medium.launchd.xml\", $p=1/5, $c=4"
attr network RSUExampleScenario
attr p 1/5
attr processid 5488
attr repetition 0
attr replication #0
attr resultdir results
attr runnumber 210
attr sc "\"erlangen-medium.launchd.xml\""
attr seedset 210

vector 0  RSUExampleScenario.rsu[0].appl  Number_CH  ETV
vector 1  RSUExampleScenario.rsu[0].appl  Number_ON  ETV
vector 2  RSUExampleScenario.rsu[0].appl  Number_FN  ETV
vector 3  RSUExampleScenario.rsu[0].appl  Number_CH_Losts  ETV
vector 4  RSUExampleScenario.rsu[0].appl  Mean_Cluster_Size  ETV
vector 5  RSUExampleScenario.rsu[0].appl  StdDev_Cluster_Size  ETV
vector 6  RSUExampleScenario.rsu[0].appl  Variance_Cluster_Size  ETV
vector 7  RSUExampleScenario.rsu[0].appl  Mean_Neighbors  ETV
vector 8  RSUExampleScenario.rsu[0].appl  StdDev_Neighbors  ETV
vector 9  RSUExampleScenario.rsu[0].appl  Variance_Neighbors  ETV
vector 10  RSUExampleScenario.rsu[0].appl  Total_CH_Utility  ETV
vector 11  RSUExampleScenario.rsu[0].appl  Mean_CH_Utility  ETV
vector 12  RSUExampleScenario.rsu[0].appl  StdDev_CH_Utility  ETV
vector 13  RSUExampleScenario.rsu[0].appl  Variance_CH_Utility  ETV
vector 14  RSUExampleScenario.rsu[0].appl  Total_exp_CH_Utility  ETV
vector 15  RSUExampleScenario.rsu[0].appl  Mean_exp_CH_Utility  ETV
vector 16  RSUExampleScenario.rsu[0].appl  StdDev_exp_CH_Utility  ETV
vector 17  RSUExampleScenario.rsu[0].appl  Variance_exp_CH_Utility  ETV
vector 18  RSUExampleScenario.rsu[0].appl  Total_ON_Utility  ETV
vector 19  RSUExampleScenario.rsu[0].appl  Mean_ON_Utility  ETV
vector 20  RSUExampleScenario.rsu[0].appl  StdDev_ON_Utility  ETV
vector 21  RSUExampleScenario.rsu[0].appl  Variance_ON_Utility  ETV
vector 22  RSUExampleScenario.rsu[0].appl  Total_exp_ON_Utility  ETV
vector 23  RSUExampleScenario.rsu[0].appl  Mean_exp_ON_Utility  ETV
vector 24  RSUExampleScenario.rsu[0].appl  StdDev_exp_ON_Utility  ETV
vector 25  RSUExampleScenario.rsu[0].appl  Variance_exp_ON_Utility  ETV
0	145171	240	13
0	170939	260	14
0	198235	280	13
0	225316	300	14
0	252622	320	11
0	279966	340	10
0	307739	360	11
0	335586	380	12
0	364101	400	8
0	393224	420	14
0	422898	440	12
0	453088	460	17
0	483801	480	18
0	515274	500	10
0	547125	520	19
0	579771	540	17
0	613595	560	18
0	648069	580	15
0	683436	600	18
0	720058	620	14
0	757888	640	16
0	796567	660	14
0	836742	680	15
0	877562	700	20
0	919694	720	16
0	963146	740	22
0	1008045	760	13
0	1053860	780	20
0	1100396	800	14
0	1148048	820	16
0	1197470	840	23
0	1247640	860	26
0	1299042	880	24
0	1351305	900	20
0	1405502	920	17
0	1460678	940	33
0	1517782	960	16
0	1576018	980	13
0	1635718	1000	17
0	1696867	1020	23
0	1759348	1040	12
0	1823371	1060	17
0	1888959	1080	18
0	1956551	1100	24
0	2025706	1120	20
0	2096352	1140	23
0	2169409	1160	29
0	2244515	1180	25
0	2321225	1200	37
0	2399764	1220	18
0	2480685	1240	22
0	2563974	1260	23
0	2649082	1280	27
0	2736001	1300	28
0	2825282	1320	26
0	2916767	1340	32
0	3009787	1360	20
0	3105094	1380	24
0	3201586	1400	29
0	3300991	1420	27
0	3402821	1440	31
0	3506212	1460	23
0	3612072	1480	30
0	3720746	1500	24
0	3832007	1520	26
0	3944830	1540	28
0	4060317	1560	26
0	4178094	1580	30
0	4298669	1600	20
0	4420924	1620	26
0	4546204	1640	25
0	4673243	1660	32
0	4802290	1680	21
0	4933815	1700	31
0	5068011	1720	31
0	5205282	1740	28
0	5344035	1760	32
0	5485775	1780	29
0	5630031	1800	32
0	5776526	1820	28
0	5926522	1840	30
0	6078770	1860	28
0	6232496	1880	29
0	6389388	1900	33
0	6548827	1920	29
0	6711457	1940	30
0	6874963	1960	31
0	7042402	1980	36
0	7211839	2000	27
1	145171	240	16
1	170939	260	18
1	198235	280	19
1	225316	300	20
1	252622	320	16
1	279966	340	13
1	307739	360	17
1	335586	380	18
1	364101	400	12
1	393224	420	20
1	422898	440	14
1	453088	460	23
1	483801	480	25
1	515274	500	13
1	547125	520	24
1	579771	540	23
1	613595	560	21
1	648069	580	19
1	683436	600	23
1	720058	620	19
1	757888	640	25
1	796567	660	19
1	836742	680	21
1	877562	700	26
1	919694	720	21
1	963146	740	33
1	1008045	760	17
1	1053860	780	29
1	1100396	800	19
1	1148048	820	23
1	1197470	840	32
1	1247640	860	35
1	1299042	880	32
1	1351305	900	26
1	1405502	920	22
1	1460678	940	42
1	1517782	960	24
1	1576018	980	19
1	1635718	1000	26
1	1696867	1020	32
1	1759348	1040	15
1	1823371	1060	28
1	1888959	1080	25
1	1956551	1100	33
1	2025706	1120	32
1	2096352	1140	31
1	2169409	1160	43
1	2244515	1180	35
1	2321225	1200	50
1	2399764	1220	22
1	2480685	1240	28
1	2563974	1260	33
1	2649082	1280	40
1	2736001	1300	37
1	2825282	1320	37
1	2916767	1340	43
1	3009787	1360	28
1	3105094	1380	31
1	3201586	1400	43
1	3300991	1420	37
1	3402821	1440	42
1	3506212	1460	36
1	3612072	1480	41
1	3720746	1500	33
1	3832007	1520	41
1	3944830	1540	37
1	4060317	1560	37
1	4178094	1580	43
1	4298669	1600	29
1	4420924	1620	38
1	4546204	1640	38
1	4673243	1660	51
1	4802290	1680	32
1	4933815	1700	47
1	5068011	1720	47
1	5205282	1740	42
1	5344035	1760	48
1	5485775	1780	44
1	5630031	1800	43
1	5776526	1820	40
1	5926522	1840	46
1	6078770	1860	44
1	6232496	1880	38
1	6389388	1900	42
1	6548827	1920	42
1	6711457	1940	45
1	6874963	1960	47
1	7042402	1980	50
1	7211839	2000	41
2	145171	240	49
2	170939	260	54
2	198235	280	61
2	225316	300	59
2	252622	320	66
2	279966	340	69
2	307739	360	68
2	335586	380	65
2	364101	400	77
2	393224	420	66
2	422898	440	74
2	453088	460	61
2	483801	480	61
2	515274	500	80
2	547125	520	61
2	579771	540	66
2	613595	560	68
2	648069	580	74
2	683436	600	68
2	720058	620	76
2	757888	640	72
2	796567	660	80
2	836742	680	79
2	877562	700	69
2	919694	720	80
2	963146	740	63
2	1008045	760	90
2	1053860	780	72
2	1100396	800	89
2	1148048	820	82
2	1197470	840	69
2	1247640	860	64
2	1299042	880	72
2	1351305	900	80
2	1405502	920	90
2	1460678	940	54
2	1517782	960	94
2	1576018	980	102
2	1635718	1000	91
2	1696867	1020	79
2	1759348	1040	111
2	1823371	1060	94
2	1888959	1080	97
2	1956551	1100	85
2	2025706	1120	89
2	2096352	1140	89
2	2169409	1160	73
2	2244515	1180	87
2	2321225	1200	59
2	2399764	1220	106
2	2480685	1240	98
2	2563974	1260	93
2	2649082	1280	86
2	2736001	1300	87
2	2825282	1320	90
2	2916767	1340	81
2	3009787	1360	108
2	3105094	1380	103
2	3201586	1400	87
2	3300991	1420	96
2	3402821	1440	88
2	3506212	1460	104
2	3612072	1480	93
2	3720746	1500	109
2	3832007	1520	100
2	3944830	1540	103
2	4060317	1560	107
2	4178094	1580	96
2	4298669	1600	125
2	4420924	1620	110
2	4546204	1640	111
2	4673243	1660	91
2	4802290	1680	123
2	4933815	1700	99
2	5068011	1720	100
2	5205282	1740	109
2	5344035	1760	102
2	5485775	1780	109
2	5630031	1800	108
2	5776526	1820	117
2	5926522	1840	111
2	6078770	1860	116
2	6232496	1880	122
2	6389388	1900	115
2	6548827	1920	120
2	6711457	1940	118
2	6874963	1960	115
2	7042402	1980	108
2	7211839	2000	130
3	145171	240	6
3	170939	260	7
3	198235	280	1
3	225316	300	4
3	252622	320	3
3	279966	340	3
3	307739	360	0
3	335586	380	11
3	364101	400	4
3	393224	420	2
3	422898	440	5
3	453088	460	6
3	483801	480	6
3	515274	500	6
3	547125	520	5
3	579771	540	6
3	613595	560	5
3	648069	580	5
3	683436	600	3
3	720058	620	0
3	757888	640	2
3	796567	660	3
3	836742	680	7
3	877562	700	8
3	919694	720	5
3	963146	740	6
3	1008045	760	8
3	1053860	780	3
3	1100396	800	7
3	1148048	820	9
3	1197470	840	4
3	1247640	860	7
3	1299042	880	4
3	1351305	900	9
3	1405502	920	3
3	1460678	940	5
3	1517782	960	4
3	1576018	980	6
3	1635718	1000	1
3	1696867	1020	18
3	1759348	1040	7
3	1823371	1060	5
3	1888959	1080	4
3	1956551	1100	9
3	2025706	1120	6
3	2096352	1140	9
3	2169409	1160	6
3	2244515	1180	7
3	2321225	1200	6
3	2399764	1220	2
3	2480685	1240	4
3	2563974	1260	3
3	2649082	1280	4
3	2736001	1300	12
3	2825282	1320	5
3	2916767	1340	6
3	3009787	1360	10
3	3105094	1380	3
3	3201586	1400	5
3	3300991	1420	8
3	3402821	1440	5
3	3506212	1460	8
3	3612072	1480	7
3	3720746	1500	4
3	3832007	1520	7
3	3944830	1540	7
3	4060317	1560	4
3	4178094	1580	9
3	4298669	1600	2
3	4420924	1620	4
3	4546204	1640	8
3	4673243	1660	9
3	4802290	1680	7
3	4933815	1700	5
3	5068011	1720	5
3	5205282	1740	6
3	5344035	1760	10
3	5485775	1780	5
3	5630031	1800	5
3	5776526	1820	5
3	5926522	1840	6
3	6078770	1860	5
3	6232496	1880	10
3	6389388	1900	5
3	6548827	1920	7
3	6711457	1940	8
3	6874963	1960	9
3	7042402	1980	5
3	7211839	2000	8
4	145171	240	1.2307692307692
4	170939	260	1.2857142857143
4	198235	280	1.4615384615385
4	225316	300	1.4285714285714
4	252622	320	1.4545454545455
4	279966	340	1.3
4	307739	360	1.5454545454545
4	335586	380	1.5
4	364101	400	1.5
4	393224	420	1.4285714285714
4	422898	440	1.1666666666667
4	453088	460	1.3529411764706
4	483801	480	1.3888888888889
4	515274	500	1.3
4	547125	520	1.2631578947368
4	579771	540	1.3529411764706
4	613595	560	1.1666666666667
4	648069	580	1.2666666666667
4	683436	600	1.2777777777778
4	720058	620	1.3571428571429
4	757888	640	1.5625
4	796567	660	1.3571428571429
4	836742	680	1.4
4	877562	700	1.3
4	919694	720	1.3125
4	963146	740	1.5
4	1008045	760	1.3076923076923
4	1053860	780	1.45
4	1100396	800	1.3571428571429
4	1148048	820	1.4375
4	1197470	840	1.3913043478261
4	1247640	860	1.3461538461538
4	1299042	880	1.3333333333333
4	1351305	900	1.3
4	1405502	920	1.2941176470588
4	1460678	940	1.2727272727273
4	1517782	960	1.5
4	1576018	980	1.4615384615385
4	1635718	1000	1.5294117647059
4	1696867	1020	1.3913043478261
4	1759348	1040	1.25
4	1823371	1060	1.6470588235294
4	1888959	1080	1.3888888888889
4	1956551	1100	1.375
4	2025706	1120	1.6
4	2096352	1140	1.3478260869565
4	2169409	1160	1.4827586206897
4	2244515	1180	1.4
4	2321225	1200	1.3513513513514
4	2399764	1220	1.2222222222222
4	2480685	1240	1.2727272727273
4	2563974	1260	1.4347826086957
4	2649082	1280	1.4814814814815
4	2736001	1300	1.3214285714286
4	2825282	1320	1.4230769230769
4	2916767	1340	1.34375
4	3009787	1360	1.4
4	3105094	1380	1.2916666666667
4	3201586	1400	1.4827586206897
4	3300991	1420	1.3703703703704
4	3402821	1440	1.3548387096774
4	3506212	1460	1.5652173913043
4	3612072	1480	1.3666666666667
4	3720746	1500	1.375
4	3832007	1520	1.5769230769231
4	3944830	1540	1.3214285714286
4	4060317	1560	1.4230769230769
4	4178094	1580	1.4333333333333
4	4298669	1600	1.45
4	4420924	1620	1.4615384615385
4	4546204	1640	1.52
4	4673243	1660	1.59375
4	4802290	1680	1.5238095238095
4	4933815	1700	1.5161290322581
4	5068011	1720	1.5161290322581
4	5205282	1740	1.5
4	5344035	1760	1.5
4	5485775	1780	1.5172413793103
4	5630031	1800	1.34375
4	5776526	1820	1.4285714285714
4	5926522	1840	1.5333333333333
4	6078770	1860	1.5714285714286
4	6232496	1880	1.3103448275862
4	6389388	1900	1.2727272727273
4	6548827	1920	1.448275862069
4	6711457	1940	1.5
4	6874963	1960	1.5161290322581
4	7042402	1980	1.3888888888889
4	7211839	2000	1.5185185185185
5	145171	240	0.43852900965351
5	170939	260	0.4688072309385
5	198235	280	0.51887452166277
5	225316	300	0.5135525910131
5	252622	320	0.52223296786709
5	279966	340	0.48304589153965
5	307739	360	0.52223296786709
5	335586	380	0.52223296786709
5	364101	400	0.53452248382485
5	393224	420	0.5135525910131
5	422898	440	0.38924947208076
5	453088	460	0.49259218307189
5	483801	480	0.50163132570455
5	515274	500	0.48304589153965
5	547125	520	0.45241392835886
5	579771	540	0.49259218307189
5	613595	560	0.38348249442369
5	648069	580	0.45773770821706
5	683436	600	0.46088859896248
5	720058	620	0.49724515809885
5	757888	640	0.51234753829798
5	796567	660	0.49724515809885
5	836742	680	0.50709255283711
5	877562	700	0.47016234598163
5	919694	720	0.47871355387817
5	963146	740	0.51176631571916
5	1008045	760	0.48038446141526
5	1053860	780	0.51041778553404
5	1100396	800	0.49724515809885
5	1148048	820	0.51234753829798
5	1197470	840	0.49901087934785
5	1247640	860	0.56159114610597
5	1299042	880	0.48154341234308
5	1351305	900	0.47016234598163
5	1405502	920	0.46966821831386
5	1460678	940	0.45226701686665
5	1517782	960	0.51639777949432
5	1576018	980	0.51887452166277
5	1635718	1000	0.51449575542753
5	1696867	1020	0.49901087934785
5	1759348	1040	0.45226701686665
5	1823371	1060	0.49259218307189
5	1888959	1080	0.50163132570455
5	1956551	1100	0.49453535504684
5	2025706	1120	0.50262468995003
5	2096352	1140	0.48698475355767
5	2169409	1160	0.50854762771561
5	2244515	1180	0.5
5	2321225	1200	0.48397751418246
5	2399764	1220	0.4277926319465
5	2480685	1240	0.45584230583855
5	2563974	1260	0.5068698018697
5	2649082	1280	0.50917507721732
5	2736001	1300	0.47559486560567
5	2825282	1320	0.50383147365578
5	2916767	1340	0.48255870443481
5	3009787	1360	0.50262468995003
5	3105094	1380	0.46430562148754
5	3201586	1400	0.50854762771561
5	3300991	1420	0.49210287762341
5	3402821	1440	0.48637345711392
5	3506212	1460	0.5068698018697
5	3612072	1480	0.49013251785356
5	3720746	1500	0.49453535504684
5	3832007	1520	0.50383147365578
5	3944830	1540	0.47559486560567
5	4060317	1560	0.50383147365578
5	4178094	1580	0.50400693299373
5	4298669	1600	0.51041778553404
5	4420924	1620	0.50839112744179
5	4546204	1640	0.50990195135928
5	4673243	1660	0.49899091723585
5	4802290	1680	0.51176631571916
5	4933815	1700	0.50800050800076
5	5068011	1720	0.50800050800076
5	5205282	1740	0.50917507721732
5	5344035	1760	0.50800050800076
5	5485775	1780	0.50854762771561
5	5630031	1800	0.48255870443481
5	5776526	1820	0.50395263067897
5	5926522	1840	0.50741626340492
5	6078770	1860	0.50395263067897
5	6232496	1880	0.47082361543076
5	6389388	1900	0.45226701686665
5	6548827	1920	0.50612017887848
5	6711457	1940	0.50854762771561
5	6874963	1960	0.50800050800076
5	7042402	1980	0.49441323247304
5	7211839	2000	0.50917507721732
6	145171	240	0.19230769230769
6	170939	260	0.21978021978022
6	198235	280	0.26923076923077
6	225316	300	0.26373626373626
6	252622	320	0.27272727272727
6	279966	340	0.23333333333333
6	307739	360	0.27272727272727
6	335586	380	0.27272727272727
6	364101	400	0.28571428571429
6	393224	420	0.26373626373626
6	422898	440	0.15151515151515
6	453088	460	0.24264705882353
6	483801	480	0.2516339869281
6	515274	500	0.23333333333333
6	547125	520	0.2046783625731
6	579771	540	0.24264705882353
6	613595	560	0.14705882352941
6	648069	580	0.20952380952381
6	683436	600	0.21241830065359
6	720058	620	0.24725274725275
6	757888	640	0.2625
6	796567	660	0.24725274725275
6	836742	680	0.25714285714286
6	877562	700	0.22105263157895
6	919694	720	0.22916666666667
6	963146	740	0.26190476190476
6	1008045	760	0.23076923076923
6	1053860	780	0.26052631578947
6	1100396	800	0.24725274725275
6	1148048	820	0.2625
6	1197470	840	0.24901185770751
6	1247640	860	0.31538461538462
6	1299042	880	0.23188405797101
6	1351305	900	0.22105263157895
6	1405502	920	0.22058823529412
6	1460678	940	0.20454545454545
6	1517782	960	0.26666666666667
6	1576018	980	0.26923076923077
6	1635718	1000	0.26470588235294
6	1696867	1020	0.24901185770751
6	1759348	1040	0.20454545454545
6	1823371	1060	0.24264705882353
6	1888959	1080	0.2516339869281
6	1956551	1100	0.2445652173913
6	2025706	1120	0.25263157894737
6	2096352	1140	0.23715415019763
6	2169409	1160	0.25862068965517
6	2244515	1180	0.25
6	2321225	1200	0.23423423423423
6	2399764	1220	0.18300653594771
6	2480685	1240	0.20779220779221
6	2563974	1260	0.25691699604743
6	2649082	1280	0.25925925925926
6	2736001	1300	0.22619047619048
6	2825282	1320	0.25384615384615
6	2916767	1340	0.23286290322581
6	3009787	1360	0.25263157894737
6	3105094	1380	0.21557971014493
6	3201586	1400	0.25862068965517
6	3300991	1420	0.24216524216524
6	3402821	1440	0.23655913978495
6	3506212	1460	0.25691699604743
6	3612072	1480	0.24022988505747
6	3720746	1500	0.2445652173913
6	3832007	1520	0.25384615384615
6	3944830	1540	0.22619047619048
6	4060317	1560	0.25384615384615
6	4178094	1580	0.25402298850575
6	4298669	1600	0.26052631578947
6	4420924	1620	0.25846153846154
6	4546204	1640	0.26
6	4673243	1660	0.24899193548387
6	4802290	1680	0.26190476190476
6	4933815	1700	0.25806451612903
6	5068011	1720	0.25806451612903
6	5205282	1740	0.25925925925926
6	5344035	1760	0.25806451612903
6	5485775	1780	0.25862068965517
6	5630031	1800	0.23286290322581
6	5776526	1820	0.25396825396825
6	5926522	1840	0.25747126436782
6	6078770	1860	0.25396825396825
6	6232496	1880	0.22167487684729
6	6389388	1900	0.20454545454545
6	6548827	1920	0.25615763546798
6	6711457	1940	0.25862068965517
6	6874963	1960	0.25806451612903
6	7042402	1980	0.24444444444444
6	7211839	2000	0.25925925925926
7	145171	240	22.846153846154
7	170939	260	22.325581395349
7	198235	280	22.139784946237
7	225316	300	22.268817204301
7	252622	320	22.376344086022
7	279966	340	22.45652173913
7	307739	360	21.979166666667
7	335586	380	22.168421052632
7	364101	400	22.154639175258
7	393224	420	22.05
7	422898	440	22.34693877551
7	453088	460	22.188118811881
7	483801	480	22.355769230769
7	515274	500	22.495145631068
7	547125	520	22.913461538462
7	579771	540	23.238095238095
7	613595	560	23.242990654206
7	648069	580	23.453703703704
7	683436	600	23.963302752294
7	720058	620	24.51376146789
7	757888	640	25.070796460177
7	796567	660	25.508928571429
7	836742	680	26.147826086957
7	877562	700	26.226086956522
7	919694	720	27.059829059829
7	963146	740	27.758620689655
7	1008045	760	27.8
7	1053860	780	28.8
7	1100396	800	28.122950819672
7	1148048	820	28.95867768595
7	1197470	840	29.733870967742
7	1247640	860	29.976
7	1299042	880	29.796875
7	1351305	900	30.412698412698
7	1405502	920	30.890625
7	1460678	940	31.116279069767
7	1517782	960	31.522388059701
7	1576018	980	32.119402985075
7	1635718	1000	32.60447761194
7	1696867	1020	33.141791044776
7	1759348	1040	33.63503649635
7	1823371	1060	33.710144927536
7	1888959	1080	34.271428571429
7	1956551	1100	34.654929577465
7	2025706	1120	36.141843971631
7	2096352	1140	36.286713286713
7	2169409	1160	37.248275862069
7	2244515	1180	37.761904761905
7	2321225	1200	38.835616438356
7	2399764	1220	39.452054794521
7	2480685	1240	40.380952380952
7	2563974	1260	40.536912751678
7	2649082	1280	41.084967320261
7	2736001	1300	42.506578947368
7	2825282	1320	42.692810457516
7	2916767	1340	43.512820512821
7	3009787	1360	44.166666666667
7	3105094	1380	44.550632911392
7	3201586	1400	45.440251572327
7	3300991	1420	45.75625
7	3402821	1440	46.826086956522
7	3506212	1460	47.521472392638
7	3612072	1480	47.975609756098
7	3720746	1500	48.451807228916
7	3832007	1520	49.275449101796
7	3944830	1540	49.952095808383
7	4060317	1560	50.337278106509
7	4178094	1580	51.491124260355
7	4298669	1600	51.488372093023
7	4420924	1620	51.850574712644
7	4546204	1640	52.534482758621
7	4673243	1660	53.522988505747
7	4802290	1680	53.357954545455
7	4933815	1700	54.034090909091
7	5068011	1720	54.808988764045
7	5205282	1740	55.463687150838
7	5344035	1760	55.840659340659
7	5485775	1780	56.576923076923
7	5630031	1800	56.901639344262
7	5776526	1820	57.389189189189
7	5926522	1840	57.604278074866
7	6078770	1860	58.446808510638
7	6232496	1880	59.190476190476
7	6389388	1900	59.652631578947
7	6548827	1920	60.376963350785
7	6711457	1940	60.761658031088
7	6874963	1960	61.598958333333
7	7042402	1980	62.061855670103
7	7211839	2000	61.893939393939
8	145171	240	4.5500875489705
8	170939	260	5.0513640801042
8	198235	280	5.1384979150345
8	225316	300	4.5994796136327
8	252622	320	4.7956365549606
8	279966	340	3.8953707196464
8	307739	360	5.1910432308508
8	335586	380	4.4186563654744
8	364101	400	4.5491304255721
8	393224	420	4.7298215739298
8	422898	440	4.5227991533761
8	453088	460	4.5402926586006
8	483801	480	3.9900805871385
8	515274	500	4.0143707206118
8	547125	520	3.4334465034001
8	579771	540	3.2714493657064
8	613595	560	3.5946530561727
8	648069	580	3.809442913768
8	683436	600	4.3374480581896
8	720058	620	3.8360248495388
8	757888	640	4.6014687371054
8	796567	660	4.5182224355197
8	836742	680	5.5586876500251
8	877562	700	5.9280198012745
8	919694	720	6.5142954183944
8	963146	740	6.0182630596271
8	1008045	760	7.9076603642907
8	1053860	780	7.6626344286123
8	1100396	800	7.6542840258234
8	1148048	820	8.1069894681635
8	1197470	840	8.8088175253321
8	1247640	860	9.3026739132082
8	1299042	880	9.595241089978
8	1351305	900	8.7820451752606
8	1405502	920	10.059065230283
8	1460678	940	10.134739071457
8	1517782	960	11.031544938402
8	1576018	980	11.64322047801
8	1635718	1000	11.532248772687
8	1696867	1020	12.030758190268
8	1759348	1040	13.295773273758
8	1823371	1060	13.013301952851
8	1888959	1080	13.739531191746
8	1956551	1100	14.357663224126
8	2025706	1120	14.27314239116
8	2096352	1140	15.234607737788
8	2169409	1160	16.163028385486
8	2244515	1180	16.400523435237
8	2321225	1200	16.776842577159
8	2399764	1220	17.509044831775
8	2480685	1240	17.121377062357
8	2563974	1260	18.268094876163
8	2649082	1280	19.060136035446
8	2736001	1300	19.3068620785
8	2825282	1320	20.066429495734
8	2916767	1340	20.968328553224
8	3009787	1360	21.623712591425
8	3105094	1380	21.782230667342
8	3201586	1400	22.128677537453
8	3300991	1420	22.818051685111
8	3402821	1440	23.503341575559
8	3506212	1460	23.887167230806
8	3612072	1480	24.279545588453
8	3720746	1500	25.053048499901
8	3832007	1520	25.16778986392
8	3944830	1540	25.427148090947
8	4060317	1560	26.238577463519
8	4178094	1580	26.250877160672
8	4298669	1600	26.586389775805
8	4420924	1620	26.670773220446
8	4546204	1640	26.82088879479
8	4673243	1660	26.990193899632
8	4802290	1680	27.607084894346
8	4933815	1700	27.538211940558
8	5068011	1720	27.718470215039
8	5205282	1740	27.907402461914
8	5344035	1760	28.368956179264
8	5485775	1780	28.582576220635
8	5630031	1800	28.77004599837
8	5776526	1820	28.859854241472
8	5926522	1840	29.564283575289
8	6078770	1860	29.686460307501
8	6232496	1880	29.994781714345
8	6389388	1900	30.291447942199
8	6548827	1920	30.74417862216
8	6711457	1940	31.32998399675
8	6874963	1960	30.925693734186
8	7042402	1980	31.497450980997
8	7211839	2000	31.945605158941
9	145171	240	20.703296703297
9	170939	260	25.516279069767
9	198235	280	26.404160822814
9	225316	300	21.155212716223
9	252622	320	22.998129967274
9	279966	340	15.173913043478
9	307739	360	26.946929824561
9	335586	380	19.524524076148
9	364101	400	20.694587628866
9	393224	420	22.371212121212
9	422898	440	20.45571218178
9	453088	460	20.614257425743
9	483801	480	15.92074309186
9	515274	500	16.115172282505
9	547125	520	11.78855489171
9	579771	540	10.702380952381
9	613595	560	12.921530594251
9	648069	580	14.511855313257
9	683436	600	18.813455657492
9	720058	620	14.715086646279
9	757888	640	21.173514538559
9	796567	660	20.414333976834
9	836742	680	30.899008390542
9	877562	700	35.141418764302
9	919694	720	42.436044798114
9	963146	740	36.219490254873
9	1008045	760	62.531092436975
9	1053860	780	58.715966386555
9	1100396	800	58.588063947975
9	1148048	820	65.723278236915
9	1197470	840	77.595266194597
9	1247640	860	86.539741935484
9	1299042	880	92.068651574803
9	1351305	900	77.124317460317
9	1405502	920	101.18479330709
9	1460678	940	102.71293604651
9	1517782	960	121.69498372798
9	1576018	980	135.56458309954
9	1635718	1000	132.99276175513
9	1696867	1020	144.7391426327
9	1759348	1040	176.77758694719
9	1823371	1060	169.34602771607
9	1888959	1080	188.77471736896
9	1956551	1100	206.14249325742
9	2025706	1120	203.72259371834
9	2096352	1140	232.09327292426
9	2169409	1160	261.24348659004
9	2244515	1180	268.97716894977
9	2321225	1200	281.46244685876
9	2399764	1220	306.56665092111
9	2480685	1240	293.14155251142
9	2563974	1260	333.7232904045
9	2649082	1280	363.28878568971
9	2736001	1300	372.75492331823
9	2825282	1320	402.66159270726
9	2916767	1340	439.67080231596
9	3009787	1360	467.58494623656
9	3105094	1380	474.46557284528
9	3201586	1400	489.67836955656
9	3300991	1420	520.6634827044
9	3402821	1440	552.40706521739
9	3506212	1460	570.5967583125
9	3612072	1480	589.49633398174
9	3720746	1500	627.65523913837
9	3832007	1520	633.41764663444
9	3944830	1540	646.53986003896
9	4060317	1560	688.4629473091
9	4178094	1580	689.10855170471
9	4298669	1600	706.83612131103
9	4420924	1620	711.33014417647
9	4546204	1640	719.36007574248
9	4673243	1660	728.47056673975
9	4802290	1680	762.15113636364
9	4933815	1700	758.35311688312
9	5068011	1720	768.31359106202
9	5205282	1740	778.82311217124
9	5344035	1760	804.79767470099
9	5485775	1780	816.96366340841
9	5630031	1800	827.71554674833
9	5776526	1820	832.89118683901
9	5926522	1840	874.04686332011
9	6078770	1860	881.2859255888
9	6232496	1880	899.68693009119
9	6389388	1900	917.57181843498
9	6548827	1920	945.20451915128
9	6711457	1940	981.56789723661
9	6874963	1960	956.39853294066
9	7042402	1980	992.0894183003
9	7211839	2000	1020.5216889709
10	145171	240	616.615603308
10	170939	260	665.73139195733
10	198235	280	624.52627905081
10	225316	300	675.03345309916
10	252622	320	523.44805826859
10	279966	340	480.05570139002
10	307739	360	523.58592588629
10	335586	380	578.85418944549
10	364101	400	387.13625037239
10	393224	420	688.38194782727
10	422898	440	579.72381053449
10	453088	460	817.53485598695
10	483801	480	881.74920050434
10	515274	500	481.75433621719
10	547125	520	927.62364360569
10	579771	540	828.37849685624
10	613595	560	866.53757910803
10	648069	580	726.1739382243
10	683436	600	889.59978418515
10	720058	620	690.88798002016
10	757888	640	790.82949521278
10	796567	660	679.29129577267
10	836742	680	756.11058385672
10	877562	700	988.26164315646
10	919694	720	803.03866301924
10	963146	740	1106.1741269423
10	1008045	760	669.06676584217
10	1053860	780	985.77354436399
10	1100396	800	696.21822532271
10	1148048	820	785.17783792497
10	1197470	840	1131.3583189909
10	1247640	860	1270.7404951608
10	1299042	880	1184.3989697977
10	1351305	900	992.49100136234
10	1405502	920	857.60039731943
10	1460678	940	1628.1600209229
10	1517782	960	798.59183610292
10	1576018	980	651.04470061534
10	1635718	1000	858.99722130134
10	1696867	1020	1135.5498023594
10	1759348	1040	589.69523831507
10	1823371	1060	855.83462746246
10	1888959	1080	907.09827247406
10	1956551	1100	1206.0390595039
10	2025706	1120	989.06830278118
10	2096352	1140	1151.6519775524
10	2169409	1160	1452.4151271312
10	2244515	1180	1267.0479688995
10	2321225	1200	1849.1886887037
10	2399764	1220	897.35732943182
10	2480685	1240	1101.2573756407
10	2563974	1260	1145.9193373227
10	2649082	1280	1363.1111007981
10	2736001	1300	1410.028667135
10	2825282	1320	1301.5167451023
10	2916767	1340	1617.7622484949
10	3009787	1360	989.22149096688
10	3105094	1380	1216.3539568084
10	3201586	1400	1469.2367288075
10	3300991	1420	1357.9603297634
10	3402821	1440	1546.6291904721
10	3506212	1460	1160.8024405729
10	3612072	1480	1497.578137028
10	3720746	1500	1226.2448219778
10	3832007	1520	1309.7823725076
10	3944830	1540	1412.3176436523
10	4060317	1560	1324.2367779552
10	4178094	1580	1512.9476267742
10	4298669	1600	1008.6862933532
10	4420924	1620	1318.8627490299
10	4546204	1640	1261.5868512114
10	4673243	1660	1622.1275390733
10	4802290	1680	1077.3258421386
10	4933815	1700	1580.5308825652
10	5068011	1720	1562.1324384448
10	5205282	1740	1417.5003885998
10	5344035	1760	1621.6197808118
10	5485775	1780	1495.6868624586
10	5630031	1800	1613.0392138934
10	5776526	1820	1416.8204871017
10	5926522	1840	1501.8647578912
10	6078770	1860	1422.0203407858
10	6232496	1880	1466.3520182732
10	6389388	1900	1683.302841808
10	6548827	1920	1474.9042056655
10	6711457	1940	1529.3395539187
10	6874963	1960	1555.3360495868
10	7042402	1980	1846.0470515121
10	7211839	2000	1373.9486620287
11	145171	240	47.43196948523
11	170939	260	47.552242282667
11	198235	280	48.040483003908
11	225316	300	48.216675221369
11	252622	320	47.586187115326
11	279966	340	48.005570139002
11	307739	360	47.598720535117
11	335586	380	48.237849120457
11	364101	400	48.392031296549
11	393224	420	49.170139130519
11	422898	440	48.310317544541
11	453088	460	48.090285646291
11	483801	480	48.986066694686
11	515274	500	48.175433621719
11	547125	520	48.822297031879
11	579771	540	48.728146873896
11	613595	560	48.140976617113
11	648069	580	48.41159588162
11	683436	600	49.422210232509
11	720058	620	49.349141430012
11	757888	640	49.426843450799
11	796567	660	48.520806840905
11	836742	680	50.407372257114
11	877562	700	49.413082157823
11	919694	720	50.189916438703
11	963146	740	50.280642133742
11	1008045	760	51.466674295551
11	1053860	780	49.2886772182
11	1100396	800	49.729873237336
11	1148048	820	49.073614870311
11	1197470	840	49.189492130038
11	1247640	860	48.874634429262
11	1299042	880	49.349957074906
11	1351305	900	49.624550068117
11	1405502	920	50.44708219526
11	1460678	940	49.33818245221
11	1517782	960	49.911989756432
11	1576018	980	50.080361585795
11	1635718	1000	50.529248311843
11	1696867	1020	49.371730537367
11	1759348	1040	49.141269859589
11	1823371	1060	50.343213380145
11	1888959	1080	50.394348470781
11	1956551	1100	50.251627479328
11	2025706	1120	49.453415139059
11	2096352	1140	50.071825110974
11	2169409	1160	50.083280245903
11	2244515	1180	50.681918755982
11	2321225	1200	49.978072667667
11	2399764	1220	49.853184968434
11	2480685	1240	50.057153438214
11	2563974	1260	49.822579883595
11	2649082	1280	50.485596325856
11	2736001	1300	50.358166683391
11	2825282	1320	50.058336350087
11	2916767	1340	50.555070265465
11	3009787	1360	49.461074548344
11	3105094	1380	50.681414867016
11	3201586	1400	50.663335476122
11	3300991	1420	50.294827028274
11	3402821	1440	49.891264208778
11	3506212	1460	50.469671329256
11	3612072	1480	49.919271234265
11	3720746	1500	51.093534249076
11	3832007	1520	50.376245096446
11	3944830	1540	50.439915844724
11	4060317	1560	50.932183767509
11	4178094	1580	50.431587559141
11	4298669	1600	50.434314667662
11	4420924	1620	50.725490347304
11	4546204	1640	50.463474048457
11	4673243	1660	50.691485596039
11	4802290	1680	51.301230578027
11	4933815	1700	50.984867179523
11	5068011	1720	50.391368982089
11	5205282	1740	50.625013878564
11	5344035	1760	50.675618150368
11	5485775	1780	51.575409050296
11	5630031	1800	50.40747543417
11	5776526	1820	50.600731682204
11	5926522	1840	50.062158596374
11	6078770	1860	50.786440742349
11	6232496	1880	50.563862699076
11	6389388	1900	51.009177024483
11	6548827	1920	50.858765712602
11	6711457	1940	50.977985130622
11	6874963	1960	50.172130631832
11	7042402	1980	51.279084764224
11	7211839	2000	50.886987482544
12	145171	240	0.90799817803535
12	170939	260	1.1394188346442
12	198235	280	1.2107116862019
12	225316	300	2.0111349794988
12	252622	320	1.3516889379831
12	279966	340	1.3945636280919
12	307739	360	1.0253824851539
12	335586	380	1.6647481684784
12	364101	400	1.6911624951167
12	393224	420	2.1474346342833
12	422898	440	1.6569868386816
12	453088	460	1.2363519637326
12	483801	480	2.5782222794745
12	515274	500	1.8813380046123
12	547125	520	2.7935082855545
12	579771	540	2.1934989245377
12	613595	560	2.8464993775437
12	648069	580	1.6908327693217
12	683436	600	2.7930756641245
12	720058	620	2.1352724736364
12	757888	640	3.0322092363766
12	796567	660	2.4330436796366
12	836742	680	3.0098716220298
12	877562	700	2.329979731858
12	919694	720	2.8020927292653
12	963146	740	3.2777941256999
12	1008045	760	6.7300989116361
12	1053860	780	2.1859015891691
12	1100396	800	3.6361700251479
12	1148048	820	2.1390729634091
12	1197470	840	2.6489308452107
12	1247640	860	2.4174740427453
12	1299042	880	2.2847519211861
12	1351305	900	3.1153689370217
12	1405502	920	2.3895228851609
12	1460678	940	2.9008912571668
12	1517782	960	2.4316395920264
12	1576018	980	3.1118512513785
12	1635718	1000	2.6573211210402
12	1696867	1020	2.9006774820365
12	1759348	1040	3.2242767889206
12	1823371	1060	2.7755134803663
12	1888959	1080	3.3175238415275
12	1956551	1100	2.7605440790326
12	2025706	1120	2.4169950531263
12	2096352	1140	2.4292193507882
12	2169409	1160	2.3101315101994
12	2244515	1180	2.3805879382713
12	2321225	1200	3.0958616397661
12	2399764	1220	2.4216012265316
12	2480685	1240	2.5169860937066
12	2563974	1260	2.2318775121038
12	2649082	1280	2.4376617848583
12	2736001	1300	2.5006130176376
12	2825282	1320	2.2609342572397
12	2916767	1340	2.5383250422506
12	3009787	1360	2.3325096489504
12	3105094	1380	3.4913259722223
12	3201586	1400	2.8494602164092
12	3300991	1420	2.1660378165385
12	3402821	1440	2.174348260456
12	3506212	1460	1.7018630705079
12	3612072	1480	2.7297779146324
12	3720746	1500	1.9646075791489
12	3832007	1520	2.3231614168134
12	3944830	1540	2.4372254627321
12	4060317	1560	2.4972087361658
12	4178094	1580	2.3463478278404
12	4298669	1600	2.301812763464
12	4420924	1620	1.9892276968966
12	4546204	1640	2.86996702812
12	4673243	1660	2.4630421072993
12	4802290	1680	2.6719259588092
12	4933815	1700	2.3359854490235
12	5068011	1720	2.8109792647064
12	5205282	1740	2.0867744145591
12	5344035	1760	2.7730993266873
12	5485775	1780	2.8845023673833
12	5630031	1800	2.7367921047976
12	5776526	1820	3.033767393327
12	5926522	1840	2.6872537996706
12	6078770	1860	2.3710136743099
12	6232496	1880	2.8306750511025
12	6389388	1900	2.9940058954358
12	6548827	1920	2.6532856559966
12	6711457	1940	3.2165163175686
12	6874963	1960	3.1200227809327
12	7042402	1980	3.0212083705447
12	7211839	2000	2.5459913558628
13	145171	240	0.82446069131552
13	170939	260	1.2982752807419
13	198235	280	1.4658227871058
13	225316	300	4.0446639057638
13	252622	320	1.8270629850658
13	279966	340	1.9448077127968
13	307739	360	1.0514092408604
13	335586	380	2.7713864644522
13	364101	400	2.8600305848892
13	393224	420	4.6114755085194
13	422898	440	2.7456053835642
13	453088	460	1.5285661782254
13	483801	480	6.6472301223786
13	515274	500	3.5394326875984
13	547125	520	7.8036885414614
13	579771	540	4.811437531948
13	613595	560	8.1025587063566
13	648069	580	2.858915453812
13	683436	600	7.8012716655244
13	720058	620	4.5593885366692
13	757888	640	9.1942928531674
13	796567	660	5.9197015470197
13	836742	680	9.0593271811002
13	877562	700	5.4288055508689
13	919694	720	7.8517236634014
13	963146	740	10.743934330473
13	1008045	760	45.294231360405
13	1053860	780	4.7781657575319
13	1100396	800	13.221732451784
13	1148048	820	4.575633142788
13	1197470	840	7.0168346227085
13	1247640	860	5.8441807473475
13	1299042	880	5.2200913413635
13	1351305	900	9.7055236137596
13	1405502	920	5.7098196187076
13	1460678	940	8.4151700859068
13	1517782	960	5.9128711055105
13	1576018	980	9.6836182107062
13	1635718	1000	7.0613555403266
13	1696867	1020	8.4139298547938
13	1759348	1040	10.395960811572
13	1823371	1060	7.7034750796952
13	1888959	1080	11.005964439103
13	1956551	1100	7.6206036122821
13	2025706	1120	5.8418650868371
13	2096352	1140	5.9011066542441
13	2169409	1160	5.3367075944159
13	2244515	1180	5.667198931843
13	2321225	1200	9.584359292575
13	2399764	1220	5.8641525003394
13	2480685	1240	6.3352189959124
13	2563974	1260	4.9812772290345
13	2649082	1280	5.9421949773585
13	2736001	1300	6.2530654639787
13	2825282	1320	5.1118237155602
13	2916767	1340	6.4430940201165
13	3009787	1360	5.4406012624466
13	3105094	1380	12.189357044314
13	3201586	1400	8.1194235248988
13	3300991	1420	4.691719822675
13	3402821	1440	4.7277903577481
13	3506212	1460	2.8963379107584
13	3612072	1480	7.4516874632148
13	3720746	1500	3.8596829400492
13	3832007	1520	5.3970789685704
13	3944830	1540	5.9400679561897
13	4060317	1560	6.236051471983
13	4178094	1580	5.5053481292112
13	4298669	1600	5.2983419980457
13	4420924	1620	3.9570268301006
13	4546204	1640	8.2367107424958
13	4673243	1660	6.0665764223292
13	4802290	1680	7.1391883293587
13	4933815	1700	5.4568280180494
13	5068011	1720	7.9016044266092
13	5205282	1740	4.3546274572583
13	5344035	1760	7.6900798756735
13	5485775	1780	8.3203539074399
13	5630031	1800	7.4900310248822
13	5776526	1820	9.2037445968143
13	5926522	1840	7.2213329838441
13	6078770	1860	5.6217058437646
13	6232496	1880	8.0127212449339
13	6389388	1900	8.9640713019045
13	6548827	1920	7.0399247723174
13	6711457	1940	10.345977221185
13	6874963	1960	9.734542153539
13	7042402	1980	9.1277000182491
13	7211839	2000	6.4820719841279
14	145171	240	852.05254618379
14	170939	260	942.42634061379
14	198235	280	628.57980459785
14	225316	300	808.53785207312
14	252622	320	626.92305500896
14	279966	340	583.51622682377
14	307739	360	493.86491527725
14	335586	380	1036.1240818572
14	364101	400	542.51926318568
14	393224	420	720.93752198872
14	422898	440	770.36180599026
14	453088	460	1037.4339295788
14	483801	480	1094.3887903652
14	515274	500	724.36345878595
14	547125	520	1087.7475919425
14	579771	540	1034.9339534909
14	613595	560	1056.4594811874
14	648069	580	907.93944607773
14	683436	600	953.0240032061
14	720058	620	639.26167704535
14	757888	640	820.99735400206
14	796567	660	769.47429349517
14	836742	680	1002.4489769658
14	877562	700	1278.6388920224
14	919694	720	960.44584650137
14	963146	740	1280.6397682818
14	1008045	760	962.34812391928
14	1053860	780	1049.2774918368
14	1100396	800	957.02285594556
14	1148048	820	1143.1458251521
14	1197470	840	1226.8559066223
14	1247640	860	1502.7547634284
14	1299042	880	1278.8399416561
14	1351305	900	1320.9150175207
14	1405502	920	915.67666619897
14	1460678	940	1734.713925578
14	1517782	960	918.75302243848
14	1576018	980	865.34459918998
14	1635718	1000	820.6283004644
14	1696867	1020	1870.84810372
14	1759348	1040	866.65773296036
14	1823371	1060	1010.5798782569
14	1888959	1080	1008.8926771277
14	1956551	1100	1513.01143238
14	2025706	1120	1186.0019300641
14	2096352	1140	1467.1820770036
14	2169409	1160	1591.0228696589
14	2244515	1180	1468.573721329
14	2321225	1200	1967.3218601744
14	2399764	1220	907.19376613394
14	2480685	1240	1142.0590183784
14	2563974	1260	1186.2201418982
14	2649082	1280	1423.2748604345
14	2736001	1300	1814.1206397312
14	2825282	1320	1420.0001394049
14	2916767	1340	1731.4977277111
14	3009787	1360	1362.869941558
14	3105094	1380	1231.5342928862
14	3201586	1400	1552.5646341903
14	3300991	1420	1602.6868288824
14	3402821	1440	1640.0558380127
14	3506212	1460	1419.5717646385
14	3612072	1480	1678.3221254812
14	3720746	1500	1281.7340325735
14	3832007	1520	1508.4760058327
14	3944830	1540	1596.5474399443
14	4060317	1560	1368.5169482638
14	4178094	1580	1776.2026029313
14	4298669	1600	1004.193828525
14	4420924	1620	1374.4668646169
14	4546204	1640	1506.7485196264
14	4673243	1660	1866.0490518464
14	4802290	1680	1282.9468221917
14	4933815	1700	1647.9006551903
14	5068011	1720	1636.1468421111
14	5205282	1740	1555.5096043208
14	5344035	1760	1911.7353980827
14	5485775	1780	1558.916446235
14	5630031	1800	1689.4576029381
14	5776526	1820	1509.3657098843
14	5926522	1840	1637.7422161116
14	6078770	1860	1504.636735402
14	6232496	1880	1781.3617464094
14	6389388	1900	1728.8671067649
14	6548827	1920	1648.5896344826
14	6711457	1940	1735.6194276699
14	6874963	1960	1814.2814996824
14	7042402	1980	1868.505732544
14	7211839	2000	1603.3732759949
15	145171	240	44.844870851778
15	170939	260	44.877444791133
15	198235	280	44.898557471275
15	225316	300	44.918769559618
15	252622	320	44.780218214925
15	279966	340	44.885863601828
15	307739	360	44.89681047975
15	335586	380	45.048873124226
15	364101	400	45.209938598807
15	393224	420	45.058595124295
15	422898	440	45.315400352368
15	453088	460	45.105823025165
15	483801	480	45.599532931885
15	515274	500	45.272716174122
15	547125	520	45.322816330935
15	579771	540	44.997128412647
15	613595	560	45.933020921189
15	648069	580	45.396972303886
15	683436	600	45.382095390767
15	720058	620	45.661548360382
15	757888	640	45.610964111226
15	796567	660	45.26319373501
15	836742	680	45.565862589354
15	877562	700	45.665674715087
15	919694	720	45.735516500065
15	963146	740	45.737134581494
15	1008045	760	45.826101139013
15	1053860	780	45.620760514644
15	1100396	800	45.572516949789
15	1148048	820	45.725833006083
15	1197470	840	45.439107652676
15	1247640	860	45.538023134192
15	1299042	880	45.672855059147
15	1351305	900	45.54879370761
15	1405502	920	45.783833309949
15	1460678	940	45.650366462579
15	1517782	960	45.937651121924
15	1576018	980	45.544452588946
15	1635718	1000	45.590461136911
15	1696867	1020	45.630441554146
15	1759348	1040	45.61356489265
15	1823371	1060	45.935449011676
15	1888959	1080	45.858758051258
15	1956551	1100	45.848831284241
15	2025706	1120	45.615458848619
15	2096352	1140	45.849439906361
15	2169409	1160	45.457796275969
15	2244515	1180	45.892928791532
15	2321225	1200	45.751671166847
15	2399764	1220	45.359688306697
15	2480685	1240	45.682360735134
15	2563974	1260	45.623851611469
15	2649082	1280	45.912092272082
15	2736001	1300	45.35301599328
15	2825282	1320	45.806456109837
15	2916767	1340	45.565729676607
15	3009787	1360	45.428998051933
15	3105094	1380	45.612381218008
15	3201586	1400	45.663665711478
15	3300991	1420	45.791052253782
15	3402821	1440	45.557106611463
15	3506212	1460	45.792637568985
15	3612072	1480	45.360057445437
15	3720746	1500	45.776215449055
15	3832007	1520	45.711394116141
15	3944830	1540	45.615641141265
15	4060317	1560	45.617231608794
15	4178094	1580	45.543656485417
15	4298669	1600	45.645174023865
15	4420924	1620	45.815562153897
15	4546204	1640	45.659046049284
15	4673243	1660	45.513391508449
15	4802290	1680	45.81952936399
15	4933815	1700	45.775018199731
15	5068011	1720	45.448523391976
15	5205282	1740	45.750282480025
15	5344035	1760	45.51750947816
15	5485775	1780	45.850483712793
15	5630031	1800	45.661016295625
15	5776526	1820	45.73835484498
15	5926522	1840	45.492839336435
15	6078770	1860	45.59505258794
15	6232496	1880	45.675942215627
15	6389388	1900	45.496502809603
15	6548827	1920	45.794156513406
15	6711457	1940	45.674195464999
15	6874963	1960	45.35703749206
15	7042402	1980	45.573310549853
15	7211839	2000	45.810665028426
16	145171	240	0.4358089401747
16	170939	260	0.46655530289839
16	198235	280	0.34148089277055
16	225316	300	0.63436648609932
16	252622	320	0.69607679010108
16	279966	340	0.55719688339036
16	307739	360	0.67501152059398
16	335586	380	0.7256880764204
16	364101	400	1.2647455622627
16	393224	420	0.68945626493444
16	422898	440	1.5921489774771
16	453088	460	1.2516002238609
16	483801	480	1.7280239361948
16	515274	500	1.1996426472765
16	547125	520	1.2868334219163
16	579771	540	0.84808209194721
16	613595	560	1.5026468656499
16	648069	580	1.1701833831731
16	683436	600	1.1381295794962
16	720058	620	1.3299910809208
16	757888	640	1.4379485396144
16	796567	660	1.1296560127061
16	836742	680	1.1364300494451
16	877562	700	1.2696999602777
16	919694	720	1.2254271852104
16	963146	740	1.2583038324127
16	1008045	760	1.3571245015547
16	1053860	780	1.1650666310104
16	1100396	800	1.3934736612593
16	1148048	820	1.2295006930875
16	1197470	840	1.1186943634027
16	1247640	860	1.2630579681559
16	1299042	880	1.1597523581217
16	1351305	900	1.1992432705655
16	1405502	920	1.1731639866455
16	1460678	940	1.129573393524
16	1517782	960	1.2266901024613
16	1576018	980	1.1463625212094
16	1635718	1000	1.148996677069
16	1696867	1020	1.0966178840634
16	1759348	1040	1.0771682888519
16	1823371	1060	1.2540015844402
16	1888959	1080	1.0731730863829
16	1956551	1100	1.0863586959726
16	2025706	1120	1.1688106465472
16	2096352	1140	1.1585542809428
16	2169409	1160	0.9226450312207
16	2244515	1180	1.1187793271961
16	2321225	1200	1.1280805703652
16	2399764	1220	0.91902826815497
16	2480685	1240	1.2171832600337
16	2563974	1260	0.95265967099487
16	2649082	1280	1.0921087475339
16	2736001	1300	0.87126669907882
16	2825282	1320	1.029866477128
16	2916767	1340	0.82893391250252
16	3009787	1360	0.89027373275388
16	3105094	1380	0.89012097692557
16	3201586	1400	0.99378021081987
16	3300991	1420	0.91359628465517
16	3402821	1440	0.90896444062521
16	3506212	1460	0.95699079317761
16	3612072	1480	0.79199777687012
16	3720746	1500	0.78870565286584
16	3832007	1520	0.96186423684648
16	3944830	1540	0.93909903311751
16	4060317	1560	0.8675102288082
16	4178094	1580	0.93753035891896
16	4298669	1600	0.91902646711655
16	4420924	1620	0.81076947684055
16	4546204	1640	0.81123885033345
16	4673243	1660	0.85904297814631
16	4802290	1680	0.92794676511815
16	4933815	1700	0.87940022380201
16	5068011	1720	0.77090375065461
16	5205282	1740	0.84293030450759
16	5344035	1760	0.69090550106111
16	5485775	1780	0.93940835907083
16	5630031	1800	0.98844866280384
16	5776526	1820	0.8605808772256
16	5926522	1840	0.86569471343459
16	6078770	1860	0.8070604132325
16	6232496	1880	0.98735657598502
16	6389388	1900	0.77687779867097
16	6548827	1920	0.72037963985771
16	6711457	1940	0.94061462285296
16	6874963	1960	0.68573503145202
16	7042402	1980	0.85701687498445
16	7211839	2000	0.97345551367543
17	145171	240	0.1899294323362
17	170939	260	0.21767385066261
17	198235	280	0.11660920012738
17	225316	300	0.402420838686
17	252622	320	0.48452289771742
17	279966	340	0.31046836685993
17	307739	360	0.4556405529346
17	335586	380	0.52662318425873
17	364101	400	1.5995813372633
17	393224	420	0.47534994125735
17	422898	440	2.5349383664814
17	453088	460	1.5665031203686
17	483801	480	2.986066724062
17	515274	500	1.4391424811645
17	547125	520	1.6559402557609
17	579771	540	0.71924323468156
17	613595	560	2.2579476028476
17	648069	580	1.3693291502545
17	683436	600	1.2953389397241
17	720058	620	1.768876275329
17	757888	640	2.0676960025792
17	796567	660	1.2761227070431
17	836742	680	1.2914732572817
17	877562	700	1.6121379891293
17	919694	720	1.5016717862527
17	963146	740	1.5833285346644
17	1008045	760	1.8417869127201
17	1053860	780	1.3573802546939
17	1100396	800	1.9417688446234
17	1148048	820	1.5116719543028
17	1197470	840	1.2514770787091
17	1247640	860	1.5953154309221
17	1299042	880	1.3450255321689
17	1351305	900	1.4381844219966
17	1405502	920	1.376313739562
17	1460678	940	1.2759360513574
17	1517782	960	1.5047686074766
17	1576018	980	1.3141470300335
17	1635718	1000	1.3201933639155
17	1696867	1020	1.2025707836478
17	1759348	1040	1.1602915225082
17	1823371	1060	1.5725199737786
17	1888959	1080	1.1517004733366
17	1956551	1100	1.1801752163153
17	2025706	1120	1.3661183274821
17	2096352	1140	1.3422480218908
17	2169409	1160	0.85127385363624
17	2244515	1180	1.2516671829613
17	2321225	1200	1.2725657732354
17	2399764	1220	0.84461295766792
17	2480685	1240	1.4815350885064
17	2563974	1260	0.90756044874005
17	2649082	1280	1.1927015164401
17	2736001	1300	0.7591056609237
17	2825282	1320	1.060624960712
17	2916767	1340	0.68713143129674
17	3009787	1360	0.79258731923152
17	3105094	1380	0.79231535356293
17	3201586	1400	0.98759910741718
17	3300991	1420	0.83465817133573
17	3402821	1440	0.8262163543211
17	3506212	1460	0.91583137822672
17	3612072	1480	0.62726047856722
17	3720746	1500	0.62205660686254
17	3832007	1520	0.92518281012426
17	3944830	1540	0.88190699400224
17	4060317	1560	0.75257399708685
17	4178094	1580	0.87896317389472
17	4298669	1600	0.84460964726072
17	4420924	1620	0.6573471445763
17	4546204	1640	0.65810847229035
17	4673243	1660	0.73795483830249
17	4802290	1680	0.86108519889324
17	4933815	1700	0.77334475362303
17	5068011	1720	0.59429259277334
17	5205282	1740	0.71053149825727
17	5344035	1760	0.4773504113965
17	5485775	1780	0.88248806509216
17	5630031	1800	0.97703075899871
17	5776526	1820	0.74059944624639
17	5926522	1840	0.74942733686859
17	6078770	1860	0.65134651060702
17	6232496	1880	0.97487300814087
17	6389388	1900	0.60353911406786
17	6548827	1920	0.51894682552152
17	6711457	1940	0.88475586872481
17	6874963	1960	0.47023253336051
17	7042402	1980	0.73447792400812
17	7211839	2000	0.94761563710509
18	145171	240	1863.468628784
18	170939	260	2187.286448193
18	198235	280	2487.106788921
18	225316	300	2549.0904490469
18	252622	320	2452.6902274165
18	279966	340	2363.7949494172
18	307739	360	2840.988630108
18	335586	380	2476.8642801011
18	364101	400	2670.0458013374
18	393224	420	2686.1445853311
18	422898	440	2525.3644882265
18	453088	460	2469.0074264577
18	483801	480	2421.7256924377
18	515274	500	2552.1433874981
18	547125	520	2690.9109972716
18	579771	540	2641.3139264979
18	613595	560	2723.4660662621
18	648069	580	2929.8617539431
18	683436	600	3144.1115587175
18	720058	620	3166.010326929
18	757888	640	3160.9820972797
18	796567	660	3065.3908896103
18	836742	680	3319.2606874244
18	877562	700	2751.9966329548
18	919694	720	3103.3479295066
18	963146	740	3180.1659254364
18	1008045	760	3227.4344194998
18	1053860	780	3268.3171407532
18	1100396	800	3470.5421832968
18	1148048	820	3481.8297739803
18	1197470	840	3730.7118589136
18	1247640	860	3492.405458961
18	1299042	880	3499.2615899604
18	1351305	900	3612.5278231719
18	1405502	920	3676.3317947873
18	1460678	940	3783.1356630997
18	1517782	960	3978.5612533665
18	1576018	980	3957.818960573
18	1635718	1000	4258.7216555629
18	1696867	1020	3698.5908890307
18	1759348	1040	4208.9733263922
18	1823371	1060	4139.9757823713
18	1888959	1080	3957.8262569896
18	1956551	1100	3598.4696409037
18	2025706	1120	4266.3843559559
18	2096352	1140	3967.5164887768
18	2169409	1160	4269.3027367817
18	2244515	1180	4364.9090125512
18	2321225	1200	3738.9804353857
18	2399764	1220	4558.5780833374
18	2480685	1240	4410.0920156378
18	2563974	1260	4330.6186731102
18	2649082	1280	4336.7247603245
18	2736001	1300	4257.3484516569
18	2825282	1320	4158.6764440096
18	2916767	1340	4407.7768153488
18	3009787	1360	4653.9463663834
18	3105094	1380	4858.3731682283
18	3201586	1400	4670.73867724
18	3300991	1420	4592.4827678142
18	3402821	1440	4527.2719076221
18	3506212	1460	4764.5503886666
18	3612072	1480	5141.4594559664
18	3720746	1500	5127.4962762114
18	3832007	1520	5438.3198650165
18	3944830	1540	5113.6626354633
18	4060317	1560	5446.1939773407
18	4178094	1580	5421.261856116
18	4298669	1600	6114.6213827757
18	4420924	1620	5671.7133863174
18	4546204	1640	5592.1961409444
18	4673243	1660	5655.6481180348
18	4802290	1680	5913.1030593236
18	4933815	1700	5556.858855323
18	5068011	1720	6050.5345968537
18	5205282	1740	5709.7330936534
18	5344035	1760	5921.3470377266
18	5485775	1780	5863.832165236
18	5630031	1800	5939.2250423931
18	5776526	1820	5903.3332882286
18	5926522	1840	5962.6457411691
18	6078770	1860	6503.7169948224
18	6232496	1880	6102.3448864082
18	6389388	1900	6092.109851019
18	6548827	1920	6023.3326968808
18	6711457	1940	5934.6034329537
18	6874963	1960	6390.3900491359
18	7042402	1980	6168.2291134547
18	7211839	2000	6761.5759388708
19	145171	240	47.781246891897
19	170939	260	47.549705395501
19	198235	280	47.82897671002
19	225316	300	48.096046208433
19	252622	320	48.091965243462
19	279966	340	48.240713253412
19	307739	360	48.152349662848
19	335586	380	48.565966276493
19	364101	400	48.546287297044
19	393224	420	48.838992460565
19	422898	440	48.564701696664
19	453088	460	48.411910322699
19	483801	480	48.434513848754
19	515274	500	49.079680528809
19	547125	520	48.925654495847
19	579771	540	48.913220861071
19	613595	560	48.633322611823
19	648069	580	48.831029232385
19	683436	600	49.126743104962
19	720058	620	49.468911358266
19	757888	640	49.390345269996
19	796567	660	49.441788542102
19	836742	680	49.541204289916
19	877562	700	49.142797017051
19	919694	720	49.25949094455
19	963146	740	49.690092584944
19	1008045	760	49.652837223074
19	1053860	780	49.519956678078
19	1100396	800	49.579174047098
19	1148048	820	49.740425342575
19	1197470	840	49.742824785514
19	1247640	860	49.891506556586
19	1299042	880	49.989451285149
19	1351305	900	49.486682509205
19	1405502	920	49.680159389017
19	1460678	940	49.77810083026
19	1517782	960	49.732015667081
19	1576018	980	50.098974184469
19	1635718	1000	50.102607712505
19	1696867	1020	49.980957959874
19	1759348	1040	50.106825314193
19	1823371	1060	49.87922629363
19	1888959	1080	50.099066544173
19	1956551	1100	49.978745012551
19	2025706	1120	50.192757128893
19	2096352	1140	50.221727706036
19	2169409	1160	50.227091020961
19	2244515	1180	50.171367960358
19	2321225	1200	50.526762640347
19	2399764	1220	50.094264652059
19	2480685	1240	50.114681995884
19	2563974	1260	50.356031082676
19	2649082	1280	50.427032096796
19	2736001	1300	50.682719662582
19	2825282	1320	50.71556639036
19	2916767	1340	50.664101325848
19	3009787	1360	50.586373547646
19	3105094	1380	50.608053835712
19	3201586	1400	50.768898665652
19	3300991	1420	50.466843602354
19	3402821	1440	50.303021195801
19	3506212	1460	50.153161985965
19	3612072	1480	50.406465254573
19	3720746	1500	50.269571335406
19	3832007	1520	50.354813564968
19	3944830	1540	50.630323123399
19	4060317	1560	50.899009134025
19	4178094	1580	50.66599865529
19	4298669	1600	50.955178189797
19	4420924	1620	50.64029809212
19	4546204	1640	50.838146735859
19	4673243	1660	50.95178484716
19	4802290	1680	50.975026373479
19	4933815	1700	50.980356470853
19	5068011	1720	50.844828544989
19	5205282	1740	50.979759764763
19	5344035	1760	51.046095152816
19	5485775	1780	50.989844915096
19	5630031	1800	50.762607199941
19	5776526	1820	50.890804208867
19	5926522	1840	50.962784112556
19	6078770	1860	51.210370037972
19	6232496	1880	50.852874053402
19	6389388	1900	51.194200428731
19	6548827	1920	51.045192346447
19	6711457	1940	51.160374422015
19	6874963	1960	51.123120393087
19	7042402	1980	50.977100111196
19	7211839	2000	50.838916833615
20	145171	240	1.6706194597021
20	170939	260	1.442444852217
20	198235	280	1.938816293716
20	225316	300	2.0606268551196
20	252622	320	2.0544175670486
20	279966	340	2.2440101396189
20	307739	360	2.7479464832436
20	335586	380	2.7250547444776
20	364101	400	2.6800291843726
20	393224	420	2.5739967684384
20	422898	440	2.006406580951
20	453088	460	2.2567611491364
20	483801	480	2.5574261723233
20	515274	500	2.4243715177095
20	547125	520	2.7760155443584
20	579771	540	2.6428831440747
20	613595	560	1.9822953308043
20	648069	580	1.9314426789692
20	683436	600	2.7428642412809
20	720058	620	2.5822969758342
20	757888	640	2.9702477902992
20	796567	660	3.2802162334721
20	836742	680	2.7226595135914
20	877562	700	2.4547467740879
20	919694	720	2.8743491422841
20	963146	740	3.1011115068045
20	1008045	760	3.7506069821914
20	1053860	780	3.4045718776119
20	1100396	800	3.1836567855987
20	1148048	820	2.8058152237692
20	1197470	840	2.8728388781827
20	1247640	860	2.9251307773077
20	1299042	880	3.1740957261862
20	1351305	900	2.4914086765046
20	1405502	920	2.6492032498533
20	1460678	940	2.91618567217
20	1517782	960	3.0162315746624
20	1576018	980	2.9312805330727
20	1635718	1000	2.9630927326405
20	1696867	1020	2.99595278328
20	1759348	1040	2.7803572909712
20	1823371	1060	2.961004611089
20	1888959	1080	3.0285995915332
20	1956551	1100	3.2153128903217
20	2025706	1120	3.1479351089825
20	2096352	1140	2.8088349187331
20	2169409	1160	2.9333137395347
20	2244515	1180	2.7921181244279
20	2321225	1200	3.0765488095427
20	2399764	1220	3.0671768895813
20	2480685	1240	2.9271083491244
20	2563974	1260	2.7000741608324
20	2649082	1280	2.723713973586
20	2736001	1300	3.2278431705538
20	2825282	1320	2.8609666194199
20	2916767	1340	3.1632558307553
20	3009787	1360	2.8635918127236
20	3105094	1380	3.1152531960833
20	3201586	1400	3.0096288099722
20	3300991	1420	3.2529620060971
20	3402821	1440	2.6212339685115
20	3506212	1460	2.6063066052758
20	3612072	1480	2.3236012482298
20	3720746	1500	2.3564754289457
20	3832007	1520	2.5034608233585
20	3944830	1540	2.6569026419299
20	4060317	1560	2.5785785223148
20	4178094	1580	2.4661378874971
20	4298669	1600	2.7824513569678
20	4420924	1620	2.6619474842381
20	4546204	1640	2.6398090421989
20	4673243	1660	2.7784009170233
20	4802290	1680	2.6877444774592
20	4933815	1700	2.7579924811607
20	5068011	1720	2.6957452797751
20	5205282	1740	2.5546900108344
20	5344035	1760	2.61899175099
20	5485775	1780	2.8860651515947
20	5630031	1800	2.6829846037281
20	5776526	1820	2.7303096438395
20	5926522	1840	2.5090254972996
20	6078770	1860	2.9453080911047
20	6232496	1880	2.6602293703416
20	6389388	1900	2.702320886071
20	6548827	1920	2.8121925527577
20	6711457	1940	2.5307981741185
20	6874963	1960	2.8527190546292
20	7042402	1980	2.7403658400618
20	7211839	2000	2.9005179715081
21	145171	240	2.7909693791355
21	170939	260	2.0806471516874
21	198235	280	3.7590086207785
21	225316	300	4.2461830360401
21	252622	320	4.220631539798
21	279966	340	5.0355815067126
21	307739	360	7.5512098747707
21	335586	380	7.4259233604001
21	364101	400	7.182556429089
21	393224	420	6.6254593639312
21	422898	440	4.0256673680835
21	453088	460	5.0929708842515
21	483801	480	6.5404286268841
21	515274	500	5.877577255881
21	547125	520	7.7062623025194
21	579771	540	6.9848313132341
21	613595	560	3.9294947785287
21	648069	580	3.7304708221436
21	683436	600	7.5233042460976
21	720058	620	6.6682576714024
21	757888	640	8.8223719357775
21	796567	660	10.759818538334
21	836742	680	7.4128748269495
21	877562	700	6.0257817248947
21	919694	720	8.2618829917493
21	963146	740	9.6168925776355
21	1008045	760	14.067052734863
21	1053860	780	11.591109669826
21	1100396	800	10.135670528489
21	1148048	820	7.8725990699348
21	1197470	840	8.2532032199978
21	1247640	860	8.556390064353
21	1299042	880	10.074883678993
21	1351305	900	6.2071171933622
21	1405502	920	7.0182778590334
21	1460678	940	8.5041388745694
21	1517782	960	9.0976529119902
21	1576018	980	8.5924055635712
21	1635718	1000	8.7799185422268
21	1696867	1020	8.9757330796433
21	1759348	1040	7.7303866654565
21	1823371	1060	8.7675483068902
21	1888959	1080	9.1724154858348
21	1956551	1100	10.338236982669
21	2025706	1120	9.9094954503647
21	2096352	1140	7.8895536006946
21	2169409	1160	8.6043294945433
21	2244515	1180	7.7959236207586
21	2321225	1200	9.4651525774986
21	2399764	1220	9.4075740719814
21	2480685	1240	8.5679632875138
21	2563974	1260	7.2904004739947
21	2649082	1280	7.4186178099078
21	2736001	1300	10.418971533691
21	2825282	1320	8.1851299974351
21	2916767	1340	10.006187450808
21	3009787	1360	8.2001580698978
21	3105094	1380	9.704802475707
21	3201586	1400	9.0578655738146
21	3300991	1420	10.581761813112
21	3402821	1440	6.8708675176783
21	3506212	1460	6.7928341207042
21	3612072	1480	5.3991227607749
21	3720746	1500	5.5529764472246
21	3832007	1520	6.267316094091
21	3944830	1540	7.0591316486941
21	4060317	1560	6.6490671957434
21	4178094	1580	6.0818360801489
21	4298669	1600	7.7420355538922
21	4420924	1620	7.0859644088417
21	4546204	1640	6.9685917792751
21	4673243	1660	7.7195116557159
21	4802290	1680	7.2239703761125
21	4933815	1700	7.6065225261391
21	5068011	1720	7.2670426134298
21	5205282	1740	6.5264410514568
21	5344035	1760	6.8591177917539
21	5485775	1780	8.3293720592496
21	5630031	1800	7.1984063838421
21	5776526	1820	7.454590751243
21	5926522	1840	6.2952089460994
21	6078770	1860	8.6748397515269
21	6232496	1880	7.0768203028278
21	6389388	1900	7.3025381712957
21	6548827	1920	7.9084269537861
21	6711457	1940	6.4049393981216
21	6874963	1960	8.1380060046444
21	7042402	1980	7.5096049373778
21	7211839	2000	8.4130045030416
22	145171	240	2641.9981584148
22	170939	260	2911.8816470771
22	198235	280	3552.5946183212
22	225316	300	3375.5672036051
22	252622	320	3554.4412806467
22	279966	340	3551.3504109593
22	307739	360	3840.0028577008
22	335586	380	3254.4230904643
22	364101	400	3858.7160937447
22	393224	420	3808.1570725178
22	422898	440	3671.1494132415
22	453088	460	3532.637131486
22	483801	480	3640.4733427026
22	515274	500	3951.5715571888
22	547125	520	3640.8658645908
22	579771	540	3737.2645194539
22	613595	560	3811.0366696334
22	648069	580	3996.9803484874
22	683436	600	3999.1399339389
22	720058	620	4313.9494806388
22	757888	640	4329.3839348507
22	796567	660	4328.7270542785
22	836742	680	4229.1935080837
22	877562	700	3954.716015758
22	919694	720	4367.9928411183
22	963146	740	4004.4447606789
22	1008045	760	4504.5792157092
22	1053860	780	4418.21250198
22	1100396	800	4606.5807021621
22	1148048	820	4371.7826792968
22	1197470	840	4428.4177850269
22	1247640	860	4199.1291313742
22	1299042	880	4568.1824635319
22	1351305	900	4437.1294778485
22	1405502	920	4929.3963493116
22	1460678	940	4159.3350705194
22	1517782	960	5205.3624531731
22	1576018	980	5261.9114720243
22	1635718	1000	5307.0927826866
22	1696867	1020	4250.7200536922
22	1759348	1040	5392.8001838653
22	1823371	1060	5303.6295736489
22	1888959	1080	5392.3929673428
22	1956551	1100	4973.760614018
22	2025706	1120	5262.9279712573
22	2096352	1140	5072.12795074
22	2169409	1160	5031.7558613147
22	2244515	1180	5252.1885242512
22	2321225	1200	4703.069846003
22	2399764	1220	5754.9551379564
22	2480685	1240	5576.8316150049
22	2563974	1260	5616.55040248
22	2649082	1280	5565.6220807511
22	2736001	1300	5127.3222450869
22	2825282	1320	5567.7112658063
22	2916767	1340	5386.7594335843
22	3009787	1360	5754.6990344194
22	3105094	1380	5978.0112689784
22	3201586	1400	5708.5480438032
22	3300991	1420	5702.2893630635
22	3402821	1440	5701.9693331002
22	3506212	1460	6021.1067156371
22	3612072	1480	5808.267710652
22	3720746	1500	6292.699949667
22	3832007	1520	6108.6896947408
22	3944830	1540	6019.6473166943
22	4060317	1560	6340.6370700251
22	4178094	1580	5921.3904688935
22	4298669	1600	6844.1023583787
22	4420924	1620	6566.3612881829
22	4546204	1640	6431.4706022569
22	4673243	1660	6073.7399687454
22	4802290	1680	6747.9131664227
22	4933815	1700	6377.3724053745
22	5068011	1720	6483.4276939364
22	5205282	1740	6611.2558136605
22	5344035	1760	6390.1356129357
22	5485775	1780	6744.0411919036
22	5630031	1800	6657.9997214925
22	5776526	1820	6930.1287431454
22	5926522	1840	6890.2032361982
22	6078770	1860	7067.3608274882
22	6232496	1880	6833.1145392796
22	6389388	1900	6936.6205264314
22	6548827	1920	7051.3977409045
22	6711457	1940	7054.0480254816
22	6874963	1960	6930.5493482326
22	7042402	1980	6967.9512820677
22	7211839	2000	7422.3328920315
23	145171	240	44.779629803641
23	170939	260	44.798179185802
23	198235	280	44.969552130648
23	225316	300	45.007562714734
23	252622	320	44.992927603123
23	279966	340	44.953802670371
23	307739	360	45.176504208244
23	335586	380	45.200320700893
23	364101	400	45.396659926408
23	393224	420	45.335203244259
23	422898	440	45.322832262241
23	453088	460	45.290219634435
23	483801	480	45.505916783782
23	515274	500	45.420362726308
23	547125	520	45.510823307384
23	579771	540	45.576396578706
23	613595	560	45.369484162302
23	648069	580	45.420231232811
23	683436	600	45.444771976578
23	720058	620	45.40999453304
23	757888	640	45.572462472113
23	796567	660	45.565547939774
23	836742	680	45.475199011653
23	877562	700	45.456505928253
23	919694	720	45.499925428315
23	963146	740	45.505054098624
23	1008045	760	45.500800158679
23	1053860	780	45.548582494639
23	1100396	800	45.609709922397
23	1148048	820	45.539402909342
23	1197470	840	45.653791598216
23	1247640	860	45.64270794972
23	1299042	880	45.681824635319
23	1351305	900	45.743602864418
23	1405502	920	45.642558789923
23	1460678	940	45.706978796916
23	1517782	960	45.661074150642
23	1576018	980	45.755751930646
23	1635718	1000	45.750799850746
23	1696867	1020	45.706667244002
23	1759348	1040	45.701696473435
23	1823371	1060	45.720944600421
23	1888959	1080	45.698245485956
23	1956551	1100	45.630831321266
23	2025706	1120	45.764591054411
23	2096352	1140	45.694846403063
23	2169409	1160	45.743235102861
23	2244515	1180	45.671204558706
23	2321225	1200	45.660872291291
23	2399764	1220	45.674247126638
23	2480685	1240	45.71173454922
23	2563974	1260	45.663011402276
23	2649082	1280	45.61985312091
23	2736001	1300	45.779662902561
23	2825282	1320	45.636977588576
23	2916767	1340	45.650503674443
23	3009787	1360	45.672214558884
23	3105094	1380	45.633673808996
23	3201586	1400	45.668384350425
23	3300991	1420	45.618314904508
23	3402821	1440	45.615754664801
23	3506212	1460	45.614444815433
23	3612072	1480	45.734391422457
23	3720746	1500	45.599274997587
23	3832007	1520	45.587236527917
23	3944830	1540	45.603388762835
23	4060317	1560	45.616094028958
23	4178094	1580	45.549157453027
23	4298669	1600	45.627349055858
23	4420924	1620	45.599731167937
23	4546204	1640	45.613266682673
23	4673243	1660	45.667217810116
23	4802290	1680	45.594007881235
23	4933815	1700	45.552660038389
23	5068011	1720	45.657941506595
23	5205282	1740	45.594867680417
23	5344035	1760	45.643825806683
23	5485775	1780	45.56784589124
23	5630031	1800	45.602737818442
23	5776526	1820	45.592952257535
23	5926522	1840	45.630485007935
23	6078770	1860	45.595876306376
23	6232496	1880	45.554096928531
23	6389388	1900	45.635661358101
23	6548827	1920	45.492888650997
23	6711457	1940	45.509987261172
23	6874963	1960	45.595719396267
23	7042402	1980	45.542165242272
23	7211839	2000	45.53578461369
24	145171	240	0.41737129130126
24	170939	260	0.40782568436013
24	198235	280	0.73935618081848
24	225316	300	0.69937114869719
24	252622	320	0.66012486552894
24	279966	340	0.57391924476554
24	307739	360	1.2813795666432
24	335586	380	1.2079021216757
24	364101	400	1.6674616465446
24	393224	420	1.4462138443915
24	422898	440	1.2880753120753
24	453088	460	1.1324864990819
24	483801	480	1.5116761252079
24	515274	500	1.2977538424051
24	547125	520	1.3522061560593
24	579771	540	1.3726998567458
24	613595	560	1.2341624241575
24	648069	580	1.1322096973401
24	683436	600	1.1604963572071
24	720058	620	1.106571038529
24	757888	640	1.2946276745025
24	796567	660	1.2219414375204
24	836742	680	1.229206032055
24	877562	700	1.1199040529901
24	919694	720	1.1645596647061
24	963146	740	1.1597716076705
24	1008045	760	1.1060884603246
24	1053860	780	1.184494816821
24	1100396	800	1.1760347264817
24	1148048	820	1.1310976269444
24	1197470	840	1.1553986918879
24	1247640	860	1.0915874408879
24	1299042	880	1.2617832452795
24	1351305	900	1.2525030630265
24	1405502	920	1.1564974279653
24	1460678	940	1.1842663141468
24	1517782	960	1.2129817645164
24	1576018	980	1.1779810696522
24	1635718	1000	1.1677335802958
24	1696867	1020	1.1362983216506
24	1759348	1040	1.1569847467782
24	1823371	1060	1.1236247125177
24	1888959	1080	1.1554707048279
24	1956551	1100	1.1486821054323
24	2025706	1120	1.0874131458789
24	2096352	1140	1.16883854542
24	2169409	1160	1.1285268213791
24	2244515	1180	1.0765811751352
24	2321225	1200	1.061043066692
24	2399764	1220	1.0432161139941
24	2480685	1240	1.0312044844337
24	2563974	1260	0.99889413551974
24	2649082	1280	1.0139510571432
24	2736001	1300	1.0480681522152
24	2825282	1320	0.96600121828592
24	2916767	1340	0.97154093043574
24	3009787	1360	0.95883459037773
24	3105094	1380	0.99574906054558
24	3201586	1400	0.965906219065
24	3300991	1420	0.98568648437289
24	3402821	1440	0.92818561788889
24	3506212	1460	0.93416031327593
24	3612072	1480	0.94607205272129
24	3720746	1500	0.96908124283022
24	3832007	1520	0.96987142303764
24	3944830	1540	0.84777628707849
24	4060317	1560	0.93083354357612
24	4178094	1580	0.82847450188462
24	4298669	1600	0.89206604233573
24	4420924	1620	0.88856533812247
24	4546204	1640	0.88298161767998
24	4673243	1660	0.88050208505984
24	4802290	1680	0.80261813929303
24	4933815	1700	0.82840266219962
24	5068011	1720	0.86312127265289
24	5205282	1740	0.81258518208028
24	5344035	1760	0.87249622244174
24	5485775	1780	0.82937442238779
24	5630031	1800	0.81651578520756
24	5776526	1820	0.85570874620411
24	5926522	1840	0.84523205843969
24	6078770	1860	0.82917066400904
24	6232496	1880	0.79570611480472
24	6389388	1900	0.89234387164105
24	6548827	1920	0.84492875552704
24	6711457	1940	0.83950737777126
24	6874963	1960	0.87724964537329
24	7042402	1980	0.84855202597758
24	7211839	2000	0.84988232820064
25	145171	240	0.17419879480248
25	170939	260	0.1663217888238
25	198235	280	0.5466475621145
25	225316	300	0.48912000363003
25	252622	320	0.4357648380896
25	279966	340	0.32938329951225
25	307739	360	1.6419335938108
25	335586	380	1.4590275355487
25	364101	400	2.7804283426974
25	393224	420	2.0915344837096
25	422898	440	1.659138009578
25	453088	460	1.2825256706027
25	483801	480	2.2851647075236
25	515274	500	1.6841650354772
25	547125	520	1.8284614884848
25	579771	540	1.8843048967099
25	613595	560	1.5231568892023
25	648069	580	1.281898798751
25	683436	600	1.346751795091
25	720058	620	1.2244994633112
25	757888	640	1.6760608155877
25	796567	660	1.4931408767293
25	836742	680	1.5109474692405
25	877562	700	1.2541850879037
25	919694	720	1.3561992126604
25	963146	740	1.3450701819587
25	1008045	760	1.2234316820632
25	1053860	780	1.4030279710759
25	1100396	800	1.3830576778909
25	1148048	820	1.2793818416792
25	1197470	840	1.3349461372162
25	1247640	860	1.1915631411042
25	1299042	880	1.5920969580681
25	1351305	900	1.5687639228907
25	1405502	920	1.3374863008903
25	1460678	940	1.4024867028228
25	1517782	960	1.4713247610494
25	1576018	980	1.387639400459
25	1635718	1000	1.3636017145504
25	1696867	1020	1.2911738757859
25	1759348	1040	1.3386137042774
25	1823371	1060	1.2625324945805
25	1888959	1080	1.3351125497155
25	1956551	1100	1.3194705793404
25	2025706	1120	1.1824673498303
25	2096352	1140	1.3661835452594
25	2169409	1160	1.2735727865719
25	2244515	1180	1.1590270266555
25	2321225	1200	1.1258123893751
25	2399764	1220	1.088299860497
25	2480685	1240	1.0633826887162
25	2563974	1260	0.99778949397573
25	2649082	1280	1.0280967462817
25	2736001	1300	1.0984468516877
25	2825282	1320	0.93315835372988
25	2916767	1340	0.94389177951194
25	3009787	1360	0.91936377170483
25	3105094	1380	0.99151619157741
25	3201586	1400	0.93297482402844
25	3300991	1420	0.97157784547539
25	3402821	1440	0.86152854125579
25	3506212	1460	0.87265549089977
25	3612072	1480	0.89505232894027
25	3720746	1500	0.93911845520536
25	3832007	1520	0.94065057722506
25	3944830	1540	0.71872463293259
25	4060317	1560	0.86645108584647
25	4178094	1580	0.68637000027297
25	4298669	1600	0.79578182388854
25	4420924	1620	0.7895483601127
25	4546204	1640	0.77965653716075
25	4673243	1660	0.77528392179473
25	4802290	1680	0.64419587752221
25	4933815	1700	0.68625097073941
25	5068011	1720	0.74497833130594
25	5205282	1740	0.66029467813645
25	5344035	1760	0.7612496581751
25	5485775	1780	0.68786193251107
25	5630031	1800	0.66669802749312
25	5776526	1820	0.73223745833022
25	5926522	1840	0.7144172326142
25	6078770	1860	0.68752399005319
25	6232496	1880	0.63314822113763
25	6389388	1900	0.79627758525534
25	6548827	1920	0.71390460191648
25	6711457	1940	0.70477263733238
25	6874963	1960	0.76956694030757
25	7042402	1980	0.72004054079066
25	7211839	2000	0.72229997178774
