version 2
run statisticRVV-134-20150325-13:40:38-13308
attr c 15
attr configname statisticRVV
attr datetime 20150325-13:40:38
attr experiment statisticRVV
attr inifile omnetpp.ini
attr iterationvars "$sc=\"erlangen-medium.launchd.xml\", $p=1/15, $c=15"
attr iterationvars2 "$sc=\"erlangen-medium.launchd.xml\", $p=1/15, $c=15, $repetition=4"
attr measurement "$sc=\"erlangen-medium.launchd.xml\", $p=1/15, $c=15"
attr network RSUExampleScenario
attr p 1/15
attr processid 13308
attr repetition 4
attr replication #4
attr resultdir results
attr runnumber 134
attr sc "\"erlangen-medium.launchd.xml\""
attr seedset 134

vector 0  RSUExampleScenario.rsu[0].appl  Number_CH  ETV
vector 1  RSUExampleScenario.rsu[0].appl  Number_ON  ETV
vector 2  RSUExampleScenario.rsu[0].appl  Number_FN  ETV
vector 3  RSUExampleScenario.rsu[0].appl  Number_CH_Losts  ETV
vector 4  RSUExampleScenario.rsu[0].appl  Mean_Cluster_Size  ETV
vector 5  RSUExampleScenario.rsu[0].appl  StdDev_Cluster_Size  ETV
vector 6  RSUExampleScenario.rsu[0].appl  Variance_Cluster_Size  ETV
vector 7  RSUExampleScenario.rsu[0].appl  Mean_Neighbors  ETV
vector 8  RSUExampleScenario.rsu[0].appl  StdDev_Neighbors  ETV
vector 9  RSUExampleScenario.rsu[0].appl  Variance_Neighbors  ETV
vector 10  RSUExampleScenario.rsu[0].appl  Total_CH_Utility  ETV
vector 11  RSUExampleScenario.rsu[0].appl  Mean_CH_Utility  ETV
vector 12  RSUExampleScenario.rsu[0].appl  StdDev_CH_Utility  ETV
vector 13  RSUExampleScenario.rsu[0].appl  Variance_CH_Utility  ETV
vector 14  RSUExampleScenario.rsu[0].appl  Total_exp_CH_Utility  ETV
vector 15  RSUExampleScenario.rsu[0].appl  Mean_exp_CH_Utility  ETV
vector 16  RSUExampleScenario.rsu[0].appl  StdDev_exp_CH_Utility  ETV
vector 17  RSUExampleScenario.rsu[0].appl  Variance_exp_CH_Utility  ETV
vector 18  RSUExampleScenario.rsu[0].appl  Total_ON_Utility  ETV
vector 19  RSUExampleScenario.rsu[0].appl  Mean_ON_Utility  ETV
vector 20  RSUExampleScenario.rsu[0].appl  StdDev_ON_Utility  ETV
vector 21  RSUExampleScenario.rsu[0].appl  Variance_ON_Utility  ETV
vector 22  RSUExampleScenario.rsu[0].appl  Total_exp_ON_Utility  ETV
vector 23  RSUExampleScenario.rsu[0].appl  Mean_exp_ON_Utility  ETV
vector 24  RSUExampleScenario.rsu[0].appl  StdDev_exp_ON_Utility  ETV
vector 25  RSUExampleScenario.rsu[0].appl  Variance_exp_ON_Utility  ETV
0	145796	240	4
0	171636	260	5
0	198827	280	9
0	225919	300	5
0	253250	320	8
0	280506	340	7
0	307700	360	5
0	335138	380	5
0	362439	400	6
0	390117	420	9
0	418082	440	4
0	446820	460	6
0	476315	480	6
0	506228	500	3
0	536357	520	9
0	567690	540	7
0	599200	560	12
0	631052	580	8
0	664232	600	6
0	697593	620	3
0	731999	640	3
0	767744	660	6
0	804134	680	7
0	842401	700	5
0	881585	720	4
0	922114	740	5
0	964174	760	9
0	1006919	780	5
0	1050794	800	6
0	1095627	820	7
0	1141403	840	8
0	1188464	860	4
0	1236893	880	6
0	1286680	900	9
0	1337328	920	10
0	1389466	940	7
0	1443202	960	8
0	1498031	980	6
0	1554223	1000	8
0	1611457	1020	6
0	1670675	1040	6
0	1731308	1060	6
0	1793433	1080	7
0	1856558	1100	8
0	1922106	1120	7
0	1988834	1140	8
0	2057353	1160	9
0	2127820	1180	10
0	2199824	1200	10
0	2273887	1220	9
0	2349564	1240	8
0	2428214	1260	7
0	2508032	1280	8
0	2589981	1300	10
0	2673674	1320	10
0	2759799	1340	6
0	2848107	1360	10
0	2938963	1380	9
0	3031073	1400	14
0	3125416	1420	8
0	3221630	1440	10
0	3320655	1460	3
0	3421934	1480	10
0	3524993	1500	7
0	3630485	1520	10
0	3737684	1540	9
0	3847896	1560	9
0	3960277	1580	9
0	4075454	1600	10
0	4191822	1620	7
0	4311093	1640	10
0	4432300	1660	9
0	4555779	1680	13
0	4681490	1700	8
0	4809403	1720	8
0	4940441	1740	7
0	5073441	1760	14
0	5208882	1780	7
0	5347190	1800	7
0	5488163	1820	5
0	5630696	1840	9
0	5776314	1860	8
0	5924410	1880	10
0	6075018	1900	11
0	6228058	1920	7
0	6383774	1940	6
0	6541854	1960	11
0	6702022	1980	13
0	6864992	2000	12
1	145796	240	5
1	171636	260	9
1	198827	280	13
1	225919	300	6
1	253250	320	10
1	280506	340	10
1	307700	360	7
1	335138	380	10
1	362439	400	9
1	390117	420	12
1	418082	440	6
1	446820	460	8
1	476315	480	8
1	506228	500	3
1	536357	520	12
1	567690	540	10
1	599200	560	16
1	631052	580	10
1	664232	600	8
1	697593	620	4
1	731999	640	4
1	767744	660	6
1	804134	680	10
1	842401	700	5
1	881585	720	5
1	922114	740	6
1	964174	760	14
1	1006919	780	8
1	1050794	800	6
1	1095627	820	9
1	1141403	840	11
1	1188464	860	4
1	1236893	880	11
1	1286680	900	11
1	1337328	920	14
1	1389466	940	9
1	1443202	960	11
1	1498031	980	10
1	1554223	1000	13
1	1611457	1020	8
1	1670675	1040	9
1	1731308	1060	9
1	1793433	1080	9
1	1856558	1100	10
1	1922106	1120	10
1	1988834	1140	11
1	2057353	1160	14
1	2127820	1180	11
1	2199824	1200	12
1	2273887	1220	12
1	2349564	1240	14
1	2428214	1260	12
1	2508032	1280	10
1	2589981	1300	11
1	2673674	1320	14
1	2759799	1340	8
1	2848107	1360	15
1	2938963	1380	10
1	3031073	1400	19
1	3125416	1420	10
1	3221630	1440	15
1	3320655	1460	5
1	3421934	1480	12
1	3524993	1500	9
1	3630485	1520	17
1	3737684	1540	11
1	3847896	1560	10
1	3960277	1580	13
1	4075454	1600	14
1	4191822	1620	10
1	4311093	1640	15
1	4432300	1660	13
1	4555779	1680	18
1	4681490	1700	9
1	4809403	1720	12
1	4940441	1740	10
1	5073441	1760	19
1	5208882	1780	9
1	5347190	1800	12
1	5488163	1820	8
1	5630696	1840	13
1	5776314	1860	12
1	5924410	1880	14
1	6075018	1900	14
1	6228058	1920	10
1	6383774	1940	9
1	6541854	1960	18
1	6702022	1980	20
1	6864992	2000	15
2	145796	240	69
2	171636	260	71
2	198827	280	71
2	225919	300	82
2	253250	320	77
2	280506	340	77
2	307700	360	81
2	335138	380	80
2	362439	400	79
2	390117	420	73
2	418082	440	86
2	446820	460	86
2	476315	480	84
2	506228	500	94
2	536357	520	78
2	567690	540	88
2	599200	560	74
2	631052	580	86
2	664232	600	92
2	697593	620	101
2	731999	640	101
2	767744	660	98
2	804134	680	94
2	842401	700	102
2	881585	720	106
2	922114	740	104
2	964174	760	94
2	1006919	780	102
2	1050794	800	106
2	1095627	820	105
2	1141403	840	102
2	1188464	860	113
2	1236893	880	106
2	1286680	900	105
2	1337328	920	103
2	1389466	940	112
2	1443202	960	111
2	1498031	980	116
2	1554223	1000	109
2	1611457	1020	117
2	1670675	1040	119
2	1731308	1060	118
2	1793433	1080	122
2	1856558	1100	118
2	1922106	1120	122
2	1988834	1140	122
2	2057353	1160	119
2	2127820	1180	123
2	2199824	1200	123
2	2273887	1220	124
2	2349564	1240	124
2	2428214	1260	127
2	2508032	1280	129
2	2589981	1300	128
2	2673674	1320	126
2	2759799	1340	138
2	2848107	1360	131
2	2938963	1380	135
2	3031073	1400	121
2	3125416	1420	138
2	3221630	1440	134
2	3320655	1460	152
2	3421934	1480	140
2	3524993	1500	147
2	3630485	1520	138
2	3737684	1540	144
2	3847896	1560	147
2	3960277	1580	146
2	4075454	1600	146
2	4191822	1620	153
2	4311093	1640	147
2	4432300	1660	152
2	4555779	1680	143
2	4681490	1700	159
2	4809403	1720	156
2	4940441	1740	160
2	5073441	1760	146
2	5208882	1780	161
2	5347190	1800	162
2	5488163	1820	171
2	5630696	1840	162
2	5776314	1860	164
2	5924410	1880	159
2	6075018	1900	162
2	6228058	1920	171
2	6383774	1940	173
2	6541854	1960	162
2	6702022	1980	159
2	6864992	2000	166
3	145796	240	1
3	171636	260	0
3	198827	280	1
3	225919	300	2
3	253250	320	4
3	280506	340	2
3	307700	360	0
3	335138	380	2
3	362439	400	1
3	390117	420	1
3	418082	440	0
3	446820	460	3
3	476315	480	1
3	506228	500	3
3	536357	520	2
3	567690	540	3
3	599200	560	1
3	631052	580	4
3	664232	600	1
3	697593	620	0
3	731999	640	3
3	767744	660	0
3	804134	680	4
3	842401	700	1
3	881585	720	1
3	922114	740	1
3	964174	760	1
3	1006919	780	1
3	1050794	800	0
3	1095627	820	1
3	1141403	840	1
3	1188464	860	3
3	1236893	880	1
3	1286680	900	1
3	1337328	920	1
3	1389466	940	2
3	1443202	960	1
3	1498031	980	0
3	1554223	1000	2
3	1611457	1020	2
3	1670675	1040	1
3	1731308	1060	3
3	1793433	1080	1
3	1856558	1100	2
3	1922106	1120	4
3	1988834	1140	3
3	2057353	1160	3
3	2127820	1180	1
3	2199824	1200	1
3	2273887	1220	3
3	2349564	1240	2
3	2428214	1260	2
3	2508032	1280	4
3	2589981	1300	2
3	2673674	1320	3
3	2759799	1340	0
3	2848107	1360	3
3	2938963	1380	6
3	3031073	1400	1
3	3125416	1420	2
3	3221630	1440	0
3	3320655	1460	2
3	3421934	1480	2
3	3524993	1500	0
3	3630485	1520	3
3	3737684	1540	0
3	3847896	1560	0
3	3960277	1580	1
3	4075454	1600	1
3	4191822	1620	1
3	4311093	1640	1
3	4432300	1660	2
3	4555779	1680	2
3	4681490	1700	1
3	4809403	1720	3
3	4940441	1740	1
3	5073441	1760	1
3	5208882	1780	1
3	5347190	1800	2
3	5488163	1820	5
3	5630696	1840	2
3	5776314	1860	3
3	5924410	1880	2
3	6075018	1900	6
3	6228058	1920	0
3	6383774	1940	2
3	6541854	1960	2
3	6702022	1980	5
3	6864992	2000	1
4	145796	240	1.25
4	171636	260	1.8
4	198827	280	1.4444444444444
4	225919	300	1.2
4	253250	320	1.25
4	280506	340	1.4285714285714
4	307700	360	1.4
4	335138	380	2
4	362439	400	1.5
4	390117	420	1.3333333333333
4	418082	440	1.5
4	446820	460	1.3333333333333
4	476315	480	1.3333333333333
4	506228	500	1
4	536357	520	1.3333333333333
4	567690	540	1.4285714285714
4	599200	560	1.3333333333333
4	631052	580	1.25
4	664232	600	1.3333333333333
4	697593	620	1.3333333333333
4	731999	640	1.3333333333333
4	767744	660	1
4	804134	680	1.4285714285714
4	842401	700	1
4	881585	720	1.25
4	922114	740	1.2
4	964174	760	1.5555555555556
4	1006919	780	1.6
4	1050794	800	1
4	1095627	820	1.2857142857143
4	1141403	840	1.375
4	1188464	860	1
4	1236893	880	1.8333333333333
4	1286680	900	1.2222222222222
4	1337328	920	1.4
4	1389466	940	1.2857142857143
4	1443202	960	1.375
4	1498031	980	1.6666666666667
4	1554223	1000	1.625
4	1611457	1020	1.3333333333333
4	1670675	1040	1.5
4	1731308	1060	1.5
4	1793433	1080	1.2857142857143
4	1856558	1100	1.25
4	1922106	1120	1.4285714285714
4	1988834	1140	1.375
4	2057353	1160	1.5555555555556
4	2127820	1180	1.1
4	2199824	1200	1.2
4	2273887	1220	1.3333333333333
4	2349564	1240	1.75
4	2428214	1260	1.7142857142857
4	2508032	1280	1.25
4	2589981	1300	1.1
4	2673674	1320	1.4
4	2759799	1340	1.3333333333333
4	2848107	1360	1.5
4	2938963	1380	1.1111111111111
4	3031073	1400	1.3571428571429
4	3125416	1420	1.25
4	3221630	1440	1.5
4	3320655	1460	1.6666666666667
4	3421934	1480	1.2
4	3524993	1500	1.2857142857143
4	3630485	1520	1.7
4	3737684	1540	1.2222222222222
4	3847896	1560	1.1111111111111
4	3960277	1580	1.4444444444444
4	4075454	1600	1.4
4	4191822	1620	1.4285714285714
4	4311093	1640	1.5
4	4432300	1660	1.4444444444444
4	4555779	1680	1.3846153846154
4	4681490	1700	1.125
4	4809403	1720	1.5
4	4940441	1740	1.4285714285714
4	5073441	1760	1.3571428571429
4	5208882	1780	1.2857142857143
4	5347190	1800	1.7142857142857
4	5488163	1820	1.6
4	5630696	1840	1.4444444444444
4	5776314	1860	1.5
4	5924410	1880	1.4
4	6075018	1900	1.2727272727273
4	6228058	1920	1.4285714285714
4	6383774	1940	1.5
4	6541854	1960	1.6363636363636
4	6702022	1980	1.5384615384615
4	6864992	2000	1.25
5	145796	240	0.5
5	171636	260	0.83666002653408
5	198827	280	0.52704627669473
5	225919	300	0.44721359549996
5	253250	320	0.46291004988628
5	280506	340	0.53452248382485
5	307700	360	0.54772255750517
5	335138	380	0.70710678118655
5	362439	400	0.54772255750517
5	390117	420	0.5
5	418082	440	0.57735026918963
5	446820	460	0.51639777949432
5	476315	480	0.51639777949432
5	506228	500	0
5	536357	520	0.5
5	567690	540	0.53452248382485
5	599200	560	0.49236596391733
5	631052	580	0.46291004988628
5	664232	600	0.81649658092773
5	697593	620	0.57735026918963
5	731999	640	0.57735026918963
5	767744	660	0
5	804134	680	0.53452248382485
5	842401	700	0
5	881585	720	0.5
5	922114	740	0.44721359549996
5	964174	760	0.52704627669473
5	1006919	780	0.54772255750517
5	1050794	800	0
5	1095627	820	0.48795003647427
5	1141403	840	0.51754916950677
5	1188464	860	0
5	1236893	880	0.40824829046386
5	1286680	900	0.4409585518441
5	1337328	920	0.51639777949432
5	1389466	940	0.48795003647427
5	1443202	960	0.51754916950677
5	1498031	980	0.51639777949432
5	1554223	1000	0.51754916950677
5	1611457	1020	0.51639777949432
5	1670675	1040	0.54772255750517
5	1731308	1060	0.54772255750517
5	1793433	1080	0.48795003647427
5	1856558	1100	0.46291004988628
5	1922106	1120	0.53452248382485
5	1988834	1140	0.51754916950677
5	2057353	1160	0.52704627669473
5	2127820	1180	0.31622776601684
5	2199824	1200	0.42163702135578
5	2273887	1220	0.5
5	2349564	1240	0.46291004988628
5	2428214	1260	0.48795003647427
5	2508032	1280	0.46291004988628
5	2589981	1300	0.31622776601684
5	2673674	1320	0.51639777949432
5	2759799	1340	0.51639777949432
5	2848107	1360	0.52704627669473
5	2938963	1380	0.33333333333333
5	3031073	1400	0.49724515809885
5	3125416	1420	0.46291004988628
5	3221630	1440	0.52704627669473
5	3320655	1460	0.57735026918963
5	3421934	1480	0.42163702135578
5	3524993	1500	0.48795003647427
5	3630485	1520	0.67494855771055
5	3737684	1540	0.4409585518441
5	3847896	1560	0.33333333333333
5	3960277	1580	0.52704627669473
5	4075454	1600	0.51639777949432
5	4191822	1620	0.53452248382485
5	4311093	1640	0.52704627669473
5	4432300	1660	0.52704627669473
5	4555779	1680	0.50636968354183
5	4681490	1700	0.35355339059327
5	4809403	1720	0.53452248382485
5	4940441	1740	0.53452248382485
5	5073441	1760	0.49724515809885
5	5208882	1780	0.48795003647427
5	5347190	1800	0.75592894601845
5	5488163	1820	0.54772255750517
5	5630696	1840	0.52704627669473
5	5776314	1860	0.53452248382485
5	5924410	1880	0.51639777949432
5	6075018	1900	0.46709936649691
5	6228058	1920	0.53452248382485
5	6383774	1940	0.54772255750517
5	6541854	1960	0.50452497910951
5	6702022	1980	0.51887452166277
5	6864992	2000	0.45226701686665
6	145796	240	0.25
6	171636	260	0.7
6	198827	280	0.27777777777778
6	225919	300	0.2
6	253250	320	0.21428571428571
6	280506	340	0.28571428571429
6	307700	360	0.3
6	335138	380	0.5
6	362439	400	0.3
6	390117	420	0.25
6	418082	440	0.33333333333333
6	446820	460	0.26666666666667
6	476315	480	0.26666666666667
6	506228	500	0
6	536357	520	0.25
6	567690	540	0.28571428571429
6	599200	560	0.24242424242424
6	631052	580	0.21428571428571
6	664232	600	0.66666666666667
6	697593	620	0.33333333333333
6	731999	640	0.33333333333333
6	767744	660	0
6	804134	680	0.28571428571429
6	842401	700	0
6	881585	720	0.25
6	922114	740	0.2
6	964174	760	0.27777777777778
6	1006919	780	0.3
6	1050794	800	0
6	1095627	820	0.23809523809524
6	1141403	840	0.26785714285714
6	1188464	860	0
6	1236893	880	0.16666666666667
6	1286680	900	0.19444444444444
6	1337328	920	0.26666666666667
6	1389466	940	0.23809523809524
6	1443202	960	0.26785714285714
6	1498031	980	0.26666666666667
6	1554223	1000	0.26785714285714
6	1611457	1020	0.26666666666667
6	1670675	1040	0.3
6	1731308	1060	0.3
6	1793433	1080	0.23809523809524
6	1856558	1100	0.21428571428571
6	1922106	1120	0.28571428571429
6	1988834	1140	0.26785714285714
6	2057353	1160	0.27777777777778
6	2127820	1180	0.1
6	2199824	1200	0.17777777777778
6	2273887	1220	0.25
6	2349564	1240	0.21428571428571
6	2428214	1260	0.23809523809524
6	2508032	1280	0.21428571428571
6	2589981	1300	0.1
6	2673674	1320	0.26666666666667
6	2759799	1340	0.26666666666667
6	2848107	1360	0.27777777777778
6	2938963	1380	0.11111111111111
6	3031073	1400	0.24725274725275
6	3125416	1420	0.21428571428571
6	3221630	1440	0.27777777777778
6	3320655	1460	0.33333333333333
6	3421934	1480	0.17777777777778
6	3524993	1500	0.23809523809524
6	3630485	1520	0.45555555555556
6	3737684	1540	0.19444444444444
6	3847896	1560	0.11111111111111
6	3960277	1580	0.27777777777778
6	4075454	1600	0.26666666666667
6	4191822	1620	0.28571428571429
6	4311093	1640	0.27777777777778
6	4432300	1660	0.27777777777778
6	4555779	1680	0.25641025641026
6	4681490	1700	0.125
6	4809403	1720	0.28571428571429
6	4940441	1740	0.28571428571429
6	5073441	1760	0.24725274725275
6	5208882	1780	0.23809523809524
6	5347190	1800	0.57142857142857
6	5488163	1820	0.3
6	5630696	1840	0.27777777777778
6	5776314	1860	0.28571428571429
6	5924410	1880	0.26666666666667
6	6075018	1900	0.21818181818182
6	6228058	1920	0.28571428571429
6	6383774	1940	0.3
6	6541854	1960	0.25454545454545
6	6702022	1980	0.26923076923077
6	6864992	2000	0.20454545454545
7	145796	240	22.961538461538
7	171636	260	22.670588235294
7	198827	280	22.354838709677
7	225919	300	22.236559139785
7	253250	320	21.978947368421
7	280506	340	22.387096774194
7	307700	360	22.521739130435
7	335138	380	22.063157894737
7	362439	400	22.308510638298
7	390117	420	22.382978723404
7	418082	440	21.875
7	446820	460	21.86
7	476315	480	22.561224489796
7	506228	500	22.11
7	536357	520	22.938775510204
7	567690	540	22.615384615385
7	599200	560	22.843137254902
7	631052	580	22.865384615385
7	664232	600	23.160377358491
7	697593	620	23.111111111111
7	731999	640	23.842592592593
7	767744	660	24.311926605505
7	804134	680	24.558558558559
7	842401	700	25.267857142857
7	881585	720	26.254385964912
7	922114	740	26.421052631579
7	964174	760	27.290598290598
7	1006919	780	27.591304347826
7	1050794	800	27.881355932203
7	1095627	820	28.487603305785
7	1141403	840	28.322314049587
7	1188464	860	28.752066115702
7	1236893	880	29.131147540984
7	1286680	900	29.136
7	1337328	920	30.110236220472
7	1389466	940	30.21875
7	1443202	960	30.907692307692
7	1498031	980	31.545454545455
7	1554223	1000	31.496124031008
7	1611457	1020	31.984732824427
7	1670675	1040	32.134328358209
7	1731308	1060	33.225563909774
7	1793433	1080	33.065217391304
7	1856558	1100	33.823529411765
7	1922106	1120	34.841726618705
7	1988834	1140	35.376811594203
7	2057353	1160	35.408450704225
7	2127820	1180	35.916666666667
7	2199824	1200	36.855172413793
7	2273887	1220	37.655172413793
7	2349564	1240	38.458904109589
7	2428214	1260	39.369863013699
7	2508032	1280	40.224489795918
7	2589981	1300	40.765100671141
7	2673674	1320	40.893333333333
7	2759799	1340	41.815789473684
7	2848107	1360	42.322580645161
7	2938963	1380	43.266233766234
7	3031073	1400	44.402597402597
7	3125416	1420	44.602564102564
7	3221630	1440	45.081761006289
7	3320655	1460	45.875
7	3421934	1480	46.29012345679
7	3524993	1500	47.104294478528
7	3630485	1520	47.654545454545
7	3737684	1540	48.731707317073
7	3847896	1560	49.006024096386
7	3960277	1580	49.672619047619
7	4075454	1600	50.047058823529
7	4191822	1620	50.91124260355
7	4311093	1640	50.936046511628
7	4432300	1660	51.402298850575
7	4555779	1680	52.333333333333
7	4681490	1700	52.4375
7	4809403	1720	53.028409090909
7	4940441	1740	53.54802259887
7	5073441	1760	54.067039106145
7	5208882	1780	55.508474576271
7	5347190	1800	55.325966850829
7	5488163	1820	55.68306010929
7	5630696	1840	56.423913043478
7	5776314	1860	57.065217391304
7	5924410	1880	58.344262295082
7	6075018	1900	58.326203208556
7	6228058	1920	58.632978723404
7	6383774	1940	59.56914893617
7	6541854	1960	59.596858638743
7	6702022	1980	60.223958333333
7	6864992	2000	61.208333333333
8	145796	240	3.8794908880483
8	171636	260	4.5102746070292
8	198827	280	5.2100345515218
8	225919	300	4.312262216412
8	253250	320	4.6470739990363
8	280506	340	4.6812118880193
8	307700	360	3.8530087026981
8	335138	380	5.0881809781388
8	362439	400	4.0851859192097
8	390117	420	4.5722547624171
8	418082	440	4.786494157083
8	446820	460	5.3936363551238
8	476315	480	4.4072721687801
8	506228	500	4.4173555780614
8	536357	520	3.5313509769323
8	567690	540	3.8875147233703
8	599200	560	3.7699833180796
8	631052	580	3.1004468588288
8	664232	600	3.6072329256722
8	697593	620	3.9014335571201
8	731999	640	3.6072669050206
8	767744	660	3.3463558059101
8	804134	680	3.5819869668427
8	842401	700	4.3866754487791
8	881585	720	4.8221674770943
8	922114	740	5.4624943844237
8	964174	760	6.0927597351846
8	1006919	780	6.4453106197845
8	1050794	800	7.0434178420615
8	1095627	820	7.344063024511
8	1141403	840	7.6661755741624
8	1188464	860	8.0356300227337
8	1236893	880	7.4133571873996
8	1286680	900	8.7208907505983
8	1337328	920	9.0582141504024
8	1389466	940	9.043148970745
8	1443202	960	9.9318968998184
8	1498031	980	10.917709988586
8	1554223	1000	10.550565766086
8	1611457	1020	11.230442646817
8	1670675	1040	11.435856448181
8	1731308	1060	12.041353330108
8	1793433	1080	12.7027823389
8	1856558	1100	12.56207245991
8	1922106	1120	13.764193724343
8	1988834	1140	13.220865447864
8	2057353	1160	14.950582867538
8	2127820	1180	15.065590860369
8	2199824	1200	15.695885567715
8	2273887	1220	16.113908463716
8	2349564	1240	16.621185779654
8	2428214	1260	17.3602851155
8	2508032	1280	17.749704191387
8	2589981	1300	18.379405800818
8	2673674	1320	18.48385715676
8	2759799	1340	19.480137975167
8	2848107	1360	20.027557470448
8	2938963	1380	20.372364405596
8	3031073	1400	21.135887604815
8	3125416	1420	21.734669639788
8	3221630	1440	22.235781562368
8	3320655	1460	22.951891167747
8	3421934	1480	23.516792493391
8	3524993	1500	23.663174885064
8	3630485	1520	24.617972451595
8	3737684	1540	24.64473899755
8	3847896	1560	25.370108153746
8	3960277	1580	25.940627055291
8	4075454	1600	25.893457574153
8	4191822	1620	25.806245626354
8	4311093	1640	26.744217991454
8	4432300	1660	26.909593781016
8	4555779	1680	26.810474472225
8	4681490	1700	27.015266847787
8	4809403	1720	27.232633570201
8	4940441	1740	27.819409694074
8	5073441	1760	27.787232895169
8	5208882	1780	28.258771495057
8	5347190	1800	28.439777303766
8	5488163	1820	28.670697363119
8	5630696	1840	29.187816043162
8	5776314	1860	29.035423756842
8	5924410	1880	29.344983984145
8	6075018	1900	29.724098836397
8	6228058	1920	30.181418968843
8	6383774	1940	30.278219794503
8	6541854	1960	30.447708246243
8	6702022	1980	30.45977261242
8	6864992	2000	31.431606684647
9	145796	240	15.05044955045
9	171636	260	20.342577030812
9	198827	280	27.14446002805
9	225919	300	18.595605423095
9	253250	320	21.59529675252
9	280506	340	21.913744740533
9	307700	360	14.845676063067
9	335138	380	25.889585666293
9	362439	400	16.688743994509
9	390117	420	20.905513612446
9	418082	440	22.910526315789
9	446820	460	29.091313131313
9	476315	480	19.424047969703
9	506228	500	19.51303030303
9	536357	520	12.470439722281
9	567690	540	15.112770724421
9	599200	560	14.212774218598
9	631052	580	9.6127707244212
9	664232	600	13.012129380054
9	697593	620	15.221183800623
9	731999	640	13.012374524057
9	767744	660	11.198097179749
9	804134	680	12.830630630631
9	842401	700	19.242921492921
9	881585	720	23.253299177146
9	922114	740	29.83884489986
9	964174	760	37.121721190687
9	1006919	780	41.542028985507
9	1050794	800	49.60973489787
9	1095627	820	53.935261707989
9	1141403	840	58.770247933884
9	1188464	860	64.571349862259
9	1236893	880	54.957864787969
9	1286680	900	76.053935483871
9	1337328	920	82.051243594551
9	1389466	940	81.778543307087
9	1443202	960	98.642576028623
9	1498031	980	119.19639139486
9	1554223	1000	111.3144379845
9	1611457	1020	126.12284204345
9	1670675	1040	130.7788127034
9	1731308	1060	144.99419002051
9	1793433	1080	161.36067914948
9	1856558	1100	157.80566448802
9	1922106	1120	189.45302888124
9	1988834	1140	174.79128319052
9	2057353	1160	223.51992807911
9	2127820	1180	226.97202797203
9	2199824	1200	246.36082375479
9	2273887	1220	259.65804597701
9	2349564	1240	276.26381672178
9	2428214	1260	301.37949929145
9	2508032	1280	315.05199888174
9	2589981	1300	337.80255759115
9	2673674	1320	341.6529753915
9	2759799	1340	379.47577553154
9	2848107	1360	401.10305823209
9	2938963	1380	415.03323147441
9	3031073	1400	446.72574484339
9	3125416	1420	472.3958643507
9	3221630	1440	494.42998168936
9	3320655	1460	526.7893081761
9	3421934	1480	553.03952917721
9	3524993	1500	559.94584564114
9	3630485	1520	606.04456762749
9	3737684	1540	607.36316025737
9	3847896	1560	643.64238773275
9	3960277	1580	672.91613202167
9	4075454	1600	670.47114514445
9	4191822	1620	665.9623133277
9	4311093	1640	715.25319597443
9	4432300	1660	724.12623745931
9	4555779	1680	718.80154142582
9	4681490	1700	729.82464285714
9	4809403	1720	741.61633116883
9	4940441	1740	773.91955572676
9	5073441	1760	772.13031197037
9	5208882	1780	798.55816640986
9	5347190	1800	808.82093308778
9	5488163	1820	822.00888728758
9	5630696	1840	851.92860536945
9	5776314	1860	843.05583273937
9	5924410	1880	861.12808502972
9	6075018	1900	883.5220516359
9	6228058	1920	910.91805097281
9	6383774	1940	916.77059392422
9	6541854	1960	927.06293744833
9	6702022	1980	927.79774760035
9	6864992	2000	987.94589877836
10	145796	240	194.0388611735
10	171636	260	234.7977532869
10	198827	280	435.83839109155
10	225919	300	239.09423592798
10	253250	320	388.82751968933
10	280506	340	335.96063810998
10	307700	360	237.63688358696
10	335138	380	236.26677954769
10	362439	400	289.53162234825
10	390117	420	439.47419111116
10	418082	440	193.19232283814
10	446820	460	288.53951476844
10	476315	480	289.16857879853
10	506228	500	141.76823962057
10	536357	520	444.09679214811
10	567690	540	349.6468744017
10	599200	560	586.22777375144
10	631052	580	387.21486057951
10	664232	600	298.05842671671
10	697593	620	142.30626638484
10	731999	640	146.96551953347
10	767744	660	290.76774272565
10	804134	680	339.24627357465
10	842401	700	238.73115792186
10	881585	720	205.58142349609
10	922114	740	242.51290235438
10	964174	760	448.79522900283
10	1006919	780	256.51534037191
10	1050794	800	294.27309081642
10	1095627	820	338.14967652785
10	1141403	840	408.42889996045
10	1188464	860	200.10404045903
10	1236893	880	304.99050399819
10	1286680	900	437.203666115
10	1337328	920	489.75120788229
10	1389466	940	340.83844116837
10	1443202	960	388.43682160464
10	1498031	980	290.88445924783
10	1554223	1000	398.76660715615
10	1611457	1020	309.41737563016
10	1670675	1040	295.70539102691
10	1731308	1060	308.36429078633
10	1793433	1080	359.11090580661
10	1856558	1100	394.69390619981
10	1922106	1120	350.06092563596
10	1988834	1140	386.67413607701
10	2057353	1160	450.86431691552
10	2127820	1180	495.36404626886
10	2199824	1200	495.65400856943
10	2273887	1220	440.92159114914
10	2349564	1240	400.7152902363
10	2428214	1260	341.76572346031
10	2508032	1280	400.23875662103
10	2589981	1300	500.95028136853
10	2673674	1320	494.67266147752
10	2759799	1340	291.11552433157
10	2848107	1360	498.36022166197
10	2938963	1380	454.56484558056
10	3031073	1400	703.60265789605
10	3125416	1420	402.07165953859
10	3221630	1440	498.73873661225
10	3320655	1460	154.31794125566
10	3421934	1480	499.49204569781
10	3524993	1500	354.53153817791
10	3630485	1520	496.69739709506
10	3737684	1540	449.76989117054
10	3847896	1560	451.16607696047
10	3960277	1580	455.19444956843
10	4075454	1600	509.46006534481
10	4191822	1620	346.01815077812
10	4311093	1640	488.5198728134
10	4432300	1660	452.99439964043
10	4555779	1680	658.56907082319
10	4681490	1700	395.08487798156
10	4809403	1720	408.84427366719
10	4940441	1740	354.31974441776
10	5073441	1760	709.75873169136
10	5208882	1780	353.67866379557
10	5347190	1800	351.38914758294
10	5488163	1820	245.12882729046
10	5630696	1840	455.76071316701
10	5776314	1860	411.09245050777
10	5924410	1880	512.45176064247
10	6075018	1900	561.07572124034
10	6228058	1920	357.29446093021
10	6383774	1940	300.99475395471
10	6541854	1960	550.44564207244
10	6702022	1980	650.05829478676
10	6864992	2000	610.84180673812
11	145796	240	48.509715293376
11	171636	260	46.959550657381
11	198827	280	48.426487899061
11	225919	300	47.818847185597
11	253250	320	48.603439961167
11	280506	340	47.994376872855
11	307700	360	47.527376717392
11	335138	380	47.253355909538
11	362439	400	48.255270391375
11	390117	420	48.830465679017
11	418082	440	48.298080709535
11	446820	460	48.089919128073
11	476315	480	48.194763133088
11	506228	500	47.256079873522
11	536357	520	49.344088016457
11	567690	540	49.949553485957
11	599200	560	48.852314479287
11	631052	580	48.401857572439
11	664232	600	49.676404452785
11	697593	620	47.43542212828
11	731999	640	48.988506511158
11	767744	660	48.461290454274
11	804134	680	48.463753367807
11	842401	700	47.746231584372
11	881585	720	51.395355874022
11	922114	740	48.502580470876
11	964174	760	49.86613655587
11	1006919	780	51.303068074383
11	1050794	800	49.04551513607
11	1095627	820	48.307096646835
11	1141403	840	51.053612495056
11	1188464	860	50.026010114757
11	1236893	880	50.831750666366
11	1286680	900	48.578185123889
11	1337328	920	48.975120788229
11	1389466	940	48.691205881196
11	1443202	960	48.554602700579
11	1498031	980	48.480743207972
11	1554223	1000	49.845825894519
11	1611457	1020	51.569562605027
11	1670675	1040	49.284231837818
11	1731308	1060	51.394048464388
11	1793433	1080	51.301557972374
11	1856558	1100	49.336738274977
11	1922106	1120	50.00870366228
11	1988834	1140	48.334267009627
11	2057353	1160	50.096035212836
11	2127820	1180	49.536404626886
11	2199824	1200	49.565400856943
11	2273887	1220	48.99128790546
11	2349564	1240	50.089411279538
11	2428214	1260	48.823674780045
11	2508032	1280	50.029844577629
11	2589981	1300	50.095028136853
11	2673674	1320	49.467266147752
11	2759799	1340	48.519254055261
11	2848107	1360	49.836022166197
11	2938963	1380	50.507205064507
11	3031073	1400	50.257332706861
11	3125416	1420	50.258957442324
11	3221630	1440	49.873873661225
11	3320655	1460	51.439313751886
11	3421934	1480	49.949204569781
11	3524993	1500	50.647362596845
11	3630485	1520	49.669739709506
11	3737684	1540	49.974432352282
11	3847896	1560	50.129564106719
11	3960277	1580	50.577161063158
11	4075454	1600	50.946006534481
11	4191822	1620	49.431164396875
11	4311093	1640	48.85198728134
11	4432300	1660	50.332711071159
11	4555779	1680	50.659159294091
11	4681490	1700	49.385609747695
11	4809403	1720	51.105534208399
11	4940441	1740	50.617106345394
11	5073441	1760	50.697052263668
11	5208882	1780	50.525523399367
11	5347190	1800	50.198449654706
11	5488163	1820	49.025765458092
11	5630696	1840	50.640079240778
11	5776314	1860	51.386556313471
11	5924410	1880	51.245176064247
11	6075018	1900	51.006883749122
11	6228058	1920	51.042065847173
11	6383774	1940	50.165792325785
11	6541854	1960	50.040512915676
11	6702022	1980	50.004484214366
11	6864992	2000	50.903483894844
12	145796	240	2.7863444526042
12	171636	260	1.0796917150957
12	198827	280	1.5106390231665
12	225919	300	0.53720601283069
12	253250	320	0.92539914771135
12	280506	340	1.7553723317371
12	307700	360	1.7134638439259
12	335138	380	0.78029340668351
12	362439	400	1.6308620537121
12	390117	420	3.0312440042225
12	418082	440	1.7170576513066
12	446820	460	1.1057774375244
12	476315	480	1.190878007881
12	506228	500	1.2682097699314
12	536357	520	2.4212111637987
12	567690	540	4.4176043294677
12	599200	560	1.841940120241
12	631052	580	2.2574760374793
12	664232	600	2.5032902167278
12	697593	620	1.0278610507822
12	731999	640	1.8727672955906
12	767744	660	2.9602304859457
12	804134	680	1.8717075477359
12	842401	700	1.6643612486367
12	881585	720	3.5882267751885
12	922114	740	1.6240841728603
12	964174	760	2.5773022264933
12	1006919	780	1.8074146426814
12	1050794	800	1.4323023107269
12	1095627	820	1.6401713088372
12	1141403	840	4.1256039038989
12	1188464	860	4.6208605529732
12	1236893	880	3.3899536423535
12	1286680	900	2.5756409407697
12	1337328	920	3.068882232208
12	1389466	940	3.3125625696473
12	1443202	960	1.87874481663
12	1498031	980	2.3080282771208
12	1554223	1000	2.4562864825588
12	1611457	1020	3.7038773847321
12	1670675	1040	2.2758912856596
12	1731308	1060	2.0934783331486
12	1793433	1080	3.7196935773629
12	1856558	1100	3.4994990262439
12	1922106	1120	4.1695100209579
12	1988834	1140	2.1138532013274
12	2057353	1160	3.0463666742949
12	2127820	1180	2.2789257145259
12	2199824	1200	2.421692062793
12	2273887	1220	2.4447692401127
12	2349564	1240	2.0976859730418
12	2428214	1260	1.9505750137556
12	2508032	1280	3.6569821799058
12	2589981	1300	2.0102427029953
12	2673674	1320	3.8525343129598
12	2759799	1340	2.1764439101093
12	2848107	1360	2.7507970632357
12	2938963	1380	2.0129942079542
12	3031073	1400	4.5536859437433
12	3125416	1420	2.1903317380036
12	3221630	1440	2.8420997604873
12	3320655	1460	5.278936102679
12	3421934	1480	2.0375306933343
12	3524993	1500	3.9484372400135
12	3630485	1520	2.5946341825553
12	3737684	1540	1.6341758631312
12	3847896	1560	1.9500078774298
12	3960277	1580	1.4765557393047
12	4075454	1600	3.2504115286545
12	4191822	1620	2.5874943199959
12	4311093	1640	2.1948409659586
12	4432300	1660	1.4122891539601
12	4555779	1680	3.3769849678208
12	4681490	1700	1.779676238221
12	4809403	1720	2.5140141986109
12	4940441	1740	2.8364486592135
12	5073441	1760	1.4837341398407
12	5208882	1780	2.3302030754699
12	5347190	1800	1.8349752283911
12	5488163	1820	2.3642981007829
12	5630696	1840	1.1420800423781
12	5776314	1860	2.3164124522791
12	5924410	1880	2.339230810935
12	6075018	1900	2.6261306782484
12	6228058	1920	2.7251795719269
12	6383774	1940	1.8652921770993
12	6541854	1960	1.9092462299054
12	6702022	1980	1.9465121775294
12	6864992	2000	2.4077330895495
13	145796	240	7.7637154085584
13	171636	260	1.1657341996463
13	198827	280	2.2820302583134
13	225919	300	0.28859030022145
13	253250	320	0.8563635825849
13	280506	340	3.0813320230281
13	307700	360	2.9359583444412
13	335138	380	0.60885780051376
13	362439	400	2.659711038238
13	390117	420	9.1884402131348
13	418082	440	2.9482869779107
13	446820	460	1.2227437413381
13	476315	480	1.4181904296546
13	506228	500	1.6083560205495
13	536357	520	5.8622634997036
13	567690	540	19.515228011732
13	599200	560	3.3927434065536
13	631052	580	5.0961980597932
13	664232	600	6.266461909165
13	697593	620	1.0564983397151
13	731999	640	3.5072573434337
13	767744	660	8.7629645299223
13	804134	680	3.5032891442515
13	842401	700	2.7700983659636
13	881585	720	12.87537139018
13	922114	740	2.6376494005354
13	964174	760	6.6424867666871
13	1006919	780	3.2667476905792
13	1050794	800	2.0514899093135
13	1095627	820	2.6901619223326
13	1141403	840	17.020607571866
13	1188464	860	21.352352250024
13	1236893	880	11.491785697306
13	1286680	900	6.6339262557688
13	1337328	920	9.4180381551622
13	1389466	940	10.973070777828
13	1443202	960	3.5296820860142
13	1498031	980	5.3269945279893
13	1554223	1000	6.0333432844011
13	1611457	1020	13.71870768113
13	1670675	1040	5.1796811441414
13	1731308	1060	4.3826515313625
13	1793433	1080	13.836120309475
13	1856558	1100	12.246493434682
13	1922106	1120	17.384813814869
13	1988834	1140	4.4683753567623
13	2057353	1160	9.2803499142545
13	2127820	1180	5.1935024123272
13	2199824	1200	5.8645924469949
13	2273887	1220	5.9768966374014
13	2349564	1240	4.4002864414965
13	2428214	1260	3.8047428842876
13	2508032	1280	13.373518664149
13	2589981	1300	4.0410757249459
13	2673674	1320	14.842020632532
13	2759799	1340	4.7369080938521
13	2848107	1360	7.5668844831061
13	2938963	1380	4.0521456812572
13	3031073	1400	20.736055674245
13	3125416	1420	4.7975531225057
13	3221630	1440	8.0775310485621
13	3320655	1460	27.867166376168
13	3421934	1480	4.1515313262792
13	3524993	1500	15.590156638326
13	3630485	1520	6.7321265412845
13	3737684	1540	2.6705307516405
13	3847896	1560	3.8025307220384
13	3960277	1580	2.1802168512737
13	4075454	1600	10.56517510561
13	4191822	1620	6.6951268560112
13	4311093	1640	4.8173268658503
13	4432300	1660	1.9945606543932
13	4555779	1680	11.404027472888
13	4681490	1700	3.1672475128884
13	4809403	1720	6.320267390817
13	4940441	1740	8.0454409963538
13	5073441	1760	2.2014669977288
13	5208882	1780	5.4298463729292
13	5347190	1800	3.3671340888089
13	5488163	1820	5.5899055093654
13	5630696	1840	1.3043468231985
13	5776314	1860	5.3657666490739
13	5924410	1880	5.4720007868276
13	6075018	1900	6.8965623392376
13	6228058	1920	7.4266036992477
13	6383774	1940	3.4793149059478
13	6541854	1960	3.6452211664081
13	6702022	1980	3.7889096572703
13	6864992	2000	5.7971786305117
14	145796	240	224.82024330657
14	171636	260	223.11146857472
14	198827	280	448.13990179787
14	225919	300	316.52107764898
14	253250	320	543.33663443562
14	280506	340	405.19196128522
14	307700	360	224.65240161696
14	335138	380	311.20521033859
14	362439	400	315.20324035595
14	390117	420	451.89126237301
14	418082	440	180.04535917354
14	446820	460	409.18629685352
14	476315	480	315.32566977661
14	506228	500	270.32925708998
14	536357	520	503.36377628982
14	567690	540	459.91472377827
14	599200	560	590.04944078248
14	631052	580	541.8609852072
14	664232	600	316.54066936464
14	697593	620	133.5885599946
14	731999	640	273.57193838566
14	767744	660	272.18430942514
14	804134	680	492.38226143557
14	842401	700	270.43594595696
14	881585	720	228.70028981029
14	922114	740	270.21739004855
14	964174	760	463.69961775737
14	1006919	780	276.45555897504
14	1050794	800	270.66695948055
14	1095627	820	363.83601993428
14	1141403	840	409.59049823314
14	1188464	860	315.40677746339
14	1236893	880	320.89443310956
14	1286680	900	453.45634324733
14	1337328	920	501.15265530534
14	1389466	940	404.63997664428
14	1443202	960	410.98752191914
14	1498031	980	272.91519628983
14	1554223	1000	456.2927518555
14	1611457	1020	365.2697309435
14	1670675	1040	319.88543295391
14	1731308	1060	410.43584082263
14	1793433	1080	359.18921742664
14	1856558	1100	453.81917355704
14	1922106	1120	500.30146008196
14	1988834	1140	498.00822063331
14	2057353	1160	545.10718765174
14	2127820	1180	503.48896073674
14	2199824	1200	503.388160344
14	2273887	1220	544.74771976619
14	2349564	1240	456.53612604735
14	2428214	1260	410.48287054957
14	2508032	1280	543.54281316124
14	2589981	1300	548.03081832346
14	2673674	1320	594.24475705279
14	2759799	1340	270.81351466071
14	2848107	1360	595.4734376667
14	2938963	1380	687.29842968364
14	3031073	1400	685.11670217488
14	3125416	1420	457.06577857213
14	3221630	1440	455.28451789387
14	3320655	1460	227.75879713952
14	3421934	1480	549.50153085571
14	3524993	1500	317.07024108008
14	3630485	1520	589.11812228389
14	3737684	1540	413.30097819231
14	3847896	1560	412.71727821007
14	3960277	1580	461.34580083873
14	4075454	1600	500.88695242302
14	4191822	1620	363.51304930242
14	4311093	1640	498.97384171839
14	4432300	1660	499.71420054025
14	4555779	1680	683.61676834487
14	4681490	1700	408.34363196783
14	4809403	1720	506.01008756771
14	4940441	1740	364.80582235408
14	5073441	1760	685.4725493028
14	5208882	1780	361.97201624664
14	5347190	1800	411.65537105279
14	5488163	1820	452.63698633523
14	5630696	1840	499.80662918891
14	5776314	1860	502.11012976809
14	5924410	1880	549.28041831566
14	6075018	1900	776.01703947621
14	6228058	1920	318.53179550993
14	6383774	1940	365.60676356778
14	6541854	1960	593.26871208031
14	6702022	1980	816.51987499755
14	6864992	2000	589.14271756856
15	145796	240	44.964048661314
15	171636	260	44.622293714945
15	198827	280	44.813990179787
15	225919	300	45.217296806997
15	253250	320	45.278052869635
15	280506	340	45.021329031691
15	307700	360	44.930480323392
15	335138	380	44.457887191227
15	362439	400	45.029034336564
15	390117	420	45.189126237301
15	418082	440	45.011339793384
15	446820	460	45.465144094835
15	476315	480	45.046524253802
15	506228	500	45.054876181664
15	536357	520	45.760343299075
15	567690	540	45.991472377827
15	599200	560	45.388418521729
15	631052	580	45.1550821006
15	664232	600	45.22009562352
15	697593	620	44.529519998201
15	731999	640	45.595323064276
15	767744	660	45.364051570857
15	804134	680	44.76202376687
15	842401	700	45.072657659494
15	881585	720	45.740057962057
15	922114	740	45.036231674758
15	964174	760	46.369961775737
15	1006919	780	46.07592649584
15	1050794	800	45.111159913424
15	1095627	820	45.479502491785
15	1141403	840	45.510055359238
15	1188464	860	45.058111066199
15	1236893	880	45.842061872794
15	1286680	900	45.345634324733
15	1337328	920	45.559332300485
15	1389466	940	44.95999740492
15	1443202	960	45.665280213237
15	1498031	980	45.485866048305
15	1554223	1000	45.62927518555
15	1611457	1020	45.658716367938
15	1670675	1040	45.697918993416
15	1731308	1060	45.603982313626
15	1793433	1080	44.89865217833
15	1856558	1100	45.381917355704
15	1922106	1120	45.481950916542
15	1988834	1140	45.273474603028
15	2057353	1160	45.425598970979
15	2127820	1180	45.77172370334
15	2199824	1200	45.762560031273
15	2273887	1220	45.395643313849
15	2349564	1240	45.653612604735
15	2428214	1260	45.609207838841
15	2508032	1280	45.295234430103
15	2589981	1300	45.669234860288
15	2673674	1320	45.711135157907
15	2759799	1340	45.135585776785
15	2848107	1360	45.805649051285
15	2938963	1380	45.819895312242
15	3031073	1400	45.674446811658
15	3125416	1420	45.706577857213
15	3221630	1440	45.528451789387
15	3320655	1460	45.551759427904
15	3421934	1480	45.791794237976
15	3524993	1500	45.295748725726
15	3630485	1520	45.316778637222
15	3737684	1540	45.922330910256
15	3847896	1560	45.857475356675
15	3960277	1580	46.134580083873
15	4075454	1600	45.535177493001
15	4191822	1620	45.439131162802
15	4311093	1640	45.361258338036
15	4432300	1660	45.428563685477
15	4555779	1680	45.574451222991
15	4681490	1700	45.371514663092
15	4809403	1720	46.00091705161
15	4940441	1740	45.60072779426
15	5073441	1760	45.69816995352
15	5208882	1780	45.24650203083
15	5347190	1800	45.739485672532
15	5488163	1820	45.263698633523
15	5630696	1840	45.4369662899
15	5776314	1860	45.646375433462
15	5924410	1880	45.773368192972
15	6075018	1900	45.648061145659
15	6228058	1920	45.504542215704
15	6383774	1940	45.700845445973
15	6541854	1960	45.636054775408
15	6702022	1980	45.362215277642
15	6864992	2000	45.318670582197
16	145796	240	0.29910651791646
16	171636	260	0.31218960683523
16	198827	280	0.337145978547
16	225919	300	0.67428680177948
16	253250	320	0.74884509027384
16	280506	340	0.45833417329529
16	307700	360	0.60277812272219
16	335138	380	0.56338171693628
16	362439	400	0.74468101557354
16	390117	420	0.85223732928278
16	418082	440	0.6940535431105
16	446820	460	1.6444556250055
16	476315	480	0.8702391917842
16	506228	500	0.46954735647286
16	536357	520	1.4393873085121
16	567690	540	2.1905033928768
16	599200	560	1.2416552240292
16	631052	580	1.1164256075964
16	664232	600	1.1671161326304
16	697593	620	0.64861502151161
16	731999	640	1.5788375789407
16	767744	660	1.1328326977854
16	804134	680	0.31635882220588
16	842401	700	0.51495667989913
16	881585	720	1.5422466022261
16	922114	740	0.90555833086446
16	964174	760	1.3192107323905
16	1006919	780	1.4320014911385
16	1050794	800	1.2275574144098
16	1095627	820	1.3479992270768
16	1141403	840	1.3718843470891
16	1188464	860	0.99384605717722
16	1236893	880	1.3608047013425
16	1286680	900	1.0014623803882
16	1337328	920	1.3960196989821
16	1389466	940	0.84551226131183
16	1443202	960	1.1969248738541
16	1498031	980	1.5426293562058
16	1554223	1000	1.260068834768
16	1611457	1020	1.4710218489109
16	1670675	1040	1.2519259148149
16	1731308	1060	1.3818485968107
16	1793433	1080	0.2156618701642
16	1856558	1100	0.97910981011555
16	1922106	1120	0.99981648926548
16	1988834	1140	1.0616736941165
16	2057353	1160	1.2272844023116
16	2127820	1180	1.2942083922264
16	2199824	1200	1.0987799395087
16	2273887	1220	1.0729446522351
16	2349564	1240	1.1686129688836
16	2428214	1260	1.0292493474706
16	2508032	1280	1.1412681644471
16	2589981	1300	1.2042094395634
16	2673674	1320	0.87873237816849
16	2759799	1340	0.89480847773343
16	2848107	1360	1.1353565475729
16	2938963	1380	0.99686947283963
16	3031073	1400	0.97690614412963
16	3125416	1420	0.71546130598444
16	3221630	1440	1.0607300087022
16	3320655	1460	1.4049761050187
16	3421934	1480	0.94088813235323
16	3524993	1500	0.91017090955282
16	3630485	1520	0.63391398390075
16	3737684	1540	1.0336439665228
16	3847896	1560	0.93234573978734
16	3960277	1580	1.1512215045367
16	4075454	1600	0.77118438061646
16	4191822	1620	1.0831638513515
16	4311093	1640	0.96453508240785
16	4432300	1660	0.55795131378707
16	4555779	1680	1.0271248141112
16	4681490	1700	0.79565700846458
16	4809403	1720	1.0520662236443
16	4940441	1740	0.70674338324121
16	5073441	1760	0.91148621525908
16	5208882	1780	0.72528101683016
16	5347190	1800	0.84492101867979
16	5488163	1820	1.1441787718654
16	5630696	1840	0.61383810657166
16	5776314	1860	0.58979779828233
16	5924410	1880	0.59984955370951
16	6075018	1900	1.0058581255478
16	6228058	1920	0.73172622341862
16	6383774	1940	1.0879055237303
16	6541854	1960	0.98534343644943
16	6702022	1980	0.62348831521016
16	6864992	2000	0.68652444400262
17	145796	240	0.089464709060111
17	171636	260	0.097462350615934
17	198827	280	0.11366741085042
17	225919	300	0.45466269105399
17	253250	320	0.56076896922723
17	280506	340	0.21007021441028
17	307700	360	0.36334146523249
17	335138	380	0.31739895897807
17	362439	400	0.55454981495563
17	390117	420	0.72630846542305
17	418082	440	0.48171032070424
17	446820	460	2.7042343026124
17	476315	480	0.75731625091721
17	506228	500	0.22047471997065
17	536357	520	2.0718358239058
17	567690	540	4.7983051142049
17	599200	560	1.5417076953591
17	631052	580	1.2464061372969
17	664232	600	1.3621600670461
17	697593	620	0.4207014461305
17	731999	640	2.4927281006753
17	767744	660	1.2833099211718
17	804134	680	0.10008290438749
17	842401	700	0.26518038217273
17	881585	720	2.3785245820779
17	922114	740	0.82003589059803
17	964174	760	1.7403169564542
17	1006919	780	2.0506282706228
17	1050794	800	1.5068972056724
17	1095627	820	1.8171019161996
17	1141403	840	1.8820666617882
17	1188464	860	0.98772998536671
17	1236893	880	1.8517894351959
17	1286680	900	1.0029268993327
17	1337328	920	1.9488709999462
17	1389466	940	0.71489098402864
17	1443202	960	1.4326291536506
17	1498031	980	2.3797053306279
17	1554223	1000	1.5877734683537
17	1611457	1020	2.1639052799732
17	1670675	1040	1.5673184961851
17	1731308	1060	1.9095055445077
17	1793433	1080	0.046510042242718
17	1856558	1100	0.9586560202645
17	1922106	1120	0.99963301220714
17	1988834	1140	1.1271510327791
17	2057353	1160	1.5062270041573
17	2127820	1180	1.6749753625091
17	2199824	1200	1.2073173554668
17	2273887	1220	1.1512102267598
17	2349564	1240	1.3656562710429
17	2428214	1260	1.0593542192686
17	2508032	1280	1.3024930231804
17	2589981	1300	1.4501203743335
17	2673674	1320	0.77217059244165
17	2759799	1340	0.80068221182361
17	2848107	1360	1.2890344901166
17	2938963	1380	0.99374874587957
17	3031073	1400	0.95434561443822
17	3125416	1420	0.51188488036096
17	3221630	1440	1.1251481513613
17	3320655	1460	1.9739578556734
17	3421934	1480	0.88527047760315
17	3524993	1500	0.8284110845962
17	3630485	1520	0.40184693898492
17	3737684	1540	1.068419849529
17	3847896	1560	0.86926857849961
17	3960277	1580	1.3253109525077
17	4075454	1600	0.59472534890679
17	4191822	1620	1.1732439288747
17	4311093	1640	0.93032792519552
17	4432300	1660	0.31130966855672
17	4555779	1680	1.0549853837629
17	4681490	1700	0.6330700751188
17	4809403	1720	1.1068433389332
17	4940441	1740	0.49948620975523
17	5073441	1760	0.83080712060732
17	5208882	1780	0.5260325533742
17	5347190	1800	0.7138915278069
17	5488163	1820	1.3091450619874
17	5630696	1840	0.37679722107948
17	5776314	1860	0.34786144285868
17	5924410	1880	0.3598194870855
17	6075018	1900	1.0117505687305
17	6228058	1920	0.53542326603847
17	6383774	1940	1.1835384285629
17	6541854	1960	0.97090168775398
17	6702022	1980	0.3887376792036
17	6864992	2000	0.47131581221311
18	145796	240	1065.839091978
18	171636	260	1245.6380355629
18	198827	280	1546.8920406329
18	225919	300	1485.7515944699
18	253250	320	1868.7435380055
18	280506	340	1586.804297824
18	307700	360	1694.8355548697
18	335138	380	1736.704270816
18	362439	400	1692.7820038387
18	390117	420	1949.9939373315
18	418082	440	1970.7838729454
18	446820	460	1872.9065478491
18	476315	480	1885.2279362884
18	506228	500	1879.9967084619
18	536357	520	1844.4347091758
18	567690	540	2085.1318728642
18	599200	560	2271.9964598945
18	631052	580	2346.38368837
18	664232	600	2675.3039146898
18	697593	620	2676.9021998742
18	731999	640	2580.3675778428
18	767744	660	2661.7360623208
18	804134	680	2724.03314799
18	842401	700	2778.628297876
18	881585	720	2632.9812100002
18	922114	740	2578.6117643141
18	964174	760	2428.4514905577
18	1006919	780	2399.5175564406
18	1050794	800	2501.532585299
18	1095627	820	2827.3718172279
18	1141403	840	2676.7308313286
18	1188464	860	2660.1856320717
18	1236893	880	2524.3971863307
18	1286680	900	2287.217267528
18	1337328	920	2708.1859407168
18	1389466	940	2759.5026249165
18	1443202	960	2801.7876616891
18	1498031	980	2859.0983612676
18	1554223	1000	2734.5234134336
18	1611457	1020	2991.4494714887
18	1670675	1040	2856.6971862841
18	1731308	1060	2985.9058136139
18	1793433	1080	3121.8845116914
18	1856558	1100	3338.5237848429
18	1922106	1120	3215.3526377989
18	1988834	1140	3131.8545128638
18	2057353	1160	3318.963185569
18	2127820	1180	3396.1551999352
18	2199824	1200	3383.866048725
18	2273887	1220	3606.161786438
18	2349564	1240	3739.0291317943
18	2428214	1260	3537.3827197002
18	2508032	1280	3560.8001011785
18	2589981	1300	3661.2866723774
18	2673674	1320	3389.3210110442
18	2759799	1340	3787.5489046151
18	2848107	1360	3905.4546056007
18	2938963	1380	3436.6017831332
18	3031073	1400	3607.2596712358
18	3125416	1420	3593.5160964188
18	3221630	1440	4061.7607127076
18	3320655	1460	3882.5135155497
18	3421934	1480	3765.9777369303
18	3524993	1500	4112.7847577859
18	3630485	1520	4296.924018517
18	3737684	1540	4142.0179153595
18	3847896	1560	4095.6184083123
18	3960277	1580	3941.5480560754
18	4075454	1600	4189.5612255006
18	4191822	1620	4301.0814806858
18	4311093	1640	4251.8443433815
18	4432300	1660	4140.5145788174
18	4555779	1680	4223.353247001
18	4681490	1700	4406.7122612862
18	4809403	1720	4223.5715377663
18	4940441	1740	4280.5655516442
18	5073441	1760	4452.1126837091
18	5208882	1780	4513.6588810389
18	5347190	1800	4552.8037167155
18	5488163	1820	4683.306569427
18	5630696	1840	4578.0695769845
18	5776314	1860	4450.3728759489
18	5924410	1880	4397.8540707638
18	6075018	1900	4436.311408953
18	6228058	1920	4661.5913076646
18	6383774	1940	4520.5974106704
18	6541854	1960	4643.7583101097
18	6702022	1980	4637.959458751
18	6864992	2000	5007.1958625473
19	145796	240	48.447231453547
19	171636	260	47.909155213958
19	198827	280	48.340376269778
19	225919	300	47.927470789351
19	253250	320	47.916500974499
19	280506	340	48.084978721941
19	307700	360	48.423872996277
19	335138	380	48.241785300445
19	362439	400	48.365200109677
19	390117	420	48.749848433287
19	418082	440	48.067899340131
19	446820	460	48.023244816644
19	476315	480	48.339177853549
19	506228	500	48.205043806716
19	536357	520	48.537755504627
19	567690	540	48.491438903819
19	599200	560	48.340350210522
19	631052	580	48.882993507709
19	664232	600	48.641889357996
19	697593	620	48.670949088622
19	731999	640	48.686180714014
19	767744	660	49.291408561496
19	804134	680	49.527875418
19	842401	700	49.618362462072
19	881585	720	49.678890754721
19	922114	740	49.58868777527
19	964174	760	49.560234501178
19	1006919	780	49.989949092512
19	1050794	800	50.03065170598
19	1095627	820	50.488782450497
19	1141403	840	50.504355308086
19	1188464	860	50.192181737201
19	1236893	880	50.487943726615
19	1286680	900	50.827050389512
19	1337328	920	50.151591494755
19	1389466	940	50.172774998482
19	1443202	960	50.031922530163
19	1498031	980	49.2947993322
19	1554223	1000	49.718607516974
19	1611457	1020	49.857491191479
19	1670675	1040	50.117494496212
19	1731308	1060	50.6085731121
19	1793433	1080	50.352975995022
19	1856558	1100	50.583693709742
19	1922106	1120	50.239884965608
19	1988834	1140	50.513782465546
19	2057353	1160	50.287320993469
19	2127820	1180	50.688883581122
19	2199824	1200	50.505463413806
19	2273887	1220	50.085580367194
19	2349564	1240	50.527420699923
19	2428214	1260	50.53403885286
19	2508032	1280	50.868572873979
19	2589981	1300	50.85120378302
19	2673674	1320	50.586880761853
19	2759799	1340	50.500652061535
19	2848107	1360	50.720189683126
19	2938963	1380	50.538261516665
19	3031073	1400	50.806474242758
19	3125416	1420	50.612902766461
19	3221630	1440	50.772008908845
19	3320655	1460	51.085704151969
19	3421934	1480	50.891591039599
19	3524993	1500	50.775120466493
19	3630485	1520	50.552047276671
19	3737684	1540	50.512413601945
19	3847896	1560	50.563190226077
19	3960277	1580	50.532667385582
19	4075454	1600	50.476641271092
19	4191822	1620	50.600958596303
19	4311093	1640	50.617194564065
19	4432300	1660	50.494080229481
19	4555779	1680	50.883774060254
19	4681490	1700	50.651865072255
19	4809403	1720	50.886404069474
19	4940441	1740	50.95911371005
19	5073441	1760	51.17370900815
19	5208882	1780	51.291578193623
19	5347190	1800	51.155097940623
19	5488163	1820	50.905506189424
19	5630696	1840	50.867439744273
19	5776314	1860	51.153711217803
19	5924410	1880	51.137838032137
19	6075018	1900	50.992085160379
19	6228058	1920	51.226278106204
19	6383774	1940	51.370425121255
19	6541854	1960	51.030311100106
19	6702022	1980	50.966587458803
19	6864992	2000	51.093835332115
20	145796	240	2.3642494034174
20	171636	260	2.3122297390685
20	198827	280	2.06130163471
20	225919	300	2.2699290100069
20	253250	320	2.380526705777
20	280506	340	2.3361224728309
20	307700	360	1.9015318665294
20	335138	380	1.9378424497184
20	362439	400	1.9010634197067
20	390117	420	2.6832005019623
20	418082	440	1.9189891723689
20	446820	460	2.2393846173899
20	476315	480	2.4428707618517
20	506228	500	2.5248363345223
20	536357	520	2.2060518595965
20	567690	540	2.8387054324754
20	599200	560	2.4304316087104
20	631052	580	2.2278075027442
20	664232	600	2.2773189328493
20	697593	620	2.3400105770734
20	731999	640	2.9038338639622
20	767744	660	2.5836897870467
20	804134	680	2.5995105308809
20	842401	700	2.8093472445037
20	881585	720	3.0984990374478
20	922114	740	3.1708922795198
20	964174	760	2.6704013996214
20	1006919	780	3.0228984903732
20	1050794	800	2.6372397498615
20	1095627	820	2.8672374817877
20	1141403	840	3.2710750537388
20	1188464	860	3.212813497721
20	1236893	880	3.2068290890357
20	1286680	900	3.2775304811653
20	1337328	920	2.9315595088811
20	1389466	940	3.5780225782126
20	1443202	960	3.5035902957022
20	1498031	980	3.2501389040098
20	1554223	1000	2.9975915391272
20	1611457	1020	3.3971937372075
20	1670675	1040	3.1027556288304
20	1731308	1060	3.4173591267807
20	1793433	1080	3.0741830363106
20	1856558	1100	3.1754886994425
20	1922106	1120	2.9231332794203
20	1988834	1140	2.5803669472579
20	2057353	1160	2.4151015467634
20	2127820	1180	2.7609140474853
20	2199824	1200	2.8242245802467
20	2273887	1220	3.0110758569989
20	2349564	1240	2.8461212457476
20	2428214	1260	2.9000895305607
20	2508032	1280	2.920949501427
20	2589981	1300	2.8142636321053
20	2673674	1320	2.7176762195044
20	2759799	1340	3.0386999473272
20	2848107	1360	2.8096167078038
20	2938963	1380	3.3520960841855
20	3031073	1400	3.0674284109656
20	3125416	1420	3.2721871484377
20	3221630	1440	3.2608517185004
20	3320655	1460	3.3257369412508
20	3421934	1480	3.3053032177725
20	3524993	1500	3.2995841878528
20	3630485	1520	3.2140489127529
20	3737684	1540	2.9193368771443
20	3847896	1560	2.8048335431738
20	3960277	1580	2.5669496547007
20	4075454	1600	3.0987960842883
20	4191822	1620	2.907325483658
20	4311093	1640	2.5276105679767
20	4432300	1660	2.7985896556587
20	4555779	1680	2.5474904313599
20	4681490	1700	2.7183952019676
20	4809403	1720	2.7120527380396
20	4940441	1740	2.5201750201208
20	5073441	1760	2.2146978812768
20	5208882	1780	2.1291088335304
20	5347190	1800	2.1632803882156
20	5488163	1820	2.1750174666985
20	5630696	1840	2.162672524482
20	5776314	1860	2.0076371584777
20	5924410	1880	2.0376343751326
20	6075018	1900	2.2187080306824
20	6228058	1920	2.1777566476698
20	6383774	1940	2.2782227803683
20	6541854	1960	2.5448531218445
20	6702022	1980	2.5870364717873
20	6864992	2000	2.4667213762453
21	145796	240	5.5896752415594
21	171636	260	5.3464063662328
21	198827	280	4.248964429258
21	225919	300	5.1525777104708
21	253250	320	5.6669073969176
21	280506	340	5.4574682080654
21	307700	360	3.6158234394269
21	335138	380	3.7552333599307
21	362439	400	3.6140421257468
21	390117	420	7.1995649337306
21	418082	440	3.6825194436692
21	446820	460	5.0148434646025
21	476315	480	5.9676175591098
21	506228	500	6.3747985161239
21	536357	520	4.8666648072291
21	567690	540	8.0582485323653
21	599200	560	5.9069978046185
21	631052	580	4.9631262692832
21	664232	600	5.1861815219138
21	697593	620	5.4756495008154
21	731999	640	8.4322511094938
21	767744	660	6.6754529156896
21	804134	680	6.7574550001606
21	842401	700	7.8924319402006
21	881585	720	9.6006962850647
21	922114	740	10.054557848318
21	964174	760	7.1310436350997
21	1006919	780	9.1379152831007
21	1050794	800	6.9550334982494
21	1095627	820	8.2210507769681
21	1141403	840	10.699932007192
21	1188464	860	10.322170571138
21	1236893	880	10.283752806285
21	1286680	900	10.742206054967
21	1337328	920	8.5940411541112
21	1389466	940	12.802245570199
21	1443202	960	12.275144960138
21	1498031	980	10.563402895358
21	1554223	1000	8.9855550354472
21	1611457	1020	11.540925288122
21	1670675	1040	9.6270924922385
21	1731308	1060	11.678343401391
21	1793433	1080	9.4506013407398
21	1856558	1100	10.083728480287
21	1922106	1120	8.5447081692547
21	1988834	1140	6.6582935825012
21	2057353	1160	5.832715481179
21	2127820	1180	7.6226463776015
21	2199824	1200	7.9762444796694
21	2273887	1220	9.0665778166014
21	2349564	1240	8.1004061454961
21	2428214	1260	8.4105192852678
21	2508032	1280	8.5319459898864
21	2589981	1300	7.9200797909907
21	2673674	1320	7.3857640340599
21	2759799	1340	9.2336973698861
21	2848107	1360	7.8939460447705
21	2938963	1380	11.236548157612
21	3031073	1400	9.4091170563987
21	3125416	1420	10.707208734401
21	3221630	1440	10.633153930047
21	3320655	1460	11.0605262024
21	3421934	1480	10.925029361417
21	3524993	1500	10.887255812728
21	3630485	1520	10.330110413568
21	3737684	1540	8.5225278022544
21	3847896	1560	7.867091204913
21	3960277	1580	6.5892305297683
21	4075454	1600	9.6025371720008
21	4191822	1620	8.4525414679272
21	4311093	1640	6.3888151833475
21	4432300	1660	7.8321040607597
21	4555779	1680	6.4897074978704
21	4681490	1700	7.3896724740807
21	4809403	1720	7.355230053908
21	4940441	1740	6.3512821320407
21	5073441	1760	4.9048867053318
21	5208882	1780	4.5331044250173
21	5347190	1800	4.6797820380383
21	5488163	1820	4.7307009804434
21	5630696	1840	4.6771524481495
21	5776314	1860	4.0306069601003
21	5924410	1880	4.1519538467222
21	6075018	1900	4.9226653254144
21	6228058	1920	4.7426240164699
21	6383774	1940	5.1902990369892
21	6541854	1960	6.4762774117617
21	6702022	1980	6.6927577063575
21	6864992	2000	6.0847143480253
22	145796	240	3275.7856224259
22	171636	260	3590.1540723989
22	198827	280	3739.7097283094
22	225919	300	3876.1017242067
22	253250	320	3737.3354390462
22	280506	340	3784.8644523737
22	307700	360	3914.7364216252
22	335138	380	3978.2745974836
22	362439	400	3922.1470297407
22	390117	420	3788.402581706
22	418082	440	4153.1833345014
22	446820	460	4128.0106520118
22	476315	480	4115.6939120713
22	506228	500	4259.3197024134
22	536357	520	3933.3340505172
22	567690	540	4272.8162534301
22	599200	560	4036.7157899875
22	631052	580	4189.2324954198
22	664232	600	4499.6465304907
22	697593	620	4773.8580932389
22	731999	640	4638.3273847899
22	767744	660	4686.3727916372
22	804134	680	4558.7203532812
22	842401	700	4826.3780060511
22	881585	720	4963.1776301676
22	922114	740	4914.2760551951
22	964174	760	4862.031985778
22	1006919	780	4951.1042772798
22	1050794	800	5094.5983508036
22	1095627	820	5154.8954287989
22	1141403	840	5103.6086538214
22	1188464	860	5196.3977887204
22	1236893	880	5243.7186200218
22	1286680	900	5241.2563430625
22	1337328	920	5297.458160629
22	1389466	940	5436.8950129828
22	1443202	960	5526.8204130286
22	1498031	980	5755.6998567589
22	1554223	1000	5429.2600366015
22	1611457	1020	5613.4002628848
22	1670675	1040	5805.9354103501
22	1731308	1060	5661.9190958801
22	1793433	1080	5949.2708382388
22	1856558	1100	5765.2928561993
22	1922106	1120	5851.7849595233
22	1988834	1140	5806.1328243573
22	2057353	1160	5938.2438951458
22	2127820	1180	6079.8791923193
22	2199824	1200	6128.0586320529
22	2273887	1220	6077.8169070143
22	2349564	1240	6210.9655352667
22	2428214	1260	6255.9134082366
22	2508032	1280	6169.0004429877
22	2589981	1300	6258.626027318
22	2673674	1320	6254.3738059642
22	2759799	1340	6664.710492197
22	2848107	1360	6482.6680794674
22	2938963	1380	6342.2923718486
22	3031073	1400	6341.2212404499
22	3125416	1420	6657.1086157127
22	3221630	1440	6804.0471400207
22	3320655	1460	7076.1292846703
22	3421934	1480	6849.4257590526
22	3524993	1500	7118.7812659213
22	3630485	1520	6942.570070706
22	3737684	1540	7070.5507674084
22	3847896	1560	7157.9232144849
22	3960277	1580	7204.8320841495
22	4075454	1600	7252.5893881551
22	4191822	1620	7345.3935354424
22	4311093	1640	7341.0543809839
22	4432300	1660	7437.2089139352
22	4555779	1680	7254.8835525411
22	4681490	1700	7621.4599527554
22	4809403	1720	7525.6483081528
22	4940441	1740	7703.381769907
22	5073441	1760	7479.0112571404
22	5208882	1780	7704.9711266819
22	5347190	1800	7844.2008296237
22	5488163	1820	7891.1162658349
22	5630696	1840	7889.3336411897
22	5776314	1860	7892.5316822308
22	5924410	1880	7783.9358816622
22	6075018	1900	7746.0275713375
22	6228058	1920	8251.1772215732
22	6383774	1940	8198.1478361817
22	6541854	1960	8107.0438980909
22	6702022	1980	7934.1524375281
22	6864992	2000	8157.6069118167
23	145796	240	44.87377564967
23	171636	260	44.876925904986
23	198827	280	45.056743714572
23	225919	300	45.070950281474
23	253250	320	45.028137819834
23	280506	340	45.057910147306
23	307700	360	44.996970363508
23	335138	380	45.207665880496
23	362439	400	45.082149767135
23	390117	420	45.100030734595
23	418082	440	45.143297114146
23	446820	460	45.362754417712
23	476315	480	45.227405627157
23	506228	500	45.311911727802
23	536357	520	45.210736212841
23	567690	540	45.455492057767
23	599200	560	45.356357190871
23	631052	580	45.53513581978
23	664232	600	45.450975055461
23	697593	620	45.465315173703
23	731999	640	45.473797890097
23	767744	660	45.498764967352
23	804134	680	45.587203532812
23	842401	700	45.531867981615
23	881585	720	45.533739726308
23	922114	740	45.502556066621
23	964174	760	45.439551268953
23	1006919	780	45.422975020916
23	1050794	800	45.487485275032
23	1095627	820	45.618543617689
23	1141403	840	45.567934409119
23	1188464	860	45.582436743161
23	1236893	880	45.597553217581
23	1286680	900	45.576142113587
23	1337328	920	45.667742764043
23	1389466	940	45.68819338641
23	1443202	960	45.676201760567
23	1498031	980	45.680157593324
23	1554223	1000	45.624033921021
23	1611457	1020	45.637400511259
23	1670675	1040	45.71602685315
23	1731308	1060	45.660637870001
23	1793433	1080	45.763621832606
23	1856558	1100	45.756292509518
23	1922106	1120	45.717069996276
23	1988834	1140	45.717581294152
23	2057353	1160	45.678799193429
23	2127820	1180	45.71337738586
23	2199824	1200	45.731780836216
23	2273887	1220	45.697871481311
23	2349564	1240	45.668864229902
23	2428214	1260	45.663601519975
23	2508032	1280	45.696299577686
23	2589981	1300	45.683401659255
23	2673674	1320	45.652363547184
23	2759799	1340	45.648702001349
23	2848107	1360	45.652592108925
23	2938963	1380	45.62800267517
23	3031073	1400	45.620296693884
23	3125416	1420	45.596634354197
23	3221630	1440	45.664745906179
23	3320655	1460	45.652446997873
23	3421934	1480	45.662838393684
23	3524993	1500	45.633213243085
23	3630485	1520	45.67480309675
23	3737684	1540	45.616456563925
23	3847896	1560	45.591867608184
23	3960277	1580	45.600203064237
23	4075454	1600	45.613769736824
23	4191822	1620	45.62356233194
23	4311093	1640	45.596611062012
23	4432300	1660	45.627048551749
23	4555779	1680	45.628198443655
23	4681490	1700	45.637484747038
23	4809403	1720	45.609989746381
23	4940441	1740	45.582140650337
23	5073441	1760	45.603727177685
23	5208882	1780	45.591545128295
23	5347190	1800	45.605818776882
23	5488163	1820	45.613388819855
23	5630696	1840	45.603084631154
23	5776314	1860	45.621570417519
23	5924410	1880	45.520092875217
23	6075018	1900	45.564868066691
23	6228058	1920	45.58661448383
23	6383774	1940	45.545265756565
23	6541854	1960	45.545190438713
23	6702022	1980	45.598577227173
23	6864992	2000	45.573222971043
24	145796	240	0.43471955573835
24	171636	260	0.40311114653912
24	198827	280	0.80007230147855
24	225919	300	0.71633031996633
24	253250	320	0.70497879248917
24	280506	340	0.77781385791054
24	307700	360	0.59691018644397
24	335138	380	1.1195267277061
24	362439	400	0.79193039097546
24	390117	420	0.98967432299225
24	418082	440	1.0446211396242
24	446820	460	1.557439151578
24	476315	480	1.1660439269904
24	506228	500	1.3064679284956
24	536357	520	1.1596694759355
24	567690	540	1.416337306039
24	599200	560	1.2727853927111
24	631052	580	1.4926891237599
24	664232	600	1.3293275530904
24	697593	620	1.2936977291587
24	731999	640	1.2656566481487
24	767744	660	1.3069590303189
24	804134	680	1.3056252704333
24	842401	700	1.2438237141598
24	881585	720	1.2858635322239
24	922114	740	1.1991294284733
24	964174	760	1.1622246455511
24	1006919	780	1.1039010793186
24	1050794	800	1.1418376263186
24	1095627	820	1.20972878696
24	1141403	840	1.2181747169723
24	1188464	860	1.1760215307362
24	1236893	880	1.1891160452115
24	1286680	900	1.1806341398772
24	1337328	920	1.2216660053752
24	1389466	940	1.1985817345527
24	1443202	960	1.2267112050856
24	1498031	980	1.2357340324045
24	1554223	1000	1.1668329278788
24	1611457	1020	1.11132123673
24	1670675	1040	1.177228023262
24	1731308	1060	1.1480477791326
24	1793433	1080	1.1942787954725
24	1856558	1100	1.1633662469404
24	1922106	1120	1.1477799020874
24	1988834	1140	1.1260535609147
24	2057353	1160	1.0768317521057
24	2127820	1180	1.085228964795
24	2199824	1200	1.0869425458654
24	2273887	1220	1.0633489228284
24	2349564	1240	1.0301216415217
24	2428214	1260	1.0338780918833
24	2508032	1280	1.0237936830272
24	2589981	1300	1.0543246801501
24	2673674	1320	1.0467166573595
24	2759799	1340	0.982841870477
24	2848107	1360	1.0337327949489
24	2938963	1380	0.96536468964006
24	3031073	1400	0.93935157985798
24	3125416	1420	0.91689033759172
24	3221630	1440	0.95049870051199
24	3320655	1460	0.96732668311156
24	3421934	1480	1.0130215569978
24	3524993	1500	0.91968505811903
24	3630485	1520	0.97052685935425
24	3737684	1540	0.91251641248708
24	3847896	1560	0.91957777063973
24	3960277	1580	0.87497002640572
24	4075454	1600	0.90932141203154
24	4191822	1620	0.89598474718895
24	4311093	1640	0.90853139134319
24	4432300	1660	0.92661666665438
24	4555779	1680	0.90262092201585
24	4681490	1700	0.91869952020479
24	4809403	1720	0.89678038237103
24	4940441	1740	0.86478501601779
24	5073441	1760	0.88425773480591
24	5208882	1780	0.87276200288427
24	5347190	1800	0.85074325737736
24	5488163	1820	0.85705169956794
24	5630696	1840	0.92015069623756
24	5776314	1860	0.87273428971567
24	5924410	1880	0.80540319552117
24	6075018	1900	0.81686903198346
24	6228058	1920	0.79217408733141
24	6383774	1940	0.77139267960273
24	6541854	1960	0.80345606021182
24	6702022	1980	0.82498052747726
24	6864992	2000	0.86716194555183
25	145796	240	0.18898109214135
25	171636	260	0.16249859646408
25	198827	280	0.64011568759319
25	225919	300	0.51312912730306
25	253250	320	0.49699509785948
25	280506	340	0.60499439755768
25	307700	360	0.35630177068058
25	335138	380	1.2533400940484
25	362439	400	0.62715374415055
25	390117	420	0.97945526559017
25	418082	440	1.0912333253497
25	446820	460	2.4256167108679
25	476315	480	1.3596584396712
25	506228	500	1.7068584481876
25	536357	520	1.3448332934164
25	567690	540	2.0060113644777
25	599200	560	1.6199826558988
25	631052	580	2.2281208201911
25	664232	600	1.7671117434052
25	697593	620	1.6736538144303
25	731999	640	1.6018867510029
25	767744	660	1.7081419069322
25	804134	680	1.7046573467941
25	842401	700	1.5470974319062
25	881585	720	1.6534450235034
25	922114	740	1.4379113862308
25	964174	760	1.3507661267265
25	1006919	780	1.2185975929207
25	1050794	800	1.3037931648769
25	1095627	820	1.4634437379998
25	1141403	840	1.4839496410706
25	1188464	860	1.3830266407551
25	1236893	880	1.4139969689794
25	1286680	900	1.3938969722435
25	1337328	920	1.4924678286893
25	1389466	940	1.4365981744033
25	1443202	960	1.5048203806826
25	1498031	980	1.5270385988426
25	1554223	1000	1.3614990815823
25	1611457	1020	1.2350348912071
25	1670675	1040	1.3858658187533
25	1731308	1060	1.3180137031714
25	1793433	1080	1.4263018413152
25	1856558	1100	1.3534210245203
25	1922106	1120	1.3173987036357
25	1988834	1140	1.2679966220486
25	2057353	1160	1.159566622343
25	2127820	1180	1.1777219060301
25	2199824	1200	1.1814440980123
25	2273887	1220	1.1307109316804
25	2349564	1240	1.0611505963313
25	2428214	1260	1.0689039088762
25	2508032	1280	1.0481535054063
25	2589981	1300	1.1116005311737
25	2673674	1320	1.0956157607939
25	2759799	1340	0.96597814236273
25	2848107	1360	1.068603491353
25	2938963	1380	0.93192898400386
25	3031073	1400	0.88238139058169
25	3125416	1420	0.84068789116906
25	3221630	1440	0.90344777967498
25	3320655	1460	0.93572091185962
25	3421934	1480	1.0262126749422
25	3524993	1500	0.84582060612741
25	3630485	1520	0.94192238472802
25	3737684	1540	0.83268620305829
25	3847896	1560	0.84562327625474
25	3960277	1580	0.76557254710842
25	4075454	1600	0.82686543037904
25	4191822	1620	0.80278866719524
25	4311093	1640	0.82542928905599
25	4432300	1660	0.85861844692167
25	4555779	1680	0.81472452886074
25	4681490	1700	0.84400880842451
25	4809403	1720	0.80421505420553
25	4940441	1740	0.74785312392889
25	5073441	1760	0.78191174156409
25	5208882	1780	0.76171351367856
25	5347190	1800	0.72376408997304
25	5488163	1820	0.73453761573229
25	5630696	1840	0.84667730378646
25	5776314	1860	0.76166514044551
25	5924410	1880	0.64867430735572
25	6075018	1900	0.66727501541359
25	6228058	1920	0.62753978463936
25	6383774	1940	0.59504666614468
25	6541854	1960	0.64554164069111
25	6702022	1980	0.68059287071666
25	6864992	2000	0.75196983981324
