version 2
run statisticRVV-90-20150325-03:58:38-7960
attr c 4
attr configname statisticRVV
attr datetime 20150325-03:58:38
attr experiment statisticRVV
attr inifile omnetpp.ini
attr iterationvars "$sc=\"erlangen-low.launchd.xml\", $p=1/5, $c=4"
attr iterationvars2 "$sc=\"erlangen-low.launchd.xml\", $p=1/5, $c=4, $repetition=0"
attr measurement "$sc=\"erlangen-low.launchd.xml\", $p=1/5, $c=4"
attr network RSUExampleScenario
attr p 1/5
attr processid 7960
attr repetition 0
attr replication #0
attr resultdir results
attr runnumber 90
attr sc "\"erlangen-low.launchd.xml\""
attr seedset 90

vector 0  RSUExampleScenario.rsu[0].appl  Number_CH  ETV
vector 1  RSUExampleScenario.rsu[0].appl  Number_ON  ETV
vector 2  RSUExampleScenario.rsu[0].appl  Number_FN  ETV
vector 3  RSUExampleScenario.rsu[0].appl  Number_CH_Losts  ETV
vector 4  RSUExampleScenario.rsu[0].appl  Mean_Cluster_Size  ETV
vector 5  RSUExampleScenario.rsu[0].appl  StdDev_Cluster_Size  ETV
vector 6  RSUExampleScenario.rsu[0].appl  Variance_Cluster_Size  ETV
vector 7  RSUExampleScenario.rsu[0].appl  Mean_Neighbors  ETV
vector 8  RSUExampleScenario.rsu[0].appl  StdDev_Neighbors  ETV
vector 9  RSUExampleScenario.rsu[0].appl  Variance_Neighbors  ETV
vector 10  RSUExampleScenario.rsu[0].appl  Total_CH_Utility  ETV
vector 11  RSUExampleScenario.rsu[0].appl  Mean_CH_Utility  ETV
vector 12  RSUExampleScenario.rsu[0].appl  StdDev_CH_Utility  ETV
vector 13  RSUExampleScenario.rsu[0].appl  Variance_CH_Utility  ETV
vector 14  RSUExampleScenario.rsu[0].appl  Total_exp_CH_Utility  ETV
vector 15  RSUExampleScenario.rsu[0].appl  Mean_exp_CH_Utility  ETV
vector 16  RSUExampleScenario.rsu[0].appl  StdDev_exp_CH_Utility  ETV
vector 17  RSUExampleScenario.rsu[0].appl  Variance_exp_CH_Utility  ETV
vector 18  RSUExampleScenario.rsu[0].appl  Total_ON_Utility  ETV
vector 19  RSUExampleScenario.rsu[0].appl  Mean_ON_Utility  ETV
vector 20  RSUExampleScenario.rsu[0].appl  StdDev_ON_Utility  ETV
vector 21  RSUExampleScenario.rsu[0].appl  Variance_ON_Utility  ETV
vector 22  RSUExampleScenario.rsu[0].appl  Total_exp_ON_Utility  ETV
vector 23  RSUExampleScenario.rsu[0].appl  Mean_exp_ON_Utility  ETV
vector 24  RSUExampleScenario.rsu[0].appl  StdDev_exp_ON_Utility  ETV
vector 25  RSUExampleScenario.rsu[0].appl  Variance_exp_ON_Utility  ETV
0	34702	240	5
0	39970	260	5
0	45355	280	6
0	50568	300	6
0	55780	320	5
0	61066	340	6
0	66358	360	9
0	71789	380	4
0	77156	400	4
0	82588	420	10
0	87951	440	8
0	93172	460	7
0	98465	480	2
0	103717	500	9
0	108997	520	5
0	114369	540	5
0	119700	560	6
0	125084	580	7
0	130401	600	6
0	135776	620	9
0	141103	640	6
0	146433	660	5
0	151817	680	9
0	157128	700	7
0	162447	720	4
0	167725	740	9
0	172997	760	7
0	178249	780	6
0	183489	800	6
0	188804	820	9
0	194078	840	11
0	199525	860	3
0	204780	880	9
0	210113	900	6
0	215381	920	5
0	220643	940	5
0	225963	960	4
0	231368	980	5
0	236689	1000	6
0	241981	1020	2
0	247349	1040	3
0	252710	1060	7
0	258028	1080	7
0	263355	1100	8
0	268662	1120	4
0	273926	1140	9
0	279221	1160	3
0	284556	1180	6
0	289854	1200	7
0	295160	1220	8
0	300457	1240	8
0	305804	1260	7
0	311169	1280	6
0	316482	1300	8
0	321808	1320	4
0	327208	1340	4
0	332517	1360	5
0	337722	1380	5
0	343091	1400	5
0	348344	1420	4
0	353550	1440	4
0	358808	1460	3
0	364143	1480	3
0	369515	1500	5
0	374830	1520	6
0	380058	1540	6
0	385348	1560	10
0	390593	1580	6
0	395912	1600	6
0	401210	1620	5
0	406495	1640	4
0	411810	1660	6
0	417088	1680	8
0	422431	1700	3
0	427788	1720	5
0	433099	1740	3
0	438386	1760	11
0	443696	1780	5
0	449053	1800	4
0	453923	1820	7
0	458226	1840	4
0	462003	1860	4
0	465345	1880	2
0	468273	1900	1
0	470781	1920	3
0	472755	1940	2
0	474276	1960	3
0	475347	1980	2
0	475980	2000	0
1	34702	240	8
1	39970	260	7
1	45355	280	8
1	50568	300	8
1	55780	320	7
1	61066	340	7
1	66358	360	11
1	71789	380	5
1	77156	400	6
1	82588	420	13
1	87951	440	10
1	93172	460	8
1	98465	480	3
1	103717	500	9
1	108997	520	5
1	114369	540	6
1	119700	560	8
1	125084	580	10
1	130401	600	9
1	135776	620	15
1	141103	640	9
1	146433	660	8
1	151817	680	15
1	157128	700	9
1	162447	720	6
1	167725	740	10
1	172997	760	8
1	178249	780	10
1	183489	800	7
1	188804	820	11
1	194078	840	13
1	199525	860	6
1	204780	880	14
1	210113	900	8
1	215381	920	8
1	220643	940	6
1	225963	960	5
1	231368	980	6
1	236689	1000	8
1	241981	1020	3
1	247349	1040	5
1	252710	1060	10
1	258028	1080	10
1	263355	1100	11
1	268662	1120	5
1	273926	1140	11
1	279221	1160	4
1	284556	1180	9
1	289854	1200	9
1	295160	1220	10
1	300457	1240	12
1	305804	1260	8
1	311169	1280	8
1	316482	1300	9
1	321808	1320	4
1	327208	1340	5
1	332517	1360	6
1	337722	1380	7
1	343091	1400	6
1	348344	1420	5
1	353550	1440	5
1	358808	1460	4
1	364143	1480	4
1	369515	1500	7
1	374830	1520	8
1	380058	1540	9
1	385348	1560	12
1	390593	1580	7
1	395912	1600	7
1	401210	1620	5
1	406495	1640	6
1	411810	1660	8
1	417088	1680	9
1	422431	1700	5
1	427788	1720	6
1	433099	1740	3
1	438386	1760	13
1	443696	1780	5
1	449053	1800	5
1	453923	1820	8
1	458226	1840	4
1	462003	1860	4
1	465345	1880	3
1	468273	1900	1
1	470781	1920	4
1	472755	1940	3
1	474276	1960	4
1	475347	1980	3
1	475980	2000	0
2	34702	240	26
2	39970	260	28
2	45355	280	27
2	50568	300	25
2	55780	320	27
2	61066	340	28
2	66358	360	20
2	71789	380	33
2	77156	400	31
2	82588	420	18
2	87951	440	22
2	93172	460	25
2	98465	480	35
2	103717	500	22
2	108997	520	30
2	114369	540	30
2	119700	560	26
2	125084	580	25
2	130401	600	25
2	135776	620	16
2	141103	640	26
2	146433	660	27
2	151817	680	16
2	157128	700	25
2	162447	720	30
2	167725	740	21
2	172997	760	26
2	178249	780	24
2	183489	800	27
2	188804	820	21
2	194078	840	17
2	199525	860	32
2	204780	880	17
2	210113	900	26
2	215381	920	27
2	220643	940	30
2	225963	960	32
2	231368	980	29
2	236689	1000	27
2	241981	1020	35
2	247349	1040	33
2	252710	1060	24
2	258028	1080	23
2	263355	1100	22
2	268662	1120	31
2	273926	1140	20
2	279221	1160	34
2	284556	1180	25
2	289854	1200	25
2	295160	1220	21
2	300457	1240	20
2	305804	1260	26
2	311169	1280	26
2	316482	1300	23
2	321808	1320	32
2	327208	1340	33
2	332517	1360	29
2	337722	1380	29
2	343091	1400	29
2	348344	1420	31
2	353550	1440	32
2	358808	1460	32
2	364143	1480	34
2	369515	1500	29
2	374830	1520	27
2	380058	1540	25
2	385348	1560	17
2	390593	1580	26
2	395912	1600	26
2	401210	1620	31
2	406495	1640	29
2	411810	1660	25
2	417088	1680	23
2	422431	1700	32
2	427788	1720	30
2	433099	1740	35
2	438386	1760	17
2	443696	1780	31
2	449053	1800	31
2	453923	1820	22
2	458226	1840	26
2	462003	1860	23
2	465345	1880	22
2	468273	1900	22
2	470781	1920	13
2	472755	1940	13
2	474276	1960	6
2	475347	1980	6
2	475980	2000	8
3	34702	240	2
3	39970	260	1
3	45355	280	3
3	50568	300	3
3	55780	320	0
3	61066	340	1
3	66358	360	3
3	71789	380	2
3	77156	400	1
3	82588	420	1
3	87951	440	3
3	93172	460	0
3	98465	480	1
3	103717	500	1
3	108997	520	0
3	114369	540	2
3	119700	560	3
3	125084	580	0
3	130401	600	1
3	135776	620	2
3	141103	640	3
3	146433	660	2
3	151817	680	1
3	157128	700	4
3	162447	720	2
3	167725	740	2
3	172997	760	3
3	178249	780	2
3	183489	800	0
3	188804	820	3
3	194078	840	2
3	199525	860	1
3	204780	880	2
3	210113	900	2
3	215381	920	3
3	220643	940	3
3	225963	960	1
3	231368	980	4
3	236689	1000	2
3	241981	1020	3
3	247349	1040	0
3	252710	1060	4
3	258028	1080	2
3	263355	1100	2
3	268662	1120	3
3	273926	1140	2
3	279221	1160	2
3	284556	1180	2
3	289854	1200	1
3	295160	1220	0
3	300457	1240	1
3	305804	1260	4
3	311169	1280	2
3	316482	1300	2
3	321808	1320	1
3	327208	1340	5
3	332517	1360	4
3	337722	1380	2
3	343091	1400	1
3	348344	1420	0
3	353550	1440	3
3	358808	1460	2
3	364143	1480	2
3	369515	1500	2
3	374830	1520	6
3	380058	1540	2
3	385348	1560	2
3	390593	1580	1
3	395912	1600	5
3	401210	1620	3
3	406495	1640	4
3	411810	1660	4
3	417088	1680	2
3	422431	1700	0
3	427788	1720	0
3	433099	1740	0
3	438386	1760	4
3	443696	1780	1
3	449053	1800	2
3	453923	1820	2
3	458226	1840	2
3	462003	1860	0
3	465345	1880	1
3	468273	1900	1
3	470781	1920	0
3	472755	1940	1
3	474276	1960	1
3	475347	1980	1
3	475980	2000	1
4	34702	240	1.6
4	39970	260	1.4
4	45355	280	1.3333333333333
4	50568	300	1.3333333333333
4	55780	320	1.4
4	61066	340	1.1666666666667
4	66358	360	1.2222222222222
4	71789	380	1.25
4	77156	400	1.5
4	82588	420	1.3
4	87951	440	1.25
4	93172	460	1.1428571428571
4	98465	480	1.5
4	103717	500	1
4	108997	520	1
4	114369	540	1.2
4	119700	560	1.3333333333333
4	125084	580	1.4285714285714
4	130401	600	1.5
4	135776	620	1.6666666666667
4	141103	640	1.5
4	146433	660	1.6
4	151817	680	1.6666666666667
4	157128	700	1.2857142857143
4	162447	720	1.5
4	167725	740	1.1111111111111
4	172997	760	1.1428571428571
4	178249	780	1.6666666666667
4	183489	800	1.1666666666667
4	188804	820	1.2222222222222
4	194078	840	1.1818181818182
4	199525	860	2
4	204780	880	1.5555555555556
4	210113	900	1.3333333333333
4	215381	920	1.6
4	220643	940	1.2
4	225963	960	1.25
4	231368	980	1.2
4	236689	1000	1.3333333333333
4	241981	1020	1.5
4	247349	1040	1.6666666666667
4	252710	1060	1.4285714285714
4	258028	1080	1.4285714285714
4	263355	1100	1.375
4	268662	1120	1.25
4	273926	1140	1.2222222222222
4	279221	1160	1.3333333333333
4	284556	1180	1.5
4	289854	1200	1.2857142857143
4	295160	1220	1.25
4	300457	1240	1.5
4	305804	1260	1.1428571428571
4	311169	1280	1.3333333333333
4	316482	1300	1.125
4	321808	1320	1
4	327208	1340	1.25
4	332517	1360	1.2
4	337722	1380	1.4
4	343091	1400	1.2
4	348344	1420	1.25
4	353550	1440	1.25
4	358808	1460	1.3333333333333
4	364143	1480	1.3333333333333
4	369515	1500	1.4
4	374830	1520	1.3333333333333
4	380058	1540	1.5
4	385348	1560	1.2
4	390593	1580	1.1666666666667
4	395912	1600	1.1666666666667
4	401210	1620	1
4	406495	1640	1.5
4	411810	1660	1.3333333333333
4	417088	1680	1.125
4	422431	1700	1.6666666666667
4	427788	1720	1.2
4	433099	1740	1
4	438386	1760	1.1818181818182
4	443696	1780	1
4	449053	1800	1.25
4	453923	1820	1.1428571428571
4	458226	1840	1
4	462003	1860	1
4	465345	1880	1.5
4	468273	1900	1
4	470781	1920	1.3333333333333
4	472755	1940	1.5
4	474276	1960	1.3333333333333
4	475347	1980	1.5
4	475980	2000	nan
5	34702	240	0.54772255750517
5	39970	260	0.54772255750517
5	45355	280	0.51639777949432
5	50568	300	0.51639777949432
5	55780	320	0.54772255750517
5	61066	340	0.40824829046386
5	66358	360	0.4409585518441
5	71789	380	0.5
5	77156	400	0.57735026918963
5	82588	420	0.48304589153965
5	87951	440	0.46291004988628
5	93172	460	0.37796447300923
5	98465	480	0.70710678118655
5	103717	500	0
5	108997	520	0
5	114369	540	0.44721359549996
5	119700	560	0.51639777949432
5	125084	580	0.53452248382485
5	130401	600	0.54772255750517
5	135776	620	0.5
5	141103	640	0.54772255750517
5	146433	660	0.54772255750517
5	151817	680	0.5
5	157128	700	0.48795003647427
5	162447	720	0.57735026918963
5	167725	740	0.33333333333333
5	172997	760	0.37796447300923
5	178249	780	0.51639777949432
5	183489	800	0.40824829046386
5	188804	820	0.4409585518441
5	194078	840	0.40451991747795
5	199525	860	0
5	204780	880	0.52704627669473
5	210113	900	0.51639777949432
5	215381	920	0.54772255750517
5	220643	940	0.44721359549996
5	225963	960	0.5
5	231368	980	0.44721359549996
5	236689	1000	0.51639777949432
5	241981	1020	0.70710678118655
5	247349	1040	0.57735026918963
5	252710	1060	0.53452248382485
5	258028	1080	0.53452248382485
5	263355	1100	0.51754916950677
5	268662	1120	0.5
5	273926	1140	0.4409585518441
5	279221	1160	0.57735026918963
5	284556	1180	0.54772255750517
5	289854	1200	0.48795003647427
5	295160	1220	0.46291004988628
5	300457	1240	0.53452248382485
5	305804	1260	0.37796447300923
5	311169	1280	0.51639777949432
5	316482	1300	0.35355339059327
5	321808	1320	0
5	327208	1340	0.5
5	332517	1360	0.44721359549996
5	337722	1380	0.54772255750517
5	343091	1400	0.44721359549996
5	348344	1420	0.5
5	353550	1440	0.5
5	358808	1460	0.57735026918963
5	364143	1480	0.57735026918963
5	369515	1500	0.54772255750517
5	374830	1520	0.51639777949432
5	380058	1540	0.54772255750517
5	385348	1560	0.42163702135578
5	390593	1580	0.40824829046386
5	395912	1600	0.40824829046386
5	401210	1620	0
5	406495	1640	0.57735026918963
5	411810	1660	0.51639777949432
5	417088	1680	0.35355339059327
5	422431	1700	0.57735026918963
5	427788	1720	0.44721359549996
5	433099	1740	0
5	438386	1760	0.40451991747795
5	443696	1780	0
5	449053	1800	0.5
5	453923	1820	0.37796447300923
5	458226	1840	0
5	462003	1860	0
5	465345	1880	0.70710678118655
5	468273	1900	nan
5	470781	1920	0.57735026918963
5	472755	1940	0.70710678118655
5	474276	1960	0.57735026918963
5	475347	1980	0.70710678118655
5	475980	2000	nan
6	34702	240	0.3
6	39970	260	0.3
6	45355	280	0.26666666666667
6	50568	300	0.26666666666667
6	55780	320	0.3
6	61066	340	0.16666666666667
6	66358	360	0.19444444444444
6	71789	380	0.25
6	77156	400	0.33333333333333
6	82588	420	0.23333333333333
6	87951	440	0.21428571428571
6	93172	460	0.14285714285714
6	98465	480	0.5
6	103717	500	0
6	108997	520	0
6	114369	540	0.2
6	119700	560	0.26666666666667
6	125084	580	0.28571428571429
6	130401	600	0.3
6	135776	620	0.25
6	141103	640	0.3
6	146433	660	0.3
6	151817	680	0.25
6	157128	700	0.23809523809524
6	162447	720	0.33333333333333
6	167725	740	0.11111111111111
6	172997	760	0.14285714285714
6	178249	780	0.26666666666667
6	183489	800	0.16666666666667
6	188804	820	0.19444444444444
6	194078	840	0.16363636363636
6	199525	860	0
6	204780	880	0.27777777777778
6	210113	900	0.26666666666667
6	215381	920	0.3
6	220643	940	0.2
6	225963	960	0.25
6	231368	980	0.2
6	236689	1000	0.26666666666667
6	241981	1020	0.5
6	247349	1040	0.33333333333333
6	252710	1060	0.28571428571429
6	258028	1080	0.28571428571429
6	263355	1100	0.26785714285714
6	268662	1120	0.25
6	273926	1140	0.19444444444444
6	279221	1160	0.33333333333333
6	284556	1180	0.3
6	289854	1200	0.23809523809524
6	295160	1220	0.21428571428571
6	300457	1240	0.28571428571429
6	305804	1260	0.14285714285714
6	311169	1280	0.26666666666667
6	316482	1300	0.125
6	321808	1320	0
6	327208	1340	0.25
6	332517	1360	0.2
6	337722	1380	0.3
6	343091	1400	0.2
6	348344	1420	0.25
6	353550	1440	0.25
6	358808	1460	0.33333333333333
6	364143	1480	0.33333333333333
6	369515	1500	0.3
6	374830	1520	0.26666666666667
6	380058	1540	0.3
6	385348	1560	0.17777777777778
6	390593	1580	0.16666666666667
6	395912	1600	0.16666666666667
6	401210	1620	0
6	406495	1640	0.33333333333333
6	411810	1660	0.26666666666667
6	417088	1680	0.125
6	422431	1700	0.33333333333333
6	427788	1720	0.2
6	433099	1740	0
6	438386	1760	0.16363636363636
6	443696	1780	0
6	449053	1800	0.25
6	453923	1820	0.14285714285714
6	458226	1840	0
6	462003	1860	0
6	465345	1880	0.5
6	468273	1900	nan
6	470781	1920	0.33333333333333
6	472755	1940	0.5
6	474276	1960	0.33333333333333
6	475347	1980	0.5
6	475980	2000	nan
7	34702	240	9.2307692307692
7	39970	260	9.175
7	45355	280	8.7073170731707
7	50568	300	9.1025641025641
7	55780	320	8.9487179487179
7	61066	340	8.8292682926829
7	66358	360	8.975
7	71789	380	9.0975609756098
7	77156	400	8.9512195121951
7	82588	420	9.1219512195122
7	87951	440	9.0769230769231
7	93172	460	8.85
7	98465	480	9.1025641025641
7	103717	500	8.875
7	108997	520	8.875
7	114369	540	8.8292682926829
7	119700	560	9.1025641025641
7	125084	580	8.6666666666667
7	130401	600	8.975
7	135776	620	9.25
7	141103	640	9.4102564102564
7	146433	660	9.325
7	151817	680	8.875
7	157128	700	8.7560975609756
7	162447	720	8.95
7	167725	740	9.1025641025641
7	172997	760	8.975
7	178249	780	8.85
7	183489	800	8.95
7	188804	820	8.95
7	194078	840	9.0243902439024
7	199525	860	9.275
7	204780	880	9.15
7	210113	900	9.1
7	215381	920	9.1
7	220643	940	8.5853658536585
7	225963	960	8.7317073170732
7	231368	980	9.075
7	236689	1000	8.780487804878
7	241981	1020	8.9
7	247349	1040	8.780487804878
7	252710	1060	9.15
7	258028	1080	8.875
7	263355	1100	9.0731707317073
7	268662	1120	9.0769230769231
7	273926	1140	8.825
7	279221	1160	8.8048780487805
7	284556	1180	9.1538461538462
7	289854	1200	8.8536585365854
7	295160	1220	8.9487179487179
7	300457	1240	9
7	305804	1260	8.780487804878
7	311169	1280	9.15
7	316482	1300	9.075
7	321808	1320	9.175
7	327208	1340	9
7	332517	1360	8.8
7	337722	1380	8.7073170731707
7	343091	1400	8.975
7	348344	1420	8.9
7	353550	1440	8.5853658536585
7	358808	1460	8.8461538461538
7	364143	1480	8.8780487804878
7	369515	1500	8.8048780487805
7	374830	1520	8.9268292682927
7	380058	1540	9.05
7	385348	1560	9.2051282051282
7	390593	1580	9.0769230769231
7	395912	1600	8.974358974359
7	401210	1620	8.8292682926829
7	406495	1640	9
7	411810	1660	8.8205128205128
7	417088	1680	8.975
7	422431	1700	8.975
7	427788	1720	8.9756097560976
7	433099	1740	8.8048780487805
7	438386	1760	8.8292682926829
7	443696	1780	8.780487804878
7	449053	1800	9.3333333333333
7	453923	1820	8.8378378378378
7	458226	1840	8.2352941176471
7	462003	1860	8.2258064516129
7	465345	1880	8.037037037037
7	468273	1900	8.1666666666667
7	470781	1920	7.8
7	472755	1940	7.8333333333333
7	474276	1960	6.9230769230769
7	475347	1980	6
7	475980	2000	5.125
8	34702	240	1.8419317442857
8	39970	260	1.4480313780422
8	45355	280	1.8873778429216
8	50568	300	1.5354559034075
8	55780	320	1.8488790053025
8	61066	340	1.716135761302
8	66358	360	2.0189804484645
8	71789	380	2.0591852520934
8	77156	400	2.0365561557712
8	82588	420	2.0639176576504
8	87951	440	1.4213524949778
8	93172	460	2.0699312511809
8	98465	480	1.4472273271923
8	103717	500	1.8836339673824
8	108997	520	1.4533339214301
8	114369	540	2.0236407663465
8	119700	560	1.5525000516124
8	125084	580	2.0561231180118
8	130401	600	1.5768761719103
8	135776	620	1.4806443503785
8	141103	640	1.4994375913716
8	146433	660	1.4568582283242
8	151817	680	1.8423438249227
8	157128	700	1.593431639652
8	162447	720	2.0994504775518
8	167725	740	1.8466879569262
8	172997	760	1.6868647902286
8	178249	780	1.7327908421284
8	183489	800	1.5516740339686
8	188804	820	1.6004806970215
8	194078	840	2.1270614104681
8	199525	860	1.6170168798573
8	204780	880	1.8194110064129
8	210113	900	1.9054577483558
8	215381	920	1.5157294934901
8	220643	940	1.8705027366473
8	225963	960	1.816925841138
8	231368	980	1.7303845726401
8	236689	1000	1.9813151581961
8	241981	1020	2.204889671058
8	247349	1040	1.943092832599
8	252710	1060	1.7621373967793
8	258028	1080	1.9766262373173
8	263355	1100	1.808179248615
8	268662	1120	1.4027157003586
8	273926	1140	2.0986870132269
8	279221	1160	1.5036540858043
8	284556	1180	1.4606858796012
8	289854	1200	1.6816803443246
8	295160	1220	1.5034822378087
8	300457	1240	1.7394369852458
8	305804	1260	1.8776607137866
8	311169	1280	1.7179295827484
8	316482	1300	1.9399643137083
8	321808	1320	1.5002136599968
8	327208	1340	1.4491376746189
8	332517	1360	1.727603943216
8	337722	1380	2.1707591119125
8	343091	1400	1.7612277186449
8	348344	1420	1.7657714229052
8	353550	1440	1.8838207154092
8	358808	1460	1.6147097105649
8	364143	1480	1.8329637469304
8	369515	1500	1.7919195321655
8	374830	1520	1.752002338789
8	380058	1540	1.5516740339686
8	385348	1560	1.6412364911776
8	390593	1580	1.9918863762857
8	395912	1600	1.6461626748158
8	401210	1620	2.1201702646768
8	406495	1640	1.5043795713638
8	411810	1660	1.5367737030236
8	417088	1680	1.5605308104156
8	422431	1700	1.7318657495196
8	427788	1720	1.5570453570473
8	433099	1740	1.6465040570117
8	438386	1760	1.7450277794979
8	443696	1780	1.9686568406143
8	449053	1800	1.6276126096272
8	453923	1820	1.1429375776071
8	458226	1840	1.4783041785122
8	462003	1860	1.6270561846344
8	465345	1880	1.5806882989937
8	468273	1900	1.8572224859501
8	470781	1920	1.5078740698501
8	472755	1940	1.6179144164088
8	474276	1960	1.6563785025138
8	475347	1980	0.89442719099992
8	475980	2000	1.2464234547582
9	34702	240	3.3927125506073
9	39970	260	2.0967948717949
9	45355	280	3.5621951219512
9	50568	300	2.357624831309
9	55780	320	3.4183535762483
9	61066	340	2.9451219512195
9	66358	360	4.0762820512821
9	71789	380	4.240243902439
9	77156	400	4.1475609756098
9	82588	420	4.259756097561
9	87951	440	2.0202429149798
9	93172	460	4.2846153846154
9	98465	480	2.0944669365722
9	103717	500	3.5480769230769
9	108997	520	2.1121794871795
9	114369	540	4.0951219512195
9	119700	560	2.4102564102564
9	125084	580	4.2276422764228
9	130401	600	2.4865384615385
9	135776	620	2.1923076923077
9	141103	640	2.2483130904184
9	146433	660	2.1224358974359
9	151817	680	3.3942307692308
9	157128	700	2.5390243902439
9	162447	720	4.4076923076923
9	167725	740	3.4102564102564
9	172997	760	2.8455128205128
9	178249	780	3.0025641025641
9	183489	800	2.4076923076923
9	188804	820	2.5615384615385
9	194078	840	4.5243902439024
9	199525	860	2.6147435897436
9	204780	880	3.3102564102564
9	210113	900	3.6307692307692
9	215381	920	2.2974358974359
9	220643	940	3.4987804878049
9	225963	960	3.3012195121951
9	231368	980	2.9942307692308
9	236689	1000	3.9256097560976
9	241981	1020	4.8615384615385
9	247349	1040	3.7756097560976
9	252710	1060	3.1051282051282
9	258028	1080	3.9070512820513
9	263355	1100	3.269512195122
9	268662	1120	1.9676113360324
9	273926	1140	4.4044871794872
9	279221	1160	2.2609756097561
9	284556	1180	2.1336032388664
9	289854	1200	2.8280487804878
9	295160	1220	2.2604588394062
9	300457	1240	3.025641025641
9	305804	1260	3.5256097560976
9	311169	1280	2.9512820512821
9	316482	1300	3.7634615384615
9	321808	1320	2.250641025641
9	327208	1340	2.1
9	332517	1360	2.9846153846154
9	337722	1380	4.7121951219512
9	343091	1400	3.1019230769231
9	348344	1420	3.1179487179487
9	353550	1440	3.5487804878049
9	358808	1460	2.6072874493927
9	364143	1480	3.359756097561
9	369515	1500	3.2109756097561
9	374830	1520	3.069512195122
9	380058	1540	2.4076923076923
9	385348	1560	2.693657219973
9	390593	1580	3.9676113360324
9	395912	1600	2.7098515519568
9	401210	1620	4.4951219512195
9	406495	1640	2.2631578947368
9	411810	1660	2.361673414305
9	417088	1680	2.4352564102564
9	422431	1700	2.999358974359
9	427788	1720	2.4243902439024
9	433099	1740	2.7109756097561
9	438386	1760	3.0451219512195
9	443696	1780	3.8756097560976
9	449053	1800	2.6491228070175
9	453923	1820	1.3063063063063
9	458226	1840	2.1853832442068
9	462003	1860	2.647311827957
9	465345	1880	2.4985754985755
9	468273	1900	3.4492753623188
9	470781	1920	2.2736842105263
9	472755	1940	2.6176470588235
9	474276	1960	2.7435897435897
9	475347	1980	0.8
9	475980	2000	1.5535714285714
10	34702	240	248.56830076316
10	39970	260	238.86422908432
10	45355	280	284.16598198517
10	50568	300	279.7254147673
10	55780	320	235.06653809982
10	61066	340	288.68159971002
10	66358	360	418.39759159959
10	71789	380	191.18942312457
10	77156	400	189.2833549851
10	82588	420	466.48190413835
10	87951	440	375.64654525494
10	93172	460	337.5654257941
10	98465	480	93.090781957301
10	103717	500	424.09028796636
10	108997	520	236.38464633418
10	114369	540	236.85426563629
10	119700	560	276.67210948431
10	125084	580	325.82253884352
10	130401	600	280.77782947165
10	135776	620	416.55773934769
10	141103	640	278.30567275655
10	146433	660	236.95851292049
10	151817	680	429.45712215381
10	157128	700	328.7234379176
10	162447	720	194.03167278128
10	167725	740	432.75118446901
10	172997	760	327.47321267104
10	178249	780	284.6234742319
10	183489	800	282.31123760985
10	188804	820	431.30472165845
10	194078	840	523.88999685238
10	199525	860	143.24483287918
10	204780	880	425.94294944679
10	210113	900	277.01455654603
10	215381	920	237.91200933134
10	220643	940	227.04967951363
10	225963	960	189.23833190505
10	231368	980	233.57967947211
10	236689	1000	278.60283410187
10	241981	1020	91.617532542929
10	247349	1040	141.27661384633
10	252710	1060	323.30784236347
10	258028	1080	327.99307342633
10	263355	1100	369.26831901189
10	268662	1120	189.50035610066
10	273926	1140	423.21033912862
10	279221	1160	145.28545114315
10	284556	1180	291.17863845325
10	289854	1200	325.52321547511
10	295160	1220	378.76474693863
10	300457	1240	373.58080017136
10	305804	1260	325.22116640943
10	311169	1280	279.14197829153
10	316482	1300	376.23474238468
10	321808	1320	180.61798015525
10	327208	1340	183.29187749283
10	332517	1360	233.01770132438
10	337722	1380	242.3788283863
10	343091	1400	227.50303223714
10	348344	1420	183.49640108389
10	353550	1440	185.48834611829
10	358808	1460	149.08263676115
10	364143	1480	142.30702539402
10	369515	1500	237.27300796178
10	374830	1520	279.87437522231
10	380058	1540	282.30255399526
10	385348	1560	470.50925414521
10	390593	1580	279.31494381462
10	395912	1600	274.47796901218
10	401210	1620	230.77891420118
10	406495	1640	186.16186440218
10	411810	1660	277.3979680332
10	417088	1680	373.75943517973
10	422431	1700	138.69263888103
10	427788	1720	232.38999813243
10	433099	1740	138.53293281464
10	438386	1760	516.52879152494
10	443696	1780	230.74180066176
10	449053	1800	190.21842718627
10	453923	1820	332.04860312157
10	458226	1840	188.8943383527
10	462003	1860	185.99019768373
10	465345	1880	92.980747363029
10	468273	1900	50.902252367079
10	470781	1920	143.68617944049
10	472755	1940	92.787927790492
10	474276	1960	138.82112142426
10	475347	1980	94.200428891412
10	475980	2000	0
11	34702	240	49.713660152632
11	39970	260	47.772845816863
11	45355	280	47.360996997529
11	50568	300	46.620902461217
11	55780	320	47.013307619964
11	61066	340	48.11359995167
11	66358	360	46.488621288843
11	71789	380	47.797355781142
11	77156	400	47.320838746276
11	82588	420	46.648190413835
11	87951	440	46.955818156867
11	93172	460	48.2236322563
11	98465	480	46.54539097865
11	103717	500	47.121143107374
11	108997	520	47.276929266837
11	114369	540	47.370853127259
11	119700	560	46.112018247386
11	125084	580	46.546076977645
11	130401	600	46.796304911942
11	135776	620	46.284193260855
11	141103	640	46.384278792759
11	146433	660	47.391702584098
11	151817	680	47.71745801709
11	157128	700	46.960491131086
11	162447	720	48.50791819532
11	167725	740	48.083464941001
11	172997	760	46.781887524434
11	178249	780	47.437245705317
11	183489	800	47.051872934976
11	188804	820	47.922746850939
11	194078	840	47.626363350216
11	199525	860	47.748277626393
11	204780	880	47.326994382977
11	210113	900	46.169092757671
11	215381	920	47.582401866269
11	220643	940	45.409935902727
11	225963	960	47.309582976264
11	231368	980	46.715935894421
11	236689	1000	46.433805683645
11	241981	1020	45.808766271465
11	247349	1040	47.092204615442
11	252710	1060	46.186834623353
11	258028	1080	46.856153346618
11	263355	1100	46.158539876486
11	268662	1120	47.375089025166
11	273926	1140	47.023371014291
11	279221	1160	48.428483714383
11	284556	1180	48.529773075542
11	289854	1200	46.503316496445
11	295160	1220	47.345593367329
11	300457	1240	46.697600021419
11	305804	1260	46.460166629919
11	311169	1280	46.523663048589
11	316482	1300	47.029342798085
11	321808	1320	45.154495038811
11	327208	1340	45.822969373207
11	332517	1360	46.603540264876
11	337722	1380	48.475765677259
11	343091	1400	45.500606447427
11	348344	1420	45.874100270973
11	353550	1440	46.372086529573
11	358808	1460	49.694212253715
11	364143	1480	47.435675131341
11	369515	1500	47.454601592355
11	374830	1520	46.645729203718
11	380058	1540	47.050425665877
11	385348	1560	47.050925414521
11	390593	1580	46.55249063577
11	395912	1600	45.746328168696
11	401210	1620	46.155782840237
11	406495	1640	46.540466100544
11	411810	1660	46.2329946722
11	417088	1680	46.719929397467
11	422431	1700	46.230879627011
11	427788	1720	46.477999626486
11	433099	1740	46.177644271545
11	438386	1760	46.957162865904
11	443696	1780	46.148360132352
11	449053	1800	47.554606796568
11	453923	1820	47.435514731653
11	458226	1840	47.223584588176
11	462003	1860	46.497549420932
11	465345	1880	46.490373681514
11	468273	1900	50.902252367079
11	470781	1920	47.89539314683
11	472755	1940	46.393963895246
11	474276	1960	46.27370714142
11	475347	1980	47.100214445706
11	475980	2000	nan
12	34702	240	1.6392193223712
12	39970	260	2.8479364779312
12	45355	280	2.0135365148007
12	50568	300	1.364824406149
12	55780	320	2.3384179765287
12	61066	340	2.2369702236767
12	66358	360	2.4361006127624
12	71789	380	2.8848726492714
12	77156	400	2.9856363631042
12	82588	420	2.2763588289393
12	87951	440	1.1743898593953
12	93172	460	2.422660743778
12	98465	480	3.4337863945556
12	103717	500	1.9066813693729
12	108997	520	2.7563452978461
12	114369	540	1.6728705989837
12	119700	560	1.2236576382621
12	125084	580	1.3302606738539
12	130401	600	2.2728046979824
12	135776	620	1.690566221897
12	141103	640	0.75905378307618
12	146433	660	0.95010947864615
12	151817	680	1.8362059518438
12	157128	700	2.6931535919754
12	162447	720	2.5293153019969
12	167725	740	1.8080334909471
12	172997	760	3.2779016502655
12	178249	780	1.3997359561115
12	183489	800	1.9613148401778
12	188804	820	2.7238311761114
12	194078	840	2.8920258513252
12	199525	860	1.1222477219633
12	204780	880	2.1547112104587
12	210113	900	0.78723941244122
12	215381	920	3.8894602101908
12	220643	940	0.74749485246426
12	225963	960	3.2110069357119
12	231368	980	2.1870173282516
12	236689	1000	1.4894782858954
12	241981	1020	0.5510619476639
12	247349	1040	2.9053541530139
12	252710	1060	0.86318766453448
12	258028	1080	1.2717591544836
12	263355	1100	1.3798689314191
12	268662	1120	2.1360473279439
12	273926	1140	1.1701652545783
12	279221	1160	2.5044411979367
12	284556	1180	4.2502762152344
12	289854	1200	1.4413052785614
12	295160	1220	2.6861234110495
12	300457	1240	1.1344099855917
12	305804	1260	1.3278848400716
12	311169	1280	1.1939166595782
12	316482	1300	2.21596793569
12	321808	1320	3.4684956394007
12	327208	1340	1.3996586860073
12	332517	1360	1.6629883638826
12	337722	1380	3.6044384157645
12	343091	1400	3.0976359199325
12	348344	1420	1.0028054207034
12	353550	1440	1.3111168262654
12	358808	1460	9.1298233965732
12	364143	1480	0.86836257627875
12	369515	1500	1.6145551615092
12	374830	1520	1.9008312486168
12	380058	1540	1.1499298979507
12	385348	1560	2.2036028018528
12	390593	1580	1.0000041555648
12	395912	1600	0.8859719396507
12	401210	1620	1.5994306662525
12	406495	1640	1.5425190192655
12	411810	1660	2.0215881357661
12	417088	1680	1.7090633908241
12	422431	1700	0.10178996226563
12	427788	1720	1.3764848460701
12	433099	1740	1.5892722596104
12	438386	1760	1.8865857044182
12	443696	1780	1.2108742901167
12	449053	1800	0.65513164363775
12	453923	1820	2.0930700470513
12	458226	1840	0.81968852647902
12	462003	1860	1.7341888719783
12	465345	1880	2.7947803945006
12	468273	1900	nan
12	470781	1920	1.6070073612212
12	472755	1940	0.60323233757485
12	474276	1960	2.8315672282812
12	475347	1980	0.56309482281572
12	475980	2000	nan
13	34702	240	2.6870399868351
13	39970	260	8.1107421823313
13	45355	280	4.0543292964356
13	50568	300	1.8627456596201
13	55780	320	5.4681986329528
13	61066	340	5.004035781616
13	66358	360	5.9345861955011
13	71789	380	8.3224902025143
13	77156	400	8.9140244926899
13	82588	420	5.1818095180901
13	87951	440	1.3791915418504
13	93172	460	5.8692850794427
13	98465	480	11.790889003435
13	103717	500	3.6354338443136
13	108997	520	7.5974394009582
13	114369	540	2.798496040944
13	119700	560	1.4973380156771
13	125084	580	1.7695934604021
13	130401	600	5.1656411951707
13	135776	620	2.8580141506192
13	141103	640	0.57616264560226
13	146433	660	0.90270802141327
13	151817	680	3.3716522975868
13	157128	700	7.2530762699699
13	162447	720	6.3974358969158
13	167725	740	3.2689851043863
13	172997	760	10.744639228813
13	178249	780	1.9592607468313
13	183489	800	3.8467559023016
13	188804	820	7.4192562759565
13	194078	840	8.3638135247335
13	199525	860	1.2594399494519
13	204780	880	4.6427804004763
13	210113	900	0.6197458925008
13	215381	920	15.127900726658
13	220643	940	0.55874855446057
13	225963	960	10.31056554119
13	231368	980	4.783044794073
13	236689	1000	2.218545564154
13	241981	1020	0.30366927016314
13	247349	1040	8.4410827544351
13	252710	1060	0.74509294420448
13	258028	1080	1.6173713470128
13	263355	1100	1.9040382678958
13	268662	1120	4.5626981872162
13	273926	1140	1.3692867230224
13	279221	1160	6.2722257139228
13	284556	1180	18.064847905787
13	289854	1200	2.077360906009
13	295160	1220	7.2152589793882
13	300457	1240	1.2868860154101
13	305804	1260	1.7632781484919
13	311169	1280	1.4254369900183
13	316482	1300	4.9105138920063
13	321808	1320	12.030462000542
13	327208	1340	1.9590444373157
13	332517	1360	2.7655302984089
13	337722	1380	12.991976293039
13	343091	1400	9.5953482924561
13	348344	1420	1.0056187117922
13	353550	1440	1.7190273321163
13	358808	1460	83.353675252615
13	364143	1480	0.75405356388148
13	369515	1500	2.606788369556
13	374830	1520	3.6131594357182
13	380058	1540	1.3223387702009
13	385348	1560	4.8558653083334
13	390593	1580	1.0000083111468
13	395912	1600	0.78494627784843
13	401210	1620	2.5581784561489
13	406495	1640	2.3793649247959
13	411810	1660	4.0868185906701
13	417088	1680	2.9208976738551
13	422431	1700	0.010361196418038
13	427788	1720	1.8947105314606
13	433099	1740	2.5257863151671
13	438386	1760	3.5592056201151
13	443696	1780	1.4662165464657
13	449053	1800	0.4291974704955
13	453923	1820	4.3809422218634
13	458226	1840	0.67188928044135
13	462003	1860	3.0074110436932
13	465345	1880	7.8107974534847
13	468273	1900	nan
13	470781	1920	2.5824726590192
13	472755	1940	0.36388925309602
13	474276	1960	8.0177729682758
13	475347	1980	0.31707577948186
13	475980	2000	nan
14	34702	240	320.13454368861
14	39970	260	272.99546443928
14	45355	280	407.79729235747
14	50568	300	402.50973818638
14	55780	320	227.00691865427
14	61066	340	319.46162899216
14	66358	360	533.79222850621
14	71789	380	269.32604060926
14	77156	400	225.36497224808
14	82588	420	492.90292460111
14	87951	440	445.63168221014
14	93172	460	314.88318495368
14	98465	480	136.57429439372
14	103717	500	447.51468599043
14	108997	520	223.92379755278
14	114369	540	313.6387850167
14	119700	560	359.90898643688
14	125084	580	315.28121421633
14	130401	600	314.84126673487
14	135776	620	490.75718699381
14	141103	640	409.01655728394
14	146433	660	316.58315744694
14	151817	680	448.37724536971
14	157128	700	492.0856592547
14	162447	720	271.79581498858
14	167725	740	493.39017338759
14	172997	760	455.45603192476
14	178249	780	360.88438957606
14	183489	800	267.90335188699
14	188804	820	536.39590310881
14	194078	840	579.98719282321
14	199525	860	181.3792587827
14	204780	880	494.13628333728
14	210113	900	357.25575166095
14	215381	920	357.97518653832
14	220643	940	357.77520257765
14	225963	960	223.97125587565
14	231368	980	404.62937303879
14	236689	1000	357.05975146237
14	241981	1020	222.0247939362
14	247349	1040	136.12713620157
14	252710	1060	493.11651247755
14	258028	1080	403.13528326207
14	263355	1100	447.05888844018
14	268662	1120	270.07624077402
14	273926	1140	490.42147625475
14	279221	1160	227.05208751381
14	284556	1180	360.281930127
14	289854	1200	356.27262100212
14	295160	1220	359.95039425325
14	300457	1240	405.23548178221
14	305804	1260	493.5343792139
14	311169	1280	358.8682894326
14	316482	1300	447.08527463036
14	321808	1320	226.0660521895
14	327208	1340	399.67115937953
14	332517	1360	400.70538496069
14	337722	1380	316.71112589386
14	343091	1400	270.80889896936
14	348344	1420	178.74299262947
14	353550	1440	311.60251445338
14	358808	1460	226.7656124847
14	364143	1480	228.65848278756
14	369515	1500	315.31174188732
14	374830	1520	538.24360794628
14	380058	1540	356.57700332537
14	385348	1560	537.18653122809
14	390593	1580	312.39026696158
14	395912	1600	491.48333700851
14	401210	1620	354.71650397314
14	406495	1640	357.24411651351
14	411810	1660	445.8140590015
14	417088	1680	445.15035011953
14	422431	1700	133.49777725609
14	427788	1720	223.63074269013
14	433099	1740	137.19671244752
14	438386	1760	671.88732463136
14	443696	1780	266.50008577364
14	449053	1800	268.49399252664
14	453923	1820	400.19920713492
14	458226	1840	268.86723316682
14	462003	1860	177.75248487671
14	465345	1880	133.36721382126
14	468273	1900	92.27713592874
14	470781	1920	133.90699745088
14	472755	1940	137.47156949708
14	474276	1960	184.08450849565
14	475347	1980	139.28964318862
14	475980	2000	45.187472395999
15	34702	240	45.733506241229
15	39970	260	45.499244073214
15	45355	280	45.310810261941
15	50568	300	44.723304242931
15	55780	320	45.401383730855
15	61066	340	45.637375570309
15	66358	360	44.482685708851
15	71789	380	44.887673434877
15	77156	400	45.072994449616
15	82588	420	44.809356781919
15	87951	440	44.563168221014
15	93172	460	44.983312136239
15	98465	480	45.524764797905
15	103717	500	44.751468599043
15	108997	520	44.784759510556
15	114369	540	44.805540716671
15	119700	560	44.98862330461
15	125084	580	45.040173459475
15	130401	600	44.977323819268
15	135776	620	44.61428972671
15	141103	640	45.44628414266
15	146433	660	45.226165349563
15	151817	680	44.837724536971
15	157128	700	44.735059932245
15	162447	720	45.299302498096
15	167725	740	44.853652126144
15	172997	760	45.545603192476
15	178249	780	45.110548697008
15	183489	800	44.650558647831
15	188804	820	44.699658592401
15	194078	840	44.614399447939
15	199525	860	45.344814695676
15	204780	880	44.921480303389
15	210113	900	44.656968957619
15	215381	920	44.74689831729
15	220643	940	44.721900322206
15	225963	960	44.794251175131
15	231368	980	44.958819226533
15	236689	1000	44.632468932797
15	241981	1020	44.404958787239
15	247349	1040	45.375712067188
15	252710	1060	44.828773861596
15	258028	1080	44.792809251341
15	263355	1100	44.705888844018
15	268662	1120	45.012706795671
15	273926	1140	44.583770568613
15	279221	1160	45.410417502761
15	284556	1180	45.035241265875
15	289854	1200	44.534077625264
15	295160	1220	44.993799281657
15	300457	1240	45.026164642468
15	305804	1260	44.866761746718
15	311169	1280	44.858536179075
15	316482	1300	44.708527463036
15	321808	1320	45.213210437899
15	327208	1340	44.407906597725
15	332517	1360	44.522820551187
15	337722	1380	45.244446556266
15	343091	1400	45.134816494894
15	348344	1420	44.685748157367
15	353550	1440	44.514644921911
15	358808	1460	45.35312249694
15	364143	1480	45.731696557513
15	369515	1500	45.044534555331
15	374830	1520	44.853633995523
15	380058	1540	44.572125415672
15	385348	1560	44.765544269007
15	390593	1580	44.627180994512
15	395912	1600	44.68030336441
15	401210	1620	44.339562996643
15	406495	1640	44.655514564189
15	411810	1660	44.58140590015
15	417088	1680	44.515035011953
15	422431	1700	44.499259085363
15	427788	1720	44.726148538027
15	433099	1740	45.732237482507
15	438386	1760	44.792488308758
15	443696	1780	44.416680962274
15	449053	1800	44.74899875444
15	453923	1820	44.466578570547
15	458226	1840	44.811205527803
15	462003	1860	44.438121219178
15	465345	1880	44.45573794042
15	468273	1900	46.13856796437
15	470781	1920	44.63566581696
15	472755	1940	45.823856499025
15	474276	1960	46.021127123912
15	475347	1980	46.429881062873
15	475980	2000	45.187472395999
16	34702	240	2.1264132032137
16	39970	260	1.3666278427066
16	45355	280	1.4087839499945
16	50568	300	0.69809243140413
16	55780	320	1.7094205084792
16	61066	340	1.2062915077812
16	66358	360	0.50802742196414
16	71789	380	0.95511437687677
16	77156	400	0.93596179252153
16	82588	420	0.88444790617236
16	87951	440	0.48758096351115
16	93172	460	1.0873198083721
16	98465	480	1.2548292384852
16	103717	500	0.60041343058524
16	108997	520	0.88266145467279
16	114369	540	0.53035040807697
16	119700	560	1.0471116455391
16	125084	580	0.99023334307437
16	130401	600	1.3882777895128
16	135776	620	0.59392740910731
16	141103	640	1.2194136626815
16	146433	660	1.156091453191
16	151817	680	0.49964460011029
16	157128	700	0.55147004185415
16	162447	720	1.0572333199559
16	167725	740	0.51800941444089
16	172997	760	1.7075712824153
16	178249	780	0.9749738939478
16	183489	800	0.45337056408681
16	188804	820	0.99932900918255
16	194078	840	0.70668164472013
16	199525	860	1.2723118434158
16	204780	880	0.81892996155629
16	210113	900	0.62103358747925
16	215381	920	0.86188665039619
16	220643	940	0.70732198739938
16	225963	960	0.5628077467606
16	231368	980	0.93550972242879
16	236689	1000	0.57060559560414
16	241981	1020	1.065434496032
16	247349	1040	1.364879333386
16	252710	1060	0.85559783653853
16	258028	1080	0.52361208323479
16	263355	1100	0.54353291018114
16	268662	1120	1.0830165033346
16	273926	1140	0.61534739098129
16	279221	1160	1.8483020120589
16	284556	1180	1.2442401403057
16	289854	1200	0.64902490907773
16	295160	1220	1.3752232617533
16	300457	1240	1.0882524605964
16	305804	1260	0.78253365646451
16	311169	1280	0.79092835981347
16	316482	1300	0.65260019490587
16	321808	1320	1.3339128148061
16	327208	1340	0.46814023771552
16	332517	1360	0.49351181595298
16	337722	1380	1.4752512904002
16	343091	1400	1.3725885117806
16	348344	1420	0.69856989022971
16	353550	1440	0.38744204425189
16	358808	1460	2.0361737501662
16	364143	1480	1.4662627550322
16	369515	1500	1.2048638552506
16	374830	1520	0.91565019131428
16	380058	1540	0.32436437158446
16	385348	1560	0.55642544765454
16	390593	1580	0.49881373326206
16	395912	1600	0.42647724745582
16	401210	1620	0.38294899739658
16	406495	1640	0.62112545091347
16	411810	1660	0.43651450695119
16	417088	1680	0.40765281739064
16	422431	1700	0.57848238005805
16	427788	1720	0.41426077723553
16	433099	1740	1.8032836050254
16	438386	1760	0.60684335813142
16	443696	1780	0.2012535218913
16	449053	1800	0.6996249238944
16	453923	1820	0.38336842016079
16	458226	1840	1.0476505619697
16	462003	1860	0.32903478446873
16	465345	1880	0.6479550152302
16	468273	1900	2.7965178458086
16	470781	1920	0.35159665327489
16	472755	1940	1.298592734831
16	474276	1960	0.74945428210408
16	475347	1980	0.38712439012861
16	475980	2000	nan
17	34702	240	4.5216331108014
17	39970	260	1.8676716604608
17	45355	280	1.9846722177621
17	50568	300	0.48733304278373
17	55780	320	2.9221184748091
17	61066	340	1.4551392017449
17	66358	360	0.25809186146753
17	71789	380	0.91224347291671
17	77156	400	0.87602447706011
17	82588	420	0.78224809873268
17	87951	440	0.23773519597846
17	93172	460	1.1822643656783
17	98465	480	1.5745964177573
17	103717	500	0.36049628762713
17	108997	520	0.77909124356508
17	114369	540	0.2812715553474
17	119700	560	1.0964427982235
17	125084	580	0.98056207373624
17	130401	600	1.9273152208545
17	135776	620	0.35274976728892
17	141103	640	1.4869696807342
17	146433	660	1.3365474481414
17	151817	680	0.24964472641938
17	157128	700	0.30411920706262
17	162447	720	1.117742292825
17	167725	740	0.2683337534494
17	172997	760	2.9157996845294
17	178249	780	0.95057409387973
17	183489	800	0.20554486838039
17	188804	820	0.99865846859377
17	194078	840	0.49939894698435
17	199525	860	1.6187774268961
17	204780	880	0.67064628193459
17	210113	900	0.38568271677735
17	215381	920	0.74284859813116
17	220643	940	0.50030439385861
17	225963	960	0.31675255981374
17	231368	980	0.8751784407588
17	236689	1000	0.32559074573476
17	241981	1020	1.135150665335
17	247349	1040	1.8628955947043
17	252710	1060	0.73204765788942
17	258028	1080	0.27416961370948
17	263355	1100	0.29542802444998
17	268662	1120	1.1729247464951
17	273926	1140	0.37865241158749
17	279221	1160	3.4162203277808
17	284556	1180	1.548133526748
17	289854	1200	0.42123333260335
17	295160	1220	1.8912390196673
17	300457	1240	1.1842934179942
17	305804	1260	0.61235892349971
17	311169	1280	0.62556767035723
17	316482	1300	0.42588701439118
17	321808	1320	1.7793233975039
17	327208	1340	0.21915528216834
17	332517	1360	0.2435539124852
17	337722	1380	2.1763663698276
17	343091	1400	1.883999222672
17	348344	1420	0.48799989153555
17	353550	1440	0.15011133765409
17	358808	1460	4.1460035408658
17	364143	1480	2.1499264667946
17	369515	1500	1.4516969096893
17	374830	1520	0.83841527285388
17	380058	1540	0.10521224555338
17	385348	1560	0.30960927879756
17	390593	1580	0.24881514049083
17	395912	1600	0.18188284259749
17	401210	1620	0.14664993460705
17	406495	1640	0.38579682577246
17	411810	1660	0.19054491477884
17	417088	1680	0.16618081952652
17	422431	1700	0.33464186403762
17	427788	1720	0.17161199155579
17	433099	1740	3.2518317601535
17	438386	1760	0.36825886130822
17	443696	1780	0.040502980073653
17	449053	1800	0.48947503413424
17	453923	1820	0.14697134557658
17	458226	1840	1.0975716999954
17	462003	1860	0.10826388939038
17	465345	1880	0.41984570176197
17	468273	1900	7.8205120619259
17	470781	1920	0.12362020659411
17	472755	1940	1.6863430909559
17	474276	1960	0.56168172096414
17	475347	1980	0.14986529343244
17	475980	2000	nan
18	34702	240	949.7735057506
18	39970	260	1046.4227146759
18	45355	280	806.43662246766
18	50568	300	755.0760012452
18	55780	320	753.33914665133
18	61066	340	805.9426334161
18	66358	360	707.42554800782
18	71789	380	952.06924488121
18	77156	400	901.63838687924
18	82588	420	991.86023383079
18	87951	440	1085.8867285541
18	93172	460	1167.6810884326
18	98465	480	1176.1203406917
18	103717	500	1076.565394746
18	108997	520	1030.3894116438
18	114369	540	1118.3817428605
18	119700	560	1027.6358110341
18	125084	580	1022.7019738573
18	130401	600	916.39219871444
18	135776	620	978.07797016157
18	141103	640	741.06169578803
18	146433	660	794.34169656261
18	151817	680	895.56085323422
18	157128	700	810.36318428814
18	162447	720	816.37354539847
18	167725	740	960.03175071347
18	172997	760	816.81713939692
18	178249	780	1057.3863101999
18	183489	800	1106.7039272383
18	188804	820	870.20752808019
18	194078	840	1178.7890846037
18	199525	860	1126.1822197739
18	204780	880	1039.3166153238
18	210113	900	1128.4838602541
18	215381	920	944.68789813891
18	220643	940	1071.8769509873
18	225963	960	1021.6821939258
18	231368	980	923.23899697087
18	236689	1000	985.09747549581
18	241981	1020	927.01310081456
18	247349	1040	981.12586051406
18	252710	1060	728.68332944987
18	258028	1080	881.09842476584
18	263355	1100	938.36715117077
18	268662	1120	984.96611953924
18	273926	1140	800.3110243739
18	279221	1160	806.73195324184
18	284556	1180	807.48784975454
18	289854	1200	957.2166959612
18	295160	1220	989.78798238828
18	300457	1240	885.64684317804
18	305804	1260	699.85542061596
18	311169	1280	891.85312018788
18	316482	1300	887.69405934242
18	321808	1320	888.45683924575
18	327208	1340	808.83722476732
18	332517	1360	751.63950476367
18	337722	1380	757.25502292891
18	343091	1400	657.63752706596
18	348344	1420	787.49598987393
18	353550	1440	887.80638169931
18	358808	1460	839.30654643801
18	364143	1480	729.57273405751
18	369515	1500	644.15937053755
18	374830	1520	509.17721895665
18	380058	1540	791.58692744569
18	385348	1560	659.41397202926
18	390593	1580	810.49946599705
18	395912	1600	760.25028020337
18	401210	1620	887.72692731824
18	406495	1640	791.66910224763
18	411810	1660	839.37287668405
18	417088	1680	1015.8652273474
18	422431	1700	1160.8665491454
18	427788	1720	1071.5577738703
18	433099	1740	1033.5437586532
18	438386	1760	842.39258415332
18	443696	1780	1034.8754475569
18	449053	1800	835.73413364253
18	453923	1820	855.80788040154
18	458226	1840	848.94120514241
18	462003	1860	794.78650672175
18	465345	1880	669.55828555131
18	468273	1900	618.47301229127
18	470781	1920	628.76145407406
18	472755	1940	508.23383723087
18	474276	1960	332.88276088235
18	475347	1980	289.73881231229
18	475980	2000	183.43693780693
19	34702	240	47.48867528753
19	39970	260	47.564668848903
19	45355	280	47.437448380451
19	50568	300	47.192250077825
19	55780	320	47.083696665708
19	61066	340	47.408390200947
19	66358	360	47.161703200522
19	71789	380	47.603462244061
19	77156	400	47.454651941013
19	82588	420	47.231439706228
19	87951	440	47.212466458874
19	93172	460	46.707243537304
19	98465	480	47.04481362767
19	103717	500	46.807191075913
19	108997	520	46.835882347448
19	114369	540	46.599239285856
19	119700	560	46.710718683368
19	125084	580	46.486453357148
19	130401	600	45.819609935722
19	135776	620	46.575141436265
19	141103	640	46.316355986752
19	146433	660	46.725982150741
19	151817	680	47.134781749169
19	157128	700	47.668422605185
19	162447	720	48.021973258734
19	167725	740	48.001587535673
19	172997	760	48.048067023348
19	178249	780	48.063014099996
19	183489	800	48.11756205384
19	188804	820	48.344862671121
19	194078	840	47.151563384149
19	199525	860	46.924259157245
19	204780	880	47.2416643329
19	210113	900	47.020160843922
19	215381	920	47.234394906945
19	220643	940	46.6033456951
19	225963	960	46.4400997239
19	231368	980	46.161949848544
19	236689	1000	46.909403595039
19	241981	1020	46.350655040728
19	247349	1040	46.720279072098
19	252710	1060	45.542708090617
19	258028	1080	46.373601303465
19	263355	1100	46.918357558539
19	268662	1120	46.903148549487
19	273926	1140	47.077119080818
19	279221	1160	47.454820778932
19	284556	1180	47.499285279679
19	289854	1200	47.86083479806
19	295160	1220	47.132761066109
19	300457	1240	46.612991746213
19	305804	1260	46.657028041064
19	311169	1280	46.939637904625
19	316482	1300	46.72073996539
19	321808	1320	46.760886276092
19	327208	1340	47.578660280431
19	332517	1360	46.97746904773
19	337722	1380	47.328438933057
19	343091	1400	46.97410907614
19	348344	1420	46.323293521996
19	353550	1440	46.726651668385
19	358808	1460	46.628141468778
19	364143	1480	45.598295878594
19	369515	1500	46.011383609825
19	374830	1520	46.288838086968
19	380058	1540	46.56393690857
19	385348	1560	47.10099800209
19	390593	1580	47.676439176297
19	395912	1600	47.515642512711
19	401210	1620	46.722469858855
19	406495	1640	46.568770720449
19	411810	1660	46.631826482447
19	417088	1680	46.175692152154
19	422431	1700	46.434661965814
19	427788	1720	46.589468429144
19	433099	1740	46.979261756962
19	438386	1760	46.799588008518
19	443696	1780	47.039793070769
19	449053	1800	46.429674091252
19	453923	1820	47.54488224453
19	458226	1840	47.16340028569
19	462003	1860	46.75214745422
19	465345	1880	47.825591825094
19	468273	1900	47.574847099329
19	470781	1920	48.366265698004
19	472755	1940	46.203076111898
19	474276	1960	47.55468012605
19	475347	1980	48.289802052048
19	475980	2000	45.859234451731
20	34702	240	2.3837007438723
20	39970	260	2.6204323164177
20	45355	280	2.7551132769933
20	50568	300	4.3968891115973
20	55780	320	1.9039851661657
20	61066	340	2.173400067
20	66358	360	2.2156525215789
20	71789	380	2.8502778718601
20	77156	400	2.5420377492975
20	82588	420	2.6386500480653
20	87951	440	2.6635179668432
20	93172	460	2.2261059837948
20	98465	480	1.8517224350435
20	103717	500	1.6933208652724
20	108997	520	2.6288242449637
20	114369	540	2.4318954740501
20	119700	560	1.7942428514736
20	125084	580	1.4176556647661
20	130401	600	1.8834170241235
20	135776	620	2.0518535288181
20	141103	640	2.2853713184685
20	146433	660	2.746371251557
20	151817	680	2.0067157264876
20	157128	700	3.1458791096425
20	162447	720	3.1934094196136
20	167725	740	2.6189343701498
20	172997	760	3.0638703196647
20	178249	780	2.7981120054818
20	183489	800	2.9981104158321
20	188804	820	2.5845438405061
20	194078	840	2.7375123876864
20	199525	860	1.7846063988149
20	204780	880	1.9898625737354
20	210113	900	1.9490055874753
20	215381	920	2.1957391849852
20	220643	940	1.2323637302875
20	225963	960	1.7470429089286
20	231368	980	1.6636250661231
20	236689	1000	2.0492445009798
20	241981	1020	2.2316997172068
20	247349	1040	2.0954924374923
20	252710	1060	1.7684750210643
20	258028	1080	2.4676213744495
20	263355	1100	2.0337566043758
20	268662	1120	2.0303232813915
20	273926	1140	2.0909736970188
20	279221	1160	2.7728180880628
20	284556	1180	3.1577252139683
20	289854	1200	3.5092694390785
20	295160	1220	3.633811109831
20	300457	1240	1.5180385268262
20	305804	1260	1.5086608054511
20	311169	1280	1.4423370655261
20	316482	1300	1.6918772294236
20	321808	1320	1.6999137298074
20	327208	1340	3.4352752789092
20	332517	1360	1.4449153236337
20	337722	1380	2.4821625381298
20	343091	1400	1.4245828157531
20	348344	1420	2.0318185844895
20	353550	1440	1.5976287898762
20	358808	1460	3.8643061295989
20	364143	1480	1.9388131110448
20	369515	1500	2.3437442821032
20	374830	1520	1.8049608215195
20	380058	1540	2.1863265853596
20	385348	1560	1.991639998901
20	390593	1580	2.0367126587974
20	395912	1600	2.3947398406249
20	401210	1620	2.7803068672468
20	406495	1640	1.4681206801402
20	411810	1660	1.4337659639956
20	417088	1680	1.9015242224689
20	422431	1700	1.4184051412367
20	427788	1720	2.0709194787517
20	433099	1740	2.2517533517794
20	438386	1760	1.8545665637697
20	443696	1780	1.5895244554914
20	449053	1800	1.4634658088205
20	453923	1820	1.8807016928724
20	458226	1840	1.971483124445
20	462003	1860	2.3445016819798
20	465345	1880	3.7957670274559
20	468273	1900	2.0091748859115
20	470781	1920	2.2755423863316
20	472755	1940	2.1841360732616
20	474276	1960	2.5491342818182
20	475347	1980	3.3781788316107
20	475980	2000	3.8469484932824
21	34702	240	5.6820292363374
21	39970	260	6.8666655249263
21	45355	280	7.5906491690647
21	50568	300	19.332633859683
21	55780	320	3.6251595129791
21	61066	340	4.7236678512356
21	66358	360	4.9091160963788
21	71789	380	8.1240839468153
21	77156	400	6.4619559188535
21	82588	420	6.9624740761551
21	87951	440	7.0943279596964
21	93172	460	4.9555478510871
21	98465	480	3.4288759764436
21	103717	500	2.8673355527668
21	108997	520	6.9107169109089
21	114369	540	5.9141155967054
21	119700	560	3.2193074100639
21	125084	580	2.0097475838434
21	130401	600	3.5472596867582
21	135776	620	4.2101029037232
21	141103	640	5.2229220632786
21	146433	660	7.5425550513788
21	151817	680	4.0269080069326
21	157128	700	9.8965553724852
21	162447	720	10.197863721277
21	167725	740	6.8588172351519
21	172997	760	9.3873013357221
21	178249	780	7.8294307952214
21	183489	800	8.9886660655211
21	188804	820	6.679866863498
21	194078	840	7.4939740727364
21	199525	860	3.1848199986911
21	204780	880	3.959553062353
21	210113	900	3.7986227800101
21	215381	920	4.8212705684796
21	220643	940	1.518720363728
21	225963	960	3.0521589256377
21	231368	980	2.7676483606331
21	236689	1000	4.199403024796
21	241981	1020	4.9804836277811
21	247349	1040	4.3910885555873
21	252710	1060	3.1275039001285
21	258028	1080	6.0891552476399
21	263355	1100	4.1361659258422
21	268662	1120	4.1222126269603
21	273926	1140	4.3721710016245
21	279221	1160	7.6885201494881
21	284556	1180	9.9712285269309
21	289854	1200	12.31497199605
21	295160	1220	13.204583181931
21	300457	1240	2.3044409689286
21	305804	1260	2.2760574259044
21	311169	1280	2.0803362105906
21	316482	1300	2.8624485594422
21	321808	1320	2.8897066887878
21	327208	1340	11.801116241885
21	332517	1360	2.0877802924714
21	337722	1380	6.1611308656948
21	343091	1400	2.0294361989389
21	348344	1420	4.1282867602769
21	353550	1440	2.5524177502413
21	358808	1460	14.932861863255
21	364143	1480	3.7589962795594
21	369515	1500	5.4931372598912
21	374830	1520	3.2578835672202
21	380058	1540	4.7800239378503
21	385348	1560	3.9666298852225
21	390593	1580	4.1481984545056
21	395912	1600	5.7347789042763
21	401210	1620	7.7301062760595
21	406495	1640	2.1553783314553
21	411810	1660	2.0556848395123
21	417088	1680	3.615794368636
21	422431	1700	2.0118731446868
21	427788	1720	4.2887074874734
21	433099	1740	5.0703931572496
21	438386	1760	3.4394171394526
21	443696	1780	2.5265879946053
21	449053	1800	2.1417321735866
21	453923	1820	3.537038857573
21	458226	1840	3.8867457099715
21	462003	1860	5.4966881368062
21	465345	1880	14.407847326721
21	468273	1900	4.0367837221773
21	470781	1920	5.1780931519916
21	472755	1940	4.7704503865226
21	474276	1960	6.4980855867406
21	475347	1980	11.412092218342
21	475980	2000	14.799012709968
22	34702	240	1432.0234279622
22	39970	260	1524.9820674964
22	45355	280	1435.0533662032
22	50568	300	1343.6394274088
22	55780	320	1525.4323060747
22	61066	340	1525.3729425731
22	66358	360	1260.8121323313
22	71789	380	1573.247877717
22	77156	400	1612.9860821505
22	82588	420	1351.9463473696
22	87951	440	1305.3868385558
22	93172	460	1482.2885179893
22	98465	480	1609.0542000453
22	103717	500	1341.7876331681
22	108997	520	1569.1956255549
22	114369	540	1523.7588271716
22	119700	560	1387.7734971962
22	125084	580	1569.5958057531
22	130401	600	1481.1745369679
22	135776	620	1298.1818444376
22	141103	640	1344.3183684194
22	146433	660	1475.5463969658
22	151817	680	1344.7739889454
22	157128	700	1347.3895808161
22	162447	720	1522.015188811
22	167725	740	1254.4791384608
22	172997	760	1347.83448714
22	178249	780	1437.2558357297
22	183489	800	1526.060824792
22	188804	820	1257.8406252847
22	194078	840	1258.7582386797
22	199525	860	1615.1642526397
22	204780	880	1297.8033030786
22	210113	900	1435.3949010827
22	215381	920	1434.1382906373
22	220643	940	1480.2935554191
22	225963	960	1615.4649936877
22	231368	980	1387.3637150114
22	236689	1000	1476.9099312442
22	241981	1020	1566.183104784
22	247349	1040	1708.5859969674
22	252710	1060	1298.4232088615
22	258028	1080	1390.4093064312
22	263355	1100	1391.9571741652
22	268662	1120	1479.3991122755
22	273926	1140	1296.2193274951
22	279221	1160	1616.7109443522
22	284556	1180	1392.0990628221
22	289854	1200	1482.5962075652
22	295160	1220	1390.7214181584
22	300457	1240	1388.6952838182
22	305804	1260	1345.6163448303
22	311169	1280	1430.7537617513
22	316482	1300	1343.2495579035
22	321808	1320	1569.7320278385
22	327208	1340	1441.3403138302
22	332517	1360	1394.2658614241
22	337722	1380	1521.2205885371
22	343091	1400	1521.1639814936
22	348344	1420	1614.1369197802
22	353550	1440	1528.1515316227
22	358808	1460	1522.466838625
22	364143	1480	1608.0439232592
22	369515	1500	1525.1889534712
22	374830	1520	1299.6080279309
22	380058	1540	1431.8423882494
22	385348	1560	1206.1470374985
22	390593	1580	1433.5011836626
22	395912	1600	1251.7897910637
22	401210	1620	1481.505161609
22	406495	1640	1390.5764027937
22	411810	1660	1297.7067001316
22	417088	1680	1346.3032691634
22	422431	1700	1656.1354957034
22	427788	1720	1618.9769672386
22	433099	1740	1705.3474034806
22	438386	1760	1171.6876655925
22	443696	1780	1576.499976751
22	449053	1800	1476.6049592614
22	453923	1820	1253.6858775177
22	458226	1840	1258.1937512931
22	462003	1860	1215.4705076876
22	465345	1880	1077.748136647
22	468273	1900	988.87376420137
22	470781	1920	769.19882613416
22	472755	1940	679.96912965297
22	474276	1960	408.53368796058
22	475347	1980	368.06811583648
22	475980	2000	328.57424485048
23	34702	240	44.75073212382
23	39970	260	44.852413749893
23	45355	280	44.84541769385
23	50568	300	44.787980913627
23	55780	320	44.865656061021
23	61066	340	44.863910075678
23	66358	360	45.029004726116
23	71789	380	44.949939363343
23	77156	400	44.805168948626
23	82588	420	45.064878245655
23	87951	440	45.013339260546
23	93172	460	44.917833878463
23	98465	480	44.695950001258
23	103717	500	44.726254438937
23	108997	520	44.834160730141
23	114369	540	44.816436093283
23	119700	560	44.766887006328
23	125084	580	44.84559445009
23	130401	600	44.884076877814
23	135776	620	44.764891187504
23	141103	640	44.810612280647
23	146433	660	44.713527180781
23	151817	680	44.825799631513
23	157128	700	44.912986027205
23	162447	720	44.765152612088
23	167725	740	44.802826373598
23	172997	760	44.927816237999
23	178249	780	44.914244866552
23	183489	800	44.884141905647
23	188804	820	44.922879474454
23	194078	840	44.955651381419
23	199525	860	44.865673684435
23	204780	880	44.751838037193
23	210113	900	44.856090658833
23	215381	920	44.816821582417
23	220643	940	44.857380467245
23	225963	960	44.874027602435
23	231368	980	44.753668226175
23	236689	1000	44.754846401339
23	241981	1020	44.748088708113
23	247349	1040	44.962789393879
23	252710	1060	44.773214098671
23	258028	1080	44.851913110683
23	263355	1100	44.901844327908
23	268662	1120	44.830276129561
23	273926	1140	44.697218189486
23	279221	1160	44.908637343116
23	284556	1180	44.906421381357
23	289854	1200	44.927157805006
23	295160	1220	44.861981230918
23	300457	1240	44.796622058651
23	305804	1260	44.85387816101
23	311169	1280	44.711055054728
23	316482	1300	44.774985263449
23	321808	1320	44.849486509671
23	327208	1340	45.041884807195
23	332517	1360	44.976318110454
23	337722	1380	44.741782015797
23	343091	1400	44.740117102752
23	348344	1420	44.837136660561
23	353550	1440	44.94563328302
23	358808	1460	44.778436430147
23	364143	1480	44.6678867572
23	369515	1500	44.858498631505
23	374830	1520	44.814069928651
23	380058	1540	44.745074632795
23	385348	1560	44.672112499945
23	390593	1580	44.796911989458
23	395912	1600	44.706778252276
23	401210	1620	44.894095806334
23	406495	1640	44.857303315927
23	411810	1660	44.748506901091
23	417088	1680	44.876775638779
23	422431	1700	44.760418802795
23	427788	1720	44.971582423294
23	433099	1740	44.877563249488
23	438386	1760	45.064910215098
23	443696	1780	45.042856478599
23	449053	1800	44.745604826104
23	453923	1820	44.774495625634
23	458226	1840	44.935491117612
23	462003	1860	45.017426210651
23	465345	1880	44.906172360293
23	468273	1900	44.948807463698
23	470781	1920	45.246989772598
23	472755	1940	45.331275310198
23	474276	1960	45.392631995621
23	475347	1980	46.008514479559
23	475980	2000	46.939177835783
24	34702	240	0.80566146962819
24	39970	260	0.86304922683467
24	45355	280	0.78499718087266
24	50568	300	0.71234789082698
24	55780	320	1.0005122784342
24	61066	340	0.895332325941
24	66358	360	0.99151734149613
24	71789	380	0.90291112102276
24	77156	400	0.65514552585938
24	82588	420	1.1246033392434
24	87951	440	1.0552888932488
24	93172	460	1.0462232365321
24	98465	480	0.58063256401646
24	103717	500	0.783211529168
24	108997	520	0.78640491479002
24	114369	540	0.82295018402862
24	119700	560	0.74104450358516
24	125084	580	1.0067436564393
24	130401	600	0.92351850605475
24	135776	620	0.61444965597801
24	141103	640	1.0803754253597
24	146433	660	0.52517756300113
24	151817	680	0.65835009620917
24	157128	700	0.76065415662578
24	162447	720	0.60695832212699
24	167725	740	0.79633804172955
24	172997	760	1.0417705232101
24	178249	780	0.85064867549769
24	183489	800	1.0156864059836
24	188804	820	0.8766714351221
24	194078	840	0.85646837959122
24	199525	860	1.0284003318196
24	204780	880	0.77829038013853
24	210113	900	0.97868963047764
24	215381	920	0.72695442135248
24	220643	940	0.82167757865706
24	225963	960	0.82129142886485
24	231368	980	0.70983471757829
24	236689	1000	0.59693719090309
24	241981	1020	0.64784628075793
24	247349	1040	1.0938138884837
24	252710	1060	0.57969372223442
24	258028	1080	0.74701707210729
24	263355	1100	0.84107645769231
24	268662	1120	0.77913867836605
24	273926	1140	0.63370507739076
24	279221	1160	0.85628919505053
24	284556	1180	0.94257434644717
24	289854	1200	0.83812451539636
24	295160	1220	0.96936666772927
24	300457	1240	0.82291612882191
24	305804	1260	0.82213350444814
24	311169	1280	0.65454344037514
24	316482	1300	0.69865322056439
24	321808	1320	0.76392019052771
24	327208	1340	0.83982801967349
24	332517	1360	0.98258066797045
24	337722	1380	1.0600694134724
24	343091	1400	0.579755370867
24	348344	1420	0.88895394161792
24	353550	1440	0.92486360180257
24	358808	1460	0.79811221324148
24	364143	1480	0.53936806784674
24	369515	1500	0.85334371239268
24	374830	1520	0.86862481039781
24	380058	1540	0.7772309657792
24	385348	1560	0.69651915263763
24	390593	1580	0.77289326275824
24	395912	1600	0.65301064408893
24	401210	1620	1.1265817362319
24	406495	1640	0.99537199991942
24	411810	1660	0.5794165349054
24	417088	1680	0.83138272744199
24	422431	1700	0.81380874093104
24	427788	1720	1.0710674075023
24	433099	1740	0.88479926138747
24	438386	1760	1.3435034415465
24	443696	1780	1.0135324872174
24	449053	1800	0.57594242478589
24	453923	1820	0.55866910666548
24	458226	1840	0.77712551592888
24	462003	1860	0.82747667250222
24	465345	1880	0.73411286553418
24	468273	1900	0.79481455028376
24	470781	1920	0.97336828969294
24	472755	1940	0.92474135399235
24	474276	1960	0.89384191791795
24	475347	1980	1.0435557024569
24	475980	2000	0.66750385388425
25	34702	240	0.64909040364345
25	39970	260	0.74485396793993
25	45355	280	0.61622057397803
25	50568	300	0.50743951756564
25	55780	320	1.0010248192976
25	61066	340	0.80161997387493
25	66358	360	0.98310663848756
25	71789	380	0.81524849246657
25	77156	400	0.42921566005356
25	82588	420	1.2647326706374
25	87951	440	1.1136346482142
25	93172	460	1.0945830606597
25	98465	480	0.33713417439633
25	103717	500	0.61342029942168
25	108997	520	0.61843269000589
25	114369	540	0.67724700539275
25	119700	560	0.54914695629377
25	125084	580	1.0135327897809
25	130401	600	0.85288643102559
25	135776	620	0.37754837973149
25	141103	640	1.1672110597212
25	146433	660	0.2758114726798
25	151817	680	0.43342484917863
25	157128	700	0.57859474599208
25	162447	720	0.36839840479922
25	167725	740	0.63415427670566
25	172997	760	1.0852858230294
25	178249	780	0.72360316912597
25	183489	800	1.0316188753
25	188804	820	0.76855280515905
25	194078	840	0.73353808523961
25	199525	860	1.0576072424867
25	204780	880	0.60573591581617
25	210113	900	0.95783339280446
25	215381	920	0.52846273072392
25	220643	940	0.67515404326773
25	225963	960	0.67451961112687
25	231368	980	0.50386532627945
25	236689	1000	0.35633400988328
25	241981	1020	0.41970480349189
25	247349	1040	1.1964288226397
25	252710	1060	0.336044811598
25	258028	1080	0.55803450601975
25	263355	1100	0.70740960768425
25	268662	1120	0.607057080126
25	273926	1140	0.40158212511082
25	279221	1160	0.73323118556028
25	284556	1180	0.88844639858032
25	289854	1200	0.70245270330838
25	295160	1220	0.93967173650455
25	300457	1240	0.67719095507523
25	305804	1260	0.67590349913619
25	311169	1280	0.42842711533812
25	316482	1300	0.488116322605
25	321808	1320	0.5835740574959
25	327208	1340	0.7053111026287
25	332517	1360	0.96546476906925
25	337722	1380	1.1237471613797
25	343091	1400	0.33611629004913
25	348344	1420	0.79023911031804
25	353550	1440	0.85537268193922
25	358808	1460	0.63698310492522
25	364143	1480	0.29091791261273
25	369515	1500	0.72819549148011
25	374830	1520	0.75450906123864
25	380058	1540	0.60408797416607
25	385348	1560	0.48513892999104
25	390593	1580	0.59736399561708
25	395912	1600	0.42642290129344
25	401210	1620	1.2691864084114
25	406495	1640	0.99076541822358
25	411810	1660	0.33572352092178
25	417088	1680	0.69119723948889
25	422431	1700	0.66228466681576
25	427788	1720	1.1471853914136
25	433099	1740	0.7828697329518
25	438386	1760	1.8050014974474
25	443696	1780	1.0272481026451
25	449053	1800	0.33170967666825
25	453923	1820	0.31211117074241
25	458226	1840	0.60392406750773
25	462003	1860	0.68471764353535
25	465345	1880	0.5389216993428
25	468273	1900	0.63173016934278
25	470781	1920	0.94744582737975
25	472755	1940	0.8551465717836
25	474276	1960	0.79895337422724
25	475347	1980	1.0890085041303
25	475980	2000	0.44556139495033
