version 2
run statisticRVV-235-20150326-10:23:29-5620
attr c 6
attr configname statisticRVV
attr datetime 20150326-10:23:29
attr experiment statisticRVV
attr inifile omnetpp.ini
attr iterationvars "$sc=\"erlangen-medium.launchd.xml\", $p=1/5, $c=6"
attr iterationvars2 "$sc=\"erlangen-medium.launchd.xml\", $p=1/5, $c=6, $repetition=5"
attr measurement "$sc=\"erlangen-medium.launchd.xml\", $p=1/5, $c=6"
attr network RSUExampleScenario
attr p 1/5
attr processid 5620
attr repetition 5
attr replication #5
attr resultdir results
attr runnumber 235
attr sc "\"erlangen-medium.launchd.xml\""
attr seedset 235

vector 0  RSUExampleScenario.rsu[0].appl  Number_CH  ETV
vector 1  RSUExampleScenario.rsu[0].appl  Number_ON  ETV
vector 2  RSUExampleScenario.rsu[0].appl  Number_FN  ETV
vector 3  RSUExampleScenario.rsu[0].appl  Number_CH_Losts  ETV
vector 4  RSUExampleScenario.rsu[0].appl  Mean_Cluster_Size  ETV
vector 5  RSUExampleScenario.rsu[0].appl  StdDev_Cluster_Size  ETV
vector 6  RSUExampleScenario.rsu[0].appl  Variance_Cluster_Size  ETV
vector 7  RSUExampleScenario.rsu[0].appl  Mean_Neighbors  ETV
vector 8  RSUExampleScenario.rsu[0].appl  StdDev_Neighbors  ETV
vector 9  RSUExampleScenario.rsu[0].appl  Variance_Neighbors  ETV
vector 10  RSUExampleScenario.rsu[0].appl  Total_CH_Utility  ETV
vector 11  RSUExampleScenario.rsu[0].appl  Mean_CH_Utility  ETV
vector 12  RSUExampleScenario.rsu[0].appl  StdDev_CH_Utility  ETV
vector 13  RSUExampleScenario.rsu[0].appl  Variance_CH_Utility  ETV
vector 14  RSUExampleScenario.rsu[0].appl  Total_exp_CH_Utility  ETV
vector 15  RSUExampleScenario.rsu[0].appl  Mean_exp_CH_Utility  ETV
vector 16  RSUExampleScenario.rsu[0].appl  StdDev_exp_CH_Utility  ETV
vector 17  RSUExampleScenario.rsu[0].appl  Variance_exp_CH_Utility  ETV
vector 18  RSUExampleScenario.rsu[0].appl  Total_ON_Utility  ETV
vector 19  RSUExampleScenario.rsu[0].appl  Mean_ON_Utility  ETV
vector 20  RSUExampleScenario.rsu[0].appl  StdDev_ON_Utility  ETV
vector 21  RSUExampleScenario.rsu[0].appl  Variance_ON_Utility  ETV
vector 22  RSUExampleScenario.rsu[0].appl  Total_exp_ON_Utility  ETV
vector 23  RSUExampleScenario.rsu[0].appl  Mean_exp_ON_Utility  ETV
vector 24  RSUExampleScenario.rsu[0].appl  StdDev_exp_ON_Utility  ETV
vector 25  RSUExampleScenario.rsu[0].appl  Variance_exp_ON_Utility  ETV
0	144973	240	11
0	170739	260	12
0	197864	280	10
0	225225	300	10
0	252519	320	23
0	279822	340	20
0	306993	360	11
0	334641	380	8
0	362556	400	18
0	390910	420	10
0	420119	440	14
0	449449	460	20
0	479435	480	15
0	509963	500	16
0	541242	520	11
0	573008	540	15
0	605647	560	15
0	639258	580	9
0	673150	600	12
0	708578	620	18
0	744745	640	18
0	782050	660	19
0	820939	680	18
0	860545	700	15
0	901680	720	13
0	944093	740	15
0	987527	760	18
0	1031722	780	14
0	1077385	800	12
0	1124335	820	22
0	1172450	840	21
0	1221678	860	17
0	1272092	880	15
0	1323286	900	21
0	1376196	920	16
0	1430153	940	19
0	1485439	960	22
0	1541997	980	16
0	1600038	1000	19
0	1659883	1020	18
0	1719900	1040	19
0	1782731	1060	21
0	1846183	1080	18
0	1911769	1100	17
0	1979251	1120	20
0	2048117	1140	26
0	2119190	1160	28
0	2192428	1180	25
0	2267694	1200	29
0	2344080	1220	20
0	2422792	1240	15
0	2503450	1260	18
0	2586492	1280	22
0	2671858	1300	27
0	2758659	1320	24
0	2848185	1340	19
0	2939657	1360	29
0	3032692	1380	30
0	3128146	1400	18
0	3225475	1420	28
0	3325219	1440	28
0	3427231	1460	33
0	3531204	1480	25
0	3637930	1500	31
0	3747784	1520	32
0	3859708	1540	28
0	3974098	1560	28
0	4089973	1580	34
0	4208304	1600	37
0	4328494	1620	29
0	4450890	1640	24
0	4575937	1660	32
0	4703910	1680	25
0	4832765	1700	28
0	4964351	1720	21
0	5098365	1740	27
0	5234133	1760	36
0	5373668	1780	31
0	5515461	1800	23
0	5659049	1820	32
0	5805826	1840	26
0	5955968	1860	30
0	6108037	1880	28
0	6261991	1900	28
0	6419221	1920	31
0	6578950	1940	36
0	6740645	1960	32
0	6906139	1980	34
0	7073866	2000	38
1	144973	240	14
1	170739	260	14
1	197864	280	15
1	225225	300	13
1	252519	320	34
1	279822	340	28
1	306993	360	17
1	334641	380	14
1	362556	400	23
1	390910	420	16
1	420119	440	21
1	449449	460	26
1	479435	480	21
1	509963	500	22
1	541242	520	15
1	573008	540	20
1	605647	560	24
1	639258	580	14
1	673150	600	17
1	708578	620	24
1	744745	640	26
1	782050	660	26
1	820939	680	30
1	860545	700	23
1	901680	720	20
1	944093	740	19
1	987527	760	25
1	1031722	780	19
1	1077385	800	17
1	1124335	820	29
1	1172450	840	30
1	1221678	860	27
1	1272092	880	21
1	1323286	900	28
1	1376196	920	21
1	1430153	940	26
1	1485439	960	30
1	1541997	980	24
1	1600038	1000	26
1	1659883	1020	23
1	1719900	1040	23
1	1782731	1060	32
1	1846183	1080	27
1	1911769	1100	24
1	1979251	1120	26
1	2048117	1140	37
1	2119190	1160	37
1	2192428	1180	38
1	2267694	1200	40
1	2344080	1220	32
1	2422792	1240	23
1	2503450	1260	25
1	2586492	1280	34
1	2671858	1300	45
1	2758659	1320	32
1	2848185	1340	25
1	2939657	1360	39
1	3032692	1380	43
1	3128146	1400	26
1	3225475	1420	42
1	3325219	1440	43
1	3427231	1460	47
1	3531204	1480	38
1	3637930	1500	40
1	3747784	1520	43
1	3859708	1540	38
1	3974098	1560	43
1	4089973	1580	47
1	4208304	1600	57
1	4328494	1620	43
1	4450890	1640	34
1	4575937	1660	45
1	4703910	1680	35
1	4832765	1700	38
1	4964351	1720	30
1	5098365	1740	42
1	5234133	1760	53
1	5373668	1780	40
1	5515461	1800	34
1	5659049	1820	45
1	5805826	1840	34
1	5955968	1860	42
1	6108037	1880	39
1	6261991	1900	42
1	6419221	1920	46
1	6578950	1940	50
1	6740645	1960	48
1	6906139	1980	48
1	7073866	2000	55
2	144973	240	53
2	170739	260	59
2	197864	280	67
2	225225	300	71
2	252519	320	38
2	279822	340	46
2	306993	360	65
2	334641	380	72
2	362556	400	55
2	390910	420	70
2	420119	440	64
2	449449	460	53
2	479435	480	64
2	509963	500	64
2	541242	520	76
2	573008	540	68
2	605647	560	67
2	639258	580	84
2	673150	600	78
2	708578	620	67
2	744745	640	67
2	782050	660	67
2	820939	680	66
2	860545	700	77
2	901680	720	83
2	944093	740	82
2	987527	760	74
2	1031722	780	86
2	1077385	800	91
2	1124335	820	69
2	1172450	840	72
2	1221678	860	81
2	1272092	880	90
2	1323286	900	77
2	1376196	920	89
2	1430153	940	84
2	1485439	960	80
2	1541997	980	90
2	1600038	1000	88
2	1659883	1020	93
2	1719900	1040	93
2	1782731	1060	82
2	1846183	1080	93
2	1911769	1100	97
2	1979251	1120	94
2	2048117	1140	79
2	2119190	1160	77
2	2192428	1180	81
2	2267694	1200	77
2	2344080	1220	95
2	2422792	1240	109
2	2503450	1260	108
2	2586492	1280	96
2	2671858	1300	78
2	2758659	1320	95
2	2848185	1340	110
2	2939657	1360	87
2	3032692	1380	84
2	3128146	1400	114
2	3225475	1420	87
2	3325219	1440	90
2	3427231	1460	82
2	3531204	1480	98
2	3637930	1500	93
2	3747784	1520	91
2	3859708	1540	101
2	3974098	1560	96
2	4089973	1580	89
2	4208304	1600	76
2	4328494	1620	99
2	4450890	1640	115
2	4575937	1660	96
2	4703910	1680	115
2	4832765	1700	110
2	4964351	1720	127
2	5098365	1740	109
2	5234133	1760	91
2	5373668	1780	112
2	5515461	1800	126
2	5659049	1820	109
2	5805826	1840	124
2	5955968	1860	113
2	6108037	1880	119
2	6261991	1900	120
2	6419221	1920	113
2	6578950	1940	105
2	6740645	1960	112
2	6906139	1980	114
2	7073866	2000	103
3	144973	240	1
3	170739	260	8
3	197864	280	4
3	225225	300	3
3	252519	320	6
3	279822	340	4
3	306993	360	7
3	334641	380	12
3	362556	400	8
3	390910	420	3
3	420119	440	5
3	449449	460	5
3	479435	480	1
3	509963	500	8
3	541242	520	4
3	573008	540	1
3	605647	560	7
3	639258	580	5
3	673150	600	7
3	708578	620	7
3	744745	640	3
3	782050	660	6
3	820939	680	6
3	860545	700	5
3	901680	720	10
3	944093	740	4
3	987527	760	8
3	1031722	780	4
3	1077385	800	8
3	1124335	820	6
3	1172450	840	5
3	1221678	860	6
3	1272092	880	3
3	1323286	900	8
3	1376196	920	4
3	1430153	940	8
3	1485439	960	12
3	1541997	980	7
3	1600038	1000	9
3	1659883	1020	11
3	1719900	1040	5
3	1782731	1060	10
3	1846183	1080	5
3	1911769	1100	2
3	1979251	1120	1
3	2048117	1140	9
3	2119190	1160	5
3	2192428	1180	6
3	2267694	1200	10
3	2344080	1220	5
3	2422792	1240	5
3	2503450	1260	8
3	2586492	1280	10
3	2671858	1300	9
3	2758659	1320	9
3	2848185	1340	7
3	2939657	1360	4
3	3032692	1380	7
3	3128146	1400	4
3	3225475	1420	7
3	3325219	1440	4
3	3427231	1460	7
3	3531204	1480	4
3	3637930	1500	8
3	3747784	1520	6
3	3859708	1540	4
3	3974098	1560	10
3	4089973	1580	10
3	4208304	1600	3
3	4328494	1620	8
3	4450890	1640	6
3	4575937	1660	3
3	4703910	1680	4
3	4832765	1700	7
3	4964351	1720	5
3	5098365	1740	7
3	5234133	1760	6
3	5373668	1780	13
3	5515461	1800	11
3	5659049	1820	6
3	5805826	1840	4
3	5955968	1860	4
3	6108037	1880	10
3	6261991	1900	8
3	6419221	1920	8
3	6578950	1940	7
3	6740645	1960	10
3	6906139	1980	8
3	7073866	2000	3
4	144973	240	1.2727272727273
4	170739	260	1.1666666666667
4	197864	280	1.5
4	225225	300	1.3
4	252519	320	1.4782608695652
4	279822	340	1.4
4	306993	360	1.5454545454545
4	334641	380	1.75
4	362556	400	1.2777777777778
4	390910	420	1.6
4	420119	440	1.5
4	449449	460	1.3
4	479435	480	1.4
4	509963	500	1.375
4	541242	520	1.3636363636364
4	573008	540	1.3333333333333
4	605647	560	1.6
4	639258	580	1.5555555555556
4	673150	600	1.4166666666667
4	708578	620	1.3333333333333
4	744745	640	1.4444444444444
4	782050	660	1.3684210526316
4	820939	680	1.6666666666667
4	860545	700	1.5333333333333
4	901680	720	1.5384615384615
4	944093	740	1.2666666666667
4	987527	760	1.3888888888889
4	1031722	780	1.3571428571429
4	1077385	800	1.4166666666667
4	1124335	820	1.3181818181818
4	1172450	840	1.4285714285714
4	1221678	860	1.5882352941176
4	1272092	880	1.4
4	1323286	900	1.3333333333333
4	1376196	920	1.3125
4	1430153	940	1.3684210526316
4	1485439	960	1.3636363636364
4	1541997	980	1.5
4	1600038	1000	1.3684210526316
4	1659883	1020	1.2777777777778
4	1719900	1040	1.2105263157895
4	1782731	1060	1.5238095238095
4	1846183	1080	1.5
4	1911769	1100	1.4117647058824
4	1979251	1120	1.3
4	2048117	1140	1.4230769230769
4	2119190	1160	1.3214285714286
4	2192428	1180	1.52
4	2267694	1200	1.3793103448276
4	2344080	1220	1.6
4	2422792	1240	1.5333333333333
4	2503450	1260	1.3888888888889
4	2586492	1280	1.5454545454545
4	2671858	1300	1.6666666666667
4	2758659	1320	1.3333333333333
4	2848185	1340	1.3157894736842
4	2939657	1360	1.3448275862069
4	3032692	1380	1.4333333333333
4	3128146	1400	1.4444444444444
4	3225475	1420	1.5
4	3325219	1440	1.5357142857143
4	3427231	1460	1.4242424242424
4	3531204	1480	1.52
4	3637930	1500	1.2903225806452
4	3747784	1520	1.34375
4	3859708	1540	1.3571428571429
4	3974098	1560	1.5357142857143
4	4089973	1580	1.3823529411765
4	4208304	1600	1.5405405405405
4	4328494	1620	1.4827586206897
4	4450890	1640	1.4166666666667
4	4575937	1660	1.40625
4	4703910	1680	1.4
4	4832765	1700	1.3571428571429
4	4964351	1720	1.4285714285714
4	5098365	1740	1.5555555555556
4	5234133	1760	1.4722222222222
4	5373668	1780	1.2903225806452
4	5515461	1800	1.4782608695652
4	5659049	1820	1.40625
4	5805826	1840	1.3076923076923
4	5955968	1860	1.4
4	6108037	1880	1.3928571428571
4	6261991	1900	1.5
4	6419221	1920	1.4838709677419
4	6578950	1940	1.3888888888889
4	6740645	1960	1.5
4	6906139	1980	1.4117647058824
4	7073866	2000	1.4473684210526
5	144973	240	0.46709936649691
5	170739	260	0.38924947208076
5	197864	280	0.52704627669473
5	225225	300	0.48304589153965
5	252519	320	0.51075391845525
5	279822	340	0.50262468995003
5	306993	360	0.52223296786709
5	334641	380	0.46291004988628
5	362556	400	0.46088859896248
5	390910	420	0.51639777949432
5	420119	440	0.51887452166277
5	449449	460	0.57124057057748
5	479435	480	0.50709255283711
5	509963	500	0.5
5	541242	520	0.50452497910951
5	573008	540	0.48795003647427
5	605647	560	0.50709255283711
5	639258	580	0.52704627669473
5	673150	600	0.51492865054444
5	708578	620	0.48507125007267
5	744745	640	0.6156987634552
5	782050	660	0.49559462778335
5	820939	680	0.48507125007267
5	860545	700	0.51639777949432
5	901680	720	0.51887452166277
5	944093	740	0.45773770821706
5	987527	760	0.50163132570455
5	1031722	780	0.49724515809885
5	1077385	800	0.51492865054444
5	1124335	820	0.4767312946228
5	1172450	840	0.50709255283711
5	1221678	860	0.50729965619589
5	1272092	880	0.50709255283711
5	1323286	900	0.48304589153965
5	1376196	920	0.47871355387817
5	1430153	940	0.49559462778335
5	1485439	960	0.49236596391733
5	1541997	980	0.51639777949432
5	1600038	1000	0.49559462778335
5	1659883	1020	0.46088859896248
5	1719900	1040	0.4188539082917
5	1782731	1060	0.51176631571916
5	1846183	1080	0.51449575542753
5	1911769	1100	0.50729965619589
5	1979251	1120	0.47016234598163
5	2048117	1140	0.50383147365578
5	2119190	1160	0.47559486560567
5	2192428	1180	0.50990195135928
5	2267694	1200	0.49380397379124
5	2344080	1220	0.50262468995003
5	2422792	1240	0.51639777949432
5	2503450	1260	0.50163132570455
5	2586492	1280	0.50964719143763
5	2671858	1300	0.48038446141526
5	2758659	1320	0.48154341234308
5	2848185	1340	0.47756693294092
5	2939657	1360	0.48372528131497
5	3032692	1380	0.50400693299373
5	3128146	1400	0.51130999256491
5	3225475	1420	0.50917507721732
5	3325219	1440	0.50787450018337
5	3427231	1460	0.50189036591066
5	3531204	1480	0.50990195135928
5	3637930	1500	0.46141437537906
5	3747784	1520	0.48255870443481
5	3859708	1540	0.48795003647427
5	3974098	1560	0.50787450018337
5	4089973	1580	0.49327021805638
5	4208304	1600	0.50522792406522
5	4328494	1620	0.50854762771561
5	4450890	1640	0.50361015518533
5	4575937	1660	0.5599179087296
5	4703910	1680	0.5
5	4832765	1700	0.48795003647427
5	4964351	1720	0.5976143046672
5	5098365	1740	0.50636968354183
5	5234133	1760	0.506309397848
5	5373668	1780	0.46141437537906
5	5515461	1800	0.51075391845525
5	5659049	1820	0.49899091723585
5	5805826	1840	0.47067872433164
5	5955968	1860	0.49827287912244
5	6108037	1880	0.49734746139344
5	6261991	1900	0.50917507721732
5	6419221	1920	0.50800050800076
5	6578950	1940	0.49441323247304
5	6740645	1960	0.50800050800076
5	6906139	1980	0.49955416843564
5	7073866	2000	0.50389662287357
6	144973	240	0.21818181818182
6	170739	260	0.15151515151515
6	197864	280	0.27777777777778
6	225225	300	0.23333333333333
6	252519	320	0.26086956521739
6	279822	340	0.25263157894737
6	306993	360	0.27272727272727
6	334641	380	0.21428571428571
6	362556	400	0.21241830065359
6	390910	420	0.26666666666667
6	420119	440	0.26923076923077
6	449449	460	0.32631578947368
6	479435	480	0.25714285714286
6	509963	500	0.25
6	541242	520	0.25454545454545
6	573008	540	0.23809523809524
6	605647	560	0.25714285714286
6	639258	580	0.27777777777778
6	673150	600	0.26515151515152
6	708578	620	0.23529411764706
6	744745	640	0.37908496732026
6	782050	660	0.24561403508772
6	820939	680	0.23529411764706
6	860545	700	0.26666666666667
6	901680	720	0.26923076923077
6	944093	740	0.20952380952381
6	987527	760	0.2516339869281
6	1031722	780	0.24725274725275
6	1077385	800	0.26515151515152
6	1124335	820	0.22727272727273
6	1172450	840	0.25714285714286
6	1221678	860	0.25735294117647
6	1272092	880	0.25714285714286
6	1323286	900	0.23333333333333
6	1376196	920	0.22916666666667
6	1430153	940	0.24561403508772
6	1485439	960	0.24242424242424
6	1541997	980	0.26666666666667
6	1600038	1000	0.24561403508772
6	1659883	1020	0.21241830065359
6	1719900	1040	0.17543859649123
6	1782731	1060	0.26190476190476
6	1846183	1080	0.26470588235294
6	1911769	1100	0.25735294117647
6	1979251	1120	0.22105263157895
6	2048117	1140	0.25384615384615
6	2119190	1160	0.22619047619048
6	2192428	1180	0.26
6	2267694	1200	0.24384236453202
6	2344080	1220	0.25263157894737
6	2422792	1240	0.26666666666667
6	2503450	1260	0.2516339869281
6	2586492	1280	0.25974025974026
6	2671858	1300	0.23076923076923
6	2758659	1320	0.23188405797101
6	2848185	1340	0.2280701754386
6	2939657	1360	0.23399014778325
6	3032692	1380	0.25402298850575
6	3128146	1400	0.26143790849673
6	3225475	1420	0.25925925925926
6	3325219	1440	0.25793650793651
6	3427231	1460	0.25189393939394
6	3531204	1480	0.26
6	3637930	1500	0.21290322580645
6	3747784	1520	0.23286290322581
6	3859708	1540	0.23809523809524
6	3974098	1560	0.25793650793651
6	4089973	1580	0.24331550802139
6	4208304	1600	0.25525525525526
6	4328494	1620	0.25862068965517
6	4450890	1640	0.2536231884058
6	4575937	1660	0.31350806451613
6	4703910	1680	0.25
6	4832765	1700	0.23809523809524
6	4964351	1720	0.35714285714286
6	5098365	1740	0.25641025641026
6	5234133	1760	0.25634920634921
6	5373668	1780	0.21290322580645
6	5515461	1800	0.26086956521739
6	5659049	1820	0.24899193548387
6	5805826	1840	0.22153846153846
6	5955968	1860	0.24827586206897
6	6108037	1880	0.2473544973545
6	6261991	1900	0.25925925925926
6	6419221	1920	0.25806451612903
6	6578950	1940	0.24444444444444
6	6740645	1960	0.25806451612903
6	6906139	1980	0.24955436720143
6	7073866	2000	0.25391180654339
7	144973	240	22.666666666667
7	170739	260	22.588235294118
7	197864	280	22.141304347826
7	225225	300	22.212765957447
7	252519	320	21.905263157895
7	279822	340	22.148936170213
7	306993	360	22.301075268817
7	334641	380	22.18085106383
7	362556	400	21.822916666667
7	390910	420	22.197916666667
7	420119	440	21.888888888889
7	449449	460	22.632653061224
7	479435	480	22.222222222222
7	509963	500	22.392156862745
7	541242	520	22.588235294118
7	573008	540	22.970873786408
7	605647	560	22.603773584906
7	639258	580	22.953271028037
7	673150	600	23.644859813084
7	708578	620	23.770642201835
7	744745	640	24.009009009009
7	782050	660	25.169642857143
7	820939	680	25.614035087719
7	860545	700	26
7	901680	720	26.51724137931
7	944093	740	27.672413793103
7	987527	760	28.456896551724
7	1031722	780	28.142857142857
7	1077385	800	28.55
7	1124335	820	28.925
7	1172450	840	29.089430894309
7	1221678	860	29.504
7	1272092	880	29.920634920635
7	1323286	900	30.368
7	1376196	920	30.738095238095
7	1430153	940	30.914728682171
7	1485439	960	31.229007633588
7	1541997	980	31.292307692308
7	1600038	1000	31.714285714286
7	1659883	1020	32.649253731343
7	1719900	1040	32.851851851852
7	1782731	1060	33.562962962963
7	1846183	1080	33.86231884058
7	1911769	1100	34.659420289855
7	1979251	1120	35.05
7	2048117	1140	36.22695035461
7	2119190	1160	36.69014084507
7	2192428	1180	37.069444444444
7	2267694	1200	38.280821917808
7	2344080	1220	38.401360544218
7	2422792	1240	39.299319727891
7	2503450	1260	39.846666666667
7	2586492	1280	40.394736842105
7	2671858	1300	41.866666666667
7	2758659	1320	42.119205298013
7	2848185	1340	42.707792207792
7	2939657	1360	43.290322580645
7	3032692	1380	43.936305732484
7	3128146	1400	45.025316455696
7	3225475	1420	45.56050955414
7	3325219	1440	46.049689440994
7	3427231	1460	47.006172839506
7	3531204	1480	47.968944099379
7	3637930	1500	48.158536585366
7	3747784	1520	49.10843373494
7	3859708	1540	49.724550898204
7	3974098	1560	50.544910179641
7	4089973	1580	50.917647058824
7	4208304	1600	51.276470588235
7	4328494	1620	51.707602339181
7	4450890	1640	51.734104046243
7	4575937	1660	52.468208092486
7	4703910	1680	53.337142857143
7	4832765	1700	53.329545454545
7	4964351	1720	53.837078651685
7	5098365	1740	54.387640449438
7	5234133	1760	54.916666666667
7	5373668	1780	55.497267759563
7	5515461	1800	56.648351648352
7	5659049	1820	56.005376344086
7	5805826	1840	57.608695652174
7	5955968	1860	58.075675675676
7	6108037	1880	58.725806451613
7	6261991	1900	58.631578947368
7	6419221	1920	59.431578947368
7	6578950	1940	60.732984293194
7	6740645	1960	61.104166666667
7	6906139	1980	61.392857142857
7	7073866	2000	62.005128205128
8	144973	240	4.2660443269069
8	170739	260	4.6144032210931
8	197864	280	4.8143136439578
8	225225	300	4.922785164172
8	252519	320	4.8313552219926
8	279822	340	4.1889702761391
8	306993	360	4.4691817805669
8	334641	380	4.7495619853675
8	362556	400	5.5932191873011
8	390910	420	4.3640150312507
8	420119	440	4.7998488260397
8	449449	460	4.039464481967
8	479435	480	4.1170515394739
8	509963	500	3.7789329070181
8	541242	520	3.8107532614086
8	573008	540	3.7244720922927
8	605647	560	4.3505429224037
8	639258	580	3.8347546170545
8	673150	600	2.8392542750963
8	708578	620	4.4672326082655
8	744745	640	4.1505651214251
8	782050	660	4.2147069680174
8	820939	680	4.7921557805759
8	860545	700	4.7054854075168
8	901680	720	5.4795790993877
8	944093	740	6.2132759154249
8	987527	760	6.2864827262521
8	1031722	780	7.2816064002083
8	1077385	800	7.4029859976007
8	1124335	820	7.5159913551321
8	1172450	840	8.3086051877115
8	1221678	860	8.6431251815085
8	1272092	880	9.0735688013951
8	1323286	900	9.3502941130213
8	1376196	920	9.2978953071573
8	1430153	940	10.434341593801
8	1485439	960	10.522185269885
8	1541997	980	10.203697577137
8	1600038	1000	11.373528162235
8	1659883	1020	12.251903312434
8	1719900	1040	12.25629202925
8	1782731	1060	12.738827359636
8	1846183	1080	12.960463196297
8	1911769	1100	13.609515979965
8	1979251	1120	14.189531555178
8	2048117	1140	14.21084535252
8	2119190	1160	15.051770282346
8	2192428	1180	15.880961367466
8	2267694	1200	16.274686564357
8	2344080	1220	17.183003654035
8	2422792	1240	17.142998477347
8	2503450	1260	18.136964615354
8	2586492	1280	18.610030014721
8	2671858	1300	19.51790321375
8	2758659	1320	19.444597245274
8	2848185	1340	20.4887743295
8	2939657	1360	21.239502446644
8	3032692	1380	21.381060852726
8	3128146	1400	21.65742230696
8	3225475	1420	22.20543291676
8	3325219	1440	22.814140692298
8	3427231	1460	23.515422958962
8	3531204	1480	23.969361266064
8	3637930	1500	24.481353621601
8	3747784	1520	24.914891274676
8	3859708	1540	25.690152037205
8	3974098	1560	25.871253663214
8	4089973	1580	26.191923306659
8	4208304	1600	26.258163665176
8	4328494	1620	26.748653634832
8	4450890	1640	26.689838758273
8	4575937	1660	26.856106137835
8	4703910	1680	27.039892684468
8	4832765	1700	27.302839869418
8	4964351	1720	27.730979156475
8	5098365	1740	27.896120136945
8	5234133	1760	28.175006753976
8	5373668	1780	28.706141762895
8	5515461	1800	28.73420724113
8	5659049	1820	29.075204874708
8	5805826	1840	29.1271778976
8	5955968	1860	29.266294285382
8	6108037	1880	29.631522306675
8	6261991	1900	30.293992500506
8	6419221	1920	30.515379982611
8	6578950	1940	30.681503273999
8	6740645	1960	31.071098729612
8	6906139	1980	31.415393091237
8	7073866	2000	31.464019286296
9	144973	240	18.199134199134
9	170739	260	21.292717086835
9	197864	280	23.177615862398
9	225225	300	24.233813772592
9	252519	320	23.341993281075
9	279822	340	17.547471974377
9	306993	360	19.973585787751
9	334641	380	22.558339052848
9	362556	400	31.284100877193
9	390910	420	19.044627192982
9	420119	440	23.038548752834
9	449449	460	16.317273301073
9	479435	480	16.950113378685
9	509963	500	14.280333915745
9	541242	520	14.521840419336
9	573008	540	13.871692366267
9	605647	560	18.927223719677
9	639258	580	14.705342973021
9	673150	600	8.0613648386528
9	708578	620	19.956167176351
9	744745	640	17.227190827191
9	782050	660	17.763754826255
9	820939	680	22.964757025307
9	860545	700	22.141592920354
9	901680	720	30.025787106447
9	944093	740	38.604797601199
9	987527	760	39.519865067466
9	1031722	780	53.021791767554
9	1077385	800	54.804201680672
9	1124335	820	56.49012605042
9	1172450	840	69.032920165267
9	1221678	860	74.703612903226
9	1272092	880	82.329650793651
9	1323286	900	87.428
9	1376196	920	86.450857142857
9	1430153	940	108.87548449612
9	1485439	960	110.71638285379
9	1541997	980	104.11544424568
9	1600038	1000	129.35714285714
9	1659883	1020	150.10913477724
9	1719900	1040	150.21669430625
9	1782731	1060	162.27772249862
9	1846183	1080	167.97360626256
9	1911769	1100	185.21892520893
9	1979251	1120	201.3428057554
9	2048117	1140	201.94812563323
9	2119190	1160	226.5557886325
9	2192428	1180	252.20493395493
9	2267694	1200	264.86542276807
9	2344080	1220	295.2556145746
9	2422792	1240	293.88239679433
9	2503450	1260	328.94948545861
9	2586492	1280	346.33321714883
9	2671858	1300	380.9485458613
9	2758659	1320	378.09236203091
9	2848185	1340	419.78987352517
9	2939657	1360	451.11646418098
9	3032692	1380	457.14976318798
9	3128146	1400	469.04394098202
9	3225475	1420	493.08125102074
9	3325219	1440	520.48501552795
9	3427231	1460	552.97511693889
9	3531204	1480	574.53027950311
9	3637930	1500	599.33667514589
9	3747784	1520	620.75180722892
9	3859708	1540	659.98391169468
9	3974098	1560	669.32176610634
9	4089973	1580	686.01684650191
9	4208304	1600	689.49115906718
9	4328494	1620	715.49047127623
9	4450890	1640	712.3474929426
9	4575937	1660	721.25043688668
9	4703910	1680	731.15579638752
9	4832765	1700	745.44506493506
9	4964351	1720	769.00720497683
9	5098365	1740	778.19351869485
9	5234133	1760	793.83100558659
9	5373668	1780	824.04257491143
9	5515461	1800	825.65466577621
9	5659049	1820	845.36753850625
9	5805826	1840	848.39249227845
9	5955968	1860	856.51598119859
9	6108037	1880	878.02711421099
9	6261991	1900	917.72598162072
9	6419221	1920	931.18841548315
9	6578950	1940	941.35464315238
9	6740645	1960	965.41317626527
9	6906139	1980	986.92692307692
9	7073866	2000	989.98450964843
10	144973	240	536.40861103227
10	170739	260	577.88770637645
10	197864	280	486.03546968789
10	225225	300	474.11194900323
10	252519	320	1106.1251405928
10	279822	340	953.73394617914
10	306993	360	530.62399000264
10	334641	380	382.97222069209
10	362556	400	872.1584081102
10	390910	420	477.43443772948
10	420119	440	678.09823267359
10	449449	460	968.10335546391
10	479435	480	723.54817470779
10	509963	500	777.57562727853
10	541242	520	537.27082087227
10	573008	540	721.56857410569
10	605647	560	728.57011824209
10	639258	580	436.72995483118
10	673150	600	580.40073301691
10	708578	620	864.07763035315
10	744745	640	869.23300388736
10	782050	660	926.19785140357
10	820939	680	879.26795875415
10	860545	700	713.65726345676
10	901680	720	623.83249424095
10	944093	740	749.01846838216
10	987527	760	873.75956751591
10	1031722	780	693.66553874897
10	1077385	800	589.66937799158
10	1124335	820	1079.364564591
10	1172450	840	1027.3627928626
10	1221678	860	837.82054601418
10	1272092	880	734.3969453339
10	1323286	900	1024.3249308645
10	1376196	920	806.94826805699
10	1430153	940	921.90175232666
10	1485439	960	1080.1887887424
10	1541997	980	781.36540092377
10	1600038	1000	942.42356396832
10	1659883	1020	878.36395950336
10	1719900	1040	963.77517208481
10	1782731	1060	1034.8678685556
10	1846183	1080	897.81463985437
10	1911769	1100	857.97107322102
10	1979251	1120	991.9050478903
10	2048117	1140	1299.0843542731
10	2119190	1160	1403.5537920678
10	2192428	1180	1275.2364975962
10	2267694	1200	1459.2866636229
10	2344080	1220	986.05713911648
10	2422792	1240	760.10068392032
10	2503450	1260	900.02604952005
10	2586492	1280	1117.2232046036
10	2671858	1300	1348.9245424263
10	2758659	1320	1206.8243043441
10	2848185	1340	969.87280212637
10	2939657	1360	1433.9580208547
10	3032692	1380	1515.781738663
10	3128146	1400	891.19378057636
10	3225475	1420	1409.8904674907
10	3325219	1440	1406.5446670607
10	3427231	1460	1667.5982446591
10	3531204	1480	1246.2156883396
10	3637930	1500	1554.5737093779
10	3747784	1520	1597.2469448312
10	3859708	1540	1421.3673053304
10	3974098	1560	1397.6074809446
10	4089973	1580	1700.9773404832
10	4208304	1600	1848.7796085058
10	4328494	1620	1466.9328080326
10	4450890	1640	1218.1811282261
10	4575937	1660	1614.9096409781
10	4703910	1680	1269.0625770315
10	4832765	1700	1391.6149307783
10	4964351	1720	1053.5657194687
10	5098365	1740	1362.4982363478
10	5234133	1760	1835.5014169319
10	5373668	1780	1577.4512795536
10	5515461	1800	1167.839893854
10	5659049	1820	1635.3399810245
10	5805826	1840	1295.520543098
10	5955968	1860	1522.5029697311
10	6108037	1880	1422.1550883574
10	6261991	1900	1413.3866015141
10	6419221	1920	1573.5189167194
10	6578950	1940	1809.5356430502
10	6740645	1960	1619.2613070533
10	6906139	1980	1738.7209589299
10	7073866	2000	1929.161120134
11	144973	240	48.764419184752
11	170739	260	48.157308864704
11	197864	280	48.603546968789
11	225225	300	47.411194900323
11	252519	320	48.092397417079
11	279822	340	47.686697308957
11	306993	360	48.238544545695
11	334641	380	47.871527586511
11	362556	400	48.453244895011
11	390910	420	47.743443772948
11	420119	440	48.435588048114
11	449449	460	48.405167773196
11	479435	480	48.23654498052
11	509963	500	48.598476704908
11	541242	520	48.84280189748
11	573008	540	48.104571607046
11	605647	560	48.571341216139
11	639258	580	48.525550536798
11	673150	600	48.36672775141
11	708578	620	48.004312797397
11	744745	640	48.290722438187
11	782050	660	48.74725533703
11	820939	680	48.848219930786
11	860545	700	47.577150897117
11	901680	720	47.987114941612
11	944093	740	49.934564558811
11	987527	760	48.542198195328
11	1031722	780	49.547538482069
11	1077385	800	49.139114832632
11	1124335	820	49.062025663226
11	1172450	840	48.922037755363
11	1221678	860	49.283561530246
11	1272092	880	48.959796355593
11	1323286	900	48.777377660215
11	1376196	920	50.434266753562
11	1430153	940	48.521144859298
11	1485439	960	49.099490397381
11	1541997	980	48.835337557735
11	1600038	1000	49.601240208859
11	1659883	1020	48.797997750187
11	1719900	1040	50.725009057095
11	1782731	1060	49.279422312174
11	1846183	1080	49.878591103021
11	1911769	1100	50.46888666006
11	1979251	1120	49.595252394515
11	2048117	1140	49.964782856656
11	2119190	1160	50.126921145278
11	2192428	1180	51.009459903849
11	2267694	1200	50.3202297801
11	2344080	1220	49.302856955824
11	2422792	1240	50.673378928021
11	2503450	1260	50.001447195558
11	2586492	1280	50.782872936529
11	2671858	1300	49.960168238012
11	2758659	1320	50.284346014336
11	2848185	1340	51.045936954019
11	2939657	1360	49.446828305335
11	3032692	1380	50.526057955435
11	3128146	1400	49.510765587575
11	3225475	1420	50.353230981809
11	3325219	1440	50.23373810931
11	3427231	1460	50.533280141184
11	3531204	1480	49.848627533584
11	3637930	1500	50.147539012191
11	3747784	1520	49.913967025975
11	3859708	1540	50.763118047516
11	3974098	1560	49.91455289088
11	4089973	1580	50.028745308328
11	4208304	1600	49.967016446103
11	4328494	1620	50.583889932157
11	4450890	1640	50.757547009422
11	4575937	1660	50.465926280567
11	4703910	1680	50.762503081258
11	4832765	1700	49.700533242082
11	4964351	1720	50.169796165176
11	5098365	1740	50.462897642512
11	5234133	1760	50.98615047033
11	5373668	1780	50.885525146892
11	5515461	1800	50.77564755887
11	5659049	1820	51.104374407015
11	5805826	1840	49.827713196076
11	5955968	1860	50.750098991036
11	6108037	1880	50.791253155621
11	6261991	1900	50.478092911218
11	6419221	1920	50.758674732883
11	6578950	1940	50.264878973617
11	6740645	1960	50.601915845417
11	6906139	1980	51.138851733231
11	7073866	2000	50.767397898263
12	144973	240	3.4256082570797
12	170739	260	1.5284647997973
12	197864	280	2.0536530892233
12	225225	300	1.5381620743658
12	252519	320	1.7836773376825
12	279822	340	1.393017005699
12	306993	360	2.2738839789488
12	334641	380	1.4099300825498
12	362556	400	2.490424819976
12	390910	420	1.1239956793457
12	420119	440	1.4473952470344
12	449449	460	2.8970084910533
12	479435	480	1.6266624593886
12	509963	500	2.3308455452103
12	541242	520	3.1936272926012
12	573008	540	1.4948596145445
12	605647	560	2.0160557715734
12	639258	580	2.3073786389111
12	673150	600	2.115974776005
12	708578	620	2.6865157798763
12	744745	640	1.8773843268933
12	782050	660	2.3888150626038
12	820939	680	1.962099646481
12	860545	700	2.4897693886998
12	901680	720	1.5085276835986
12	944093	740	3.4677530816294
12	987527	760	2.9016656558767
12	1031722	780	3.8920580145171
12	1077385	800	2.2852928489032
12	1124335	820	2.6412573872327
12	1172450	840	2.5978871667102
12	1221678	860	2.7229669784294
12	1272092	880	2.1249172404339
12	1323286	900	2.2830753646578
12	1376196	920	3.1373357556452
12	1430153	940	2.4551352303648
12	1485439	960	2.5713783244725
12	1541997	980	2.2391101467244
12	1600038	1000	1.8981714071244
12	1659883	1020	2.6723054390685
12	1719900	1040	2.6363629943756
12	1782731	1060	2.9690611177896
12	1846183	1080	3.1034278742624
12	1911769	1100	2.9339974665687
12	1979251	1120	2.4030066779073
12	2048117	1140	2.9940805102228
12	2119190	1160	3.1323246021959
12	2192428	1180	3.7549249955489
12	2267694	1200	3.1901839054164
12	2344080	1220	2.0193612707715
12	2422792	1240	2.8229608569266
12	2503450	1260	2.2187198525762
12	2586492	1280	2.6720830643007
12	2671858	1300	2.3032540890071
12	2758659	1320	2.4320785761264
12	2848185	1340	2.239785776671
12	2939657	1360	2.4833311994096
12	3032692	1380	2.2136043882143
12	3128146	1400	2.4932189568375
12	3225475	1420	2.0054647855515
12	3325219	1440	2.342141969424
12	3427231	1460	2.8917416937787
12	3531204	1480	2.1077506296893
12	3637930	1500	2.7332145321796
12	3747784	1520	2.5421342700392
12	3859708	1540	2.0540670910959
12	3974098	1560	2.7427821716228
12	4089973	1580	2.4235090221374
12	4208304	1600	2.1899514366227
12	4328494	1620	2.0852221465804
12	4450890	1640	2.4381862323525
12	4575937	1660	2.6793605706212
12	4703910	1680	2.0892331047549
12	4832765	1700	2.8835392898721
12	4964351	1720	3.0581805190643
12	5098365	1740	3.0096714892101
12	5234133	1760	3.1135509743715
12	5373668	1780	3.2480515477157
12	5515461	1800	2.3910725686651
12	5659049	1820	1.6980764450644
12	5805826	1840	2.8594240814796
12	5955968	1860	2.4977333833909
12	6108037	1880	2.7230754449435
12	6261991	1900	2.2587131317606
12	6419221	1920	3.2367910271125
12	6578950	1940	2.2657001072815
12	6740645	1960	2.2434672629039
12	6906139	1980	2.2246969505845
12	7073866	2000	2.4318999435048
13	144973	240	11.734791930972
13	170739	260	2.3362046442195
13	197864	280	4.2174910108764
13	225225	300	2.3659425670172
13	252519	320	3.181504844962
13	279822	340	1.9404963781666
13	306993	360	5.1705483497202
13	334641	380	1.987902837679
13	362556	400	6.2022157839524
13	390910	420	1.2633662871879
13	420119	440	2.0949530011378
13	449449	460	8.3926581972348
13	479435	480	2.6460307567842
13	509963	500	5.4328409556266
13	541242	520	10.199255284048
13	573008	540	2.2346052671961
13	605647	560	4.0644808740945
13	639258	580	5.3239961833032
13	673150	600	4.4773492526895
13	708578	620	7.2173670355243
13	744745	640	3.5245719108645
13	782050	660	5.706437403323
13	820939	680	3.8498350227209
13	860545	700	6.1989516089066
13	901680	720	2.2756557721834
13	944093	740	12.025311435151
13	987527	760	8.4196635784942
13	1031722	780	15.148115588367
13	1077385	800	5.2225634052481
13	1124335	820	6.9762405856115
13	1172450	840	6.7490177309577
13	1221678	860	7.4145491656169
13	1272092	880	4.5152732786932
13	1323286	900	5.2124331207076
13	1376196	920	9.8428756436496
13	1430153	940	6.0276889993785
13	1485439	960	6.611986487567
13	1541997	980	5.0136142491641
13	1600038	1000	3.6030546908248
13	1659883	1020	7.1412163596753
13	1719900	1040	6.950409838113
13	1782731	1060	8.81532392117
13	1846183	1080	9.6312645707491
13	1911769	1100	8.6083411338317
13	1979251	1120	5.774441094067
13	2048117	1140	8.9645181016962
13	2119190	1160	9.8114574135218
13	2192428	1180	14.099461722198
13	2267694	1200	10.177273350378
13	2344080	1220	4.0778199418921
13	2422792	1240	7.9691079997398
13	2503450	1260	4.9227177842159
13	2586492	1280	7.1400279025227
13	2671858	1300	5.3049793985281
13	2758659	1320	5.9150062004529
13	2848185	1340	5.0166403253776
13	2939657	1360	6.1669338459611
13	3032692	1380	4.9000443875217
13	3128146	1400	6.2161407667336
13	3225475	1420	4.0218890060872
13	3325219	1440	5.4856290049375
13	3427231	1460	8.3621700235383
13	3531204	1480	4.4426127169556
13	3637930	1500	7.470461678918
13	3747784	1520	6.4624466469078
13	3859708	1540	4.2191916147233
13	3974098	1560	7.5228540409721
13	4089973	1580	5.8733959803815
13	4208304	1600	4.7958872947659
13	4328494	1620	4.3481514005892
13	4450890	1640	5.9447521036332
13	4575937	1660	7.1789730673998
13	4703910	1680	4.3648949660037
13	4832765	1700	8.3147988362362
13	4964351	1720	9.3524680871845
13	5098365	1740	9.058122472964
13	5234133	1760	9.6941996700096
13	5373668	1780	10.549838856618
13	5515461	1800	5.7172280286229
13	5659049	1820	2.8834636132824
13	5805826	1840	8.1763060777453
13	5955968	1860	6.2386720545052
13	6108037	1880	7.4151398788544
13	6261991	1900	5.1017850115878
13	6419221	1920	10.476816153196
13	6578950	1940	5.1333969761354
13	6740645	1960	5.0331453597215
13	6906139	1980	4.94927652194
13	7073866	2000	5.9141373352186
14	144973	240	538.41820641842
14	170739	260	895.57679636061
14	197864	280	626.71657381105
14	225225	300	584.33067385606
14	252519	320	1309.2803408399
14	279822	340	1082.6081265753
14	306993	360	813.15699697786
14	334641	380	896.3413886953
14	362556	400	1168.5116865046
14	390910	420	582.32909655018
14	420119	440	861.53738053728
14	449449	460	1134.9986125595
14	479435	480	724.91936920387
14	509963	500	1097.1511432047
14	541242	520	674.87828081934
14	573008	540	722.14928983406
14	605647	560	1004.3958427576
14	639258	580	640.14038960832
14	673150	600	861.37533542557
14	708578	620	1134.4952249623
14	744745	640	956.68975042318
14	782050	660	1144.3977569148
14	820939	680	1088.7801806231
14	860545	700	908.62044248987
14	901680	720	1039.9315011479
14	944093	740	863.92249794624
14	987527	760	1181.2983263815
14	1031722	780	826.10395848198
14	1077385	800	908.23845614081
14	1124335	820	1278.8722926369
14	1172450	840	1184.2458336356
14	1221678	860	1044.5381440319
14	1272092	880	818.54210510755
14	1323286	900	1280.5828457953
14	1376196	920	924.61342659025
14	1430153	940	1220.3922457457
14	1485439	960	1552.608873874
14	1541997	980	1045.0313735638
14	1600038	1000	1280.2862934486
14	1659883	1020	1319.0711088419
14	1719900	1040	1100.7155682336
14	1782731	1060	1416.3416020596
14	1846183	1080	1050.2816198798
14	1911769	1100	866.86713498057
14	1979251	1120	964.6199903825
14	2048117	1140	1608.6771648264
14	2119190	1160	1506.8678560803
14	2192428	1180	1425.5870818807
14	2267694	1200	1785.8573284708
14	2344080	1220	1137.8662197859
14	2422792	1240	913.15022724101
14	2503450	1260	1188.1576081953
14	2586492	1280	1481.8721558336
14	2671858	1300	1639.0450050622
14	2758659	1320	1507.2897207052
14	2848185	1340	1185.5341794471
14	2939657	1360	1499.358057395
14	3032692	1380	1688.5543552498
14	3128146	1400	1000.126361467
14	3225475	1420	1593.2704903306
14	3325219	1440	1459.4448634748
14	3427231	1460	1823.8814576812
14	3531204	1480	1326.605529957
14	3637930	1500	1784.6504419566
14	3747784	1520	1735.5099458175
14	3859708	1540	1466.4513631923
14	3974098	1560	1729.3274234152
14	4089973	1580	2005.976488636
14	4208304	1600	1829.0402794278
14	4328494	1620	1694.6817767585
14	4450890	1640	1367.1765216021
14	4575937	1660	1597.8709104537
14	4703910	1680	1322.9816594521
14	4832765	1700	1589.4645019635
14	4964351	1720	1185.6535009372
14	5098365	1740	1547.9579610652
14	5234133	1760	1921.2505073412
14	5373668	1780	2002.685229677
14	5515461	1800	1513.6638454837
14	5659049	1820	1741.8700736315
14	5805826	1840	1362.0543257311
14	5955968	1860	1549.1156178647
14	6108037	1880	1737.7148296157
14	6261991	1900	1643.187833311
14	6419221	1920	1775.4466993942
14	6578950	1940	1957.6751464068
14	6740645	1960	1916.6078044769
14	6906139	1980	1916.7403786348
14	7073866	2000	1870.7818182208
15	144973	240	44.868183868201
15	170739	260	44.77883981803
15	197864	280	44.765469557932
15	225225	300	44.948513373543
15	252519	320	45.147597959998
15	279822	340	45.108671940638
15	306993	360	45.175388720992
15	334641	380	44.817069434765
15	362556	400	44.942757173256
15	390910	420	44.794545888475
15	420119	440	45.344072659857
15	449449	460	45.399944502382
15	479435	480	45.307460575242
15	509963	500	45.714630966864
15	541242	520	44.991885387956
15	573008	540	45.134330614629
15	605647	560	45.654356488983
15	639258	580	45.724313543451
15	673150	600	45.335543969767
15	708578	620	45.379808998492
15	744745	640	45.556654782056
15	782050	660	45.775910276594
15	820939	680	45.365840859297
15	860545	700	45.431022124493
15	901680	720	45.214413093388
15	944093	740	45.469605155065
15	987527	760	45.434551014674
15	1031722	780	45.89466436011
15	1077385	800	45.411922807041
15	1124335	820	45.674010451319
15	1172450	840	45.547916678291
15	1221678	860	45.414701914432
15	1272092	880	45.474561394864
15	1323286	900	45.735101635547
15	1376196	920	46.230671329512
15	1430153	940	45.199712805395
15	1485439	960	45.664966878646
15	1541997	980	45.436146676688
15	1600038	1000	45.724510480306
15	1659883	1020	45.48521064972
15	1719900	1040	45.863148676402
15	1782731	1060	45.688438776117
15	1846183	1080	45.664418255643
15	1911769	1100	45.624586051609
15	1979251	1120	45.934285256309
15	2048117	1140	45.962204709325
15	2119190	1160	45.662662305464
15	2192428	1180	45.986680060666
15	2267694	1200	45.791213550534
15	2344080	1220	45.514648791434
15	2422792	1240	45.657511362051
15	2503450	1260	45.698369545974
15	2586492	1280	46.3085048698
15	2671858	1300	45.529027918395
15	2758659	1320	45.675446081975
15	2848185	1340	45.597468440274
15	2939657	1360	45.435092648333
15	3032692	1380	45.63660419594
15	3128146	1400	45.460289157591
15	3225475	1420	45.522014009446
15	3325219	1440	45.607651983587
15	3427231	1460	45.59703644203
15	3531204	1480	45.745018274379
15	3637930	1500	45.760267742478
15	3747784	1520	45.671314363617
15	3859708	1540	45.826605099759
15	3974098	1560	45.508616405664
15	4089973	1580	45.590374741727
15	4208304	1600	45.726006985694
15	4328494	1620	45.802210182662
15	4450890	1640	45.57255072007
15	4575937	1660	45.653454584391
15	4703910	1680	45.620057222485
15	4832765	1700	45.413271484672
15	4964351	1720	45.602057728352
15	5098365	1740	45.528175325448
15	5234133	1760	45.744059698599
15	5373668	1780	45.515573401749
15	5515461	1800	45.868601378294
15	5659049	1820	45.838686148196
15	5805826	1840	45.401810857702
15	5955968	1860	45.562224054843
15	6108037	1880	45.729337621465
15	6261991	1900	45.644106480862
15	6419221	1920	45.52427434344
15	6578950	1940	45.527328986205
15	6740645	1960	45.633519154212
15	6906139	1980	45.63667568178
15	7073866	2000	45.628824834655
16	144973	240	0.37491971059444
16	170739	260	0.31189216848762
16	197864	280	0.46673658784139
16	225225	300	0.45093699985261
16	252519	320	0.80875802188305
16	279822	340	0.91293060220537
16	306993	360	0.6117799580835
16	334641	380	0.33673169741162
16	362556	400	0.84907577157997
16	390910	420	0.50595628835827
16	420119	440	1.2565020433251
16	449449	460	1.6405207425261
16	479435	480	1.4677392196216
16	509963	500	1.4415145488379
16	541242	520	1.0530144761184
16	573008	540	0.95888783697138
16	605647	560	1.5446643718032
16	639258	580	1.607714736962
16	673150	600	1.3819516204678
16	708578	620	1.2006961781423
16	744745	640	1.0492856026968
16	782050	660	1.3959268224368
16	820939	680	1.2358079365595
16	860545	700	1.2255127429269
16	901680	720	0.91397518952457
16	944093	740	1.2067923563164
16	987527	760	1.1337668239455
16	1031722	780	1.1402458848006
16	1077385	800	0.90957117608824
16	1124335	820	1.2488463837137
16	1172450	840	1.1664625183585
16	1221678	860	1.1433589034511
16	1272092	880	1.0951438795573
16	1323286	900	1.1689392651642
16	1376196	920	1.2428727464139
16	1430153	940	1.0515955220803
16	1485439	960	1.2635322153553
16	1541997	980	1.0049798982419
16	1600038	1000	1.2146340329072
16	1659883	1020	1.1131510495961
16	1719900	1040	1.3156710680828
16	1782731	1060	1.2743293198337
16	1846183	1080	1.3178663061406
16	1911769	1100	1.2456540327555
16	1979251	1120	1.1148008983309
16	2048117	1140	1.2093965975658
16	2119190	1160	1.1066937342839
16	2192428	1180	1.0567417525566
16	2267694	1200	1.1451230153205
16	2344080	1220	0.98319371564748
16	2422792	1240	1.102568528292
16	2503450	1260	0.90817412282173
16	2586492	1280	1.1816638563021
16	2671858	1300	1.0120177358945
16	2758659	1320	1.0002140899695
16	2848185	1340	0.91376276904635
16	2939657	1360	0.89503950430522
16	3032692	1380	1.0486336332381
16	3128146	1400	0.98351629346003
16	3225475	1420	1.0249179734822
16	3325219	1440	1.0981667581142
16	3427231	1460	1.0439716738493
16	3531204	1480	0.81672111360832
16	3637930	1500	0.8505690722902
16	3747784	1520	1.0009509137264
16	3859708	1540	0.9818319110514
16	3974098	1560	0.93398920241755
16	4089973	1580	0.89799657898631
16	4208304	1600	0.94713490511598
16	4328494	1620	0.8820801769438
16	4450890	1640	0.94422503221574
16	4575937	1660	0.98870403072095
16	4703910	1680	0.86268625803504
16	4832765	1700	0.87011186733694
16	4964351	1720	1.3345472394141
16	5098365	1740	1.0452810632821
16	5234133	1760	0.87941495592376
16	5373668	1780	0.81919266810406
16	5515461	1800	0.83576778244312
16	5659049	1820	0.99624740811958
16	5805826	1840	1.0631184358917
16	5955968	1860	0.81136292288822
16	6108037	1880	0.88695946704682
16	6261991	1900	0.84511909770063
16	6419221	1920	0.74831119195755
16	6578950	1940	0.78684983434373
16	6740645	1960	0.93659953845158
16	6906139	1980	0.85379765335993
16	7073866	2000	0.7979108633093
17	144973	240	0.14056478939222
17	170739	260	0.097276724763907
17	197864	280	0.21784304242982
17	225225	300	0.20334417783607
17	252519	320	0.65408953796018
17	279822	340	0.83344228444306
17	306993	360	0.37427471711265
17	334641	380	0.11338823604171
17	362556	400	0.72092966588412
17	390910	420	0.25599176572928
17	420119	440	1.5787973848801
17	449449	460	2.6913083066582
17	479435	480	2.1542584168155
17	509963	500	2.0779641945114
17	541242	520	1.108839486915
17	573008	540	0.91946588389164
17	605647	560	2.3859880215182
17	639258	580	2.5847466754448
17	673150	600	1.9097902813136
17	708578	620	1.4416713122056
17	744745	640	1.1010002760268
17	782050	660	1.9486116935986
17	820939	680	1.5272212560634
17	860545	700	1.5018814830762
17	901680	720	0.83535064706647
17	944093	740	1.4563477912637
17	987527	760	1.2854272110795
17	1031722	780	1.3001606778046
17	1077385	800	0.82731972437054
17	1124335	820	1.5596172901147
17	1172450	840	1.3606348067354
17	1221678	860	1.3072695821009
17	1272092	880	1.1993401169319
17	1323286	900	1.3664190056425
17	1376196	920	1.5447326637785
17	1430153	940	1.1058531420593
17	1485439	960	1.5965136592406
17	1541997	980	1.0099845958704
17	1600038	1000	1.4753358338964
17	1659883	1020	1.2391052592169
17	1719900	1040	1.7309903593903
17	1782731	1060	1.6239152153878
17	1846183	1080	1.7367716008608
17	1911769	1100	1.5516539693201
17	1979251	1120	1.2427810429194
17	2048117	1140	1.4626401302037
17	2119190	1160	1.2247710215032
17	2192428	1180	1.1167031315964
17	2267694	1200	1.3113067202166
17	2344080	1220	0.96666988248869
17	2422792	1240	1.21565735958
17	2503450	1260	0.82478023736303
17	2586492	1280	1.3963294692907
17	2671858	1300	1.0241798977651
17	2758659	1320	1.0004282257735
17	2848185	1340	0.83496239809525
17	2939657	1360	0.80109571426694
17	3032692	1380	1.0996324967581
17	3128146	1400	0.96730429950135
17	3225475	1420	1.0504568523668
17	3325219	1440	1.2059702286271
17	3427231	1460	1.0898768557997
17	3531204	1480	0.66703337741362
17	3637930	1500	0.72346774673661
17	3747784	1520	1.0019027316897
17	3859708	1540	0.96399390155885
17	3974098	1560	0.87233583023257
17	4089973	1580	0.80639785587112
17	4208304	1600	0.89706452848905
17	4328494	1620	0.7780654385572
17	4450890	1640	0.89156091146281
17	4575937	1660	0.97753566036385
17	4703910	1680	0.7442275798025
17	4832765	1700	0.75709466168057
17	4964351	1720	1.7810163342279
17	5098365	1740	1.0926125012562
17	5234133	1760	0.77337066470238
17	5373668	1780	0.67107662747545
17	5515461	1800	0.69850778616989
17	5659049	1820	0.99250889818498
17	5805826	1840	1.1302208087328
17	5955968	1860	0.65830979263772
17	6108037	1880	0.78669709618397
17	6261991	1900	0.71422628929833
17	6419221	1920	0.55996964000893
17	6578950	1940	0.61913266180676
17	6740645	1960	0.87721869542772
17	6906139	1980	0.72897043288292
17	7073866	2000	0.636661745787
18	144973	240	1749.2733644395
18	170739	260	1989.43411563
18	197864	280	2277.5187354846
18	225225	300	2646.1940809514
18	252519	320	2302.3760898828
18	279822	340	2414.3953273412
18	306993	360	2681.0106047724
18	334641	380	2596.5588258828
18	362556	400	2475.5898090978
18	390910	420	2802.415846367
18	420119	440	2597.161341183
18	449449	460	2840.6704448846
18	479435	480	2741.4279880656
18	509963	500	2660.6943797345
18	541242	520	3043.9241637078
18	573008	540	3166.5057848635
18	605647	560	2875.6862629684
18	639258	580	2918.8833549165
18	673150	600	2820.2390373285
18	708578	620	2545.0253325887
18	744745	640	2964.511210828
18	782050	660	2721.1355912841
18	820939	680	2973.0500975025
18	860545	700	3362.0657028886
18	901680	720	3444.5403019502
18	944093	740	3253.7556638975
18	987527	760	3359.103350232
18	1031722	780	3253.5533155734
18	1077385	800	3432.3000306701
18	1124335	820	3035.4398787904
18	1172450	840	3254.740643677
18	1221678	860	3637.9745033345
18	1272092	880	3914.3333360641
18	1323286	900	3453.5204211223
18	1376196	920	3562.0224300008
18	1430153	940	3712.7391459252
18	1485439	960	3701.614536635
18	1541997	980	3717.2359539105
18	1600038	1000	3648.4236143371
18	1659883	1020	3727.5752550521
18	1719900	1040	3973.0194311847
18	1782731	1060	3658.4116344181
18	1846183	1080	4350.3890086159
18	1911769	1100	4317.5063685226
18	1979251	1120	4061.9966435964
18	2048117	1140	3754.6574575613
18	2119190	1160	3781.5754503581
18	2192428	1180	4033.2145389361
18	2267694	1200	3878.8977842402
18	2344080	1220	4658.1231123891
18	2422792	1240	4673.6794447179
18	2503450	1260	4479.904575137
18	2586492	1280	4359.9704492654
18	2671858	1300	4573.1713224613
18	2758659	1320	4556.3078966955
18	2848185	1340	5090.8308912596
18	2939657	1360	4943.8366328714
18	3032692	1380	4914.4327881152
18	3128146	1400	5369.6997544217
18	3225475	1420	4982.2345124817
18	3325219	1440	5113.6423193266
18	3427231	1460	5243.9386355356
18	3531204	1480	5402.5963527861
18	3637930	1500	4897.9819940403
18	3747784	1520	5247.3439043847
18	3859708	1540	5822.5544044549
18	3974098	1560	5312.8698794224
18	4089973	1580	5510.4675769932
18	4208304	1600	5491.0690473353
18	4328494	1620	5360.0284595549
18	4450890	1640	6210.5041788601
18	4575937	1660	5597.2300859008
18	4703910	1680	6010.0599561166
18	4832765	1700	6134.6757699279
18	4964351	1720	6609.8758998954
18	5098365	1740	6108.7362294684
18	5234133	1760	5649.971375987
18	5373668	1780	6102.4033234162
18	5515461	1800	5894.4490239108
18	5659049	1820	5788.1158658164
18	5805826	1840	6361.0584821245
18	5955968	1860	6155.6847257295
18	6108037	1880	5877.4439045679
18	6261991	1900	6139.8931008253
18	6419221	1920	6032.6682232593
18	6578950	1940	6162.0788357724
18	6740645	1960	6142.4911684718
18	6906139	1980	5946.1750286823
18	7073866	2000	5981.3869331722
19	144973	240	48.590926789985
19	170739	260	48.522783308049
19	197864	280	48.457845435842
19	225225	300	48.112619653661
19	252519	320	47.966168539225
19	279822	340	48.287906546823
19	306993	360	47.875189370935
19	334641	380	48.084422701533
19	362556	400	47.607496328803
19	390910	420	48.317514592534
19	420119	440	48.095580392278
19	449449	460	48.14695669296
19	479435	480	48.0952278608
19	509963	500	48.376261449718
19	541242	520	48.316256566791
19	573008	540	48.715473613285
19	605647	560	48.740445135058
19	639258	580	49.472599235872
19	673150	600	48.624810988423
19	708578	620	48.942794857476
19	744745	640	48.598544439804
19	782050	660	48.591706987217
19	820939	680	48.738526188566
19	860545	700	48.725589896937
19	901680	720	48.514652140143
19	944093	740	49.299328240871
19	987527	760	49.398578679882
19	1031722	780	49.296262357172
19	1077385	800	49.743478705364
19	1124335	820	49.761309488368
19	1172450	840	49.314252176924
19	1221678	860	49.161817612628
19	1272092	880	49.548523241318
19	1323286	900	49.336006016033
19	1376196	920	49.472533750011
19	1430153	940	49.503188612336
19	1485439	960	49.354860488466
19	1541997	980	49.563146052141
19	1600038	1000	49.303021815366
19	1659883	1020	49.701003400695
19	1719900	1040	49.662742889809
19	1782731	1060	50.115227868742
19	1846183	1080	50.004471363401
19	1911769	1100	50.203562424681
19	1979251	1120	50.148106711067
19	2048117	1140	50.06209943415
19	2119190	1160	50.421006004775
19	2192428	1180	50.415181736701
19	2267694	1200	50.375295899223
19	2344080	1220	50.087345294506
19	2422792	1240	50.254617685139
19	2503450	1260	50.336006462214
19	2586492	1280	50.11460286512
19	2671858	1300	50.254629917157
19	2758659	1320	50.069317546105
19	2848185	1340	50.404266250095
19	2939657	1360	50.447312580321
19	3032692	1380	50.147273348115
19	3128146	1400	50.184109854409
19	3225475	1420	50.325601136179
19	3325219	1440	50.630121973531
19	3427231	1460	50.42248688015
19	3531204	1480	50.491554698935
19	3637930	1500	50.494659732375
19	3747784	1520	50.455229849853
19	3859708	1540	50.194434521163
19	3974098	1560	50.598760756404
19	4089973	1580	50.554748412782
19	4208304	1600	50.376780250783
19	4328494	1620	50.566306222216
19	4450890	1640	50.491903893172
19	4575937	1660	50.883909871825
19	4703910	1680	50.932711492513
19	4832765	1700	50.69979975147
19	4964351	1720	50.845199229965
19	5098365	1740	50.90613524557
19	5234133	1760	50.90064302691
19	5373668	1780	50.853361028468
19	5515461	1800	50.814215723369
19	5659049	1820	50.772946191372
19	5805826	1840	50.888467856996
19	5955968	1860	50.873427485368
19	6108037	1880	51.108207865807
19	6261991	1900	51.165775840211
19	6419221	1920	51.124306976774
19	6578950	1940	50.92627137002
19	6740645	1960	50.764389822081
19	6906139	1980	51.260129557606
19	7073866	2000	51.122965240788
20	144973	240	3.4296234225959
20	170739	260	3.0671657070244
20	197864	280	2.4418811832658
20	225225	300	2.6748389183905
20	252519	320	2.5675937008736
20	279822	340	2.4752163068638
20	306993	360	2.4869047427037
20	334641	380	3.1933581310225
20	362556	400	2.4503083300785
20	390910	420	2.2972762774432
20	420119	440	2.9343989177996
20	449449	460	2.3077319595409
20	479435	480	2.4325917351087
20	509963	500	2.3417353921242
20	541242	520	2.4834493317195
20	573008	540	2.435542901938
20	605647	560	3.4350475664206
20	639258	580	3.6181777174021
20	673150	600	2.7047316640231
20	708578	620	2.7197757188529
20	744745	640	2.7062546995539
20	782050	660	2.652100931232
20	820939	680	2.18360708578
20	860545	700	2.1906703465482
20	901680	720	2.4096620867265
20	944093	740	3.1593835645061
20	987527	760	3.3025991652516
20	1031722	780	3.3436188387875
20	1077385	800	3.1041638544553
20	1124335	820	2.8864128136764
20	1172450	840	2.8069969345252
20	1221678	860	2.3177881046832
20	1272092	880	2.7977811371312
20	1323286	900	2.8030488311075
20	1376196	920	2.6967975897924
20	1430153	940	2.8991410984064
20	1485439	960	2.7644439894887
20	1541997	980	2.9584838907419
20	1600038	1000	2.8168976501725
20	1659883	1020	2.5056868139349
20	1719900	1040	2.7167206279801
20	1782731	1060	3.0561639108592
20	1846183	1080	3.3247263077398
20	1911769	1100	3.9641494923644
20	1979251	1120	3.4720812255521
20	2048117	1140	2.8761871430775
20	2119190	1160	3.4980905342179
20	2192428	1180	3.3531858655367
20	2267694	1200	2.799265951325
20	2344080	1220	3.5911267273638
20	2422792	1240	3.153844966345
20	2503450	1260	2.8042387428047
20	2586492	1280	2.7050211533998
20	2671858	1300	2.4985270271634
20	2758659	1320	2.8371175663972
20	2848185	1340	2.7287031076022
20	2939657	1360	2.4681981641421
20	3032692	1380	2.6124134581064
20	3128146	1400	2.6940406495132
20	3225475	1420	2.4805427328588
20	3325219	1440	2.5437878874079
20	3427231	1460	2.7756624966676
20	3531204	1480	2.6824134734626
20	3637930	1500	2.8473713950327
20	3747784	1520	2.5070840271938
20	3859708	1540	2.8804131821548
20	3974098	1560	2.7712863103917
20	4089973	1580	3.0352655002323
20	4208304	1600	2.9417495868747
20	4328494	1620	2.9397312463635
20	4450890	1640	2.7776758159801
20	4575937	1660	2.8636152905382
20	4703910	1680	2.8336704369616
20	4832765	1700	2.8499112534365
20	4964351	1720	2.9007455090932
20	5098365	1740	2.4713392521721
20	5234133	1760	3.1911632601465
20	5373668	1780	3.4183733166373
20	5515461	1800	3.2875605569488
20	5659049	1820	2.9864281650978
20	5805826	1840	3.0727009443903
20	5955968	1860	2.9874122885044
20	6108037	1880	3.0696662009431
20	6261991	1900	3.2399774462944
20	6419221	1920	3.1718771571777
20	6578950	1940	3.2201340851254
20	6740645	1960	2.2797691171161
20	6906139	1980	2.6641548327841
20	7073866	2000	3.0451668331817
21	144973	240	11.762316820818
21	170739	260	9.4075054743462
21	197864	280	5.9627837131878
21	225225	300	7.1547632393365
21	252519	320	6.5925374127655
21	279822	340	6.1266957657646
21	306993	360	6.1846951992823
21	334641	380	10.197536152968
21	362556	400	6.0040109124521
21	390910	420	5.2774782949032
21	420119	440	8.6106970087836
21	449449	460	5.3256267970863
21	479435	480	5.917502549719
21	509963	500	5.4837246467269
21	541242	520	6.1675205832182
21	573008	540	5.9318692271806
21	605647	560	11.799551783572
21	639258	580	13.091209994705
21	673150	600	7.3155733743694
21	708578	620	7.397179960862
21	744745	640	7.3238144988576
21	782050	660	7.0336393494418
21	820939	680	4.7681399050687
21	860545	700	4.7990365672458
21	901680	720	5.8064713722069
21	944093	740	9.9817045076715
21	987527	760	10.907161246321
21	1031722	780	11.179786939095
21	1077385	800	9.6358332353068
21	1124335	820	8.3313789309552
21	1172450	840	7.8792317904337
21	1221678	860	5.3721416982108
21	1272092	880	7.8275792912872
21	1323286	900	7.8570827495731
21	1376196	920	7.2727172403102
21	1430153	940	8.4050191084692
21	1485439	960	7.6421505710203
21	1541997	980	8.7526269317794
21	1600038	1000	7.9349123715475
21	1659883	1020	6.2784664095273
21	1719900	1040	7.3805709704927
21	1782731	1060	9.340137850038
21	1846183	1080	11.053805021377
21	1911769	1100	15.714481197813
21	1979251	1120	12.055348036831
21	2048117	1140	8.2724524820044
21	2119190	1160	12.236637385585
21	2192428	1180	11.243855448835
21	2267694	1200	7.8358898662475
21	2344080	1220	12.896191171987
21	2422792	1240	9.9467380717394
21	2503450	1260	7.8637549266471
21	2586492	1280	7.3171394403406
21	2671858	1300	6.2426373054661
21	2758659	1320	8.0492360855596
21	2848185	1340	7.4458206494379
21	2939657	1360	6.0920021774746
21	3032692	1380	6.8247040760953
21	3128146	1400	7.2578550212293
21	3225475	1420	6.1530922495384
21	3325219	1440	6.4708568161232
21	3427231	1460	7.7043022954068
21	3531204	1480	7.1953420426135
21	3637930	1500	8.1075238612504
21	3747784	1520	6.2854703194102
21	3859708	1540	8.296780099931
21	3974098	1560	7.6800278141645
21	4089973	1580	9.2128366569004
21	4208304	1600	8.6538906318776
21	4328494	1620	8.6420198008456
21	4450890	1640	7.7154829386806
21	4575937	1660	8.2002925322044
21	4703910	1680	8.0296881453103
21	4832765	1700	8.1219941524638
21	4964351	1720	8.4143245085243
21	5098365	1740	6.1075176993263
21	5234133	1760	10.183522952909
21	5373668	1780	11.685276131898
21	5515461	1800	10.808054415605
21	5659049	1820	8.9187531852896
21	5805826	1840	9.4414910936573
21	5955968	1860	8.9246321815072
21	6108037	1880	9.4228505852126
21	6261991	1900	10.497453852496
21	6419221	1920	10.060804700225
21	6578950	1940	10.369263526186
21	6740645	1960	5.1973472273562
21	6906139	1980	7.097720973047
21	7073866	2000	9.2730410419099
22	144973	240	2960.1108302362
22	170739	260	2917.0948417989
22	197864	280	3512.2217076153
22	225225	300	3645.8044514373
22	252519	320	2969.8665791206
22	279822	340	3150.0885261152
22	306993	360	3363.5370407457
22	334641	380	3345.4031219012
22	362556	400	3156.7828895257
22	390910	420	3755.4856525358
22	420119	440	3615.5041865544
22	449449	460	3307.9771690602
22	479435	480	3760.9264308926
22	509963	500	3537.2007620664
22	541242	520	3946.8350630195
22	573008	540	3952.7047799277
22	605647	560	3810.2604755891
22	639258	580	4228.9874382512
22	673150	600	4008.066696797
22	708578	620	3819.6999689029
22	744745	640	4089.453420697
22	782050	660	3954.3046911571
22	820939	680	4100.6653071459
22	860545	700	4278.8368427841
22	901680	720	4243.7490730528
22	944093	740	4415.0995913577
22	987527	760	4099.5004076695
22	1031722	780	4592.189398243
22	1077385	800	4560.9332203139
22	1124335	820	4192.6071105382
22	1172450	840	4425.7603822167
22	1221678	860	4656.0554204755
22	1272092	880	4935.6146351256
22	1323286	900	4424.807993611
22	1376196	920	4826.6646040752
22	1430153	940	4667.3525503749
22	1485439	960	4430.5979991602
22	1541997	980	4893.770309776
22	1600038	1000	4795.0881566113
22	1659883	1020	4800.9354395731
22	1719900	1040	5069.2699819485
22	1782731	1060	4753.415574075
22	1846183	1080	5258.5315829291
22	1911769	1100	5441.2284894692
22	1979251	1120	5429.1858108274
22	2048117	1140	4837.5158675712
22	2119190	1160	4983.3595373489
22	2192428	1180	5151.0612073516
22	2267694	1200	4887.487668731
22	2344080	1220	5573.3071174994
22	2422792	1240	5802.8979411621
22	2503450	1260	5665.4529582354
22	2586492	1280	5462.7253055402
22	2671858	1300	5205.691947746
22	2758659	1320	5381.3932350207
22	2848185	1340	5838.6497013167
22	2939657	1360	5576.3492074574
22	3032692	1380	5474.5844336224
22	3128146	1400	6213.9371413308
22	3225475	1420	5568.1467676032
22	3325219	1440	5888.8292075716
22	3427231	1460	5570.8667556586
22	3531204	1480	6016.8087627937
22	3637930	1500	5693.7744076317
22	3747784	1520	5832.7876264776
22	3859708	1540	6153.0817631329
22	3974098	1560	5880.61744153
22	4089973	1580	5748.7721278465
22	4208304	1600	5921.5072504487
22	4328494	1620	6100.9304610182
22	4450890	1640	6522.3433764355
22	4575937	1660	6290.8492776469
22	4703910	1680	6654.4334054342
22	4832765	1700	6440.8796580428
22	4964351	1720	6939.3084471465
22	5098365	1740	6572.227673481
22	5234133	1760	6286.2000780894
22	5373668	1780	6338.8217180628
22	5515461	1800	6781.6968508703
22	5659049	1820	6742.696778176
22	5805826	1840	7032.638349413
22	5955968	1860	6887.9723399021
22	6108037	1880	6743.1486041365
22	6261991	1900	7019.5233175835
22	6419221	1920	6882.4173036931
22	6578950	1940	6741.0914340403
22	6740645	1960	6833.1437945532
22	6906139	1980	7014.3275798304
22	7073866	2000	7014.9126272212
23	144973	240	44.850164094487
23	170739	260	44.878382181522
23	197864	280	45.028483430966
23	225225	300	45.009931499226
23	252519	320	44.997978471524
23	279822	340	45.001264658789
23	306993	360	44.847160543276
23	334641	380	45.208150295962
23	362556	400	45.096898421796
23	390910	420	45.246815090793
23	420119	440	45.19380233193
23	449449	460	45.314755740551
23	479435	480	45.31236663726
23	509963	500	45.3487277188
23	541242	520	45.365920264592
23	573008	540	45.433388275031
23	605647	560	45.360243757013
23	639258	580	45.472983207002
23	673150	600	45.546212463602
23	708578	620	45.472618677415
23	744745	640	45.438371341077
23	782050	660	45.451778059277
23	820939	680	45.562947857177
23	860545	700	45.519540880682
23	901680	720	45.631710462934
23	944093	740	45.516490632553
23	987527	760	45.550004529661
23	1031722	780	45.467221764782
23	1077385	800	45.609332203139
23	1124335	820	45.571816418894
23	1172450	840	45.626395692955
23	1221678	860	45.647602161524
23	1272092	880	45.700135510422
23	1323286	900	45.616577253721
23	1376196	920	45.534571736558
23	1430153	940	45.758358337009
23	1485439	960	45.67626803258
23	1541997	980	45.736171119402
23	1600038	1000	45.667506253441
23	1659883	1020	45.723194662601
23	1719900	1040	45.669098936473
23	1782731	1060	45.705918981491
23	1846183	1080	45.726361590688
23	1911769	1100	45.724609155203
23	1979251	1120	45.62341017502
23	2048117	1140	45.636942146898
23	2119190	1160	45.718894838064
23	2192428	1180	45.584612454439
23	2267694	1200	45.677454847953
23	2344080	1220	45.682845225405
23	2422792	1240	45.69210977293
23	2503450	1260	45.689136759963
23	2586492	1280	45.522710879502
23	2671858	1300	45.663964453913
23	2758659	1320	45.60502741543
23	2848185	1340	45.614450791536
23	2939657	1360	45.707780388995
23	3032692	1380	45.621536946854
23	3128146	1400	45.690714274491
23	3225475	1420	45.640547275436
23	3325219	1440	45.649838818385
23	3427231	1460	45.662842259496
23	3531204	1480	45.581884566619
23	3637930	1500	45.550195261054
23	3747784	1520	45.568653331856
23	3859708	1540	45.578383430614
23	3974098	1560	45.586181717287
23	4089973	1580	45.62517561783
23	4208304	1600	45.550055772683
23	4328494	1620	45.529331798643
23	4450890	1640	45.610792842206
23	4575937	1660	45.585864330775
23	4703910	1680	45.578310996125
23	4832765	1700	45.679997574772
23	4964351	1720	45.653345047016
23	5098365	1740	45.640469954729
23	5234133	1760	45.552174478909
23	5373668	1780	45.603033942898
23	5515461	1800	45.514743965573
23	5659049	1820	45.558762014702
23	5805826	1840	45.666482788396
23	5955968	1860	45.615710860279
23	6108037	1880	45.561814892814
23	6261991	1900	45.581320244049
23	6419221	1920	45.578922541014
23	6578950	1940	45.547915094867
23	6740645	1960	45.554291963688
23	6906139	1980	45.547581687211
23	7073866	2000	45.551380696241
24	144973	240	0.43955065880443
24	170739	260	0.44617405829295
24	197864	280	0.74512710524804
24	225225	300	0.7082016972861
24	252519	320	0.68987623890337
24	279822	340	0.68699945554771
24	306993	360	0.51900907810643
24	334641	380	1.0852611073444
24	362556	400	0.91382942883905
24	390910	420	1.1452183658125
24	420119	440	1.1330293624701
24	449449	460	1.3149770561123
24	479435	480	1.2689872508068
24	509963	500	1.3366114274765
24	541242	520	1.2078014201541
24	573008	540	1.2803060524151
24	605647	560	1.2618024514531
24	639258	580	1.2860737412858
24	673150	600	1.382009717263
24	708578	620	1.2602292630944
24	744745	640	1.2412385760164
24	782050	660	1.2551357915348
24	820939	680	1.2601176346823
24	860545	700	1.1906141480876
24	901680	720	1.216259992885
24	944093	740	1.1209996044058
24	987527	760	1.1421356343998
24	1031722	780	1.1314132734784
24	1077385	800	1.222105502795
24	1124335	820	1.1688222589446
24	1172450	840	1.1495020336572
24	1221678	860	1.1973567590756
24	1272092	880	1.2414485302013
24	1323286	900	1.2085129009651
24	1376196	920	1.1579518654024
24	1430153	940	1.1959495452891
24	1485439	960	1.1890497736404
24	1541997	980	1.2121351824218
24	1600038	1000	1.1486012440884
24	1659883	1020	1.1304350943891
24	1719900	1040	1.1512597325024
24	1782731	1060	1.122747515617
24	1846183	1080	1.1246851221629
24	1911769	1100	1.1172785672221
24	1979251	1120	1.0728692914226
24	2048117	1140	1.1015866061638
24	2119190	1160	1.1106483972757
24	2192428	1180	1.0775732211411
24	2267694	1200	1.0653966817386
24	2344080	1220	1.1368665677003
24	2422792	1240	1.0645651681837
24	2503450	1260	1.0695804972421
24	2586492	1280	0.94221532259634
24	2671858	1300	0.95715662576906
24	2758659	1320	0.94694696891899
24	2848185	1340	0.91680417861216
24	2939657	1360	0.96736319823906
24	3032692	1380	0.94204393950737
24	3128146	1400	0.95712205512179
24	3225475	1420	0.91953622659041
24	3325219	1440	0.97471337165053
24	3427231	1460	0.97420226979641
24	3531204	1480	0.9420526881537
24	3637930	1500	0.93629156264262
24	3747784	1520	0.97742505719272
24	3859708	1540	0.91990069216681
24	3974098	1560	0.90128037912287
24	4089973	1580	0.97291470374931
24	4208304	1600	0.87696069972521
24	4328494	1620	0.85259061564736
24	4450890	1640	0.90494513227588
24	4575937	1660	0.84488591669892
24	4703910	1680	0.87670875071865
24	4832765	1700	0.91398874068462
24	4964351	1720	0.92905421698701
24	5098365	1740	0.83331813141571
24	5234133	1760	0.86681085479971
24	5373668	1780	0.92514270983215
24	5515461	1800	0.84560275308179
24	5659049	1820	0.85385372144099
24	5805826	1840	0.87499416120266
24	5955968	1860	0.84360962148693
24	6108037	1880	0.80357789476824
24	6261991	1900	0.85703466406765
24	6419221	1920	0.81648736662661
24	6578950	1940	0.78680342776062
24	6740645	1960	0.8348138909761
24	6906139	1980	0.81978377844614
24	7073866	2000	0.82159912534316
25	144973	240	0.19320478165541
25	170739	260	0.1990712902936
25	197864	280	0.55521440297533
25	225225	300	0.50154964403892
25	252519	320	0.47592922500346
25	279822	340	0.47196825192284
25	306993	360	0.26937042315689
25	334641	380	1.1777916711144
25	362556	400	0.8350842250123
25	390910	420	1.3115251053942
25	420119	440	1.2837555362193
25	449449	460	1.7291646581017
25	479435	480	1.6103286427103
25	509963	500	1.7865301080609
25	541242	520	1.4587842705262
25	573008	540	1.6391835878507
25	605647	560	1.592145426493
25	639258	580	1.6539856680248
25	673150	600	1.9099508586094
25	708578	620	1.5881777955595
25	744745	640	1.5406732025912
25	782050	660	1.5753658551916
25	820939	680	1.5878964532374
25	860545	700	1.4175620496265
25	901680	720	1.4792883702927
25	944093	740	1.2566401130779
25	987527	760	1.3044738073658
25	1031722	780	1.280095995403
25	1077385	800	1.4935418599618
25	1124335	820	1.3661454730044
25	1172450	840	1.3213549253821
25	1221678	860	1.433663208504
25	1272092	880	1.5411944531389
25	1323286	900	1.4605034317992
25	1376196	920	1.3408525225888
25	1430153	940	1.4302953148772
25	1485439	960	1.4138393641944
25	1541997	980	1.4692717004646
25	1600038	1000	1.3192848179215
25	1659883	1020	1.2778835026264
25	1719900	1040	1.3253989716815
25	1782731	1060	1.2605619838241
25	1846183	1080	1.2649166240145
25	1911769	1100	1.2483113967739
25	1979251	1120	1.1510485164777
25	2048117	1140	1.2134930508795
25	2119190	1160	1.2335398623711
25	2192428	1180	1.1611640469203
25	2267694	1200	1.1350700894596
25	2344080	1220	1.2924655927547
25	2422792	1240	1.13329899731
25	2503450	1260	1.1440024400808
25	2586492	1280	0.88776971413532
25	2671858	1300	0.91614880625362
25	2758659	1320	0.89670856194486
25	2848185	1340	0.84052990192073
25	2939657	1360	0.93579155730731
25	3032692	1380	0.88744678396257
25	3128146	1400	0.91608262840056
25	3225475	1420	0.84554687201214
25	3325219	1440	0.95006615687435
25	3427231	1460	0.94907006247648
25	3531204	1480	0.8874632672576
25	3637930	1500	0.87664189027576
25	3747784	1520	0.95535974242819
25	3859708	1540	0.84621728344898
25	3974098	1560	0.81230632179186
25	4089973	1580	0.94656302077161
25	4208304	1600	0.76906006886252
25	4328494	1620	0.72691075788994
25	4450890	1640	0.81892569242981
25	4575937	1660	0.71383221223618
25	4703910	1680	0.76861823358666
25	4832765	1700	0.83537541809826
25	4964351	1720	0.86314173810135
25	5098365	1740	0.69441910814618
25	5234133	1760	0.7513610579986
25	5373668	1780	0.85588903355558
25	5515461	1800	0.71504401601951
25	5659049	1820	0.72906617761862
25	5805826	1840	0.76561478213874
25	5955968	1860	0.71167719346531
25	6108037	1880	0.64573743296016
25	6261991	1900	0.73450841541356
25	6419221	1920	0.66665161986086
25	6578950	1940	0.61905963393586
25	6740645	1960	0.69691423256665
25	6906139	1980	0.67204544340343
25	7073866	2000	0.67502512276465
