version 2
run statisticRVV-103-20150327-05:08:29-12872
attr c 5
attr configname statisticRVV
attr datetime 20150327-05:08:29
attr experiment statisticRVV
attr inifile omnetpp.ini
attr iterationvars "$sc=\"erlangen-low.launchd.xml\", $p=1/5, $c=5"
attr iterationvars2 "$sc=\"erlangen-low.launchd.xml\", $p=1/5, $c=5, $repetition=3"
attr measurement "$sc=\"erlangen-low.launchd.xml\", $p=1/5, $c=5"
attr network RSUExampleScenario
attr p 1/5
attr processid 12872
attr repetition 3
attr replication #3
attr resultdir results
attr runnumber 103
attr sc "\"erlangen-low.launchd.xml\""
attr seedset 103

vector 0  RSUExampleScenario.rsu[0].appl  Number_CH  ETV
vector 1  RSUExampleScenario.rsu[0].appl  Number_ON  ETV
vector 2  RSUExampleScenario.rsu[0].appl  Number_FN  ETV
vector 3  RSUExampleScenario.rsu[0].appl  Number_CH_Losts  ETV
vector 4  RSUExampleScenario.rsu[0].appl  Number_CH_Losts  ETV
vector 5  RSUExampleScenario.rsu[0].appl  Mean_Cluster_Size  ETV
vector 6  RSUExampleScenario.rsu[0].appl  StdDev_Cluster_Size  ETV
vector 7  RSUExampleScenario.rsu[0].appl  Variance_Cluster_Size  ETV
vector 8  RSUExampleScenario.rsu[0].appl  Mean_Neighbors  ETV
vector 9  RSUExampleScenario.rsu[0].appl  StdDev_Neighbors  ETV
vector 10  RSUExampleScenario.rsu[0].appl  Variance_Neighbors  ETV
vector 11  RSUExampleScenario.rsu[0].appl  Total_CH_Utility  ETV
vector 12  RSUExampleScenario.rsu[0].appl  Mean_CH_Utility  ETV
vector 13  RSUExampleScenario.rsu[0].appl  StdDev_CH_Utility  ETV
vector 14  RSUExampleScenario.rsu[0].appl  Variance_CH_Utility  ETV
vector 15  RSUExampleScenario.rsu[0].appl  Total_exp_CH_Utility  ETV
vector 16  RSUExampleScenario.rsu[0].appl  Mean_exp_CH_Utility  ETV
vector 17  RSUExampleScenario.rsu[0].appl  StdDev_exp_CH_Utility  ETV
vector 18  RSUExampleScenario.rsu[0].appl  Variance_exp_CH_Utility  ETV
vector 19  RSUExampleScenario.rsu[0].appl  Total_ON_Utility  ETV
vector 20  RSUExampleScenario.rsu[0].appl  Mean_ON_Utility  ETV
vector 21  RSUExampleScenario.rsu[0].appl  StdDev_ON_Utility  ETV
vector 22  RSUExampleScenario.rsu[0].appl  Variance_ON_Utility  ETV
vector 23  RSUExampleScenario.rsu[0].appl  Total_exp_ON_Utility  ETV
vector 24  RSUExampleScenario.rsu[0].appl  Mean_exp_ON_Utility  ETV
vector 25  RSUExampleScenario.rsu[0].appl  StdDev_exp_ON_Utility  ETV
vector 26  RSUExampleScenario.rsu[0].appl  Variance_exp_ON_Utility  ETV
0	34650	240	12
0	39957	260	11
0	45268	280	4
0	50509	300	9
0	55806	320	5
0	61067	340	4
0	66297	360	5
0	71502	380	8
0	76836	400	8
0	82250	420	4
0	87689	440	7
0	92991	460	7
0	98320	480	5
0	103563	500	8
0	108848	520	6
0	114236	540	6
0	119552	560	4
0	124818	580	8
0	130279	600	7
0	135585	620	8
0	140916	640	9
0	146277	660	7
0	151701	680	9
0	157123	700	8
0	162492	720	7
0	167876	740	9
0	173142	760	9
0	178428	780	10
0	183814	800	9
0	189136	820	4
0	194331	840	8
0	199624	860	6
0	204951	880	5
0	210335	900	10
0	215530	920	6
0	220864	940	7
0	226142	960	8
0	231441	980	9
0	236617	1000	9
0	241964	1020	10
0	247258	1040	8
0	252544	1060	8
0	257807	1080	8
0	263120	1100	11
0	268317	1120	14
0	273695	1140	4
0	278995	1160	6
0	284316	1180	8
0	289499	1200	2
0	294842	1220	9
0	300187	1240	6
0	305441	1260	8
0	310656	1280	9
0	315977	1300	8
0	321267	1320	6
0	326531	1340	5
0	331775	1360	8
0	337104	1380	9
0	342535	1400	9
0	347909	1420	10
0	353168	1440	7
0	358503	1460	6
0	363879	1480	6
0	369097	1500	9
0	374519	1520	6
0	379746	1540	7
0	385148	1560	7
0	390408	1580	7
0	395707	1600	10
0	400963	1620	6
0	406157	1640	5
0	411350	1660	10
0	416698	1680	8
0	422083	1700	11
0	427455	1720	8
0	432759	1740	8
0	438040	1760	7
0	443262	1780	5
0	448531	1800	9
0	453367	1820	8
0	457692	1840	6
0	461562	1860	7
0	464925	1880	3
0	467850	1900	4
0	470304	1920	3
0	472363	1940	4
0	473882	1960	3
0	474953	1980	3
0	475551	2000	2
1	34650	240	26
1	39957	260	27
1	45268	280	19
1	50509	300	22
1	55806	320	22
1	61067	340	16
1	66297	360	18
1	71502	380	25
1	76836	400	18
1	82250	420	12
1	87689	440	26
1	92991	460	25
1	98320	480	22
1	103563	500	22
1	108848	520	19
1	114236	540	23
1	119552	560	18
1	124818	580	20
1	130279	600	26
1	135585	620	21
1	140916	640	24
1	146277	660	24
1	151701	680	25
1	157123	700	22
1	162492	720	21
1	167876	740	24
1	173142	760	26
1	178428	780	21
1	183814	800	27
1	189136	820	16
1	194331	840	27
1	199624	860	23
1	204951	880	21
1	210335	900	24
1	215530	920	27
1	220864	940	27
1	226142	960	16
1	231441	980	30
1	236617	1000	29
1	241964	1020	22
1	247258	1040	24
1	252544	1060	21
1	257807	1080	24
1	263120	1100	24
1	268317	1120	26
1	273695	1140	19
1	278995	1160	21
1	284316	1180	25
1	289499	1200	9
1	294842	1220	27
1	300187	1240	23
1	305441	1260	23
1	310656	1280	30
1	315977	1300	24
1	321267	1320	20
1	326531	1340	20
1	331775	1360	23
1	337104	1380	25
1	342535	1400	22
1	347909	1420	27
1	353168	1440	22
1	358503	1460	21
1	363879	1480	20
1	369097	1500	26
1	374519	1520	22
1	379746	1540	19
1	385148	1560	23
1	390408	1580	25
1	395707	1600	27
1	400963	1620	20
1	406157	1640	18
1	411350	1660	25
1	416698	1680	23
1	422083	1700	26
1	427455	1720	28
1	432759	1740	24
1	438040	1760	18
1	443262	1780	17
1	448531	1800	21
1	453367	1820	21
1	457692	1840	16
1	461562	1860	16
1	464925	1880	13
1	467850	1900	9
1	470304	1920	11
1	472363	1940	11
1	473882	1960	7
1	474953	1980	7
1	475551	2000	5
2	34650	240	2
2	39957	260	2
2	45268	280	19
2	50509	300	9
2	55806	320	14
2	61067	340	20
2	66297	360	16
2	71502	380	6
2	76836	400	14
2	82250	420	25
2	87689	440	7
2	92991	460	8
2	98320	480	14
2	103563	500	11
2	108848	520	15
2	114236	540	11
2	119552	560	19
2	124818	580	12
2	130279	600	8
2	135585	620	11
2	140916	640	7
2	146277	660	9
2	151701	680	7
2	157123	700	11
2	162492	720	13
2	167876	740	7
2	173142	760	6
2	178428	780	9
2	183814	800	4
2	189136	820	21
2	194331	840	5
2	199624	860	11
2	204951	880	14
2	210335	900	6
2	215530	920	6
2	220864	940	6
2	226142	960	16
2	231441	980	1
2	236617	1000	2
2	241964	1020	8
2	247258	1040	7
2	252544	1060	12
2	257807	1080	8
2	263120	1100	6
2	268317	1120	1
2	273695	1140	18
2	278995	1160	13
2	284316	1180	7
2	289499	1200	28
2	294842	1220	4
2	300187	1240	11
2	305441	1260	9
2	310656	1280	0
2	315977	1300	9
2	321267	1320	14
2	326531	1340	16
2	331775	1360	9
2	337104	1380	7
2	342535	1400	10
2	347909	1420	3
2	353168	1440	11
2	358503	1460	14
2	363879	1480	16
2	369097	1500	6
2	374519	1520	12
2	379746	1540	14
2	385148	1560	11
2	390408	1580	8
2	395707	1600	3
2	400963	1620	14
2	406157	1640	17
2	411350	1660	5
2	416698	1680	10
2	422083	1700	4
2	427455	1720	6
2	432759	1740	7
2	438040	1760	15
2	443262	1780	19
2	448531	1800	10
2	453367	1820	9
2	457692	1840	13
2	461562	1860	8
2	464925	1880	11
2	467850	1900	11
2	470304	1920	7
2	472363	1940	2
2	473882	1960	4
2	474953	1980	0
2	475551	2000	0
3	34650	240	2
3	39957	260	2
3	45268	280	0
3	50509	300	3
3	55806	320	0
3	61067	340	0
3	66297	360	0
3	71502	380	0
3	76836	400	1
3	82250	420	1
3	87689	440	0
3	92991	460	3
3	98320	480	1
3	103563	500	0
3	108848	520	0
3	114236	540	1
3	119552	560	1
3	124818	580	1
3	130279	600	1
3	135585	620	1
3	140916	640	1
3	146277	660	0
3	151701	680	1
3	157123	700	2
3	162492	720	2
3	167876	740	1
3	173142	760	1
3	178428	780	1
3	183814	800	0
3	189136	820	0
3	194331	840	0
3	199624	860	2
3	204951	880	0
3	210335	900	2
3	215530	920	0
3	220864	940	1
3	226142	960	0
3	231441	980	1
3	236617	1000	0
3	241964	1020	0
3	247258	1040	0
3	252544	1060	1
3	257807	1080	0
3	263120	1100	4
3	268317	1120	0
3	273695	1140	1
3	278995	1160	0
3	284316	1180	1
3	289499	1200	0
3	294842	1220	2
3	300187	1240	1
3	305441	1260	1
3	310656	1280	0
3	315977	1300	1
3	321267	1320	1
3	326531	1340	2
3	331775	1360	1
3	337104	1380	1
3	342535	1400	1
3	347909	1420	0
3	353168	1440	2
3	358503	1460	0
3	363879	1480	1
3	369097	1500	1
3	374519	1520	0
3	379746	1540	0
3	385148	1560	1
3	390408	1580	1
3	395707	1600	0
3	400963	1620	0
3	406157	1640	0
3	411350	1660	2
3	416698	1680	0
3	422083	1700	0
3	427455	1720	0
3	432759	1740	1
3	438040	1760	0
3	443262	1780	0
3	448531	1800	0
3	453367	1820	0
3	457692	1840	1
3	461562	1860	0
3	464925	1880	0
3	467850	1900	0
3	470304	1920	3
3	472363	1940	1
3	473882	1960	2
3	474953	1980	0
3	475551	2000	0
4	34650	240	0
4	39957	260	0
4	45268	280	19
4	50509	300	6
4	55806	320	14
4	61067	340	20
4	66297	360	16
4	71502	380	6
4	76836	400	13
4	82250	420	24
4	87689	440	6
4	92991	460	4
4	98320	480	13
4	103563	500	11
4	108848	520	15
4	114236	540	10
4	119552	560	18
4	124818	580	11
4	130279	600	7
4	135585	620	10
4	140916	640	6
4	146277	660	9
4	151701	680	5
4	157123	700	9
4	162492	720	11
4	167876	740	6
4	173142	760	5
4	178428	780	8
4	183814	800	4
4	189136	820	21
4	194331	840	5
4	199624	860	9
4	204951	880	14
4	210335	900	4
4	215530	920	6
4	220864	940	5
4	226142	960	16
4	231441	980	0
4	236617	1000	2
4	241964	1020	8
4	247258	1040	6
4	252544	1060	11
4	257807	1080	8
4	263120	1100	2
4	268317	1120	1
4	273695	1140	17
4	278995	1160	12
4	284316	1180	6
4	289499	1200	28
4	294842	1220	2
4	300187	1240	10
4	305441	1260	8
4	310656	1280	0
4	315977	1300	8
4	321267	1320	13
4	326531	1340	14
4	331775	1360	8
4	337104	1380	6
4	342535	1400	9
4	347909	1420	3
4	353168	1440	9
4	358503	1460	14
4	363879	1480	15
4	369097	1500	5
4	374519	1520	12
4	379746	1540	14
4	385148	1560	10
4	390408	1580	7
4	395707	1600	3
4	400963	1620	14
4	406157	1640	17
4	411350	1660	2
4	416698	1680	10
4	422083	1700	4
4	427455	1720	5
4	432759	1740	6
4	438040	1760	15
4	443262	1780	19
4	448531	1800	10
4	453367	1820	9
4	457692	1840	12
4	461562	1860	8
4	464925	1880	11
4	467850	1900	11
4	470304	1920	4
4	472363	1940	1
4	473882	1960	2
4	474953	1980	0
4	475551	2000	0
5	34650	240	2.1666666666667
5	39957	260	2.4545454545455
5	45268	280	4.75
5	50509	300	2.4444444444444
5	55806	320	4.4
5	61067	340	4
5	66297	360	3.6
5	71502	380	3.125
5	76836	400	2.25
5	82250	420	3
5	87689	440	3.7142857142857
5	92991	460	3.5714285714286
5	98320	480	4.4
5	103563	500	2.75
5	108848	520	3.1666666666667
5	114236	540	3.8333333333333
5	119552	560	4.5
5	124818	580	2.5
5	130279	600	3.7142857142857
5	135585	620	2.625
5	140916	640	2.6666666666667
5	146277	660	3.4285714285714
5	151701	680	2.7777777777778
5	157123	700	2.75
5	162492	720	3
5	167876	740	2.6666666666667
5	173142	760	2.8888888888889
5	178428	780	2.1
5	183814	800	3
5	189136	820	4
5	194331	840	3.375
5	199624	860	3.8333333333333
5	204951	880	4.2
5	210335	900	2.4
5	215530	920	4.5
5	220864	940	3.8571428571429
5	226142	960	2
5	231441	980	3.3333333333333
5	236617	1000	3.2222222222222
5	241964	1020	2.2
5	247258	1040	3
5	252544	1060	2.625
5	257807	1080	3
5	263120	1100	2.1818181818182
5	268317	1120	1.8571428571429
5	273695	1140	4.75
5	278995	1160	3.5
5	284316	1180	3.125
5	289499	1200	4.5
5	294842	1220	3
5	300187	1240	3.8333333333333
5	305441	1260	2.875
5	310656	1280	3.3333333333333
5	315977	1300	3
5	321267	1320	3.3333333333333
5	326531	1340	4
5	331775	1360	2.875
5	337104	1380	2.7777777777778
5	342535	1400	2.4444444444444
5	347909	1420	2.7
5	353168	1440	3.1428571428571
5	358503	1460	3.5
5	363879	1480	3.3333333333333
5	369097	1500	2.8888888888889
5	374519	1520	3.6666666666667
5	379746	1540	2.7142857142857
5	385148	1560	3.2857142857143
5	390408	1580	3.5714285714286
5	395707	1600	2.7
5	400963	1620	3.3333333333333
5	406157	1640	3.6
5	411350	1660	2.5
5	416698	1680	2.875
5	422083	1700	2.3636363636364
5	427455	1720	3.5
5	432759	1740	3
5	438040	1760	2.5714285714286
5	443262	1780	3.4
5	448531	1800	2.3333333333333
5	453367	1820	2.625
5	457692	1840	2.6666666666667
5	461562	1860	2.2857142857143
5	464925	1880	4.3333333333333
5	467850	1900	2.25
5	470304	1920	3.6666666666667
5	472363	1940	2.75
5	473882	1960	2.3333333333333
5	474953	1980	2.3333333333333
5	475551	2000	2.5
6	34650	240	0.71774056256527
6	39957	260	1.2933395813657
6	45268	280	0.5
6	50509	300	1.3333333333333
6	55806	320	0.89442719099992
6	61067	340	2
6	66297	360	1.1401754250991
6	71502	380	1.4577379737113
6	76836	400	1.1649647450214
6	82250	420	1.4142135623731
6	87689	440	1.6035674514745
6	92991	460	1.2724180205607
6	98320	480	0.54772255750517
6	103563	500	1.4880476182857
6	108848	520	1.7224014243685
6	114236	540	1.3291601358251
6	119552	560	0.57735026918963
6	124818	580	1.0690449676497
6	130279	600	1.1126972805284
6	135585	620	1.0606601717798
6	140916	640	1.1180339887499
6	146277	660	1.2724180205607
6	151701	680	0.97182531580755
6	157123	700	1.2817398889233
6	162492	720	0.81649658092773
6	167876	740	1.3228756555323
6	173142	760	1.6158932858054
6	178428	780	1.523883926755
6	183814	800	1.4142135623731
6	189136	820	1.4142135623731
6	194331	840	1.5979898086569
6	199624	860	0.98319208025018
6	204951	880	1.3038404810405
6	210335	900	1.8378731669454
6	215530	920	0.83666002653408
6	220864	940	1.2149857925879
6	226142	960	1.1952286093344
6	231441	980	1.3228756555323
6	236617	1000	0.97182531580755
6	241964	1020	1.0327955589886
6	247258	1040	1.9272482233189
6	252544	1060	1.6850180160122
6	257807	1080	1.4142135623731
6	263120	1100	1.1677484162423
6	268317	1120	1.2314558524298
6	273695	1140	0.5
6	278995	1160	1.378404875209
6	284316	1180	1.2464234547582
6	289499	1200	0.70710678118655
6	294842	1220	1.1180339887499
6	300187	1240	1.471960144388
6	305441	1260	1.6420805617961
6	310656	1280	1.5811388300842
6	315977	1300	1.4142135623731
6	321267	1320	1.5055453054182
6	326531	1340	1.4142135623731
6	331775	1360	1.5526475085203
6	337104	1380	1.2018504251547
6	342535	1400	1.4240006242196
6	347909	1420	1.5670212364724
6	353168	1440	1.2149857925879
6	358503	1460	1.0488088481702
6	363879	1480	1.211060141639
6	369097	1500	1.6914819275154
6	374519	1520	0.81649658092773
6	379746	1540	1.3801311186847
6	385148	1560	1.1126972805284
6	390408	1580	1.6183471874254
6	395707	1600	1.0593499054714
6	400963	1620	1.3662601021279
6	406157	1640	1.1401754250991
6	411350	1660	1.0801234497346
6	416698	1680	1.4577379737113
6	422083	1700	1.3618169680781
6	427455	1720	1.309307341416
6	432759	1740	1.5118578920369
6	438040	1760	1.2724180205607
6	443262	1780	0.89442719099992
6	448531	1800	1.1180339887499
6	453367	1820	1.6850180160122
6	457692	1840	1.0327955589886
6	461562	1860	1.253566341056
6	464925	1880	0.57735026918963
6	467850	1900	0.95742710775634
6	470304	1920	0.57735026918963
6	472363	1940	1.2583057392118
6	473882	1960	1.5275252316519
6	474953	1980	1.5275252316519
6	475551	2000	0.70710678118655
7	34650	240	0.51515151515152
7	39957	260	1.6727272727273
7	45268	280	0.25
7	50509	300	1.7777777777778
7	55806	320	0.8
7	61067	340	4
7	66297	360	1.3
7	71502	380	2.125
7	76836	400	1.3571428571429
7	82250	420	2
7	87689	440	2.5714285714286
7	92991	460	1.6190476190476
7	98320	480	0.3
7	103563	500	2.2142857142857
7	108848	520	2.9666666666667
7	114236	540	1.7666666666667
7	119552	560	0.33333333333333
7	124818	580	1.1428571428571
7	130279	600	1.2380952380952
7	135585	620	1.125
7	140916	640	1.25
7	146277	660	1.6190476190476
7	151701	680	0.94444444444444
7	157123	700	1.6428571428571
7	162492	720	0.66666666666667
7	167876	740	1.75
7	173142	760	2.6111111111111
7	178428	780	2.3222222222222
7	183814	800	2
7	189136	820	2
7	194331	840	2.5535714285714
7	199624	860	0.96666666666667
7	204951	880	1.7
7	210335	900	3.3777777777778
7	215530	920	0.7
7	220864	940	1.4761904761905
7	226142	960	1.4285714285714
7	231441	980	1.75
7	236617	1000	0.94444444444444
7	241964	1020	1.0666666666667
7	247258	1040	3.7142857142857
7	252544	1060	2.8392857142857
7	257807	1080	2
7	263120	1100	1.3636363636364
7	268317	1120	1.5164835164835
7	273695	1140	0.25
7	278995	1160	1.9
7	284316	1180	1.5535714285714
7	289499	1200	0.5
7	294842	1220	1.25
7	300187	1240	2.1666666666667
7	305441	1260	2.6964285714286
7	310656	1280	2.5
7	315977	1300	2
7	321267	1320	2.2666666666667
7	326531	1340	2
7	331775	1360	2.4107142857143
7	337104	1380	1.4444444444444
7	342535	1400	2.0277777777778
7	347909	1420	2.4555555555556
7	353168	1440	1.4761904761905
7	358503	1460	1.1
7	363879	1480	1.4666666666667
7	369097	1500	2.8611111111111
7	374519	1520	0.66666666666667
7	379746	1540	1.9047619047619
7	385148	1560	1.2380952380952
7	390408	1580	2.6190476190476
7	395707	1600	1.1222222222222
7	400963	1620	1.8666666666667
7	406157	1640	1.3
7	411350	1660	1.1666666666667
7	416698	1680	2.125
7	422083	1700	1.8545454545455
7	427455	1720	1.7142857142857
7	432759	1740	2.2857142857143
7	438040	1760	1.6190476190476
7	443262	1780	0.8
7	448531	1800	1.25
7	453367	1820	2.8392857142857
7	457692	1840	1.0666666666667
7	461562	1860	1.5714285714286
7	464925	1880	0.33333333333333
7	467850	1900	0.91666666666667
7	470304	1920	0.33333333333333
7	472363	1940	1.5833333333333
7	473882	1960	2.3333333333333
7	474953	1980	2.3333333333333
7	475551	2000	0.5
8	34650	240	8.85
8	39957	260	8.95
8	45268	280	8.7619047619048
8	50509	300	8.875
8	55806	320	8.8780487804878
8	61067	340	8.85
8	66297	360	8.8461538461538
8	71502	380	9.0769230769231
8	76836	400	8.975
8	82250	420	9.0731707317073
8	87689	440	9.4871794871795
8	92991	460	9.1794871794872
8	98320	480	9.05
8	103563	500	8.8292682926829
8	108848	520	9.1
8	114236	540	8.925
8	119552	560	9.0243902439024
8	124818	580	8.75
8	130279	600	8.8292682926829
8	135585	620	8.975
8	140916	640	9.075
8	146277	660	9.175
8	151701	680	9.025
8	157123	700	8.9756097560976
8	162492	720	8.9756097560976
8	167876	740	9.1
8	173142	760	8.6341463414634
8	178428	780	9.325
8	183814	800	9.025
8	189136	820	8.9024390243902
8	194331	840	8.875
8	199624	860	9.05
8	204951	880	8.925
8	210335	900	8.925
8	215530	920	9.0512820512821
8	220864	940	9.1
8	226142	960	9.075
8	231441	980	9.275
8	236617	1000	8.825
8	241964	1020	9.1
8	247258	1040	9.0789473684211
8	252544	1060	8.7073170731707
8	257807	1080	8.9
8	263120	1100	8.780487804878
8	268317	1120	8.7317073170732
8	273695	1140	8.7560975609756
8	278995	1160	9.1025641025641
8	284316	1180	8.925
8	289499	1200	8.8461538461538
8	294842	1220	8.875
8	300187	1240	9.05
8	305441	1260	8.7
8	310656	1280	8.7179487179487
8	315977	1300	8.9024390243902
8	321267	1320	8.7
8	326531	1340	8.875
8	331775	1360	8.825
8	337104	1380	8.5609756097561
8	342535	1400	8.8780487804878
8	347909	1420	8.675
8	353168	1440	8.775
8	358503	1460	8.8536585365854
8	363879	1480	8.5238095238095
8	369097	1500	8.95
8	374519	1520	8.95
8	379746	1540	9.025
8	385148	1560	8.8048780487805
8	390408	1580	8.825
8	395707	1600	8.775
8	400963	1620	8.875
8	406157	1640	9.075
8	411350	1660	9.025641025641
8	416698	1680	8.7560975609756
8	422083	1700	8.8780487804878
8	427455	1720	8.9512195121951
8	432759	1740	9.0512820512821
8	438040	1760	8.8
8	443262	1780	8.609756097561
8	448531	1800	8.8
8	453367	1820	8.7105263157895
8	457692	1840	8.1428571428571
8	461562	1860	8.258064516129
8	464925	1880	8.1851851851852
8	467850	1900	8.0416666666667
8	470304	1920	8.3809523809524
8	472363	1940	7.9411764705882
8	473882	1960	7.5
8	474953	1980	6.4
8	475551	2000	5.4285714285714
9	34650	240	2.2707730525991
9	39957	260	1.9864928507684
9	45268	280	1.6937406114872
9	50509	300	1.6974717247749
9	55806	320	1.9260727134667
9	61067	340	1.5283643007796
9	66297	360	1.7701986439003
9	71502	380	1.8550729221674
9	76836	400	1.2086759019263
9	82250	420	1.9923634696315
9	87689	440	1.6362954769812
9	92991	460	1.4118258963744
9	98320	480	1.5182648665922
9	103563	500	1.6416826585
9	108848	520	1.8508487311612
9	114236	540	1.2065526224617
9	119552	560	1.4914389843042
9	124818	580	1.5483655567843
9	130279	600	1.7592958680164
9	135585	620	1.993418658666
9	140916	640	2.0303782646187
9	146277	660	1.550640893143
9	151701	680	1.9412855904245
9	157123	700	2.4747505417521
9	162492	720	1.8505108062107
9	167876	740	1.7216569240422
9	173142	760	2.094708781203
9	178428	780	1.2687061852988
9	183814	800	1.7318657495196
9	189136	820	1.7579089573806
9	194331	840	1.4882014614102
9	199624	860	1.8250395148515
9	204951	880	2.0177100500701
9	210335	900	1.7004901254246
9	215530	920	1.5208847485439
9	220864	940	2.0606197723389
9	226142	960	1.4916433890176
9	231441	980	1.4498010473589
9	236617	1000	1.3938969538487
9	241964	1020	1.498717400364
9	247258	1040	1.4774261576164
9	252544	1060	1.8336289488201
9	257807	1080	1.5980757659905
9	263120	1100	1.8236254429289
9	268317	1120	1.5169770967932
9	273695	1140	1.6849404708309
9	278995	1160	1.6025452090654
9	284316	1180	2.1047869738119
9	289499	1200	1.4425573333213
9	294842	1220	1.5222705713203
9	300187	1240	1.5843788720683
9	305441	1260	1.9108328161517
9	310656	1280	1.4317585423586
9	315977	1300	1.8000677494025
9	321267	1320	1.7423826892785
9	326531	1340	1.6974717247749
9	331775	1360	1.7080127904403
9	337104	1380	1.9499843651656
9	342535	1400	2.1701972485378
9	347909	1420	1.8451252476423
9	353168	1440	1.5930538323674
9	358503	1460	1.9945046453914
9	363879	1480	1.8244691207554
9	369097	1500	1.9208705291465
9	374519	1520	1.9473848341578
9	379746	1540	1.5768761719103
9	385148	1560	1.7352163005678
9	390408	1580	2.0986870132269
9	395707	1600	1.5768761719103
9	400963	1620	1.8836339673824
9	406157	1640	1.7155024680684
9	411350	1660	1.4597616872407
9	416698	1680	1.9720609499313
9	422083	1700	1.7915792188907
9	427455	1720	2.1788898493521
9	432759	1740	1.3945140249284
9	438040	1760	1.8285485346552
9	443262	1780	1.6863873929274
9	448531	1800	1.5721942856387
9	453367	1820	1.48702305071
9	457692	1840	1.6652655174769
9	461562	1860	1.5268211407034
9	464925	1880	1.7982264133357
9	467850	1900	1.8991798382383
9	470304	1920	1.9098740920854
9	472363	1940	1.8190171877725
9	473882	1960	1.5566235649883
9	474953	1980	0.84327404271157
9	475551	2000	1.2724180205607
10	34650	240	5.1564102564103
10	39957	260	3.9461538461538
10	45268	280	2.8687572590012
10	50509	300	2.8814102564103
10	55806	320	3.709756097561
10	61067	340	2.3358974358974
10	66297	360	3.1336032388664
10	71502	380	3.4412955465587
10	76836	400	1.4608974358974
10	82250	420	3.969512195122
10	87689	440	2.6774628879892
10	92991	460	1.9932523616734
10	98320	480	2.3051282051282
10	103563	500	2.6951219512195
10	108848	520	3.425641025641
10	114236	540	1.4557692307692
10	119552	560	2.2243902439024
10	124818	580	2.3974358974359
10	130279	600	3.0951219512195
10	135585	620	3.9737179487179
10	140916	640	4.1224358974359
10	146277	660	2.4044871794872
10	151701	680	3.7685897435897
10	157123	700	6.1243902439024
10	162492	720	3.4243902439024
10	167876	740	2.9641025641026
10	173142	760	4.3878048780488
10	178428	780	1.6096153846154
10	183814	800	2.999358974359
10	189136	820	3.090243902439
10	194331	840	2.2147435897436
10	199624	860	3.3307692307692
10	204951	880	4.0711538461538
10	210335	900	2.8916666666667
10	215530	920	2.3130904183536
10	220864	940	4.2461538461538
10	226142	960	2.225
10	231441	980	2.1019230769231
10	236617	1000	1.9429487179487
10	241964	1020	2.2461538461538
10	247258	1040	2.1827880512091
10	252544	1060	3.3621951219512
10	257807	1080	2.5538461538462
10	263120	1100	3.3256097560976
10	268317	1120	2.3012195121951
10	273695	1140	2.8390243902439
10	278995	1160	2.5681511470985
10	284316	1180	4.4301282051282
10	289499	1200	2.080971659919
10	294842	1220	2.3173076923077
10	300187	1240	2.5102564102564
10	305441	1260	3.6512820512821
10	310656	1280	2.0499325236167
10	315977	1300	3.240243902439
10	321267	1320	3.0358974358974
10	326531	1340	2.8814102564103
10	331775	1360	2.9173076923077
10	337104	1380	3.8024390243902
10	342535	1400	4.709756097561
10	347909	1420	3.4044871794872
10	353168	1440	2.5378205128205
10	358503	1460	3.9780487804878
10	363879	1480	3.32868757259
10	369097	1500	3.6897435897436
10	374519	1520	3.7923076923077
10	379746	1540	2.4865384615385
10	385148	1560	3.0109756097561
10	390408	1580	4.4044871794872
10	395707	1600	2.4865384615385
10	400963	1620	3.5480769230769
10	406157	1640	2.9429487179487
10	411350	1660	2.1309041835358
10	416698	1680	3.8890243902439
10	422083	1700	3.209756097561
10	427455	1720	4.7475609756098
10	432759	1740	1.944669365722
10	438040	1760	3.3435897435897
10	443262	1780	2.8439024390244
10	448531	1800	2.4717948717949
10	453367	1820	2.2112375533428
10	457692	1840	2.7731092436975
10	461562	1860	2.3311827956989
10	464925	1880	3.2336182336182
10	467850	1900	3.606884057971
10	470304	1920	3.647619047619
10	472363	1940	3.3088235294118
10	473882	1960	2.4230769230769
10	474953	1980	0.71111111111111
10	475551	2000	1.6190476190476
11	34650	240	563.60422410346
11	39957	260	512.20435137763
11	45268	280	183.72566470783
11	50509	300	413.94354142181
11	55806	320	232.32454950793
11	61067	340	183.09619397542
11	66297	360	231.09747821618
11	71502	380	365.34816689212
11	76836	400	372.86322276511
11	82250	420	177.2996694812
11	87689	440	326.26102984979
11	92991	460	319.44113783301
11	98320	480	233.35970595747
11	103563	500	369.65380950109
11	108848	520	276.85023584541
11	114236	540	279.47723282795
11	119552	560	180.76963055036
11	124818	580	362.43793713456
11	130279	600	315.74974525918
11	135585	620	370.84471462703
11	140916	640	417.3920626035
11	146277	660	323.647210046
11	151701	680	414.79143784396
11	157123	700	375.98285941593
11	162492	720	319.70056635189
11	167876	740	419.73551972657
11	173142	760	409.54032570958
11	178428	780	462.56562824445
11	183814	800	412.18873250533
11	189136	820	184.04059307711
11	194331	840	364.48444047465
11	199624	860	278.17608077733
11	204951	880	230.25178689376
11	210335	900	462.98905952286
11	215530	920	275.88481369512
11	220864	940	321.63767755167
11	226142	960	372.84779721174
11	231441	980	413.95119889549
11	236617	1000	418.33284686391
11	241964	1020	470.44965852787
11	247258	1040	375.47342993545
11	252544	1060	380.80733368042
11	257807	1080	375.56598025533
11	263120	1100	517.23774637349
11	268317	1120	661.8343453781
11	273695	1140	186.97807033109
11	278995	1160	276.04209968272
11	284316	1180	372.14272562629
11	289499	1200	93.139865274052
11	294842	1220	409.23173486818
11	300187	1240	275.90792656641
11	305441	1260	363.98689499841
11	310656	1280	414.24060716144
11	315977	1300	362.19536757417
11	321267	1320	268.23434650597
11	326531	1340	230.44413948129
11	331775	1360	360.11563909587
11	337104	1380	419.1991684393
11	342535	1400	409.35784185155
11	347909	1420	462.99565014834
11	353168	1440	322.89006919619
11	358503	1460	278.27323383361
11	363879	1480	273.95962487653
11	369097	1500	415.67460266333
11	374519	1520	278.72296075254
11	379746	1540	317.48320042785
11	385148	1560	320.25139455833
11	390408	1580	318.56569363321
11	395707	1600	456.6510828419
11	400963	1620	266.59401115442
11	406157	1640	224.25059392649
11	411350	1660	465.61869473058
11	416698	1680	367.01025382957
11	422083	1700	502.37092086008
11	427455	1720	370.1343671237
11	432759	1740	373.90525037792
11	438040	1760	313.63309690499
11	443262	1780	235.07392167059
11	448531	1800	407.07493328867
11	453367	1820	367.0000927493
11	457692	1840	278.91692312218
11	461562	1860	327.53663527121
11	464925	1880	139.11887826479
11	467850	1900	191.32638530734
11	470304	1920	136.13689287521
11	472363	1940	177.77357068893
11	473882	1960	139.96493558704
11	474953	1980	143.82409126724
11	475551	2000	95.820429664854
12	34650	240	46.967018675288
12	39957	260	46.564031943421
12	45268	280	45.931416176957
12	50509	300	45.993726824646
12	55806	320	46.464909901587
12	61067	340	45.774048493855
12	66297	360	46.219495643235
12	71502	380	45.668520861515
12	76836	400	46.607902845639
12	82250	420	44.324917370301
12	87689	440	46.60871854997
12	92991	460	45.634448261859
12	98320	480	46.671941191494
12	103563	500	46.206726187637
12	108848	520	46.141705974235
12	114236	540	46.579538804658
12	119552	560	45.19240763759
12	124818	580	45.30474214182
12	130279	600	45.107106465597
12	135585	620	46.355589328379
12	140916	640	46.376895844833
12	146277	660	46.235315720858
12	151701	680	46.087937538218
12	157123	700	46.997857426991
12	162492	720	45.671509478842
12	167876	740	46.637279969619
12	173142	760	45.504480634398
12	178428	780	46.256562824445
12	183814	800	45.798748056148
12	189136	820	46.010148269278
12	194331	840	45.560555059332
12	199624	860	46.362680129555
12	204951	880	46.050357378753
12	210335	900	46.298905952286
12	215530	920	45.980802282521
12	220864	940	45.948239650238
12	226142	960	46.605974651467
12	231441	980	45.994577655054
12	236617	1000	46.481427429324
12	241964	1020	47.044965852787
12	247258	1040	46.934178741931
12	252544	1060	47.600916710052
12	257807	1080	46.945747531916
12	263120	1100	47.021613306681
12	268317	1120	47.273881812721
12	273695	1140	46.744517582771
12	278995	1160	46.007016613787
12	284316	1180	46.517840703286
12	289499	1200	46.569932637026
12	294842	1220	45.470192763131
12	300187	1240	45.984654427735
12	305441	1260	45.498361874801
12	310656	1280	46.026734129049
12	315977	1300	45.274420946771
12	321267	1320	44.705724417661
12	326531	1340	46.088827896257
12	331775	1360	45.014454886984
12	337104	1380	46.577685382145
12	342535	1400	45.484204650173
12	347909	1420	46.299565014834
12	353168	1440	46.127152742312
12	358503	1460	46.378872305602
12	363879	1480	45.659937479421
12	369097	1500	46.186066962593
12	374519	1520	46.453826792091
12	379746	1540	45.354742918265
12	385148	1560	45.750199222618
12	390408	1580	45.509384804744
12	395707	1600	45.66510828419
12	400963	1620	44.432335192404
12	406157	1640	44.850118785298
12	411350	1660	46.561869473058
12	416698	1680	45.876281728696
12	422083	1700	45.670083714553
12	427455	1720	46.266795890463
12	432759	1740	46.73815629724
12	438040	1760	44.804728129284
12	443262	1780	47.014784334118
12	448531	1800	45.230548143185
12	453367	1820	45.875011593663
12	457692	1840	46.486153853697
12	461562	1860	46.790947895887
12	464925	1880	46.372959421598
12	467850	1900	47.831596326836
12	470304	1920	45.378964291738
12	472363	1940	44.443392672234
12	473882	1960	46.654978529015
12	474953	1980	47.941363755748
12	475551	2000	47.910214832427
13	34650	240	1.0865874053311
13	39957	260	2.3416370754825
13	45268	280	1.422212614122
13	50509	300	1.1466547410784
13	55806	320	2.2158686587884
13	61067	340	0.81515966602532
13	66297	360	1.2030851520172
13	71502	380	1.1829834073303
13	76836	400	1.1931181175049
13	82250	420	0.2850955580269
13	87689	440	1.8708017088025
13	92991	460	1.1758881102442
13	98320	480	2.0935095186122
13	103563	500	0.88456906606128
13	108848	520	0.79420640807416
13	114236	540	2.8580863453529
13	119552	560	0.62425981846456
13	124818	580	1.4227432652902
13	130279	600	0.96038888466757
13	135585	620	1.2161625390504
13	140916	640	1.8686242929416
13	146277	660	1.1948783107571
13	151701	680	1.207957191584
13	157123	700	1.5692565688135
13	162492	720	1.0392849223557
13	167876	740	1.5307220810991
13	173142	760	1.4491296911367
13	178428	780	1.4904333143407
13	183814	800	1.4237974446703
13	189136	820	0.79457624507289
13	194331	840	1.0497323346261
13	199624	860	2.6422145969317
13	204951	880	0.71688184625271
13	210335	900	1.6120440156174
13	215530	920	0.94640313536879
13	220864	940	1.6677852099812
13	226142	960	3.04332176548
13	231441	980	1.0424717202266
13	236617	1000	1.5775968692577
13	241964	1020	1.3896473706512
13	247258	1040	1.9731225857432
13	252544	1060	2.8462104347563
13	257807	1080	1.2936409338467
13	263120	1100	2.0378464265528
13	268317	1120	1.7542580941747
13	273695	1140	1.4140839215796
13	278995	1160	2.1893480862805
13	284316	1180	1.8093394442449
13	289499	1200	0.56118235535355
13	294842	1220	0.83930270558982
13	300187	1240	0.88178031582786
13	305441	1260	1.0512277612813
13	310656	1280	1.8980652236204
13	315977	1300	0.86084911684083
13	321267	1320	1.1936763823632
13	326531	1340	0.84834141684276
13	331775	1360	1.0850020655307
13	337104	1380	3.2177702214628
13	342535	1400	1.0889152212044
13	347909	1420	1.0310351912578
13	353168	1440	1.3570441232057
13	358503	1460	2.8506355391082
13	363879	1480	1.3632140674301
13	369097	1500	1.2676432401464
13	374519	1520	2.3245926028167
13	379746	1540	1.6452189994362
13	385148	1560	0.88116718006896
13	390408	1580	1.1783323979847
13	395707	1600	1.1424562753478
13	400963	1620	1.0748993172378
13	406157	1640	0.6884098846555
13	411350	1660	1.5094006879224
13	416698	1680	1.7285948583779
13	422083	1700	1.2066714221307
13	427455	1720	1.1085934112348
13	432759	1740	1.4400380047286
13	438040	1760	1.1111131364794
13	443262	1780	3.2580196744482
13	448531	1800	0.51242549827626
13	453367	1820	1.0734469483299
13	457692	1840	1.1202008393802
13	461562	1860	1.7294045358685
13	464925	1880	1.8573832668045
13	467850	1900	1.082803517197
13	470304	1920	0.9884100267032
13	472363	1940	1.2368626862815
13	473882	1960	0.203384950362
13	474953	1980	2.184428659509
13	475551	2000	1.5687438829789
14	34650	240	1.1806721894242
14	39957	260	5.4832641932744
14	45268	280	2.0226887197677
14	50509	300	1.3148170952376
14	55806	320	4.9100739130005
14	61067	340	0.66448528111451
14	66297	360	1.4474138830042
14	71502	380	1.3994497420189
14	76836	400	1.4235308423185
14	82250	420	0.081279477206671
14	87689	440	3.4998990336585
14	92991	460	1.3827128478138
14	98320	480	4.3827821045199
14	103563	500	0.78246243263253
14	108848	520	0.63076381862607
14	114236	540	8.1686575574929
14	119552	560	0.38970032094941
14	124818	580	2.0241983989286
14	130279	600	0.92234680979301
14	135585	620	1.4790513213896
14	140916	640	3.4917567481717
14	146277	660	1.4277341775176
14	151701	680	1.4591605766996
14	157123	700	2.4625661787644
14	162492	720	1.0801131498359
14	167876	740	2.3431100895642
14	173142	760	2.0999768617339
14	178428	780	2.2213914644966
14	183814	800	2.0271991634496
14	189136	820	0.63135140923413
14	194331	840	1.1019379743597
14	199624	860	6.9812979762388
14	204951	880	0.51391958148669
14	210335	900	2.5986859082879
14	215530	920	0.89567889463588
14	220864	940	2.7815075066321
14	226142	960	9.2618073682444
14	231441	980	1.0867472874723
14	236617	1000	2.4888118818918
14	241964	1020	1.9311198147578
14	247258	1040	3.8932127383699
14	252544	1060	8.1009138389155
14	257807	1080	1.6735068657237
14	263120	1100	4.1528180582142
14	268317	1120	3.0774214609775
14	273695	1140	1.99963333727
14	278995	1160	4.7932450429
14	284316	1180	3.2737092245003
14	289499	1200	0.31492563596016
14	294842	1220	0.70442903161039
14	300187	1240	0.77753652538147
14	305441	1260	1.1050798060885
14	310656	1280	3.6026515931172
14	315977	1300	0.74106120196564
14	321267	1320	1.4248633058118
14	326531	1340	0.71968315953079
14	331775	1360	1.177229482206
14	337104	1380	10.354045198133
14	342535	1400	1.1857363589707
14	347909	1420	1.063033565612
14	353168	1440	1.8415687523272
14	358503	1460	8.1261229768266
14	363879	1480	1.8583525936392
14	369097	1500	1.6069193842888
14	374519	1520	5.40373076907
14	379746	1540	2.706745556106
14	385148	1560	0.77645559923068
14	390408	1580	1.3884672401404
14	395707	1600	1.3052063410816
14	400963	1620	1.1554085421983
14	406157	1640	0.4739081692914
14	411350	1660	2.2782904367007
14	416698	1680	2.9880401844104
14	422083	1700	1.4560559209869
14	427455	1720	1.2289793514331
14	432759	1740	2.0737094550628
14	438040	1760	1.2345724020571
14	443262	1780	10.614692199092
14	448531	1800	0.26257989128368
14	453367	1820	1.1522883508788
14	457692	1840	1.2548499205481
14	461562	1860	2.9908400486825
14	464925	1880	3.4498725998054
14	467850	1900	1.1724634568541
14	470304	1920	0.97695438088742
14	472363	1940	1.5298293047154
14	473882	1960	0.041365438033755
14	474953	1980	4.7717285684842
14	475551	2000	2.4609573703838
15	34650	240	627.13342453363
15	39957	260	581.54276812495
15	45268	280	179.46336204047
15	50509	300	538.27898364936
15	55806	320	225.32737624965
15	61067	340	178.99418489105
15	66297	360	225.0848175644
15	71502	380	356.80789077633
15	76836	400	405.78580880946
15	82250	420	223.00786156885
15	87689	440	315.25111671105
15	92991	460	456.9970302288
15	98320	480	228.42491804499
15	103563	500	359.18672469442
15	108848	520	267.23435890397
15	114236	540	313.81012468565
15	119552	560	222.8521439705
15	124818	580	399.10856516036
15	130279	600	357.13814400254
15	135585	620	402.36167643637
15	140916	640	447.04565621487
15	146277	660	313.01270111272
15	151701	680	447.20754835312
15	157123	700	449.37538533842
15	162492	720	405.42656154308
15	167876	740	449.27889540248
15	173142	760	447.22443870489
15	178428	780	493.05052577821
15	183814	800	402.30924823898
15	189136	820	179.34560363085
15	194331	840	359.13819286033
15	199624	860	357.05493378293
15	204951	880	222.82832640664
15	210335	900	534.1395974607
15	215530	920	269.86808857203
15	220864	940	361.20658098638
15	226142	960	359.98778171487
15	231441	980	448.4426927489
15	236617	1000	403.84298327082
15	241964	1020	450.55297990618
15	247258	1040	357.35317120944
15	252544	1060	406.20036105703
15	257807	1080	362.94567146975
15	263120	1100	671.00753991259
15	268317	1120	634.00746364674
15	273695	1140	227.13283828462
15	278995	1160	271.11758924705
15	284316	1180	404.26175444884
15	289499	1200	91.289853234124
15	294842	1220	490.60872274618
15	300187	1240	311.29950615014
15	305441	1260	405.88802640772
15	310656	1280	402.00223282317
15	315977	1300	399.93241537706
15	321267	1320	311.89898552675
15	326531	1340	271.14756520933
15	331775	1360	400.6978615202
15	337104	1380	452.14568678949
15	342535	1400	445.60143186099
15	347909	1420	450.2071524829
15	353168	1440	407.34607443451
15	358503	1460	270.84415218081
15	363879	1480	313.82611159086
15	369097	1500	405.64643958821
15	374519	1520	269.79058385983
15	379746	1540	313.70701560865
15	385148	1560	359.31455130802
15	390408	1580	360.60846598158
15	395707	1600	447.25426385171
15	400963	1620	266.36339493898
15	406157	1640	221.27798023874
15	411350	1660	537.71357708081
15	416698	1680	361.76573617698
15	422083	1700	488.28849674165
15	427455	1720	358.64734839959
15	432759	1740	404.16667946957
15	438040	1760	312.39303314567
15	443262	1780	229.4272591203
15	448531	1800	399.04303614752
15	453367	1820	356.09361579963
15	457692	1840	312.55391102343
15	461562	1860	316.32700746938
15	464925	1880	136.1489339414
15	467850	1900	181.31668193406
15	470304	1920	267.84338366582
15	472363	1940	224.06477186579
15	473882	1960	225.33487203103
15	474953	1980	136.21507953471
15	475551	2000	91.921639227577
16	34650	240	44.795244609545
16	39957	260	44.734059086534
16	45268	280	44.865840510117
16	50509	300	44.85658197078
16	55806	320	45.065475249929
16	61067	340	44.748546222763
16	66297	360	45.01696351288
16	71502	380	44.600986347042
16	76836	400	45.08731208994
16	82250	420	44.601572313769
16	87689	440	45.035873815864
16	92991	460	45.69970302288
16	98320	480	45.684983608998
16	103563	500	44.898340586802
16	108848	520	44.539059817329
16	114236	540	44.830017812235
16	119552	560	44.570428794099
16	124818	580	44.345396128929
16	130279	600	44.642268000317
16	135585	620	44.706852937375
16	140916	640	44.704565621487
16	146277	660	44.71610015896
16	151701	680	44.720754835312
16	157123	700	44.937538533842
16	162492	720	45.047395727008
16	167876	740	44.927889540248
16	173142	760	44.722443870489
16	178428	780	44.822775070747
16	183814	800	44.701027582109
16	189136	820	44.836400907713
16	194331	840	44.892274107541
16	199624	860	44.631866722866
16	204951	880	44.565665281328
16	210335	900	44.511633121725
16	215530	920	44.978014762004
16	220864	940	45.150822623297
16	226142	960	44.998472714359
16	231441	980	44.84426927489
16	236617	1000	44.871442585647
16	241964	1020	45.055297990618
16	247258	1040	44.66914640118
16	252544	1060	45.133373450781
16	257807	1080	45.368208933718
16	263120	1100	44.733835994173
16	268317	1120	45.286247403339
16	273695	1140	45.426567656924
16	278995	1160	45.186264874508
16	284316	1180	44.917972716538
16	289499	1200	45.644926617062
16	294842	1220	44.600792976926
16	300187	1240	44.471358021448
16	305441	1260	45.098669600858
16	310656	1280	44.66691475813
16	315977	1300	44.436935041896
16	321267	1320	44.556997932393
16	326531	1340	45.191260868222
16	331775	1360	44.521984613356
16	337104	1380	45.214568678949
16	342535	1400	44.560143186099
16	347909	1420	45.02071524829
16	353168	1440	45.260674937168
16	358503	1460	45.140692030135
16	363879	1480	44.832301655838
16	369097	1500	45.071826620913
16	374519	1520	44.965097309971
16	379746	1540	44.815287944093
16	385148	1560	44.914318913502
16	390408	1580	45.076058247697
16	395707	1600	44.725426385171
16	400963	1620	44.393899156497
16	406157	1640	44.255596047748
16	411350	1660	44.809464756734
16	416698	1680	45.220717022122
16	422083	1700	44.38986334015
16	427455	1720	44.830918549949
16	432759	1740	44.907408829952
16	438040	1760	44.627576163667
16	443262	1780	45.88545182406
16	448531	1800	44.338115127503
16	453367	1820	44.511701974954
16	457692	1840	44.650558717633
16	461562	1860	45.189572495626
16	464925	1880	45.382977980467
16	467850	1900	45.329170483516
16	470304	1920	44.640563944303
16	472363	1940	44.812954373159
16	473882	1960	45.066974406207
16	474953	1980	45.405026511569
16	475551	2000	45.960819613788
17	34650	240	0.74726992709141
17	39957	260	0.64138594979033
17	45268	280	1.0609651780906
17	50509	300	0.62181164377969
17	55806	320	1.2289313353859
17	61067	340	0.39226158331472
17	66297	360	1.1281013241054
17	71502	380	0.64586977406613
17	76836	400	0.88505816050967
17	82250	420	1.269517757756
17	87689	440	0.88521966310254
17	92991	460	2.1270118286534
17	98320	480	1.9819500541589
17	103563	500	0.54899522529465
17	108848	520	0.59257126177188
17	114236	540	0.56320493886264
17	119552	560	0.7214472422008
17	124818	580	0.3153818403649
17	130279	600	0.68652143563781
17	135585	620	0.42025625569946
17	140916	640	0.84848281417282
17	146277	660	0.50549391135189
17	151701	680	0.70316306935323
17	157123	700	0.90804420269989
17	162492	720	0.47469685228906
17	167876	740	0.82396044992994
17	173142	760	0.73809762367027
17	178428	780	0.8865514946079
17	183814	800	0.49757178661312
17	189136	820	0.40532780758475
17	194331	840	0.87328290208637
17	199624	860	0.7635560538288
17	204951	880	0.33018267174651
17	210335	900	0.50193477819554
17	215530	920	1.1301797953895
17	220864	940	0.66057019310542
17	226142	960	0.50235295932046
17	231441	980	0.91765585105615
17	236617	1000	0.90155085523005
17	241964	1020	0.6400054996415
17	247258	1040	0.66165555423747
17	252544	1060	1.3015940739891
17	257807	1080	1.300099512349
17	263120	1100	0.9206639864367
17	268317	1120	1.3415494657174
17	273695	1140	1.3898661890003
17	278995	1160	1.3643144957823
17	284316	1180	0.63097512241708
17	289499	1200	1.238145152986
17	294842	1220	0.69118905916104
17	300187	1240	0.66425092994946
17	305441	1260	0.88697839038768
17	310656	1280	0.61618528626063
17	315977	1300	0.4278765198891
17	321267	1320	0.51820733229307
17	326531	1340	0.88775228289862
17	331775	1360	0.28969654356925
17	337104	1380	1.3849775448121
17	342535	1400	0.46183765977772
17	347909	1420	0.75455809300086
17	353168	1440	1.0374730890064
17	358503	1460	1.1583229082012
17	363879	1480	0.79597249368404
17	369097	1500	1.2180373015494
17	374519	1520	1.0057440346877
17	379746	1540	0.5116045053254
17	385148	1560	0.91463595372429
17	390408	1580	0.85120613682173
17	395707	1600	0.64774288464696
17	400963	1620	0.46330055229745
17	406157	1640	0.30132901204856
17	411350	1660	1.0675488055146
17	416698	1680	0.81698669231898
17	422083	1700	0.36188253377651
17	427455	1720	1.0419143312236
17	432759	1740	0.57026985116192
17	438040	1760	0.5046596408025
17	443262	1780	2.4171376660105
17	448531	1800	0.2123063846749
17	453367	1820	0.25781929949062
17	457692	1840	0.55886432457586
17	461562	1860	0.86161616066724
17	464925	1880	1.6644182720776
17	467850	1900	0.58744369621238
17	470304	1920	0.49089363020637
17	472363	1940	0.5906292551191
17	473882	1960	0.71591794606643
17	474953	1980	0.22639376211641
17	475551	2000	0.67797338486581
18	34650	240	0.5584123439352
18	39957	260	0.41137593658844
18	45268	280	1.1256471091209
18	50509	300	0.38664972034
18	55806	320	1.5102722270934
18	61067	340	0.15386914974457
18	66297	360	1.2726125974484
18	71502	380	0.41714776505224
18	76836	400	0.78332794748477
18	82250	420	1.6116753372578
18	87689	440	0.78361385194338
18	92991	460	4.5241793192314
18	98320	480	3.9281260171806
18	103563	500	0.30139575739632
18	108848	520	0.35114070027792
18	114236	540	0.31719980315927
18	119552	560	0.52048612327914
18	124818	580	0.099465705231949
18	130279	600	0.4713116815902
18	135585	620	0.17661532045453
18	140916	640	0.71992308594663
18	146277	660	0.25552409441383
18	151701	680	0.49443830210225
18	157123	700	0.82454427405688
18	162492	720	0.22533710157314
18	167876	740	0.67891082304875
18	173142	760	0.5447881020677
18	178428	780	0.78597355259151
18	183814	800	0.24757768283337
18	189136	820	0.16429063160146
18	194331	840	0.76262302707639
18	199624	860	0.58301784733862
18	204951	880	0.10902059672167
18	210335	900	0.2519385215622
18	215530	920	1.2773063699067
18	220864	940	0.43635298001933
18	226142	960	0.25235849573802
18	231441	980	0.84209226097759
18	236617	1000	0.81279394456603
18	241964	1020	0.40960703957137
18	247258	1040	0.4377880724533
18	252544	1060	1.6941471334437
18	257807	1080	1.6902587420102
18	263120	1100	0.84762217592152
18	268317	1120	1.7997549689666
18	273695	1140	1.9317280233261
18	278995	1160	1.8613540434016
18	284316	1180	0.39812960510925
18	289499	1200	1.5330034198628
18	294842	1220	0.47774231550393
18	300187	1240	0.44122929793873
18	305441	1260	0.78673066501472
18	310656	1280	0.37968430700409
18	315977	1300	0.1830783162724
18	321267	1320	0.2685388392423
18	326531	1340	0.78810411579172
18	331775	1360	0.083924087355973
18	337104	1380	1.9181627996337
18	342535	1400	0.21329402398896
18	347909	1420	0.5693579157131
18	353168	1440	1.0763504104125
18	358503	1460	1.3417119596637
18	363879	1480	0.63357221070159
18	369097	1500	1.4836148679657
18	374519	1520	1.0115210633099
18	379746	1540	0.26173916986924
18	385148	1560	0.83655892784514
18	390408	1580	0.72455188736298
18	395707	1600	0.41957084461076
18	400963	1620	0.21464740175913
18	406157	1640	0.090799173502164
18	411350	1660	1.1396604521556
18	416698	1680	0.66746725542631
18	422083	1700	0.1309589682525
18	427455	1720	1.085585473609
18	432759	1740	0.32520770314423
18	438040	1760	0.25468135305491
18	443262	1780	5.8425544964468
18	448531	1800	0.045074000973728
18	453367	1820	0.066470791189832
18	457692	1840	0.31232933328363
18	461562	1860	0.74238240832295
18	464925	1880	2.7702881844259
18	467850	1900	0.34509009621966
18	470304	1920	0.24097655617719
18	472363	1940	0.34884291700254
18	473882	1960	0.51253850549997
18	474953	1980	0.05125413552522
18	475551	2000	0.4596479105864
19	34650	240	1221.867941184
19	39957	260	1245.7583700835
19	45268	280	870.58856371463
19	50509	300	1005.2397198445
19	55806	320	1015.1869690959
19	61067	340	727.55198024683
19	66297	360	828.34774842127
19	71502	380	1144.8929167282
19	76836	400	836.9457870288
19	82250	420	531.97144553081
19	87689	440	1194.7303515191
19	92991	460	1137.7797404201
19	98320	480	1023.5892223511
19	103563	500	1013.2617036455
19	108848	520	879.47559990751
19	114236	540	1058.5946961489
19	119552	560	813.68355123714
19	124818	580	910.55728678495
19	130279	600	1174.0637478624
19	135585	620	966.98420547276
19	140916	640	1107.2715943754
19	146277	660	1104.8696464425
19	151701	680	1153.6626036524
19	157123	700	1025.8717333106
19	162492	720	954.72426082226
19	167876	740	1107.8735072256
19	173142	760	1181.534723599
19	178428	780	969.1934228868
19	183814	800	1236.3880955512
19	189136	820	733.74409872938
19	194331	840	1226.7628154397
19	199624	860	1059.792344772
19	204951	880	964.12322480487
19	210335	900	1108.5394033619
19	215530	920	1241.9970548837
19	220864	940	1236.4434245605
19	226142	960	739.53523832453
19	231441	980	1382.1498028289
19	236617	1000	1341.9417380913
19	241964	1020	1029.4768626157
19	247258	1040	1111.3798642677
19	252544	1060	988.0286706694
19	257807	1080	1122.7899282056
19	263120	1100	1130.4708808564
19	268317	1120	1217.3277614349
19	273695	1140	886.24622380919
19	278995	1160	971.0695632795
19	284316	1180	1154.6898739593
19	289499	1200	419.52620958218
19	294842	1220	1230.0390049678
19	300187	1240	1052.3464845519
19	305441	1260	1046.0800157921
19	310656	1280	1367.9546084114
19	315977	1300	1082.9952035705
19	321267	1320	901.68926121518
19	326531	1340	923.177991418
19	331775	1360	1039.7302088668
19	337104	1380	1152.1757195483
19	342535	1400	1008.5172703416
19	347909	1420	1246.5794507605
19	353168	1440	1012.2555880904
19	358503	1460	966.858927845
19	363879	1480	906.16649145843
19	369097	1500	1195.7906144612
19	374519	1520	1013.8014013148
19	379746	1540	853.84974423085
19	385148	1560	1048.9092012944
19	390408	1580	1136.2181438445
19	395707	1600	1231.1520818854
19	400963	1620	893.89400161566
19	406157	1640	808.67436318094
19	411350	1660	1157.2472895055
19	416698	1680	1046.6194767131
19	422083	1700	1187.3948744883
19	427455	1720	1296.7360167705
19	432759	1740	1110.8387094441
19	438040	1760	807.57908575174
19	443262	1780	788.79466813651
19	448531	1800	951.47824982185
19	453367	1820	961.87432280001
19	457692	1840	739.10659520241
19	461562	1860	751.19608282328
19	464925	1880	604.80801289248
19	467850	1900	429.88052350344
19	470304	1920	499.94335974197
19	472363	1940	491.94139139364
19	473882	1960	326.53935300152
19	474953	1980	329.72845312836
19	475551	2000	238.44180472454
20	34650	240	46.994920814768
20	39957	260	46.139198891981
20	45268	280	45.820450721822
20	50509	300	45.692714538385
20	55806	320	46.144862231632
20	61067	340	45.471998765427
20	66297	360	46.019319356737
20	71502	380	45.795716669126
20	76836	400	46.496988168266
20	82250	420	44.330953794234
20	87689	440	45.951167366119
20	92991	460	45.511189616802
20	98320	480	46.526782834142
20	103563	500	46.057350165702
20	108848	520	46.288189468816
20	114236	540	46.025856354301
20	119552	560	45.204641735397
20	124818	580	45.527864339247
20	130279	600	45.156297994706
20	135585	620	46.046866927274
20	140916	640	46.136316432307
20	146277	660	46.036235268439
20	151701	680	46.146504146097
20	157123	700	46.6305333323
20	162492	720	45.463060039155
20	167876	740	46.161396134399
20	173142	760	45.443643215345
20	178428	780	46.152067756514
20	183814	800	45.792151687083
20	189136	820	45.859006170586
20	194331	840	45.435659831098
20	199624	860	46.077928033565
20	204951	880	45.910629752613
20	210335	900	46.189141806745
20	215530	920	45.999890921618
20	220864	940	45.794200909649
20	226142	960	46.220952395283
20	231441	980	46.071660094296
20	236617	1000	46.273853037632
20	241964	1020	46.794402846167
20	247258	1040	46.307494344486
20	252544	1060	47.04898431759
20	257807	1080	46.782913675234
20	263120	1100	47.102953369015
20	268317	1120	46.820298516726
20	273695	1140	46.64453809522
20	278995	1160	46.241407775214
20	284316	1180	46.187594958374
20	289499	1200	46.614023286909
20	294842	1220	45.557000183993
20	300187	1240	45.754194980519
20	305441	1260	45.48173981705
20	310656	1280	45.598486947046
20	315977	1300	45.124800148769
20	321267	1320	45.084463060759
20	326531	1340	46.1588995709
20	331775	1360	45.205661255076
20	337104	1380	46.087028781931
20	342535	1400	45.841694106435
20	347909	1420	46.169609287426
20	353168	1440	46.011617640474
20	358503	1460	46.040901325952
20	363879	1480	45.308324572921
20	369097	1500	45.991946710048
20	374519	1520	46.081881877947
20	379746	1540	44.939460222677
20	385148	1560	45.604747882365
20	390408	1580	45.448725753782
20	395707	1600	45.598225255016
20	400963	1620	44.694700080783
20	406157	1640	44.926353510052
20	411350	1660	46.28989158022
20	416698	1680	45.505194639699
20	422083	1700	45.669033634164
20	427455	1720	46.312000598947
20	432759	1740	46.284946226837
20	438040	1760	44.865504763986
20	443262	1780	46.399686360971
20	448531	1800	45.308488086755
20	453367	1820	45.803539180953
20	457692	1840	46.19416220015
20	461562	1860	46.949755176455
20	464925	1880	46.523693299421
20	467850	1900	47.764502611494
20	470304	1920	45.449396340179
20	472363	1940	44.721944672149
20	473882	1960	46.648479000217
20	474953	1980	47.104064732623
20	475551	2000	47.688360944907
21	34650	240	1.8377516571957
21	39957	260	2.5030029992012
21	45268	280	2.0035594882738
21	50509	300	1.5794275630705
21	55806	320	2.2582795064499
21	61067	340	1.8002556126685
21	66297	360	1.6055010121337
21	71502	380	1.9558700439575
21	76836	400	2.1374348427146
21	82250	420	1.0454529092404
21	87689	440	1.803069792542
21	92991	460	1.6940362978673
21	98320	480	2.3082048847486
21	103563	500	1.7514259739673
21	108848	520	1.8669187688615
21	114236	540	2.7742475758823
21	119552	560	1.0702082471533
21	124818	580	1.6834951765474
21	130279	600	1.4423803211467
21	135585	620	1.7880893790609
21	140916	640	1.8255023116678
21	146277	660	1.57904197447
21	151701	680	1.8744298785191
21	157123	700	1.7630127778109
21	162492	720	1.909223407531
21	167876	740	1.7918988564992
21	173142	760	1.2916104424539
21	178428	780	1.6860901222463
21	183814	800	1.7323226708726
21	189136	820	1.2666388090038
21	194331	840	1.5007876450275
21	199624	860	3.0488583023485
21	204951	880	1.2606288042567
21	210335	900	2.9758012051351
21	215530	920	2.0372387232389
21	220864	940	2.4417227908339
21	226142	960	2.3748875609302
21	231441	980	2.2387771686753
21	236617	1000	2.8057922555956
21	241964	1020	2.8104908569781
21	247258	1040	2.1934013369581
21	252544	1060	3.0468314447077
21	257807	1080	2.0419072888512
21	263120	1100	2.7143134123895
21	268317	1120	2.7403550312397
21	273695	1140	2.4313388746221
21	278995	1160	2.806153784111
21	284316	1180	1.9807504308446
21	289499	1200	1.8470894230718
21	294842	1220	1.6838910036101
21	300187	1240	1.2059762129125
21	305441	1260	1.3477975594505
21	310656	1280	1.9296949275976
21	315977	1300	1.2268456038774
21	321267	1320	1.3596285435782
21	326531	1340	1.9498363190639
21	331775	1360	1.4764140324186
21	337104	1380	3.0171695508283
21	342535	1400	1.390087843544
21	347909	1420	2.2198142467845
21	353168	1440	2.7517515081331
21	358503	1460	3.3194002053787
21	363879	1480	1.5766096032496
21	369097	1500	2.2182677700199
21	374519	1520	2.2635999360604
21	379746	1540	1.4932794170192
21	385148	1560	1.465034936015
21	390408	1580	1.7462324288291
21	395707	1600	1.3250549939439
21	400963	1620	1.3753798054523
21	406157	1640	1.4814733895419
21	411350	1660	1.7347483848216
21	416698	1680	1.8841003476517
21	422083	1700	1.4375609092095
21	427455	1720	1.9343504743201
21	432759	1740	2.1792493642161
21	438040	1760	1.1462030677168
21	443262	1780	2.745203408441
21	448531	1800	1.3454639280917
21	453367	1820	1.6707611572767
21	457692	1840	1.9141191072997
21	461562	1860	2.8322997631481
21	464925	1880	2.707757683228
21	467850	1900	1.6242668785699
21	470304	1920	2.0642632375707
21	472363	1940	1.116030528821
21	473882	1960	1.4922690663926
21	474953	1980	1.8326340111495
21	475551	2000	1.7951009851393
22	34650	240	3.3773311535254
22	39957	260	6.2650240140104
22	45268	280	4.014250623052
22	50509	300	2.4945914269867
22	55806	320	5.0998263292518
22	61067	340	3.2409202709446
22	66297	360	2.5776334999625
22	71502	380	3.8254276288502
22	76836	400	4.5686277068505
22	82250	420	1.0929717854391
22	87689	440	3.2510606767775
22	92991	460	2.8697589784918
22	98320	480	5.3278097899775
22	103563	500	3.0674929422873
22	108848	520	3.4853856895274
22	114236	540	7.6964496122887
22	119552	560	1.145345692275
22	124818	580	2.8341560094582
22	130279	600	2.0804609908312
22	135585	620	3.1972636275104
22	140916	640	3.3324586899045
22	146277	660	2.4933735571383
22	151701	680	3.5134873694853
22	157123	700	3.1082140547244
22	162492	720	3.6451340198643
22	167876	740	3.2109015119231
22	173142	760	1.6682575350558
22	178428	780	2.8428999003364
22	183814	800	3.0009418360192
22	189136	820	1.6043738724745
22	194331	840	2.2523635554672
22	199624	860	9.2955369477995
22	204951	880	1.5891849821216
22	210335	900	8.8553928124836
22	215530	920	4.150341615464
22	220864	940	5.9620101872777
22	226142	960	5.640090927061
22	231441	980	5.0121232109818
22	236617	1000	7.8724701815601
22	241964	1020	7.8988588571575
22	247258	1040	4.8110094249694
22	252544	1060	9.2831818524596
22	257807	1080	4.1693853762637
22	263120	1100	7.3674973006778
22	268317	1120	7.5095456972406
22	273695	1140	5.9114087232486
22	278995	1160	7.8744990600807
22	284316	1180	3.9233722692909
22	289499	1200	3.4117393368239
22	294842	1220	2.835488912039
22	300187	1240	1.4543786261108
22	305441	1260	1.8165582612607
22	310656	1280	3.723722513596
22	315977	1300	1.5051501357534
22	321267	1320	1.8485897765125
22	326531	1340	3.8018616711407
22	331775	1360	2.1797983951227
22	337104	1380	9.1033120984454
22	342535	1400	1.9323442127688
22	347909	1420	4.9275752902277
22	353168	1440	7.5721363625127
22	358503	1460	11.018417723468
22	363879	1480	2.4856978410589
22	369097	1500	4.9207118995091
22	374519	1520	5.1238846705328
22	379746	1540	2.2298834172932
22	385148	1560	2.1463273637444
22	390408	1580	3.0493276954943
22	395707	1600	1.7557707369757
22	400963	1620	1.891669609246
22	406157	1640	2.1947634039208
22	411350	1660	3.0093519586412
22	416698	1680	3.5498341200214
22	422083	1700	2.0665813676874
22	427455	1720	3.7417117575023
22	432759	1740	4.7491277914363
22	438040	1760	1.3137814724434
22	443262	1780	7.5361417537161
22	448531	1800	1.810273181796
22	453367	1820	2.7914428446645
22	457692	1840	3.6638519569296
22	461562	1860	8.0219219483287
22	464925	1880	7.3319516710802
22	467850	1900	2.6382428928192
22	470304	1920	4.2611827139859
22	472363	1940	1.2455241412604
22	473882	1960	2.2268669665123
22	474953	1980	3.3585474188218
22	475551	2000	3.222387546848
23	34650	240	1167.1437828526
23	39957	260	1211.0540539506
23	45268	280	1709.4892741279
23	50509	300	1251.4932981526
23	55806	320	1613.2015147378
23	61067	340	1610.8109170045
23	66297	360	1519.3049635652
23	71502	380	1385.631259535
23	76836	400	1386.2336572664
23	82250	420	1616.1821039713
23	87689	440	1431.0492033532
23	92991	460	1296.3534430162
23	98320	480	1565.7893369396
23	103563	500	1479.2621570421
23	108848	520	1522.7408857653
23	114236	540	1479.1771959276
23	119552	560	1614.1186387908
23	124818	580	1391.5388650599
23	130279	600	1482.0022931066
23	135585	620	1391.9888902109
23	140916	640	1344.9952231091
23	146277	660	1480.9742482302
23	151701	680	1339.5721204461
23	157123	700	1387.8668365387
23	162492	720	1431.5031212209
23	167876	740	1341.932008145
23	173142	760	1387.864880277
23	178428	780	1297.9431356431
23	183814	800	1386.2927766692
23	189136	820	1655.5361726023
23	194331	840	1432.7998511359
23	199624	860	1435.2029819004
23	204951	880	1570.8924818002
23	210335	900	1259.9304724318
23	215530	920	1479.8038028878
23	220864	940	1431.3489527939
23	226142	960	1435.1136795563
23	231441	980	1347.9383261667
23	236617	1000	1389.2244499464
23	241964	1020	1345.3117509986
23	247258	1040	1342.630462506
23	252544	1060	1437.5667044757
23	257807	1080	1433.7982721481
23	263120	1100	1177.3223661056
23	268317	1120	1214.0931985906
23	273695	1140	1618.3592186566
23	278995	1160	1476.3623303479
23	284316	1180	1389.5584834026
23	289499	1200	1654.0216384861
23	294842	1220	1301.2809617717
23	300187	1240	1479.660667128
23	305441	1260	1387.1941923978
23	310656	1280	1348.0924906523
23	315977	1300	1444.8468394809
23	321267	1320	1479.8914116883
23	326531	1340	1523.650681844
23	331775	1360	1391.8967073761
23	337104	1380	1392.70931687
23	342535	1400	1392.3471481117
23	347909	1420	1342.8390959037
23	353168	1440	1386.2850458025
23	358503	1460	1572.8750171939
23	363879	1480	1579.9009021311
23	369097	1500	1389.9922498654
23	374519	1520	1523.7628066578
23	379746	1540	1476.4729589772
23	385148	1560	1486.1202770376
23	390408	1580	1428.6629459396
23	395707	1600	1345.877907371
23	400963	1620	1521.751575001
23	406157	1640	1575.5910656469
23	411350	1660	1208.7870894365
23	416698	1680	1488.0420350864
23	422083	1700	1348.7852834362
23	427455	1720	1483.7864127518
23	432759	1740	1340.8234273134
23	438040	1760	1479.4241091183
23	443262	1780	1616.3557175017
23	448531	1800	1398.0020695508
23	453367	1820	1347.0492552665
23	457692	1840	1266.3053123375
23	461562	1860	1077.7716159936
23	464925	1880	1074.9154634651
23	467850	1900	899.59860115708
23	470304	1920	679.1439204749
23	472363	1940	547.40640182695
23	473882	1960	411.58556721975
23	474953	1980	319.72637304265
23	475551	2000	230.23087681486
24	34650	240	44.89014549433
24	39957	260	44.853853850024
24	45268	280	44.98655984547
24	50509	300	44.696189219737
24	55806	320	44.811153187161
24	61067	340	44.744747694569
24	66297	360	44.68544010486
24	71502	380	44.697782565644
24	76836	400	44.71721475053
24	82250	420	44.893947332536
24	87689	440	44.720287604786
24	92991	460	44.701842862627
24	98320	480	44.736838198274
24	103563	500	44.826125970974
24	108848	520	44.786496640154
24	114236	540	44.823551391744
24	119552	560	44.8366288553
24	124818	580	44.888350485805
24	130279	600	44.90916039717
24	135585	620	44.902867426159
24	140916	640	44.833174103637
24	146277	660	44.878007522126
24	151701	680	44.652404014869
24	157123	700	44.769897952862
24	162492	720	44.734472538154
24	167876	740	44.731066938167
24	173142	760	44.769834847645
24	178428	780	44.756659849763
24	183814	800	44.719121828037
24	189136	820	44.744220881144
24	194331	840	44.774995347998
24	199624	860	44.850093184388
24	204951	880	44.882642337148
24	210335	900	44.997516872563
24	215530	920	44.842539481449
24	220864	940	44.729654774809
24	226142	960	44.847302486134
24	231441	980	44.93127753889
24	236617	1000	44.813691933754
24	241964	1020	44.843725033286
24	247258	1040	44.754348750199
24	252544	1060	44.923959514864
24	257807	1080	44.806196004627
24	263120	1100	45.281629465602
24	268317	1120	44.966414762614
24	273695	1140	44.954422740461
24	278995	1160	44.738252434785
24	284316	1180	44.824467206535
24	289499	1200	44.703287526652
24	294842	1220	44.871757302473
24	300187	1240	44.838202034182
24	305441	1260	44.748199754767
24	310656	1280	44.936416355078
24	315977	1300	45.151463733777
24	321267	1320	44.845194293585
24	326531	1340	44.813255348354
24	331775	1360	44.899893786325
24	337104	1380	44.926106995806
24	342535	1400	44.914424132636
24	347909	1420	44.761303196791
24	353168	1440	44.718872445241
24	358503	1460	44.939286205539
24	363879	1480	45.140025775175
24	369097	1500	44.838459673077
24	374519	1520	44.816553136993
24	379746	1540	44.741604817491
24	385148	1560	45.033947789019
24	390408	1580	44.645717060613
24	395707	1600	44.862596912368
24	400963	1620	44.757399264735
24	406157	1640	45.016887589913
24	411350	1660	44.76989220135
24	416698	1680	45.092182881407
24	422083	1700	44.959509447872
24	427455	1720	44.963224628842
24	432759	1740	44.694114243781
24	438040	1760	44.831033609644
24	443262	1780	44.898769930603
24	448531	1800	45.096840953251
24	453367	1820	44.901641842215
24	457692	1840	45.225189726338
24	461562	1860	44.9071506664
24	464925	1880	44.788144311044
24	467850	1900	44.979930057854
24	470304	1920	45.276261364993
24	472363	1940	45.617200152246
24	473882	1960	45.731729691083
24	474953	1980	45.67519614895
24	475551	2000	46.046175362972
25	34650	240	0.96798106531209
25	39957	260	0.88574208926966
25	45268	280	1.0590886630191
25	50509	300	0.53316281415037
25	55806	320	0.89619406806525
25	61067	340	0.69393055333489
25	66297	360	0.60761119182096
25	71502	380	0.6787335611078
25	76836	400	0.68323865860285
25	82250	420	0.85343679691284
25	87689	440	0.7512941634852
25	92991	460	0.69484192531643
25	98320	480	0.72502630949565
25	103563	500	0.85994660955254
25	108848	520	0.63483041407065
25	114236	540	0.77621985815572
25	119552	560	0.74617223474834
25	124818	580	0.69670278037485
25	130279	600	0.85827563417835
25	135585	620	1.1165501009583
25	140916	640	0.63665686299805
25	146277	660	0.71196745721627
25	151701	680	0.527961232479
25	157123	700	0.81185057884382
25	162492	720	0.73586948249912
25	167876	740	0.74381333190991
25	173142	760	0.64872257053808
25	178428	780	0.53321919794419
25	183814	800	0.68353861096781
25	189136	820	0.78791873632608
25	194331	840	0.66293497563818
25	199624	860	0.80053393847027
25	204951	880	0.86228983605239
25	210335	900	0.74545676682095
25	215530	920	0.74855105009653
25	220864	940	0.67295108830527
25	226142	960	0.76428101604382
25	231441	980	0.85952489978308
25	236617	1000	0.58577389167606
25	241964	1020	0.98362150734181
25	247258	1040	0.66672412191714
25	252544	1060	0.90975692455395
25	257807	1080	0.90869174906684
25	263120	1100	1.6431964600162
25	268317	1120	1.0525412746977
25	273695	1140	0.97290127333505
25	278995	1160	0.72589311445015
25	284316	1180	0.89585857952231
25	289499	1200	0.48772936733401
25	294842	1220	0.69423640383229
25	300187	1240	0.82259056499283
25	305441	1260	0.92394149955308
25	310656	1280	0.9472414242622
25	315977	1300	1.3091106451375
25	321267	1320	0.8236402747043
25	326531	1340	0.87792724509461
25	331775	1360	0.81741018928818
25	337104	1380	0.99364413611956
25	342535	1400	0.70584603267439
25	347909	1420	0.60195713013617
25	353168	1440	0.55637960324085
25	358503	1460	0.96835403639303
25	363879	1480	1.4354395908301
25	369097	1500	0.90336507692727
25	374519	1520	0.93775730489474
25	379746	1540	0.82510557415379
25	385148	1560	1.4099580817436
25	390408	1580	0.65317661328494
25	395707	1600	0.78087667367091
25	400963	1620	0.61295812192689
25	406157	1640	1.210016045238
25	411350	1660	0.65933226892985
25	416698	1680	1.3714831498213
25	422083	1700	0.80258099681177
25	427455	1720	1.1174607269829
25	432759	1740	0.54065116372764
25	438040	1760	0.75142016786557
25	443262	1780	0.96638686170293
25	448531	1800	1.0461295153525
25	453367	1820	0.80161165641882
25	457692	1840	1.3382972211014
25	461562	1860	0.91782071789963
25	464925	1880	0.79397077085758
25	467850	1900	1.0055753924204
25	470304	1920	0.97143505319237
25	472363	1940	1.5701664180017
25	473882	1960	0.91273990581232
25	474953	1980	0.6059627161634
25	475551	2000	0.6860197666868
26	34650	240	0.93698734280272
26	39957	260	0.78453904870379
26	45268	280	1.1216687961355
26	50509	300	0.28426258639274
26	55806	320	0.80316380763533
26	61067	340	0.48153961285166
26	66297	360	0.36919136042609
26	71502	380	0.46067924697408
26	76836	400	0.46681506460943
26	82250	420	0.72835436632485
26	87689	440	0.56444292008693
26	92991	460	0.48280530117744
26	98320	480	0.52566314946088
26	103563	500	0.73950817128091
26	108848	520	0.40300965462912
26	114236	540	0.60251726819529
26	119552	560	0.55677300390933
26	124818	580	0.48539476418204
26	130279	600	0.73663706422425
26	135585	620	1.2466841279499
26	140916	640	0.40533196120252
26	146277	660	0.50689766013501
26	151701	680	0.27874306300074
26	157123	700	0.65910136236904
26	162492	720	0.54150389527353
26	167876	740	0.55325827272693
26	173142	760	0.42084097352554
26	178428	780	0.28432271305624
26	183814	800	0.46722503268381
26	189136	820	0.62081593505369
26	194331	840	0.4394827819244
26	199624	860	0.64085458664272
26	204951	880	0.74354376135926
26	210335	900	0.55570579119915
26	215530	920	0.56032867460062
26	220864	940	0.45286316725124
26	226142	960	0.58412547148498
26	231441	980	0.73878305334712
26	236617	1000	0.34313105216932
26	241964	1020	0.96751126970537
26	247258	1040	0.44452105474619
26	252544	1060	0.82765766177386
26	257807	1080	0.82572069482215
26	263120	1100	2.7000946062097
26	268317	1120	1.1078431349422
26	273695	1140	0.94653688765696
26	278995	1160	0.52692081360614
26	284316	1180	0.80256259450373
26	289499	1200	0.23787993576003
26	294842	1220	0.48196418440599
26	300187	1240	0.67665523761523
26	305441	1260	0.8536678945964
26	310656	1280	0.89726631583827
26	315977	1300	1.7137706812122
26	321267	1320	0.67838330211498
26	326531	1340	0.77075624767941
26	331775	1360	0.66815941755214
26	337104	1380	0.98732866924479
26	342535	1400	0.49821862184218
26	347909	1420	0.36235238652177
26	353168	1440	0.30955826290244
26	358503	1460	0.93770953979867
26	363879	1480	2.0604868189224
26	369097	1500	0.8160684622118
26	374519	1520	0.87938876288345
26	379746	1540	0.68079920849965
26	385148	1560	1.987981792274
26	390408	1580	0.42663968814239
26	395707	1600	0.60976837948335
26	400963	1620	0.37571765923614
26	406157	1640	1.4641388297333
26	411350	1660	0.43471904085219
26	416698	1680	1.8809660302439
26	422083	1700	0.64413625644338
26	427455	1720	1.2487184763491
26	432759	1740	0.29230368084006
26	438040	1760	0.56463226867512
26	443262	1780	0.93390356647204
26	448531	1800	1.0943869628916
26	453367	1820	0.64258124770652
26	457692	1840	1.7910394520077
26	461562	1860	0.84239487020579
26	464925	1880	0.63038958497617
26	467850	1900	1.0111818698415
26	470304	1920	0.94368606257087
26	472363	1940	2.4654225802202
26	473882	1960	0.83309413566229
26	474953	1980	0.36719081338012
26	475551	2000	0.47062312028501
