version 2
run statisticRVV-4-20150327-01:30:42-10192
attr c 14
attr configname statisticRVV
attr datetime 20150327-01:30:42
attr experiment statisticRVV
attr inifile omnetpp.ini
attr iterationvars "$sc=\"erlangen-low.launchd.xml\", $p=1/15, $c=14"
attr iterationvars2 "$sc=\"erlangen-low.launchd.xml\", $p=1/15, $c=14, $repetition=4"
attr measurement "$sc=\"erlangen-low.launchd.xml\", $p=1/15, $c=14"
attr network RSUExampleScenario
attr p 1/15
attr processid 10192
attr repetition 4
attr replication #4
attr resultdir results
attr runnumber 4
attr sc "\"erlangen-low.launchd.xml\""
attr seedset 4

vector 0  RSUExampleScenario.rsu[0].appl  Number_CH  ETV
vector 1  RSUExampleScenario.rsu[0].appl  Number_ON  ETV
vector 2  RSUExampleScenario.rsu[0].appl  Number_FN  ETV
vector 3  RSUExampleScenario.rsu[0].appl  Number_CH_Losts  ETV
vector 4  RSUExampleScenario.rsu[0].appl  Number_CH_Losts  ETV
vector 5  RSUExampleScenario.rsu[0].appl  Mean_Cluster_Size  ETV
vector 6  RSUExampleScenario.rsu[0].appl  StdDev_Cluster_Size  ETV
vector 7  RSUExampleScenario.rsu[0].appl  Variance_Cluster_Size  ETV
vector 8  RSUExampleScenario.rsu[0].appl  Mean_Neighbors  ETV
vector 9  RSUExampleScenario.rsu[0].appl  StdDev_Neighbors  ETV
vector 10  RSUExampleScenario.rsu[0].appl  Variance_Neighbors  ETV
vector 11  RSUExampleScenario.rsu[0].appl  Total_CH_Utility  ETV
vector 12  RSUExampleScenario.rsu[0].appl  Mean_CH_Utility  ETV
vector 13  RSUExampleScenario.rsu[0].appl  StdDev_CH_Utility  ETV
vector 14  RSUExampleScenario.rsu[0].appl  Variance_CH_Utility  ETV
vector 15  RSUExampleScenario.rsu[0].appl  Total_exp_CH_Utility  ETV
vector 16  RSUExampleScenario.rsu[0].appl  Mean_exp_CH_Utility  ETV
vector 17  RSUExampleScenario.rsu[0].appl  StdDev_exp_CH_Utility  ETV
vector 18  RSUExampleScenario.rsu[0].appl  Variance_exp_CH_Utility  ETV
vector 19  RSUExampleScenario.rsu[0].appl  Total_ON_Utility  ETV
vector 20  RSUExampleScenario.rsu[0].appl  Mean_ON_Utility  ETV
vector 21  RSUExampleScenario.rsu[0].appl  StdDev_ON_Utility  ETV
vector 22  RSUExampleScenario.rsu[0].appl  Variance_ON_Utility  ETV
vector 23  RSUExampleScenario.rsu[0].appl  Total_exp_ON_Utility  ETV
vector 24  RSUExampleScenario.rsu[0].appl  Mean_exp_ON_Utility  ETV
vector 25  RSUExampleScenario.rsu[0].appl  StdDev_exp_ON_Utility  ETV
vector 26  RSUExampleScenario.rsu[0].appl  Variance_exp_ON_Utility  ETV
0	34597	240	3
0	39979	260	1
0	45343	280	0
0	50569	300	2
0	55901	320	1
0	61260	340	3
0	66564	360	5
0	71830	380	2
0	77161	400	4
0	82470	420	1
0	87744	440	4
0	93139	460	3
0	98484	480	3
0	103698	500	2
0	108876	520	2
0	114139	540	3
0	119574	560	1
0	124852	580	0
0	130160	600	5
0	135524	620	5
0	140848	640	2
0	146116	660	1
0	151447	680	1
0	156626	700	2
0	161878	720	3
0	167249	740	3
0	172623	760	6
0	177947	780	2
0	183346	800	5
0	188738	820	6
0	194081	840	2
0	199416	860	3
0	204812	880	4
0	210156	900	2
0	215517	920	4
0	220886	940	2
0	226341	960	2
0	231635	980	3
0	236944	1000	2
0	242279	1020	1
0	247504	1040	2
0	252835	1060	3
0	258086	1080	1
0	263281	1100	4
0	268621	1120	3
0	274037	1140	1
0	279402	1160	2
0	284670	1180	2
0	290001	1200	4
0	295318	1220	4
0	300602	1240	2
0	305951	1260	2
0	311219	1280	3
0	316574	1300	4
0	322054	1320	3
0	327395	1340	2
0	332652	1360	3
0	337754	1380	0
0	343187	1400	0
0	348498	1420	2
0	353844	1440	4
0	359128	1460	1
0	364492	1480	3
0	369776	1500	2
0	375050	1520	4
0	380450	1540	2
0	385955	1560	1
0	391186	1580	0
0	396547	1600	5
0	401793	1620	3
0	407086	1640	3
0	412367	1660	0
0	417670	1680	4
0	423009	1700	2
0	428236	1720	5
0	433635	1740	1
0	438836	1760	2
0	444122	1780	2
0	449503	1800	3
0	454375	1820	1
0	458714	1840	0
0	462432	1860	0
0	465716	1880	1
0	468628	1900	2
0	471139	1920	0
0	473227	1940	3
0	474750	1960	3
0	475888	1980	0
0	476464	2000	1
1	34597	240	15
1	39979	260	2
1	45343	280	0
1	50569	300	12
1	55901	320	2
1	61260	340	17
1	66564	360	17
1	71830	380	5
1	77161	400	17
1	82470	420	1
1	87744	440	15
1	93139	460	12
1	98484	480	6
1	103698	500	4
1	108876	520	5
1	114139	540	11
1	119574	560	2
1	124852	580	0
1	130160	600	24
1	135524	620	6
1	140848	640	8
1	146116	660	4
1	151447	680	4
1	156626	700	12
1	161878	720	11
1	167249	740	10
1	172623	760	18
1	177947	780	7
1	183346	800	15
1	188738	820	19
1	194081	840	9
1	199416	860	5
1	204812	880	13
1	210156	900	6
1	215517	920	11
1	220886	940	8
1	226341	960	6
1	231635	980	11
1	236944	1000	12
1	242279	1020	4
1	247504	1040	9
1	252835	1060	14
1	258086	1080	3
1	263281	1100	13
1	268621	1120	9
1	274037	1140	2
1	279402	1160	12
1	284670	1180	6
1	290001	1200	18
1	295318	1220	13
1	300602	1240	4
1	305951	1260	9
1	311219	1280	11
1	316574	1300	11
1	322054	1320	9
1	327395	1340	10
1	332652	1360	13
1	337754	1380	0
1	343187	1400	0
1	348498	1420	4
1	353844	1440	21
1	359128	1460	2
1	364492	1480	5
1	369776	1500	13
1	375050	1520	11
1	380450	1540	9
1	385955	1560	2
1	391186	1580	0
1	396547	1600	16
1	401793	1620	11
1	407086	1640	16
1	412367	1660	0
1	417670	1680	14
1	423009	1700	3
1	428236	1720	16
1	433635	1740	3
1	438836	1760	13
1	444122	1780	13
1	449503	1800	15
1	454375	1820	3
1	458714	1840	0
1	462432	1860	0
1	465716	1880	2
1	468628	1900	8
1	471139	1920	0
1	473227	1940	9
1	474750	1960	9
1	475888	1980	0
1	476464	2000	4
2	34597	240	22
2	39979	260	37
2	45343	280	41
2	50569	300	26
2	55901	320	37
2	61260	340	21
2	66564	360	18
2	71830	380	33
2	77161	400	21
2	82470	420	37
2	87744	440	21
2	93139	460	26
2	98484	480	32
2	103698	500	34
2	108876	520	33
2	114139	540	26
2	119574	560	37
2	124852	580	40
2	130160	600	11
2	135524	620	30
2	140848	640	30
2	146116	660	35
2	151447	680	34
2	156626	700	26
2	161878	720	26
2	167249	740	27
2	172623	760	18
2	177947	780	31
2	183346	800	20
2	188738	820	17
2	194081	840	30
2	199416	860	33
2	204812	880	23
2	210156	900	32
2	215517	920	25
2	220886	940	31
2	226341	960	33
2	231635	980	25
2	236944	1000	27
2	242279	1020	36
2	247504	1040	28
2	252835	1060	24
2	258086	1080	36
2	263281	1100	24
2	268621	1120	30
2	274037	1140	38
2	279402	1160	27
2	284670	1180	32
2	290001	1200	19
2	295318	1220	23
2	300602	1240	34
2	305951	1260	30
2	311219	1280	26
2	316574	1300	25
2	322054	1320	29
2	327395	1340	29
2	332652	1360	24
2	337754	1380	39
2	343187	1400	40
2	348498	1420	35
2	353844	1440	16
2	359128	1460	37
2	364492	1480	34
2	369776	1500	25
2	375050	1520	25
2	380450	1540	30
2	385955	1560	38
2	391186	1580	39
2	396547	1600	19
2	401793	1620	25
2	407086	1640	22
2	412367	1660	40
2	417670	1680	23
2	423009	1700	36
2	428236	1720	20
2	433635	1740	37
2	438836	1760	24
2	444122	1780	25
2	449503	1800	23
2	454375	1820	33
2	458714	1840	34
2	462432	1860	30
2	465716	1880	24
2	468628	1900	14
2	471139	1920	21
2	473227	1940	6
2	474750	1960	2
2	475888	1980	11
2	476464	2000	2
3	34597	240	0
3	39979	260	0
3	45343	280	0
3	50569	300	0
3	55901	320	0
3	61260	340	0
3	66564	360	1
3	71830	380	0
3	77161	400	2
3	82470	420	0
3	87744	440	0
3	93139	460	1
3	98484	480	1
3	103698	500	0
3	108876	520	0
3	114139	540	0
3	119574	560	0
3	124852	580	0
3	130160	600	1
3	135524	620	1
3	140848	640	0
3	146116	660	0
3	151447	680	0
3	156626	700	0
3	161878	720	0
3	167249	740	0
3	172623	760	0
3	177947	780	0
3	183346	800	0
3	188738	820	2
3	194081	840	1
3	199416	860	0
3	204812	880	0
3	210156	900	0
3	215517	920	0
3	220886	940	0
3	226341	960	0
3	231635	980	0
3	236944	1000	0
3	242279	1020	0
3	247504	1040	0
3	252835	1060	1
3	258086	1080	0
3	263281	1100	0
3	268621	1120	0
3	274037	1140	0
3	279402	1160	0
3	284670	1180	0
3	290001	1200	0
3	295318	1220	0
3	300602	1240	1
3	305951	1260	0
3	311219	1280	0
3	316574	1300	0
3	322054	1320	0
3	327395	1340	0
3	332652	1360	0
3	337754	1380	0
3	343187	1400	0
3	348498	1420	0
3	353844	1440	0
3	359128	1460	0
3	364492	1480	0
3	369776	1500	0
3	375050	1520	0
3	380450	1540	0
3	385955	1560	0
3	391186	1580	0
3	396547	1600	0
3	401793	1620	0
3	407086	1640	0
3	412367	1660	0
3	417670	1680	0
3	423009	1700	0
3	428236	1720	0
3	433635	1740	0
3	438836	1760	0
3	444122	1780	0
3	449503	1800	0
3	454375	1820	0
3	458714	1840	0
3	462432	1860	0
3	465716	1880	0
3	468628	1900	0
3	471139	1920	0
3	473227	1940	0
3	474750	1960	0
3	475888	1980	0
3	476464	2000	0
4	34597	240	22
4	39979	260	37
4	45343	280	41
4	50569	300	26
4	55901	320	36
4	61260	340	21
4	66564	360	17
4	71830	380	33
4	77161	400	19
4	82470	420	37
4	87744	440	20
4	93139	460	25
4	98484	480	31
4	103698	500	34
4	108876	520	33
4	114139	540	26
4	119574	560	36
4	124852	580	40
4	130160	600	10
4	135524	620	29
4	140848	640	29
4	146116	660	35
4	151447	680	34
4	156626	700	25
4	161878	720	26
4	167249	740	27
4	172623	760	17
4	177947	780	31
4	183346	800	19
4	188738	820	15
4	194081	840	29
4	199416	860	33
4	204812	880	23
4	210156	900	32
4	215517	920	25
4	220886	940	31
4	226341	960	33
4	231635	980	25
4	236944	1000	27
4	242279	1020	36
4	247504	1040	28
4	252835	1060	22
4	258086	1080	36
4	263281	1100	24
4	268621	1120	30
4	274037	1140	37
4	279402	1160	27
4	284670	1180	32
4	290001	1200	19
4	295318	1220	23
4	300602	1240	33
4	305951	1260	30
4	311219	1280	26
4	316574	1300	25
4	322054	1320	28
4	327395	1340	28
4	332652	1360	24
4	337754	1380	39
4	343187	1400	40
4	348498	1420	35
4	353844	1440	16
4	359128	1460	37
4	364492	1480	34
4	369776	1500	25
4	375050	1520	24
4	380450	1540	30
4	385955	1560	37
4	391186	1580	39
4	396547	1600	19
4	401793	1620	25
4	407086	1640	22
4	412367	1660	40
4	417670	1680	23
4	423009	1700	36
4	428236	1720	20
4	433635	1740	37
4	438836	1760	24
4	444122	1780	25
4	449503	1800	23
4	454375	1820	33
4	458714	1840	34
4	462432	1860	30
4	465716	1880	24
4	468628	1900	14
4	471139	1920	21
4	473227	1940	6
4	474750	1960	2
4	475888	1980	11
4	476464	2000	2
5	34597	240	5
5	39979	260	2
5	45343	280	nan
5	50569	300	6
5	55901	320	2
5	61260	340	5.6666666666667
5	66564	360	3.4
5	71830	380	2.5
5	77161	400	4.25
5	82470	420	1
5	87744	440	3.75
5	93139	460	4
5	98484	480	2
5	103698	500	2
5	108876	520	2.5
5	114139	540	3.6666666666667
5	119574	560	2
5	124852	580	nan
5	130160	600	4.8
5	135524	620	1.2
5	140848	640	4
5	146116	660	4
5	151447	680	4
5	156626	700	6
5	161878	720	3.6666666666667
5	167249	740	3.3333333333333
5	172623	760	3
5	177947	780	3.5
5	183346	800	3
5	188738	820	3.1666666666667
5	194081	840	4.5
5	199416	860	1.6666666666667
5	204812	880	3.25
5	210156	900	3
5	215517	920	2.75
5	220886	940	4
5	226341	960	3
5	231635	980	3.6666666666667
5	236944	1000	6
5	242279	1020	4
5	247504	1040	4.5
5	252835	1060	4.6666666666667
5	258086	1080	3
5	263281	1100	3.25
5	268621	1120	3
5	274037	1140	2
5	279402	1160	6
5	284670	1180	3
5	290001	1200	4.5
5	295318	1220	3.25
5	300602	1240	2
5	305951	1260	4.5
5	311219	1280	3.6666666666667
5	316574	1300	2.75
5	322054	1320	3
5	327395	1340	5
5	332652	1360	4.3333333333333
5	337754	1380	nan
5	343187	1400	nan
5	348498	1420	2
5	353844	1440	5.25
5	359128	1460	2
5	364492	1480	1.6666666666667
5	369776	1500	6.5
5	375050	1520	2.75
5	380450	1540	4.5
5	385955	1560	2
5	391186	1580	nan
5	396547	1600	3.2
5	401793	1620	3.6666666666667
5	407086	1640	5.3333333333333
5	412367	1660	nan
5	417670	1680	3.5
5	423009	1700	1.5
5	428236	1720	3.2
5	433635	1740	3
5	438836	1760	6.5
5	444122	1780	6.5
5	449503	1800	5
5	454375	1820	3
5	458714	1840	nan
5	462432	1860	nan
5	465716	1880	2
5	468628	1900	4
5	471139	1920	nan
5	473227	1940	3
5	474750	1960	3
5	475888	1980	nan
5	476464	2000	4
6	34597	240	3.605551275464
6	39979	260	nan
6	45343	280	nan
6	50569	300	2.8284271247462
6	55901	320	nan
6	61260	340	1.5275252316519
6	66564	360	1.1401754250991
6	71830	380	0.70710678118655
6	77161	400	3.2015621187164
6	82470	420	nan
6	87744	440	2.2173557826083
6	93139	460	0
6	98484	480	1
6	103698	500	0
6	108876	520	0.70710678118655
6	114139	540	0.57735026918963
6	119574	560	nan
6	124852	580	nan
6	130160	600	2.3874672772627
6	135524	620	0.44721359549996
6	140848	640	1.4142135623731
6	146116	660	nan
6	151447	680	nan
6	156626	700	2.8284271247462
6	161878	720	1.1547005383793
6	167249	740	1.1547005383793
6	172623	760	1.2649110640674
6	177947	780	0.70710678118655
6	183346	800	2.3452078799117
6	188738	820	1.16904519445
6	194081	840	3.5355339059327
6	199416	860	0.57735026918963
6	204812	880	2.0615528128088
6	210156	900	1.4142135623731
6	215517	920	1.2583057392118
6	220886	940	4.2426406871193
6	226341	960	0
6	231635	980	2.0816659994661
6	236944	1000	1.4142135623731
6	242279	1020	nan
6	247504	1040	2.1213203435596
6	252835	1060	2.0816659994661
6	258086	1080	nan
6	263281	1100	3.2015621187164
6	268621	1120	1.7320508075689
6	274037	1140	nan
6	279402	1160	4.2426406871193
6	284670	1180	0
6	290001	1200	1.9148542155127
6	295318	1220	1.2583057392118
6	300602	1240	1.4142135623731
6	305951	1260	3.5355339059327
6	311219	1280	1.5275252316519
6	316574	1300	1.5
6	322054	1320	1.7320508075689
6	327395	1340	4.2426406871193
6	332652	1360	1.1547005383793
6	337754	1380	nan
6	343187	1400	nan
6	348498	1420	0
6	353844	1440	4.2720018726588
6	359128	1460	nan
6	364492	1480	1.1547005383793
6	369776	1500	0.70710678118655
6	375050	1520	1.2583057392118
6	380450	1540	0.70710678118655
6	385955	1560	nan
6	391186	1580	nan
6	396547	1600	1.7888543819998
6	401793	1620	2.0816659994661
6	407086	1640	3.0550504633039
6	412367	1660	nan
6	417670	1680	1.7320508075689
6	423009	1700	0.70710678118655
6	428236	1720	1.4832396974191
6	433635	1740	nan
6	438836	1760	3.5355339059327
6	444122	1780	2.1213203435596
6	449503	1800	3.605551275464
6	454375	1820	nan
6	458714	1840	nan
6	462432	1860	nan
6	465716	1880	nan
6	468628	1900	0
6	471139	1920	nan
6	473227	1940	2.6457513110646
6	474750	1960	1.7320508075689
6	475888	1980	nan
6	476464	2000	nan
7	34597	240	13
7	39979	260	nan
7	45343	280	nan
7	50569	300	8
7	55901	320	nan
7	61260	340	2.3333333333333
7	66564	360	1.3
7	71830	380	0.5
7	77161	400	10.25
7	82470	420	nan
7	87744	440	4.9166666666667
7	93139	460	0
7	98484	480	1
7	103698	500	0
7	108876	520	0.5
7	114139	540	0.33333333333333
7	119574	560	nan
7	124852	580	nan
7	130160	600	5.7
7	135524	620	0.2
7	140848	640	2
7	146116	660	nan
7	151447	680	nan
7	156626	700	8
7	161878	720	1.3333333333333
7	167249	740	1.3333333333333
7	172623	760	1.6
7	177947	780	0.5
7	183346	800	5.5
7	188738	820	1.3666666666667
7	194081	840	12.5
7	199416	860	0.33333333333333
7	204812	880	4.25
7	210156	900	2
7	215517	920	1.5833333333333
7	220886	940	18
7	226341	960	0
7	231635	980	4.3333333333333
7	236944	1000	2
7	242279	1020	nan
7	247504	1040	4.5
7	252835	1060	4.3333333333333
7	258086	1080	nan
7	263281	1100	10.25
7	268621	1120	3
7	274037	1140	nan
7	279402	1160	18
7	284670	1180	0
7	290001	1200	3.6666666666667
7	295318	1220	1.5833333333333
7	300602	1240	2
7	305951	1260	12.5
7	311219	1280	2.3333333333333
7	316574	1300	2.25
7	322054	1320	3
7	327395	1340	18
7	332652	1360	1.3333333333333
7	337754	1380	nan
7	343187	1400	nan
7	348498	1420	0
7	353844	1440	18.25
7	359128	1460	nan
7	364492	1480	1.3333333333333
7	369776	1500	0.5
7	375050	1520	1.5833333333333
7	380450	1540	0.5
7	385955	1560	nan
7	391186	1580	nan
7	396547	1600	3.2
7	401793	1620	4.3333333333333
7	407086	1640	9.3333333333333
7	412367	1660	nan
7	417670	1680	3
7	423009	1700	0.5
7	428236	1720	2.2
7	433635	1740	nan
7	438836	1760	12.5
7	444122	1780	4.5
7	449503	1800	13
7	454375	1820	nan
7	458714	1840	nan
7	462432	1860	nan
7	465716	1880	nan
7	468628	1900	0
7	471139	1920	nan
7	473227	1940	7
7	474750	1960	3
7	475888	1980	nan
7	476464	2000	nan
8	34597	240	8.75
8	39979	260	9.075
8	45343	280	8.6829268292683
8	50569	300	8.725
8	55901	320	9.2820512820513
8	61260	340	8.8292682926829
8	66564	360	8.95
8	71830	380	8.925
8	77161	400	8.7380952380952
8	82470	420	9.1282051282051
8	87744	440	9.0512820512821
8	93139	460	8.6585365853659
8	98484	480	8.9756097560976
8	103698	500	8.925
8	108876	520	8.85
8	114139	540	9.05
8	119574	560	9.4615384615385
8	124852	580	9.125
8	130160	600	8.9
8	135524	620	8.825
8	140848	640	9.5128205128205
8	146116	660	8.95
8	151447	680	9.0512820512821
8	156626	700	9.025641025641
8	161878	720	9.05
8	167249	740	8.875
8	172623	760	9.0487804878049
8	177947	780	8.85
8	183346	800	9.4871794871795
8	188738	820	8.7857142857143
8	194081	840	9.0243902439024
8	199416	860	8.8048780487805
8	204812	880	9.05
8	210156	900	9.075
8	215517	920	8.975
8	220886	940	8.9024390243902
8	226341	960	9.1219512195122
8	231635	980	9.1538461538462
8	236944	1000	9.1707317073171
8	242279	1020	8.9512195121951
8	247504	1040	9.1794871794872
8	252835	1060	9.075
8	258086	1080	9.05
8	263281	1100	8.780487804878
8	268621	1120	8.8333333333333
8	274037	1140	9.5
8	279402	1160	9.0975609756098
8	284670	1180	8.775
8	290001	1200	8.780487804878
8	295318	1220	9
8	300602	1240	9.05
8	305951	1260	8.8536585365854
8	311219	1280	8.975
8	316574	1300	9.05
8	322054	1320	9.3
8	327395	1340	9.35
8	332652	1360	8.925
8	337754	1380	8.8974358974359
8	343187	1400	8.975
8	348498	1420	8.9024390243902
8	353844	1440	8.8780487804878
8	359128	1460	8.75
8	364492	1480	8.8095238095238
8	369776	1500	8.85
8	375050	1520	9.1025641025641
8	380450	1540	9.1219512195122
8	385955	1560	9.325
8	391186	1580	8.9230769230769
8	396547	1600	8.875
8	401793	1620	9.1538461538462
8	407086	1640	8.8536585365854
8	412367	1660	8.975
8	417670	1680	8.7317073170732
8	423009	1700	8.8780487804878
8	428236	1720	8.9756097560976
8	433635	1740	8.780487804878
8	438836	1760	8.8205128205128
8	444122	1780	9.125
8	449503	1800	8.8780487804878
8	454375	1820	9.0540540540541
8	458714	1840	8.3529411764706
8	462432	1860	8.3333333333333
8	465716	1880	8.0740740740741
8	468628	1900	7.8333333333333
8	471139	1920	8.1904761904762
8	473227	1940	7.7222222222222
8	474750	1960	7.3571428571429
8	475888	1980	6.1818181818182
8	476464	2000	4.8571428571429
9	34597	240	2.1453587351686
9	39979	260	1.7742820866697
9	45343	280	1.5401140280876
9	50569	300	1.724447142918
9	55901	320	1.5885895423749
9	61260	340	2.3759465379548
9	66564	360	1.9473848341578
9	71830	380	1.9133471812239
9	77161	400	2.0489083805002
9	82470	420	1.3988620785159
9	87744	440	1.5208847485439
9	93139	460	2.1402074209941
9	98484	480	1.7816818582178
9	103698	500	1.4568582283242
9	108876	520	1.6416064677236
9	114139	540	1.5350603429215
9	119574	560	1.1886780327688
9	124852	580	1.6359346109433
9	130160	600	2.1098061643862
9	135524	620	1.852060529553
9	140848	640	1.3930616579054
9	146116	660	2.229752199639
9	151447	680	1.4680584734647
9	156626	700	1.36665514626
9	161878	720	1.1535897150934
9	167249	740	1.8562092609705
9	172623	760	1.7881725240059
9	177947	780	1.8885620632287
9	183346	800	1.6681504865821
9	188738	820	1.7184183636338
9	194081	840	2.0060882941442
9	199416	860	1.9002567220658
9	204812	880	1.6633299933166
9	210156	900	2.0429679265025
9	215517	920	1.4048907248316
9	220886	940	2.0100357963079
9	226341	960	1.951859651092
9	231635	980	1.5310550462527
9	236944	1000	1.9222699995629
9	242279	1020	2.0487950057558
9	247504	1040	1.7301018356367
9	252835	1060	1.5087352489029
9	258086	1080	1.3950461806528
9	263281	1100	1.6809550131094
9	268621	1120	2.1743142083017
9	274037	1140	1.320450583547
9	279402	1160	1.9596540262095
9	284670	1180	1.8043750249794
9	290001	1200	1.6357291206363
9	295318	1220	2.0380986614603
9	300602	1240	1.6164221332376
9	305951	1260	1.5899838931536
9	311219	1280	1.4586171884919
9	316574	1300	1.893985081034
9	322054	1320	1.5224811059415
9	327395	1340	1.7029386365926
9	332652	1360	1.3660254906207
9	337754	1380	1.4103913565665
9	343187	1400	1.6249260338196
9	348498	1420	1.4799472633979
9	353844	1440	1.9646261979219
9	359128	1460	1.5483655567843
9	364492	1480	1.9906867945645
9	369776	1500	1.5778921350154
9	375050	1520	1.5693591014181
9	380450	1540	2.0999419271877
9	385955	1560	1.5256356388614
9	391186	1580	1.5455303192145
9	396547	1600	1.4708710135364
9	401793	1620	1.3482632403141
9	407086	1640	1.2562041157741
9	412367	1660	1.4586171884919
9	417670	1680	1.8711545933447
9	423009	1700	1.5683609589508
9	428236	1720	1.7956587214453
9	433635	1740	1.6048706353154
9	438836	1760	1.9176712147783
9	444122	1780	1.6974717247749
9	449503	1800	1.9773103189841
9	454375	1820	1.3111900011895
9	458714	1840	1.7035142454097
9	462432	1860	1.4932799662057
9	465716	1880	1.8795647189612
9	468628	1900	1.8804871400937
9	471139	1920	1.6917165134575
9	473227	1940	1.7423971167384
9	474750	1960	1.7805419597217
9	475888	1980	1.0787197799412
9	476464	2000	1.0690449676497
10	34597	240	4.6025641025641
10	39979	260	3.1480769230769
10	45343	280	2.3719512195122
10	50569	300	2.9737179487179
10	55901	320	2.523616734143
10	61260	340	5.6451219512195
10	66564	360	3.7923076923077
10	71830	380	3.6608974358974
10	77161	400	4.1980255516841
10	82470	420	1.9568151147099
10	87744	440	2.3130904183536
10	93139	460	4.580487804878
10	98484	480	3.1743902439024
10	103698	500	2.1224358974359
10	108876	520	2.6948717948718
10	114139	540	2.3564102564103
10	119574	560	1.412955465587
10	124852	580	2.6762820512821
10	130160	600	4.4512820512821
10	135524	620	3.4301282051282
10	140848	640	1.940620782726
10	146116	660	4.9717948717949
10	151447	680	2.1551956815115
10	156626	700	1.8677462887989
10	161878	720	1.3307692307692
10	167249	740	3.4455128205128
10	172623	760	3.1975609756098
10	177947	780	3.5666666666667
10	183346	800	2.7827260458839
10	188738	820	2.9529616724739
10	194081	840	4.0243902439024
10	199416	860	3.6109756097561
10	204812	880	2.7666666666667
10	210156	900	4.1737179487179
10	215517	920	1.9737179487179
10	220886	940	4.040243902439
10	226341	960	3.809756097561
10	231635	980	2.3441295546559
10	236944	1000	3.6951219512195
10	242279	1020	4.1975609756098
10	247504	1040	2.9932523616734
10	252835	1060	2.2762820512821
10	258086	1080	1.9461538461538
10	263281	1100	2.8256097560976
10	268621	1120	4.7276422764228
10	274037	1140	1.7435897435897
10	279402	1160	3.840243902439
10	284670	1180	3.2557692307692
10	290001	1200	2.6756097560976
10	295318	1220	4.1538461538462
10	300602	1240	2.6128205128205
10	305951	1260	2.5280487804878
10	311219	1280	2.1275641025641
10	316574	1300	3.5871794871795
10	322054	1320	2.3179487179487
10	327395	1340	2.9
10	332652	1360	1.8660256410256
10	337754	1380	1.9892037786775
10	343187	1400	2.6403846153846
10	348498	1420	2.190243902439
10	353844	1440	3.859756097561
10	359128	1460	2.3974358974359
10	364492	1480	3.9628339140534
10	369776	1500	2.4897435897436
10	375050	1520	2.4628879892038
10	380450	1540	4.409756097561
10	385955	1560	2.3275641025641
10	391186	1580	2.3886639676113
10	396547	1600	2.1634615384615
10	401793	1620	1.8178137651822
10	407086	1640	1.5780487804878
10	412367	1660	2.1275641025641
10	417670	1680	3.5012195121951
10	423009	1700	2.459756097561
10	428236	1720	3.2243902439024
10	433635	1740	2.5756097560976
10	438836	1760	3.6774628879892
10	444122	1780	2.8814102564103
10	449503	1800	3.909756097561
10	454375	1820	1.7192192192192
10	458714	1840	2.9019607843137
10	462432	1860	2.2298850574713
10	465716	1880	3.5327635327635
10	468628	1900	3.536231884058
10	471139	1920	2.8619047619048
10	473227	1940	3.0359477124183
10	474750	1960	3.1703296703297
10	475888	1980	1.1636363636364
10	476464	2000	1.1428571428571
11	34597	240	136.83439620155
11	39979	260	46.515513142064
11	45343	280	0
11	50569	300	90.666330000675
11	55901	320	47.269038749467
11	61260	340	134.29302391814
11	66564	360	230.70905177694
11	71830	380	92.530517232689
11	77161	400	183.95083884086
11	82470	420	47.503079383884
11	87744	440	182.72613974168
11	93139	460	137.53026995423
11	98484	480	141.92144578956
11	103698	500	90.881367591682
11	108876	520	94.193022466237
11	114139	540	137.82605659862
11	119574	560	49.328471133088
11	124852	580	0
11	130160	600	228.36911012191
11	135524	620	235.5057197501
11	140848	640	90.907025252844
11	146116	660	44.959187795745
11	151447	680	44.336617311505
11	156626	700	89.121412412992
11	161878	720	137.84350992759
11	167249	740	136.99269450978
11	172623	760	285.67089176293
11	177947	780	91.275857986448
11	183346	800	226.34152619294
11	188738	820	276.28561600769
11	194081	840	91.927441205881
11	199416	860	139.89308196554
11	204812	880	182.57773268561
11	210156	900	92.235284128756
11	215517	920	182.93589864873
11	220886	940	90.091512332108
11	226341	960	90.311121048532
11	231635	980	133.48227655049
11	236944	1000	91.001636537654
11	242279	1020	45.106815124413
11	247504	1040	92.433331444877
11	252835	1060	135.90117975644
11	258086	1080	46.199941305606
11	263281	1100	187.84283809914
11	268621	1120	140.40819332786
11	274037	1140	49.049964073009
11	279402	1160	89.190253419809
11	284670	1180	92.308048134125
11	290001	1200	181.43258359313
11	295318	1220	180.32583734232
11	300602	1240	92.252297164944
11	305951	1260	91.127274795919
11	311219	1280	135.29320770524
11	316574	1300	181.03309099826
11	322054	1320	140.31897060237
11	327395	1340	89.850387338495
11	332652	1360	135.40705783583
11	337754	1380	0
11	343187	1400	0
11	348498	1420	95.577936179129
11	353844	1440	183.16722985592
11	359128	1460	46.463829981999
11	364492	1480	144.75453267238
11	369776	1500	90.439153494733
11	375050	1520	188.64848901497
11	380450	1540	92.801885820335
11	385955	1560	48.364301099195
11	391186	1580	0
11	396547	1600	231.61742616776
11	401793	1620	136.22573656464
11	407086	1640	135.64386725083
11	412367	1660	0
11	417670	1680	179.16652828898
11	423009	1700	92.185165432825
11	428236	1720	224.75145758399
11	433635	1740	46.10888736593
11	438836	1760	90.079532665141
11	444122	1780	88.911642316573
11	449503	1800	143.22118289025
11	454375	1820	45.919409252627
11	458714	1840	0
11	462432	1860	0
11	465716	1880	47.337808678322
11	468628	1900	91.4271778849
11	471139	1920	0
11	473227	1940	139.51350073263
11	474750	1960	135.17998306581
11	475888	1980	0
11	476464	2000	46.728901199085
12	34597	240	45.611465400518
12	39979	260	46.515513142064
12	45343	280	nan
12	50569	300	45.333165000337
12	55901	320	47.269038749467
12	61260	340	44.764341306048
12	66564	360	46.141810355388
12	71830	380	46.265258616345
12	77161	400	45.987709710214
12	82470	420	47.503079383884
12	87744	440	45.68153493542
12	93139	460	45.843423318075
12	98484	480	47.307148596518
12	103698	500	45.440683795841
12	108876	520	47.096511233119
12	114139	540	45.942018866206
12	119574	560	49.328471133088
12	124852	580	nan
12	130160	600	45.673822024383
12	135524	620	47.101143950021
12	140848	640	45.453512626422
12	146116	660	44.959187795745
12	151447	680	44.336617311505
12	156626	700	44.560706206496
12	161878	720	45.947836642529
12	167249	740	45.66423150326
12	172623	760	47.611815293821
12	177947	780	45.637928993224
12	183346	800	45.268305238588
12	188738	820	46.047602667948
12	194081	840	45.96372060294
12	199416	860	46.631027321848
12	204812	880	45.644433171404
12	210156	900	46.117642064378
12	215517	920	45.733974662182
12	220886	940	45.045756166054
12	226341	960	45.155560524266
12	231635	980	44.494092183498
12	236944	1000	45.500818268827
12	242279	1020	45.106815124413
12	247504	1040	46.216665722439
12	252835	1060	45.300393252146
12	258086	1080	46.199941305606
12	263281	1100	46.960709524784
12	268621	1120	46.802731109288
12	274037	1140	49.049964073009
12	279402	1160	44.595126709905
12	284670	1180	46.154024067062
12	290001	1200	45.358145898282
12	295318	1220	45.08145933558
12	300602	1240	46.126148582472
12	305951	1260	45.563637397959
12	311219	1280	45.097735901747
12	316574	1300	45.258272749565
12	322054	1320	46.772990200789
12	327395	1340	44.925193669248
12	332652	1360	45.135685945277
12	337754	1380	nan
12	343187	1400	nan
12	348498	1420	47.788968089565
12	353844	1440	45.791807463981
12	359128	1460	46.463829981999
12	364492	1480	48.251510890794
12	369776	1500	45.219576747367
12	375050	1520	47.162122253743
12	380450	1540	46.400942910167
12	385955	1560	48.364301099195
12	391186	1580	nan
12	396547	1600	46.323485233553
12	401793	1620	45.408578854879
12	407086	1640	45.214622416943
12	412367	1660	nan
12	417670	1680	44.791632072246
12	423009	1700	46.092582716412
12	428236	1720	44.950291516798
12	433635	1740	46.10888736593
12	438836	1760	45.03976633257
12	444122	1780	44.455821158287
12	449503	1800	47.740394296751
12	454375	1820	45.919409252627
12	458714	1840	nan
12	462432	1860	nan
12	465716	1880	47.337808678322
12	468628	1900	45.71358894245
12	471139	1920	nan
12	473227	1940	46.504500244209
12	474750	1960	45.05999435527
12	475888	1980	nan
12	476464	2000	46.728901199085
13	34597	240	1.438265797893
13	39979	260	nan
13	45343	280	nan
13	50569	300	0.29458678204369
13	55901	320	nan
13	61260	340	0.20760772713738
13	66564	360	1.8865699120391
13	71830	380	1.0190205537041
13	77161	400	1.9041145716266
13	82470	420	nan
13	87744	440	1.1663850277905
13	93139	460	1.3073219184017
13	98484	480	2.9916259704776
13	103698	500	1.9520108917281
13	108876	520	0.38280923298219
13	114139	540	0.89647618610356
13	119574	560	nan
13	124852	580	nan
13	130160	600	0.8044891065916
13	135524	620	1.5799227904165
13	140848	640	0.35063004551008
13	146116	660	nan
13	151447	680	nan
13	156626	700	0.02679761796552
13	161878	720	0.67051141549714
13	167249	740	0.42220071888721
13	172623	760	3.2640706080457
13	177947	780	0.68478146212367
13	183346	800	1.1755445792254
13	188738	820	1.838000472238
13	194081	840	0.047068604973168
13	199416	860	2.205369292779
13	204812	880	0.99264532159166
13	210156	900	1.2906797275279
13	215517	920	1.0616902474653
13	220886	940	1.4447154158715
13	226341	960	0.29485922413795
13	231635	980	1.1530472211105
13	236944	1000	1.3901122784639
13	242279	1020	nan
13	247504	1040	0.21030856919887
13	252835	1060	0.44688466034313
13	258086	1080	nan
13	263281	1100	1.4408030473498
13	268621	1120	1.8959086827856
13	274037	1140	nan
13	279402	1160	0.16159292625147
13	284670	1180	1.108796178715
13	290001	1200	0.53613804940954
13	295318	1220	0.62278808532706
13	300602	1240	0.95188155070474
13	305951	1260	0.069324630979604
13	311219	1280	0.74241975271096
13	316574	1300	0.83714341961605
13	322054	1320	1.3775069456311
13	327395	1340	0.2305134218702
13	332652	1360	0.79190309608859
13	337754	1380	nan
13	343187	1400	nan
13	348498	1420	0.78839848320007
13	353844	1440	1.7296648643135
13	359128	1460	nan
13	364492	1480	2.7936115731261
13	369776	1500	0.16304220478935
13	375050	1520	3.2378782210986
13	380450	1540	0.59025121192987
13	385955	1560	nan
13	391186	1580	nan
13	396547	1600	1.8022927295452
13	401793	1620	1.9752677823692
13	407086	1640	1.7483771372938
13	412367	1660	nan
13	417670	1680	0.43541615873266
13	423009	1700	0.35190872527405
13	428236	1720	0.66614656894933
13	433635	1740	nan
13	438836	1760	1.3884421541348
13	444122	1780	0.5097099288911
13	449503	1800	3.8533459515319
13	454375	1820	nan
13	458714	1840	nan
13	462432	1860	nan
13	465716	1880	nan
13	468628	1900	0.91853389318155
13	471139	1920	nan
13	473227	1940	0.93545949873058
13	474750	1960	1.1293800988797
13	475888	1980	nan
13	476464	2000	nan
14	34597	240	2.0686085053887
14	39979	260	nan
14	45343	280	nan
14	50569	300	0.086781372154857
14	55901	320	nan
14	61260	340	0.043100968367147
14	66564	360	3.5591460330114
14	71830	380	1.0384028888715
14	77161	400	3.6256523018807
14	82470	420	nan
14	87744	440	1.3604540330538
14	93139	460	1.7090905983336
14	98484	480	8.9498259472358
14	103698	500	3.8103465214252
14	108876	520	0.14654290885641
14	114139	540	0.80366955225078
14	119574	560	nan
14	124852	580	nan
14	130160	600	0.64720272262455
14	135524	620	2.4961560236775
14	140848	640	0.1229414288144
14	146116	660	nan
14	151447	680	nan
14	156626	700	0.00071811232862595
14	161878	720	0.44958555831198
14	167249	740	0.17825344702887
14	172623	760	10.654156934308
14	177947	780	0.46892565086823
14	183346	800	1.3819050577462
14	188738	820	3.378245735947
14	194081	840	0.0022154535741201
14	199416	860	4.8636537175324
14	204812	880	0.98534473447781
14	210156	900	1.6658541590515
14	215517	920	1.127186181563
14	220886	940	2.0872026328568
14	226341	960	0.086941962059231
14	231635	980	1.3295178941106
14	236944	1000	1.9324121467361
14	242279	1020	nan
14	247504	1040	0.044229694278474
14	252835	1060	0.19970589964999
14	258086	1080	nan
14	263281	1100	2.0759134212526
14	268621	1120	3.5944697334619
14	274037	1140	nan
14	279402	1160	0.026112273814515
14	284670	1180	1.2294289659329
14	290001	1200	0.28744400802466
14	295318	1220	0.38786499922535
14	300602	1240	0.90607848657207
14	305951	1260	0.0048059044604583
14	311219	1280	0.5511870892154
14	316574	1300	0.70080910500645
14	322054	1320	1.8975253852621
14	327395	1340	0.053136437662308
14	332652	1360	0.6271105135947
14	337754	1380	nan
14	343187	1400	nan
14	348498	1420	0.62157216831217
14	353844	1440	2.9917405428407
14	359128	1460	nan
14	364492	1480	7.8042656215043
14	369776	1500	0.026582760542571
14	375050	1520	10.483855374665
14	380450	1540	0.34839649318468
14	385955	1560	nan
14	391186	1580	nan
14	396547	1600	3.2482590829716
14	401793	1620	3.9016828120658
14	407086	1640	3.0568226142116
14	412367	1660	nan
14	417670	1680	0.18958723128551
14	423009	1700	0.12383975092401
14	428236	1720	0.44375125132296
14	433635	1740	nan
14	438836	1760	1.9277716153785
14	444122	1780	0.25980421161017
14	449503	1800	14.848275022187
14	454375	1820	nan
14	458714	1840	nan
14	462432	1860	nan
14	465716	1880	nan
14	468628	1900	0.84370451292325
14	471139	1920	nan
14	473227	1940	0.87508447376528
14	474750	1960	1.2754994077456
14	475888	1980	nan
14	476464	2000	nan
15	34597	240	133.85861731646
15	39979	260	45.38446952008
15	45343	280	0
15	50569	300	89.490289619001
15	55901	320	45.286253498631
15	61260	340	132.82230610604
15	66564	360	274.36871769923
15	71830	380	91.083287792017
15	77161	400	272.79628994367
15	82470	420	48.041047209937
15	87744	440	178.05342795207
15	93139	460	179.46298023786
15	98484	480	180.03305049037
15	103698	500	91.381752310043
15	108876	520	88.913040918166
15	114139	540	133.53478649449
15	119574	560	45.793069208174
15	124852	580	0
15	130160	600	269.51081765454
15	135524	620	224.98162326706
15	140848	640	88.985435645866
15	146116	660	43.921948363964
15	151447	680	43.910814635563
15	156626	700	88.389251609257
15	161878	720	134.48387013541
15	167249	740	134.22535698271
15	172623	760	273.09282676061
15	177947	780	89.965555604252
15	183346	800	220.98547491363
15	188738	820	357.75993294518
15	194081	840	133.64536205718
15	199416	860	133.1079170773
15	204812	880	178.20150536597
15	210156	900	89.573600144737
15	215517	920	177.6442761593
15	220886	940	88.309328750288
15	226341	960	91.09529079874
15	231635	980	132.40401530636
15	236944	1000	89.773214380251
15	242279	1020	44.491583640976
15	247504	1040	90.10776713037
15	252835	1060	179.40666920356
15	258086	1080	44.524361482366
15	263281	1100	182.78023182922
15	268621	1120	135.43035359032
15	274037	1140	46.461482079103
15	279402	1160	88.58682280135
15	284670	1180	90.035366462928
15	290001	1200	179.83400459402
15	295318	1220	176.92314394972
15	300602	1240	136.0769455295
15	305951	1260	89.947959961944
15	311219	1280	133.36838200857
15	316574	1300	178.04116308102
15	322054	1320	138.04601581099
15	327395	1340	89.080401635169
15	332652	1360	133.3502619369
15	337754	1380	0
15	343187	1400	0
15	348498	1420	91.363199495212
15	353844	1440	179.28774026605
15	359128	1460	44.445984861642
15	364492	1480	135.46104350066
15	369776	1500	88.972089825664
15	375050	1520	179.86634927167
15	380450	1540	90.310785378853
15	385955	1560	46.255583960004
15	391186	1580	0
15	396547	1600	223.76170921486
15	401793	1620	134.94655147903
15	407086	1640	133.90579751509
15	412367	1660	0
15	417670	1680	177.50158589278
15	423009	1700	89.741059110523
15	428236	1720	223.02799887084
15	433635	1740	45.30645132755
15	438836	1760	88.860950991426
15	444122	1780	88.158945670696
15	449503	1800	138.81747418531
15	454375	1820	45.121299704118
15	458714	1840	0
15	462432	1860	0
15	465716	1880	44.839376799208
15	468628	1900	90.921631950391
15	471139	1920	0
15	473227	1940	136.47840707363
15	474750	1960	139.0033447154
15	475888	1980	0
15	476464	2000	46.728901199085
16	34597	240	44.619539105485
16	39979	260	45.38446952008
16	45343	280	nan
16	50569	300	44.7451448095
16	55901	320	45.286253498631
16	61260	340	44.274102035347
16	66564	360	45.728119616538
16	71830	380	45.541643896009
16	77161	400	45.466048323946
16	82470	420	48.041047209937
16	87744	440	44.513356988016
16	93139	460	44.865745059465
16	98484	480	45.008262622592
16	103698	500	45.690876155022
16	108876	520	44.456520459083
16	114139	540	44.511595498165
16	119574	560	45.793069208174
16	124852	580	nan
16	130160	600	44.918469609091
16	135524	620	44.996324653412
16	140848	640	44.492717822933
16	146116	660	43.921948363964
16	151447	680	43.910814635563
16	156626	700	44.194625804629
16	161878	720	44.827956711803
16	167249	740	44.741785660902
16	172623	760	45.515471126768
16	177947	780	44.982777802126
16	183346	800	44.197094982726
16	188738	820	44.719991618147
16	194081	840	44.548454019061
16	199416	860	44.369305692433
16	204812	880	44.550376341492
16	210156	900	44.786800072368
16	215517	920	44.411069039825
16	220886	940	44.154664375144
16	226341	960	45.54764539937
16	231635	980	44.134671768785
16	236944	1000	44.886607190126
16	242279	1020	44.491583640976
16	247504	1040	45.053883565185
16	252835	1060	44.851667300891
16	258086	1080	44.524361482366
16	263281	1100	45.695057957304
16	268621	1120	45.143451196774
16	274037	1140	46.461482079103
16	279402	1160	44.293411400675
16	284670	1180	45.017683231464
16	290001	1200	44.958501148506
16	295318	1220	44.230785987429
16	300602	1240	45.358981843166
16	305951	1260	44.973979980972
16	311219	1280	44.456127336188
16	316574	1300	44.510290770255
16	322054	1320	46.015338603662
16	327395	1340	44.540200817585
16	332652	1360	44.450087312299
16	337754	1380	nan
16	343187	1400	nan
16	348498	1420	45.681599747606
16	353844	1440	44.821935066514
16	359128	1460	44.445984861642
16	364492	1480	45.153681166888
16	369776	1500	44.486044912832
16	375050	1520	44.966587317917
16	380450	1540	45.155392689427
16	385955	1560	46.255583960004
16	391186	1580	nan
16	396547	1600	44.752341842971
16	401793	1620	44.982183826344
16	407086	1640	44.635265838364
16	412367	1660	nan
16	417670	1680	44.375396473196
16	423009	1700	44.870529555261
16	428236	1720	44.605599774168
16	433635	1740	45.30645132755
16	438836	1760	44.430475495713
16	444122	1780	44.079472835348
16	449503	1800	46.272491395103
16	454375	1820	45.121299704118
16	458714	1840	nan
16	462432	1860	nan
16	465716	1880	44.839376799208
16	468628	1900	45.460815975196
16	471139	1920	nan
16	473227	1940	45.492802357878
16	474750	1960	46.334448238466
16	475888	1980	nan
16	476464	2000	46.728901199085
17	34597	240	0.66519386836488
17	39979	260	nan
17	45343	280	nan
17	50569	300	0.36104145608001
17	55901	320	nan
17	61260	340	0.30887433000754
17	66564	360	2.4512044066645
17	71830	380	1.5805854552532
17	77161	400	1.2246927330325
17	82470	420	nan
17	87744	440	0.4091478139359
17	93139	460	1.0590325534381
17	98484	480	0.97255384536299
17	103698	500	1.7644054997977
17	108876	520	0.82699415123745
17	114139	540	0.26092977704647
17	119574	560	nan
17	124852	580	nan
17	130160	600	0.71021199586773
17	135524	620	0.48574118129717
17	140848	640	0.26284913368316
17	146116	660	nan
17	151447	680	nan
17	156626	700	0.22244576410693
17	161878	720	0.55374705693172
17	167249	740	0.065563862087893
17	172623	760	1.5310376148956
17	177947	780	1.0427586532159
17	183346	800	0.41616292071398
17	188738	820	1.2711595391885
17	194081	840	0.73663059622323
17	199416	860	0.45016442421116
17	204812	880	0.32139495552778
17	210156	900	0.94463362617316
17	215517	920	0.3049209286364
17	220886	940	0.52736850087614
17	226341	960	1.7386226509314
17	231635	980	0.19464208078756
17	236944	1000	0.81812979880777
17	242279	1020	nan
17	247504	1040	0.058321711900212
17	252835	1060	1.0019334193074
17	258086	1080	nan
17	263281	1100	1.6446546098599
17	268621	1120	1.0125288715458
17	274037	1140	nan
17	279402	1160	0.16575801652578
17	284670	1180	1.2099947890234
17	290001	1200	0.6946942231182
17	295318	1220	0.30176482573103
17	300602	1240	1.0008528811024
17	305951	1260	0.13842336699333
17	311219	1280	0.55556798839399
17	316574	1300	0.19990945190987
17	322054	1320	1.6685922728505
17	327395	1340	0.35611382582798
17	332652	1360	0.17130600963052
17	337754	1380	nan
17	343187	1400	nan
17	348498	1420	0.36124094394463
17	353844	1440	0.53529051729712
17	359128	1460	nan
17	364492	1480	0.32567720607646
17	369776	1500	0.067148633366869
17	375050	1520	0.7842888608187
17	380450	1540	0.80908113131773
17	385955	1560	nan
17	391186	1580	nan
17	396547	1600	0.54424166025601
17	401793	1620	0.80006324716298
17	407086	1640	0.85986089747629
17	412367	1660	nan
17	417670	1680	0.33323351219025
17	423009	1700	0.35117448894358
17	428236	1720	0.29742554999769
17	433635	1740	nan
17	438836	1760	0.57399699354248
17	444122	1780	0.44877742490179
17	449503	1800	2.4780600110569
17	454375	1820	nan
17	458714	1840	nan
17	462432	1860	nan
17	465716	1880	nan
17	468628	1900	0.032375355019415
17	471139	1920	nan
17	473227	1940	0.42182985710841
17	474750	1960	1.6798307105419
17	475888	1980	nan
17	476464	2000	nan
18	34597	240	0.44248288251024
18	39979	260	nan
18	45343	280	nan
18	50569	300	0.13035093300837
18	55901	320	nan
18	61260	340	0.095403351737608
18	66564	360	6.0084030432513
18	71830	380	2.4982503813581
18	77161	400	1.4998722903425
18	82470	420	nan
18	87744	440	0.16740193364853
18	93139	460	1.1215499492417
18	98484	480	0.94586098213035
18	103698	500	3.1131267677164
18	108876	520	0.68391932618095
18	114139	540	0.06808434854952
18	119574	560	nan
18	124852	580	nan
18	130160	600	0.50440107907443
18	135524	620	0.23594449520797
18	140848	640	0.069089667077989
18	146116	660	nan
18	151447	680	nan
18	156626	700	0.049482117969115
18	161878	720	0.30663580306055
18	167249	740	0.0042986200118802
18	172623	760	2.3440761782251
18	177947	780	1.0873456088567
18	183346	800	0.17319157657719
18	188738	820	1.6158465740699
18	194081	840	0.54262463529219
18	199416	860	0.20264800882536
18	204812	880	0.10329471743871
18	210156	900	0.89233268769705
18	215517	920	0.092976772720487
18	220886	940	0.27811753571635
18	226341	960	3.0228087223317
18	231635	980	0.03788553961331
18	236944	1000	0.66933636769724
18	242279	1020	nan
18	247504	1040	0.0034014220789713
18	252835	1060	1.003870576725
18	258086	1080	nan
18	263281	1100	2.7048887857336
18	268621	1120	1.0252147157138
18	274037	1140	nan
18	279402	1160	0.027475720042562
18	284670	1180	1.4640873894639
18	290001	1200	0.4826000636338
18	295318	1220	0.091062010048477
18	300602	1240	1.001706489611
18	305951	1260	0.019161028529769
18	311219	1280	0.30865578972814
18	316574	1300	0.039963788962905
18	322054	1320	2.7842001730165
18	327395	1340	0.12681705694584
18	332652	1360	0.029345748935531
18	337754	1380	nan
18	343187	1400	nan
18	348498	1420	0.13049501958201
18	353844	1440	0.28653593790821
18	359128	1460	nan
18	364492	1480	0.10606564255777
18	369776	1500	0.0045089389630382
18	375050	1520	0.6151090172043
18	380450	1540	0.65461227705438
18	385955	1560	nan
18	391186	1580	nan
18	396547	1600	0.29619898475822
18	401793	1620	0.64010119946096
18	407086	1640	0.73936076300873
18	412367	1660	nan
18	417670	1680	0.11104457364665
18	423009	1700	0.12332352168478
18	428236	1720	0.088461957791426
18	433635	1740	nan
18	438836	1760	0.32947254859581
18	444122	1780	0.20140117710148
18	449503	1800	6.1407814183994
18	454375	1820	nan
18	458714	1840	nan
18	462432	1860	nan
18	465716	1880	nan
18	468628	1900	0.0010481636126332
18	471139	1920	nan
18	473227	1940	0.1779404283481
18	474750	1960	2.8218312160799
18	475888	1980	nan
18	476464	2000	nan
19	34597	240	1595.1786323596
19	39979	260	1496.5440659106
19	45343	280	1404.6435061274
19	50569	300	1500.9107651235
19	55901	320	1362.5659448733
19	61260	340	1633.036008554
19	66564	360	1371.3026185728
19	71830	380	1372.6834919983
19	77161	400	1548.6719432061
19	82470	420	1459.4344206446
19	87744	440	1456.4773902019
19	93139	460	1593.6816704583
19	98484	480	1505.1309776655
19	103698	500	1463.0652732927
19	108876	520	1285.5606576976
19	114139	540	1651.8056380657
19	119574	560	1465.7370739612
19	124852	580	1388.7639624591
19	130160	600	1462.6308910051
19	135524	620	1334.434876439
19	140848	640	1665.036320549
19	146116	660	1520.0218311022
19	151447	680	1389.2627831508
19	156626	700	1412.340175131
19	161878	720	1544.526067689
19	167249	740	1551.1396177406
19	172623	760	1584.2270240284
19	177947	780	1463.6448563712
19	183346	800	1505.4310952329
19	188738	820	1349.7334734232
19	194081	840	1739.3570741007
19	199416	860	1510.5546711048
19	204812	880	1551.2809947652
19	210156	900	1463.6478972641
19	215517	920	1415.7305424759
19	220886	940	1456.9404483315
19	226341	960	1316.0008866031
19	231635	980	1413.0312320221
19	236944	1000	1655.5846477343
19	242279	1020	1535.6459861268
19	247504	1040	1596.2594320261
19	252835	1060	1503.7883804483
19	258086	1080	1527.7892483604
19	263281	1100	1614.8716955841
19	268621	1120	1672.9107118631
19	274037	1140	1525.5105182513
19	279402	1160	1611.481387643
19	284670	1180	1426.2447017066
19	290001	1200	1607.0769403994
19	295318	1220	1547.841608435
19	300602	1240	1470.3536611295
19	305951	1260	1694.4780518843
19	311219	1280	1458.768211032
19	316574	1300	1324.6156158085
19	322054	1320	1421.4227282951
19	327395	1340	1691.4377771124
19	332652	1360	1500.2458308476
19	337754	1380	1418.7262189737
19	343187	1400	1262.6741930389
19	348498	1420	1107.1639820925
19	353844	1440	1459.4400051224
19	359128	1460	1380.7687244751
19	364492	1480	1178.2298608316
19	369776	1500	1391.8822315272
19	375050	1520	1141.1486236772
19	380450	1540	1389.7988913059
19	385955	1560	1234.8631923812
19	391186	1580	1103.4343752425
19	396547	1600	1135.0448061562
19	401793	1620	1237.1402662867
19	407086	1640	1459.3296011794
19	412367	1660	1358.5301254476
19	417670	1680	1578.1406006809
19	423009	1700	1374.4792583735
19	428236	1720	1577.1134740445
19	433635	1740	1501.2120728181
19	438836	1760	1587.1059314848
19	444122	1780	1589.2672317416
19	449503	1800	1648.3874537308
19	454375	1820	1537.2666524715
19	458714	1840	1470.3051464641
19	462432	1860	1274.5399277197
19	465716	1880	1081.1266637678
19	468628	1900	914.68784180304
19	471139	1920	877.42988302312
19	473227	1940	636.03063432931
19	474750	1960	468.5952194509
19	475888	1980	470.49898157847
19	476464	2000	277.69993796087
20	34597	240	45.576532353133
20	39979	260	45.349820179108
20	45343	280	45.31108084282
20	50569	300	45.482144397681
20	55901	320	45.418864829109
20	61260	340	45.362111348722
20	66564	360	45.710087285762
20	71830	380	45.756116399945
20	77161	400	45.549174800179
20	82470	420	45.607325645144
20	87744	440	45.51491844381
20	93139	460	45.533762013094
20	98484	480	45.610029626227
20	103698	500	45.720789790396
20	108876	520	45.912880632056
20	114139	540	45.883489946269
20	119574	560	45.804283561286
20	124852	580	46.29213208197
20	130160	600	45.707215343909
20	135524	620	46.014995739277
20	140848	640	46.251008904138
20	146116	660	46.061267609159
20	151447	680	46.308759438359
20	156626	700	45.559360488098
20	161878	720	45.42723728497
20	167249	740	45.62175346296
20	172623	760	46.594912471423
20	177947	780	45.7389017616
20	183346	800	45.619124097966
20	188738	820	46.542533566316
20	194081	840	45.772554581597
20	199416	860	45.774383972871
20	204812	880	45.625911610741
20	210156	900	45.738996789502
20	215517	920	45.66872717664
20	220886	940	45.52938901036
20	226341	960	45.37934091735
20	231635	980	45.581652645875
20	236944	1000	45.988462437063
20	242279	1020	45.166058415494
20	247504	1040	45.607412343602
20	252835	1060	45.56934486207
20	258086	1080	46.29664388971
20	263281	1100	46.139191302404
20	268621	1120	46.469741996197
20	274037	1140	46.22759146216
20	279402	1160	46.042325361229
20	284670	1180	46.007893603438
20	290001	1200	45.91648401141
20	295318	1220	45.524753189264
20	300602	1240	45.948551910296
20	305951	1260	45.796704104982
20	311219	1280	45.586506594749
20	316574	1300	45.67640054512
20	322054	1320	45.852346074034
20	327395	1340	45.714534516551
20	332652	1360	45.461994874169
20	337754	1380	45.765361902377
20	343187	1400	45.095506894247
20	348498	1420	46.131832587187
20	353844	1440	45.607500160074
20	359128	1460	46.025624149169
20	364492	1480	45.316533108906
20	369776	1500	46.39607438424
20	375050	1520	45.645944947086
20	380450	1540	46.326629710197
20	385955	1560	45.735673791897
20	391186	1580	45.976432301771
20	396547	1600	45.401792246247
20	401793	1620	45.820009862469
20	407086	1640	45.604050036857
20	412367	1660	45.284337514919
20	417670	1680	45.089731448026
20	423009	1700	44.338040592694
20	428236	1720	45.060384972701
20	433635	1740	45.491274933881
20	438836	1760	45.345883756708
20	444122	1780	45.407635192617
20	449503	1800	45.78854038141
20	454375	1820	45.21372507269
20	458714	1840	45.947035827004
20	462432	1860	45.519283132846
20	465716	1880	45.046944323658
20	468628	1900	45.734392090152
20	471139	1920	46.180520159111
20	473227	1940	45.43075959495
20	474750	1960	46.85952194509
20	475888	1980	47.049898157847
20	476464	2000	46.283322993479
21	34597	240	1.8089819071158
21	39979	260	2.3176459488693
21	45343	280	1.6585746972575
21	50569	300	2.0197754906368
21	55901	320	2.0216060482608
21	61260	340	1.7252910158645
21	66564	360	1.9858320578755
21	71830	380	2.1061264929291
21	77161	400	2.7542590852166
21	82470	420	1.8892620739755
21	87744	440	2.0158943804945
21	93139	460	2.5702494251702
21	98484	480	2.5535740974776
21	103698	500	2.0167382238692
21	108876	520	2.8401387284805
21	114139	540	2.4876242313831
21	119574	560	2.3360441216836
21	124852	580	2.8508013612263
21	130160	600	2.4145675419284
21	135524	620	2.5337921714038
21	140848	640	2.5426720371511
21	146116	660	2.8823498376316
21	151447	680	2.8888803187608
21	156626	700	2.5475306512491
21	161878	720	2.0648669012166
21	167249	740	1.6698263718875
21	172623	760	2.7681131535866
21	177947	780	1.9574503404225
21	183346	800	1.7202637531101
21	188738	820	2.7452786177013
21	194081	840	1.7190009502996
21	199416	860	1.883957611144
21	204812	880	2.0889341886439
21	210156	900	1.539771416689
21	215517	920	1.7868253199104
21	220886	940	1.8656707718753
21	226341	960	2.0777166825625
21	231635	980	2.2756302556382
21	236944	1000	2.1969884409374
21	242279	1020	2.2408216960502
21	247504	1040	2.1526855293906
21	252835	1060	2.2580434756163
21	258086	1080	2.6529763042197
21	263281	1100	2.4045891319424
21	268621	1120	2.6309351175259
21	274037	1140	3.2959753839662
21	279402	1160	3.3440144252405
21	284670	1180	2.4413397487626
21	290001	1200	1.9318377315954
21	295318	1220	1.97522301354
21	300602	1240	2.0055667071205
21	305951	1260	1.9117850716015
21	311219	1280	2.1113517008458
21	316574	1300	2.3721171247992
21	322054	1320	1.8610217190273
21	327395	1340	2.2239995467635
21	332652	1360	1.8469873510059
21	337754	1380	1.863703506142
21	343187	1400	1.766091082915
21	348498	1420	2.7154464602834
21	353844	1440	2.6774403850517
21	359128	1460	2.6747255157699
21	364492	1480	2.6153224473855
21	369776	1500	3.3593821131526
21	375050	1520	2.1204669824165
21	380450	1540	2.7338889802567
21	385955	1560	2.5643564866448
21	391186	1580	2.2473730611254
21	396547	1600	2.4069999695772
21	401793	1620	2.232341194441
21	407086	1640	2.2468943745937
21	412367	1660	2.6221474415409
21	417670	1680	1.7181754162269
21	423009	1700	2.1236065506742
21	428236	1720	1.622541710045
21	433635	1740	2.2284731648128
21	438836	1760	1.8080340661601
21	444122	1780	2.6362414336764
21	449503	1800	2.832270102682
21	454375	1820	2.7542947324462
21	458714	1840	3.229918320787
21	462432	1860	2.7497395632593
21	465716	1880	3.0475581665067
21	468628	1900	3.4273967560913
21	471139	1920	3.4838878473393
21	473227	1940	3.5969038201762
21	474750	1960	4.146549410004
21	475888	1980	5.5466136221697
21	476464	2000	3.3749427827942
22	34597	240	3.2724155402722
22	39979	260	5.3714827443103
22	45343	280	2.7508700263828
22	50569	300	4.0794930325773
22	55901	320	4.0868910143645
22	61260	340	2.9766290894228
22	66564	360	3.9435289620861
22	71830	380	4.4357688042176
22	77161	400	7.5859431084984
22	82470	420	3.5693111841624
22	87744	440	4.0638301533095
22	93139	460	6.6061821075878
22	98484	480	6.5207406713087
22	103698	500	4.0672330636149
22	108876	520	8.0663879970147
22	114139	540	6.1882743165641
22	119574	560	5.4571021384523
22	124852	580	8.1270684011698
22	130160	600	5.8301364145343
22	135524	620	6.420102767867
22	140848	640	6.4651810885102
22	146116	660	8.3079405864948
22	151447	680	8.3456294961233
22	156626	700	6.4899124190538
22	161878	720	4.2636753197397
22	167249	740	2.7883201122511
22	172623	760	7.6624504310589
22	177947	780	3.83161183522
22	183346	800	2.9593073802644
22	188738	820	7.5365546888078
22	194081	840	2.9549642671309
22	199416	860	3.5492962805873
22	204812	880	4.3636460444853
22	210156	900	2.3708960156524
22	215517	920	3.1927447238727
22	220886	940	3.4807274290299
22	226341	960	4.3169066129985
22	231635	980	5.1784930603762
22	236944	1000	4.8267582096126
22	242279	1020	5.0212818734893
22	247504	1040	4.6340549884478
22	252835	1060	5.0987603377733
22	258086	1080	7.038283270751
22	263281	1100	5.7820488934557
22	268621	1120	6.9218195926312
22	274037	1140	10.863453731711
22	279402	1160	11.182432476216
22	284670	1180	5.9601397688882
22	290001	1200	3.7319970212158
22	295318	1220	3.901505953218
22	300602	1240	4.02229781671
22	305951	1260	3.6549221599984
22	311219	1280	4.4578060046646
22	316574	1300	5.6269396537658
22	322054	1320	3.4634018386913
22	327395	1340	4.9461739840042
22	332652	1360	3.4113622747757
22	337754	1380	3.4733907588061
22	343187	1400	3.1190777131519
22	348498	1420	7.3736494786659
22	353844	1440	7.1686870155056
22	359128	1460	7.1541565847106
22	364492	1480	6.8399115037985
22	369776	1500	11.28544818217
22	375050	1520	4.4963802235186
22	380450	1540	7.4741489563691
22	385955	1560	6.5759241905972
22	391186	1580	5.0506856758723
22	396547	1600	5.7936488535448
22	401793	1620	4.9833472083983
22	407086	1640	5.048534330581
22	412367	1660	6.8756572051794
22	417670	1680	2.9521267609265
22	423009	1700	4.5097047820662
22	428236	1720	2.6326416008357
22	433635	1740	4.9660926462908
22	438836	1760	3.2689871843953
22	444122	1780	6.9497688966323
22	449503	1800	8.0217539345466
22	454375	1820	7.5861394731809
22	458714	1840	10.432372358955
22	462432	1860	7.5610676657535
22	465716	1880	9.2876107782416
22	468628	1900	11.747048523665
22	471139	1920	12.137474532839
22	473227	1940	12.937717091598
22	474750	1960	17.193872009604
22	475888	1980	30.764922673639
22	476464	2000	11.390238787135
23	34597	240	1656.3447030825
23	39979	260	1745.7576597979
23	45343	280	1836.2092587328
23	50569	300	1703.8062697064
23	55901	320	1701.1602141889
23	61260	340	1701.1669421118
23	66564	360	1520.0027816005
23	71830	380	1699.5219116941
23	77161	400	1612.6785130199
23	82470	420	1699.3317381535
23	87744	440	1568.1860453646
23	93139	460	1659.2102674341
23	98484	480	1664.4082912324
23	103698	500	1707.5214426943
23	108876	520	1704.3509919974
23	114139	540	1661.8814604247
23	119574	560	1703.4338902366
23	124852	580	1793.382687853
23	130160	600	1524.3060966535
23	135524	620	1570.7859721248
23	140848	640	1659.4324250132
23	146116	660	1752.772978053
23	151447	680	1713.0105909424
23	156626	700	1655.7530825974
23	161878	720	1658.0407266541
23	167249	740	1657.8251581544
23	172623	760	1570.0961969708
23	177947	780	1703.1496892358
23	183346	800	1524.6313733909
23	188738	820	1532.2240129885
23	194081	840	1702.2957755166
23	199416	860	1710.0759900163
23	204812	880	1612.5077916625
23	210156	900	1695.6030901752
23	215517	920	1608.5752268571
23	220886	940	1746.2905358269
23	226341	960	1749.7499210524
23	231635	980	1612.0634836508
23	236944	1000	1750.0312355916
23	242279	1020	1796.223435283
23	247504	1040	1654.8212414605
23	252835	1060	1617.604542154
23	258086	1080	1750.4164870515
23	263281	1100	1655.9048775431
23	268621	1120	1758.2243781543
23	274037	1140	1748.8937570108
23	279402	1160	1754.9177536755
23	284670	1180	1708.9049039607
23	290001	1200	1659.4804976945
23	295318	1220	1616.2128558619
23	300602	1240	1661.5804430748
23	305951	1260	1747.3575213083
23	311219	1280	1658.8251280721
23	316574	1300	1615.5678952802
23	322054	1320	1657.4261323771
23	327395	1340	1706.3320263539
23	332652	1360	1659.1828592873
23	337754	1380	1745.4967461529
23	343187	1400	1793.0619316449
23	348498	1420	1753.6804818346
23	353844	1440	1661.6993027913
23	359128	1460	1747.4151674638
23	364492	1480	1751.8532506755
23	369776	1500	1708.4340993092
23	375050	1520	1564.2144554852
23	380450	1540	1745.0880267259
23	385955	1560	1746.7100119261
23	391186	1580	1749.362451653
23	396547	1600	1566.5637605901
23	401793	1620	1607.7942419375
23	407086	1640	1703.8759284245
23	412367	1660	1794.8806071592
23	417670	1680	1660.400173182
23	423009	1700	1752.8252198743
23	428236	1720	1619.4040734581
23	433635	1740	1797.6784967914
23	438836	1760	1662.2297692052
23	444122	1780	1705.2503471101
23	449503	1800	1702.2778400341
23	454375	1820	1609.4088661794
23	458714	1840	1530.9512587974
23	462432	1860	1347.3844259989
23	465716	1880	1169.646844754
23	468628	1900	992.99035486342
23	471139	1920	946.75424726905
23	473227	1940	681.88912631807
23	474750	1960	503.2065226889
23	475888	1980	512.6532073029
23	476464	2000	277.28783973313
24	34597	240	44.766073056284
24	39979	260	44.763016917895
24	45343	280	44.78559167641
24	50569	300	44.837007097536
24	55901	320	44.767374057603
24	61260	340	44.767551108206
24	66564	360	44.705964164719
24	71830	380	44.724260834055
24	77161	400	44.796625361664
24	82470	420	44.719256267197
24	87744	440	44.805315581847
24	93139	460	44.843520741463
24	98484	480	44.984007871145
24	103698	500	44.934774807744
24	108876	520	44.851341894668
24	114139	540	44.915715146614
24	119574	560	44.827207637805
24	124852	580	44.834567196325
24	130160	600	44.832532254514
24	135524	620	44.879599203565
24	140848	640	44.849525000357
24	146116	660	44.942896873155
24	151447	680	45.079226077432
24	156626	700	44.750083313445
24	161878	720	44.811911531192
24	167249	740	44.806085355524
24	172623	760	44.859891342024
24	177947	780	44.819728664101
24	183346	800	44.842099217379
24	188738	820	45.065412146721
24	194081	840	44.797257250436
24	199416	860	45.001999737271
24	204812	880	44.791883101735
24	210156	900	44.621133951979
24	215517	920	44.682645190474
24	220886	940	44.776680405819
24	226341	960	44.865382591087
24	231635	980	44.779541212522
24	236944	1000	44.8725957844
24	242279	1020	44.905585882075
24	247504	1040	44.724898417852
24	252835	1060	44.933459504277
24	258086	1080	44.882474026961
24	263281	1100	44.754185879543
24	268621	1120	45.082676362931
24	274037	1140	44.843429666945
24	279402	1160	44.997891119884
24	284670	1180	44.971181683177
24	290001	1200	44.850824262013
24	295318	1220	44.894801551719
24	300602	1240	44.907579542563
24	305951	1260	44.804039007905
24	311219	1280	44.833111569515
24	316574	1300	44.876885980005
24	322054	1320	44.795300875056
24	327395	1340	44.903474377734
24	332652	1360	44.842779980739
24	337754	1380	44.756326824433
24	343187	1400	44.826548291122
24	348498	1420	44.966166200887
24	353844	1440	44.910791967332
24	359128	1460	44.805517114457
24	364492	1480	44.919314119885
24	369776	1500	44.958792087084
24	375050	1520	44.691841585292
24	380450	1540	44.745846839126
24	385955	1560	44.787436203234
24	391186	1580	44.855447478282
24	396547	1600	44.75896458829
24	401793	1620	44.660951164931
24	407086	1640	44.838840221696
24	412367	1660	44.87201517898
24	417670	1680	44.875680356269
24	423009	1700	44.944236407034
24	428236	1720	44.983446484949
24	433635	1740	44.941962419785
24	438836	1760	44.925128897437
24	444122	1780	44.875009134476
24	449503	1800	44.796785264055
24	454375	1820	44.705801838318
24	458714	1840	45.027978199923
24	462432	1860	44.912814199964
24	465716	1880	44.986417105923
24	468628	1900	45.135925221064
24	471139	1920	45.083535584241
24	473227	1940	45.459275087872
24	474750	1960	45.746047517173
24	475888	1980	46.604837027537
24	476464	2000	46.214639955522
25	34597	240	0.82981142631033
25	39979	260	0.79843251598935
25	45343	280	0.74946584910357
25	50569	300	0.76752014798754
25	55901	320	0.72397200665709
25	61260	340	0.86939768757774
25	66564	360	0.76004633463946
25	71830	380	0.61432757114827
25	77161	400	0.85068384549321
25	82470	420	0.64300291150755
25	87744	440	0.66101651901375
25	93139	460	0.80830314314697
25	98484	480	1.0745256495337
25	103698	500	0.91494603009132
25	108876	520	0.78224727706553
25	114139	540	0.85966355869405
25	119574	560	0.82821802169652
25	124852	580	0.80079239501665
25	130160	600	0.84248635214813
25	135524	620	0.77353790804431
25	140848	640	0.86825146208559
25	146116	660	0.92236692899426
25	151447	680	1.332648076062
25	156626	700	0.67967793061028
25	161878	720	0.69546325750674
25	167249	740	0.81619180390054
25	172623	760	1.0158657644607
25	177947	780	0.75333536887379
25	183346	800	0.69079361198694
25	188738	820	1.2593094332865
25	194081	840	0.86076094558639
25	199416	860	1.0763374975983
25	204812	880	0.82655320209555
25	210156	900	0.51767593131576
25	215517	920	0.56566445181487
25	220886	940	0.69337018269749
25	226341	960	0.90392429113073
25	231635	980	0.70230488224484
25	236944	1000	0.87911434626519
25	242279	1020	0.96155992008598
25	247504	1040	0.69330751571553
25	252835	1060	0.90818836144599
25	258086	1080	0.75163020513218
25	263281	1100	0.65718199643491
25	268621	1120	1.0112907936445
25	274037	1140	0.72840201161585
25	279402	1160	1.0635745008259
25	284670	1180	1.0656947676415
25	290001	1200	0.69186188600965
25	295318	1220	0.77519706925107
25	300602	1240	1.0368047804959
25	305951	1260	0.63412944769616
25	311219	1280	0.70173478852568
25	316574	1300	0.89080354563512
25	322054	1320	0.74998427144132
25	327395	1340	1.1980897514358
25	332652	1360	0.82759023935295
25	337754	1380	0.6072296664833
25	343187	1400	0.77634300795871
25	348498	1420	1.0210011151799
25	353844	1440	1.1183122059212
25	359128	1460	0.60984920209598
25	364492	1480	1.016846470258
25	369776	1500	0.97687469437897
25	375050	1520	0.61958773956037
25	380450	1540	0.79391852194104
25	385955	1560	0.73091038966892
25	391186	1580	0.86532075243593
25	396547	1600	0.79039638627139
25	401793	1620	0.567460290214
25	407086	1640	0.85261092950919
25	412367	1660	0.87637069700149
25	417670	1680	0.78481700062689
25	423009	1700	0.95850250653417
25	428236	1720	0.98141947563752
25	433635	1740	0.9383676990304
25	438836	1760	1.0752518852794
25	444122	1780	0.83883946209548
25	449503	1800	0.67461671335714
25	454375	1820	0.65578018592372
25	458714	1840	1.0808200058664
25	462432	1860	0.87198976055004
25	465716	1880	0.88946821460853
25	468628	1900	1.1198258007705
25	471139	1920	0.68303803010411
25	473227	1940	1.147058953096
25	474750	1960	0.88459396787219
25	475888	1980	1.490999916151
25	476464	2000	0.58232013150367
26	34597	240	0.68858700323519
26	39979	260	0.63749448258909
26	45343	280	0.56169905897253
26	50569	300	0.58908717756681
26	55901	320	0.52413546642309
26	61260	340	0.75585233916551
26	66564	360	0.57767043079888
26	71830	380	0.37739836467294
26	77161	400	0.72366300498312
26	82470	420	0.41345274420718
26	87744	440	0.43694283840906
26	93139	460	0.65335397122127
26	98484	480	1.1546053715059
26	103698	500	0.83712623797987
26	108876	520	0.61191080247643
26	114139	540	0.73902143414653
26	119574	560	0.6859450914629
26	124852	580	0.64126845991649
26	130160	600	0.70978325355586
26	135524	620	0.59836089518157
26	140848	640	0.75386060141376
26	146116	660	0.85076075170231
26	151447	680	1.7759508946319
26	156626	700	0.46196208935868
26	161878	720	0.48366914254189
26	167249	740	0.66616906075442
26	172623	760	1.0319832514033
26	177947	780	0.56751417799621
26	183346	800	0.47719581436197
26	188738	820	1.5858602487644
26	194081	840	0.74090940544677
26	199416	860	1.1585024087362
26	204812	880	0.68319019589441
26	210156	900	0.26798836986364
26	215517	920	0.31997627204702
26	220886	940	0.48076221025395
26	226341	960	0.81707912409619
26	231635	980	0.49323214762494
26	236944	1000	0.77284203380927
26	242279	1020	0.92459747991576
26	247504	1040	0.48067531134764
26	252835	1060	0.82480609986596
26	258086	1080	0.56494796526705
26	263281	1100	0.43188817643818
26	268621	1120	1.0227090693102
26	274037	1140	0.53056949052602
26	279402	1160	1.1311907188071
26	284670	1180	1.1357053377785
26	290001	1200	0.47867286931282
26	295318	1220	0.60093049617545
26	300602	1240	1.0749641528592
26	305951	1260	0.40212015643543
26	311219	1280	0.49243171342718
26	316574	1300	0.7935309569161
26	322054	1320	0.56247640740936
26	327395	1340	1.4354190524955
26	332652	1360	0.68490560427227
26	337754	1380	0.36872786785742
26	343187	1400	0.60270846600637
26	348498	1420	1.0424432771986
26	353844	1440	1.2506221899124
26	359128	1460	0.37191604929711
26	364492	1480	1.0339767440762
26	369776	1500	0.95428416851801
26	375050	1520	0.38388896701353
26	380450	1540	0.63030661948104
26	385955	1560	0.53422999772597
26	391186	1580	0.74878000459628
26	396547	1600	0.62472644743087
26	401793	1620	0.32201118096975
26	407086	1640	0.72694539711853
26	412367	1660	0.76802559856287
26	417670	1680	0.61593772447299
26	423009	1700	0.91872705503229
26	428236	1720	0.96318418716063
26	433635	1740	0.88053393858361
26	438836	1760	1.1561666167968
26	444122	1780	0.70365164316863
26	449503	1800	0.45510770994079
26	454375	1820	0.43004765225015
26	458714	1840	1.168171885081
26	462432	1860	0.76036614250412
26	465716	1880	0.79115370479888
26	468628	1900	1.2540098240714
26	471139	1920	0.46654095056851
26	473227	1940	1.3157442418777
26	474750	1960	0.78250648799587
26	475888	1980	2.2230807499623
26	476464	2000	0.33909673555445
