version 2
run statisticRVV-131-20150327-06:09:12-12316
attr c 15
attr configname statisticRVV
attr datetime 20150327-06:09:12
attr experiment statisticRVV
attr inifile omnetpp.ini
attr iterationvars "$sc=\"erlangen-medium.launchd.xml\", $p=1/15, $c=15"
attr iterationvars2 "$sc=\"erlangen-medium.launchd.xml\", $p=1/15, $c=15, $repetition=1"
attr measurement "$sc=\"erlangen-medium.launchd.xml\", $p=1/15, $c=15"
attr network RSUExampleScenario
attr p 1/15
attr processid 12316
attr repetition 1
attr replication #1
attr resultdir results
attr runnumber 131
attr sc "\"erlangen-medium.launchd.xml\""
attr seedset 131

vector 0  RSUExampleScenario.rsu[0].appl  Number_CH  ETV
vector 1  RSUExampleScenario.rsu[0].appl  Number_ON  ETV
vector 2  RSUExampleScenario.rsu[0].appl  Number_FN  ETV
vector 3  RSUExampleScenario.rsu[0].appl  Number_CH_Losts  ETV
vector 4  RSUExampleScenario.rsu[0].appl  Number_CH_Losts  ETV
vector 5  RSUExampleScenario.rsu[0].appl  Mean_Cluster_Size  ETV
vector 6  RSUExampleScenario.rsu[0].appl  StdDev_Cluster_Size  ETV
vector 7  RSUExampleScenario.rsu[0].appl  Variance_Cluster_Size  ETV
vector 8  RSUExampleScenario.rsu[0].appl  Mean_Neighbors  ETV
vector 9  RSUExampleScenario.rsu[0].appl  StdDev_Neighbors  ETV
vector 10  RSUExampleScenario.rsu[0].appl  Variance_Neighbors  ETV
vector 11  RSUExampleScenario.rsu[0].appl  Total_CH_Utility  ETV
vector 12  RSUExampleScenario.rsu[0].appl  Mean_CH_Utility  ETV
vector 13  RSUExampleScenario.rsu[0].appl  StdDev_CH_Utility  ETV
vector 14  RSUExampleScenario.rsu[0].appl  Variance_CH_Utility  ETV
vector 15  RSUExampleScenario.rsu[0].appl  Total_exp_CH_Utility  ETV
vector 16  RSUExampleScenario.rsu[0].appl  Mean_exp_CH_Utility  ETV
vector 17  RSUExampleScenario.rsu[0].appl  StdDev_exp_CH_Utility  ETV
vector 18  RSUExampleScenario.rsu[0].appl  Variance_exp_CH_Utility  ETV
vector 19  RSUExampleScenario.rsu[0].appl  Total_ON_Utility  ETV
vector 20  RSUExampleScenario.rsu[0].appl  Mean_ON_Utility  ETV
vector 21  RSUExampleScenario.rsu[0].appl  StdDev_ON_Utility  ETV
vector 22  RSUExampleScenario.rsu[0].appl  Variance_ON_Utility  ETV
vector 23  RSUExampleScenario.rsu[0].appl  Total_exp_ON_Utility  ETV
vector 24  RSUExampleScenario.rsu[0].appl  Mean_exp_ON_Utility  ETV
vector 25  RSUExampleScenario.rsu[0].appl  StdDev_exp_ON_Utility  ETV
vector 26  RSUExampleScenario.rsu[0].appl  Variance_exp_ON_Utility  ETV
0	145111	240	10
0	170942	260	4
0	198240	280	6
0	225694	300	5
0	252793	320	8
0	280367	340	6
0	307995	360	4
0	336082	380	9
0	364595	400	8
0	393779	420	8
0	423069	440	8
0	452973	460	7
0	483645	480	9
0	515286	500	7
0	547629	520	7
0	580529	540	4
0	614398	560	11
0	649152	580	5
0	684973	600	6
0	721076	620	5
0	759041	640	8
0	797829	660	7
0	837697	680	8
0	878693	700	9
0	921220	720	5
0	965175	740	8
0	1009963	760	4
0	1056472	780	11
0	1103745	800	9
0	1151516	820	8
0	1200901	840	9
0	1252113	860	4
0	1304165	880	10
0	1357173	900	8
0	1412384	920	11
0	1468043	940	12
0	1525389	960	8
0	1584518	980	5
0	1644712	1000	9
0	1706433	1020	13
0	1769806	1040	18
0	1834572	1060	6
0	1901871	1080	7
0	1970380	1100	5
0	2040374	1120	15
0	2112114	1140	7
0	2187136	1160	5
0	2263379	1180	13
0	2341027	1200	11
0	2421319	1220	10
0	2503529	1240	8
0	2587332	1260	11
0	2672351	1280	14
0	2760431	1300	7
0	2850424	1320	17
0	2942288	1340	6
0	3036779	1360	10
0	3132778	1380	6
0	3230830	1400	12
0	3330610	1420	10
0	3432593	1440	13
0	3536930	1460	13
0	3643921	1480	15
0	3752889	1500	9
0	3864414	1520	12
0	3978568	1540	6
0	4095033	1560	11
0	4214191	1580	12
0	4335775	1600	11
0	4458343	1620	16
0	4583710	1640	7
0	4711475	1660	16
0	4841586	1680	8
0	4974831	1700	9
0	5110877	1720	14
0	5249480	1740	10
0	5390086	1760	8
0	5533227	1780	8
0	5679467	1800	9
0	5828496	1820	13
0	5979155	1840	15
0	6131993	1860	11
0	6287793	1880	17
0	6446045	1900	13
0	6607557	1920	16
0	6771568	1940	15
0	6937981	1960	15
0	7106131	1980	14
0	7277640	2000	11
1	145111	240	61
1	170942	260	43
1	198240	280	60
1	225694	300	64
1	252793	320	76
1	280367	340	69
1	307995	360	54
1	336082	380	73
1	364595	400	71
1	393779	420	70
1	423069	440	69
1	452973	460	69
1	483645	480	62
1	515286	500	69
1	547629	520	64
1	580529	540	39
1	614398	560	84
1	649152	580	68
1	684973	600	72
1	721076	620	54
1	759041	640	75
1	797829	660	69
1	837697	680	94
1	878693	700	90
1	921220	720	73
1	965175	740	96
1	1009963	760	51
1	1056472	780	76
1	1103745	800	94
1	1151516	820	89
1	1200901	840	99
1	1252113	860	58
1	1304165	880	97
1	1357173	900	96
1	1412384	920	109
1	1468043	940	105
1	1525389	960	95
1	1584518	980	75
1	1644712	1000	105
1	1706433	1020	95
1	1769806	1040	117
1	1834572	1060	74
1	1901871	1080	93
1	1970380	1100	72
1	2040374	1120	122
1	2112114	1140	74
1	2187136	1160	62
1	2263379	1180	122
1	2341027	1200	90
1	2421319	1220	120
1	2503529	1240	97
1	2587332	1260	113
1	2672351	1280	115
1	2760431	1300	96
1	2850424	1320	134
1	2942288	1340	70
1	3036779	1360	108
1	3132778	1380	74
1	3230830	1400	137
1	3330610	1420	120
1	3432593	1440	125
1	3536930	1460	136
1	3643921	1480	124
1	3752889	1500	115
1	3864414	1520	121
1	3978568	1540	70
1	4095033	1560	118
1	4214191	1580	116
1	4335775	1600	116
1	4458343	1620	144
1	4583710	1640	93
1	4711475	1660	134
1	4841586	1680	101
1	4974831	1700	110
1	5110877	1720	113
1	5249480	1740	128
1	5390086	1760	113
1	5533227	1780	118
1	5679467	1800	110
1	5828496	1820	137
1	5979155	1840	150
1	6131993	1860	137
1	6287793	1880	152
1	6446045	1900	149
1	6607557	1920	153
1	6771568	1940	155
1	6937981	1960	144
1	7106131	1980	149
1	7277640	2000	131
2	145111	240	8
2	170942	260	39
2	198240	280	27
2	225694	300	26
2	252793	320	10
2	280367	340	19
2	307995	360	36
2	336082	380	15
2	364595	400	19
2	393779	420	20
2	423069	440	22
2	452973	460	26
2	483645	480	31
2	515286	500	28
2	547629	520	34
2	580529	540	64
2	614398	560	12
2	649152	580	36
2	684973	600	33
2	721076	620	51
2	759041	640	28
2	797829	660	37
2	837697	680	14
2	878693	700	16
2	921220	720	38
2	965175	740	14
2	1009963	760	65
2	1056472	780	33
2	1103745	800	17
2	1151516	820	26
2	1200901	840	16
2	1252113	860	63
2	1304165	880	21
2	1357173	900	23
2	1412384	920	10
2	1468043	940	13
2	1525389	960	30
2	1584518	980	53
2	1644712	1000	19
2	1706433	1020	27
2	1769806	1040	3
2	1834572	1060	58
2	1901871	1080	40
2	1970380	1100	65
2	2040374	1120	6
2	2112114	1140	64
2	2187136	1160	79
2	2263379	1180	12
2	2341027	1200	45
2	2421319	1220	18
2	2503529	1240	44
2	2587332	1260	28
2	2672351	1280	23
2	2760431	1300	50
2	2850424	1320	3
2	2942288	1340	81
2	3036779	1360	40
2	3132778	1380	78
2	3230830	1400	9
2	3330610	1420	28
2	3432593	1440	25
2	3536930	1460	15
2	3643921	1480	27
2	3752889	1500	41
2	3864414	1520	31
2	3978568	1540	91
2	4095033	1560	39
2	4214191	1580	44
2	4335775	1600	45
2	4458343	1620	13
2	4583710	1640	74
2	4711475	1660	25
2	4841586	1680	68
2	4974831	1700	60
2	5110877	1720	53
2	5249480	1740	42
2	5390086	1760	61
2	5533227	1780	58
2	5679467	1800	66
2	5828496	1820	37
2	5979155	1840	21
2	6131993	1860	41
2	6287793	1880	21
2	6446045	1900	29
2	6607557	1920	24
2	6771568	1940	25
2	6937981	1960	34
2	7106131	1980	34
2	7277640	2000	55
3	145111	240	0
3	170942	260	0
3	198240	280	0
3	225694	300	1
3	252793	320	1
3	280367	340	0
3	307995	360	0
3	336082	380	0
3	364595	400	0
3	393779	420	0
3	423069	440	0
3	452973	460	2
3	483645	480	0
3	515286	500	0
3	547629	520	0
3	580529	540	0
3	614398	560	0
3	649152	580	0
3	684973	600	0
3	721076	620	0
3	759041	640	0
3	797829	660	0
3	837697	680	0
3	878693	700	0
3	921220	720	0
3	965175	740	1
3	1009963	760	0
3	1056472	780	0
3	1103745	800	0
3	1151516	820	0
3	1200901	840	0
3	1252113	860	1
3	1304165	880	0
3	1357173	900	0
3	1412384	920	0
3	1468043	940	0
3	1525389	960	0
3	1584518	980	0
3	1644712	1000	0
3	1706433	1020	0
3	1769806	1040	0
3	1834572	1060	0
3	1901871	1080	0
3	1970380	1100	1
3	2040374	1120	0
3	2112114	1140	1
3	2187136	1160	1
3	2263379	1180	1
3	2341027	1200	0
3	2421319	1220	0
3	2503529	1240	0
3	2587332	1260	0
3	2672351	1280	0
3	2760431	1300	1
3	2850424	1320	0
3	2942288	1340	0
3	3036779	1360	1
3	3132778	1380	0
3	3230830	1400	0
3	3330610	1420	0
3	3432593	1440	0
3	3536930	1460	0
3	3643921	1480	2
3	3752889	1500	1
3	3864414	1520	0
3	3978568	1540	0
3	4095033	1560	0
3	4214191	1580	0
3	4335775	1600	0
3	4458343	1620	1
3	4583710	1640	0
3	4711475	1660	0
3	4841586	1680	0
3	4974831	1700	0
3	5110877	1720	1
3	5249480	1740	0
3	5390086	1760	1
3	5533227	1780	0
3	5679467	1800	0
3	5828496	1820	0
3	5979155	1840	0
3	6131993	1860	0
3	6287793	1880	0
3	6446045	1900	0
3	6607557	1920	0
3	6771568	1940	1
3	6937981	1960	0
3	7106131	1980	0
3	7277640	2000	0
4	145111	240	7
4	170942	260	38
4	198240	280	26
4	225694	300	25
4	252793	320	9
4	280367	340	19
4	307995	360	36
4	336082	380	14
4	364595	400	19
4	393779	420	20
4	423069	440	22
4	452973	460	24
4	483645	480	31
4	515286	500	28
4	547629	520	34
4	580529	540	64
4	614398	560	12
4	649152	580	36
4	684973	600	33
4	721076	620	50
4	759041	640	28
4	797829	660	37
4	837697	680	14
4	878693	700	16
4	921220	720	38
4	965175	740	13
4	1009963	760	65
4	1056472	780	33
4	1103745	800	17
4	1151516	820	26
4	1200901	840	16
4	1252113	860	62
4	1304165	880	20
4	1357173	900	23
4	1412384	920	10
4	1468043	940	13
4	1525389	960	30
4	1584518	980	53
4	1644712	1000	19
4	1706433	1020	27
4	1769806	1040	3
4	1834572	1060	58
4	1901871	1080	39
4	1970380	1100	64
4	2040374	1120	6
4	2112114	1140	63
4	2187136	1160	77
4	2263379	1180	10
4	2341027	1200	45
4	2421319	1220	18
4	2503529	1240	44
4	2587332	1260	27
4	2672351	1280	23
4	2760431	1300	49
4	2850424	1320	3
4	2942288	1340	80
4	3036779	1360	39
4	3132778	1380	77
4	3230830	1400	9
4	3330610	1420	28
4	3432593	1440	25
4	3536930	1460	14
4	3643921	1480	25
4	3752889	1500	40
4	3864414	1520	31
4	3978568	1540	91
4	4095033	1560	39
4	4214191	1580	44
4	4335775	1600	45
4	4458343	1620	12
4	4583710	1640	74
4	4711475	1660	24
4	4841586	1680	68
4	4974831	1700	60
4	5110877	1720	52
4	5249480	1740	42
4	5390086	1760	60
4	5533227	1780	56
4	5679467	1800	66
4	5828496	1820	37
4	5979155	1840	21
4	6131993	1860	41
4	6287793	1880	21
4	6446045	1900	28
4	6607557	1920	23
4	6771568	1940	24
4	6937981	1960	34
4	7106131	1980	34
4	7277640	2000	55
5	145111	240	6.1
5	170942	260	10.75
5	198240	280	10
5	225694	300	12.8
5	252793	320	9.5
5	280367	340	11.5
5	307995	360	13.5
5	336082	380	8.1111111111111
5	364595	400	8.875
5	393779	420	8.75
5	423069	440	8.625
5	452973	460	9.8571428571429
5	483645	480	6.8888888888889
5	515286	500	9.8571428571429
5	547629	520	9.1428571428571
5	580529	540	9.75
5	614398	560	7.6363636363636
5	649152	580	13.6
5	684973	600	12
5	721076	620	10.8
5	759041	640	9.375
5	797829	660	9.8571428571429
5	837697	680	11.75
5	878693	700	10
5	921220	720	14.6
5	965175	740	12
5	1009963	760	12.75
5	1056472	780	6.9090909090909
5	1103745	800	10.444444444444
5	1151516	820	11.125
5	1200901	840	11
5	1252113	860	14.5
5	1304165	880	9.7
5	1357173	900	12
5	1412384	920	9.9090909090909
5	1468043	940	8.75
5	1525389	960	11.875
5	1584518	980	15
5	1644712	1000	11.666666666667
5	1706433	1020	7.3076923076923
5	1769806	1040	6.5
5	1834572	1060	12.333333333333
5	1901871	1080	13.285714285714
5	1970380	1100	14.4
5	2040374	1120	8.1333333333333
5	2112114	1140	10.571428571429
5	2187136	1160	12.4
5	2263379	1180	9.3846153846154
5	2341027	1200	8.1818181818182
5	2421319	1220	12
5	2503529	1240	12.125
5	2587332	1260	10.272727272727
5	2672351	1280	8.2142857142857
5	2760431	1300	13.714285714286
5	2850424	1320	7.8823529411765
5	2942288	1340	11.666666666667
5	3036779	1360	10.8
5	3132778	1380	12.333333333333
5	3230830	1400	11.416666666667
5	3330610	1420	12
5	3432593	1440	9.6153846153846
5	3536930	1460	10.461538461538
5	3643921	1480	8.2666666666667
5	3752889	1500	12.777777777778
5	3864414	1520	10.083333333333
5	3978568	1540	11.666666666667
5	4095033	1560	10.727272727273
5	4214191	1580	9.6666666666667
5	4335775	1600	10.545454545455
5	4458343	1620	9
5	4583710	1640	13.285714285714
5	4711475	1660	8.375
5	4841586	1680	12.625
5	4974831	1700	12.222222222222
5	5110877	1720	8.0714285714286
5	5249480	1740	12.8
5	5390086	1760	14.125
5	5533227	1780	14.75
5	5679467	1800	12.222222222222
5	5828496	1820	10.538461538462
5	5979155	1840	10
5	6131993	1860	12.454545454545
5	6287793	1880	8.9411764705882
5	6446045	1900	11.461538461538
5	6607557	1920	9.5625
5	6771568	1940	10.333333333333
5	6937981	1960	9.6
5	7106131	1980	10.642857142857
5	7277640	2000	11.909090909091
6	145111	240	4.0947120370872
6	170942	260	4.4253060157839
6	198240	280	4.8579831205964
6	225694	300	3.8340579025362
6	252793	320	4.3424811867345
6	280367	340	3.6193922141708
6	307995	360	1.7320508075689
6	336082	380	3.8550111687401
6	364595	400	4.853202182948
6	393779	420	4.4641428548571
6	423069	440	5.0409041139179
6	452973	460	5.3674504012169
6	483645	480	3.4075080500435
6	515286	500	4.5250624831256
6	547629	520	4.6700667885507
6	580529	540	4.3493294502333
6	614398	560	4.0809980953862
6	649152	580	1.5165750888103
6	684973	600	3.0331501776206
6	721076	620	3.4205262752974
6	759041	640	4.8088460154178
6	797829	660	4.0999419275794
6	837697	680	3.6154430670982
6	878693	700	4.5825756949558
6	921220	720	0.54772255750517
6	965175	740	2.8284271247462
6	1009963	760	0.95742710775634
6	1056472	780	3.6456699097572
6	1103745	800	4.8762462794426
6	1151516	820	4.0155946010523
6	1200901	840	4.2720018726588
6	1252113	860	1
6	1304165	880	4.3217794688968
6	1357173	900	3.5456210417117
6	1412384	920	5.0290067698214
6	1468043	940	4.3510709235564
6	1525389	960	3.2265638511758
6	1584518	980	0
6	1644712	1000	4.3874821936961
6	1706433	1020	5.0230239130198
6	1769806	1040	2.8127859331777
6	1834572	1060	2.3380903889
6	1901871	1080	1.3801311186847
6	1970380	1100	0.54772255750517
6	2040374	1120	4.2403953095145
6	2112114	1140	4.5039665058384
6	2187136	1160	3.9749213828704
6	2263379	1180	3.9059455009524
6	2341027	1200	5.0954525180436
6	2421319	1220	2.2607766610418
6	2503529	1240	1.5526475085203
6	2587332	1260	5.1979016745396
6	2672351	1280	4.5771770176113
6	2760431	1300	0.95118973121134
6	2850424	1320	3.822341444409
6	2942288	1340	3.9832984656772
6	3036779	1360	3.9101008796307
6	3132778	1380	4.2268979957726
6	3230830	1400	3.3967453227875
6	3330610	1420	2.7080128015453
6	3432593	1440	5.1887452166277
6	3536930	1460	4.3896731961765
6	3643921	1480	4.9636775920778
6	3752889	1500	2.9907264074877
6	3864414	1520	4.9810245994781
6	3978568	1540	5.0464508980735
6	4095033	1560	3.4377582547616
6	4214191	1580	5.2800367308181
6	4335775	1600	3.72461102301
6	4458343	1620	3.9157800414902
6	4583710	1640	1.6035674514745
6	4711475	1660	3.5
6	4841586	1680	3.502550091413
6	4974831	1700	3.2317865716109
6	5110877	1720	5.0301290045284
6	5249480	1740	2.8205594401742
6	5390086	1760	0.99103120896511
6	5533227	1780	0.46291004988628
6	5679467	1800	3.456073558888
6	5828496	1820	3.7106914139053
6	5979155	1840	5.2915026221292
6	6131993	1860	2.5831622621754
6	6287793	1880	5.067921026359
6	6446045	1900	4.0541210435676
6	6607557	1920	4.7041648213755
6	6771568	1940	3.1091263510296
6	6937981	1960	4.1884194086621
6	7106131	1980	3.8949107397127
6	7277640	2000	5.2240701651977
7	145111	240	16.766666666667
7	170942	260	19.583333333333
7	198240	280	23.6
7	225694	300	14.7
7	252793	320	18.857142857143
7	280367	340	13.1
7	307995	360	3
7	336082	380	14.861111111111
7	364595	400	23.553571428571
7	393779	420	19.928571428571
7	423069	440	25.410714285714
7	452973	460	28.809523809524
7	483645	480	11.611111111111
7	515286	500	20.47619047619
7	547629	520	21.809523809524
7	580529	540	18.916666666667
7	614398	560	16.654545454545
7	649152	580	2.3
7	684973	600	9.2
7	721076	620	11.7
7	759041	640	23.125
7	797829	660	16.809523809524
7	837697	680	13.071428571429
7	878693	700	21
7	921220	720	0.3
7	965175	740	8
7	1009963	760	0.91666666666667
7	1056472	780	13.290909090909
7	1103745	800	23.777777777778
7	1151516	820	16.125
7	1200901	840	18.25
7	1252113	860	1
7	1304165	880	18.677777777778
7	1357173	900	12.571428571429
7	1412384	920	25.290909090909
7	1468043	940	18.931818181818
7	1525389	960	10.410714285714
7	1584518	980	0
7	1644712	1000	19.25
7	1706433	1020	25.230769230769
7	1769806	1040	7.9117647058824
7	1834572	1060	5.4666666666667
7	1901871	1080	1.9047619047619
7	1970380	1100	0.3
7	2040374	1120	17.980952380952
7	2112114	1140	20.285714285714
7	2187136	1160	15.8
7	2263379	1180	15.25641025641
7	2341027	1200	25.963636363636
7	2421319	1220	5.1111111111111
7	2503529	1240	2.4107142857143
7	2587332	1260	27.018181818182
7	2672351	1280	20.950549450549
7	2760431	1300	0.9047619047619
7	2850424	1320	14.610294117647
7	2942288	1340	15.866666666667
7	3036779	1360	15.288888888889
7	3132778	1380	17.866666666667
7	3230830	1400	11.537878787879
7	3330610	1420	7.3333333333333
7	3432593	1440	26.923076923077
7	3536930	1460	19.269230769231
7	3643921	1480	24.638095238095
7	3752889	1500	8.9444444444444
7	3864414	1520	24.810606060606
7	3978568	1540	25.466666666667
7	4095033	1560	11.818181818182
7	4214191	1580	27.878787878788
7	4335775	1600	13.872727272727
7	4458343	1620	15.333333333333
7	4583710	1640	2.5714285714286
7	4711475	1660	12.25
7	4841586	1680	12.267857142857
7	4974831	1700	10.444444444444
7	5110877	1720	25.302197802198
7	5249480	1740	7.9555555555556
7	5390086	1760	0.98214285714286
7	5533227	1780	0.21428571428571
7	5679467	1800	11.944444444444
7	5828496	1820	13.769230769231
7	5979155	1840	28
7	6131993	1860	6.6727272727273
7	6287793	1880	25.683823529412
7	6446045	1900	16.435897435897
7	6607557	1920	22.129166666667
7	6771568	1940	9.6666666666667
7	6937981	1960	17.542857142857
7	7106131	1980	15.17032967033
7	7277640	2000	27.290909090909
8	145111	240	22.730769230769
8	170942	260	22.588235294118
8	198240	280	22.565217391304
8	225694	300	22.484210526316
8	252793	320	22.085106382979
8	280367	340	22.31914893617
8	307995	360	22.425531914894
8	336082	380	22.270833333333
8	364595	400	21.775510204082
8	393779	420	22.336734693878
8	423069	440	21.929292929293
8	452973	460	21.901960784314
8	483645	480	22.382352941176
8	515286	500	22.423076923077
8	547629	520	22.885714285714
8	580529	540	23.299065420561
8	614398	560	23.383177570093
8	649152	580	23.908256880734
8	684973	600	24.162162162162
8	721076	620	24.697247706422
8	759041	640	25.261261261261
8	797829	660	25.823008849558
8	837697	680	26.051724137931
8	878693	700	26.834782608696
8	921220	720	27.629310344828
8	965175	740	27.898305084746
8	1009963	760	28.383333333333
8	1056472	780	28.75
8	1103745	800	29.141666666667
8	1151516	820	28.756097560976
8	1200901	840	29.693548387097
8	1252113	860	29.808
8	1304165	880	30.346456692913
8	1357173	900	30.944881889764
8	1412384	920	31.315384615385
8	1468043	940	31.623076923077
8	1525389	960	31.744360902256
8	1584518	980	32.661654135338
8	1644712	1000	32.932330827068
8	1706433	1020	33.2
8	1769806	1040	33.507246376812
8	1834572	1060	34.768115942029
8	1901871	1080	35.251798561151
8	1970380	1100	35.774647887324
8	2040374	1120	35.587412587413
8	2112114	1140	36.765517241379
8	2187136	1160	37.675862068966
8	2263379	1180	38.424657534247
8	2341027	1200	39.157534246575
8	2421319	1220	39.817567567568
8	2503529	1240	40.295302013423
8	2587332	1260	41.013245033113
8	2672351	1280	41.315789473684
8	2760431	1300	42.254901960784
8	2850424	1320	43.116883116883
8	2942288	1340	43.858974358974
8	3036779	1360	44.430379746835
8	3132778	1380	45.184713375796
8	3230830	1400	45.556962025316
8	3330610	1420	46.53164556962
8	3432593	1440	46.699386503067
8	3536930	1460	47.631901840491
8	3643921	1480	47.722891566265
8	3752889	1500	48.836363636364
8	3864414	1520	50.243902439024
8	3978568	1540	50.299401197605
8	4095033	1560	51.172619047619
8	4214191	1580	51.133720930233
8	4335775	1600	51.895348837209
8	4458343	1620	52.219653179191
8	4583710	1640	52.850574712644
8	4711475	1660	53.580459770115
8	4841586	1680	53.293785310734
8	4974831	1700	54.223463687151
8	5110877	1720	54.961111111111
8	5249480	1740	55.922222222222
8	5390086	1760	55.901098901099
8	5533227	1780	56.983516483516
8	5679467	1800	56.918918918919
8	5828496	1820	57.877005347594
8	5979155	1840	58.279569892473
8	6131993	1860	58.428571428571
8	6287793	1880	59.094736842105
8	6446045	1900	60.084210526316
8	6607557	1920	60.463541666667
8	6771568	1940	60.748717948718
8	6937981	1960	62.072538860104
8	7106131	1980	61.97461928934
8	7277640	2000	62.248730964467
9	145111	240	4.9770201195825
9	170942	260	4.4328162542539
9	198240	280	5.4071672985011
9	225694	300	4.6169510937431
9	252793	320	4.8916421467424
9	280367	340	4.291057883847
9	307995	360	4.1826301384792
9	336082	380	4.7494690377295
9	364595	400	4.8344353549226
9	393779	420	4.3999622246528
9	423069	440	4.0311352663692
9	452973	460	4.2578054216166
9	483645	480	4.0785459398063
9	515286	500	4.7207295546352
9	547629	520	3.6117178038304
9	580529	540	3.4809859622332
9	614398	560	4.0414009802624
9	649152	580	3.0475894676007
9	684973	600	4.0822020362022
9	721076	620	3.312447308193
9	759041	640	3.5180358975679
9	797829	660	4.6005242102232
9	837697	680	5.2500017848216
9	878693	700	5.872819393423
9	921220	720	5.957137001897
9	965175	740	7.545179964219
9	1009963	760	7.2716594263156
9	1056472	780	7.3292896923889
9	1103745	800	8.0547452826658
9	1151516	820	8.7359643526477
9	1200901	840	8.174098910439
9	1252113	860	8.983583594176
9	1304165	880	9.3794591111827
9	1357173	900	9.4333981880777
9	1412384	920	10.57203757717
9	1468043	940	10.749627997613
9	1525389	960	11.081416422523
9	1584518	980	12.218271971534
9	1644712	1000	11.695113903809
9	1706433	1020	12.177664898824
9	1769806	1040	13.007716057546
9	1834572	1060	13.517379920978
9	1901871	1080	14.172893870159
9	1970380	1100	14.988598203844
9	2040374	1120	14.860538855948
9	2112114	1140	15.960460603692
9	2187136	1160	16.085657327182
9	2263379	1180	16.588253266503
9	2341027	1200	16.919153951361
9	2421319	1220	18.114164473893
9	2503529	1240	18.576904927859
9	2587332	1260	19.056752698179
9	2672351	1280	19.241725168292
9	2760431	1300	19.91941971378
9	2850424	1320	20.523841723967
9	2942288	1340	20.714790950009
9	3036779	1360	21.821618185576
9	3132778	1380	21.876641815618
9	3230830	1400	22.22596566963
9	3330610	1420	23.152683707941
9	3432593	1440	24.049623330467
9	3536930	1460	24.060355450104
9	3643921	1480	24.509398693469
9	3752889	1500	24.922634170836
9	3864414	1520	25.37525047807
9	3978568	1540	25.671585475854
9	4095033	1560	25.943743150679
9	4214191	1580	26.300770942229
9	4335775	1600	26.683560030494
9	4458343	1620	27.001900576862
9	4583710	1640	26.925299676579
9	4711475	1660	27.156405642453
9	4841586	1680	27.529191444951
9	4974831	1700	27.837919883517
9	5110877	1720	28.1250924545
9	5249480	1740	27.972144075779
9	5390086	1760	28.931068751728
9	5533227	1780	28.466608387563
9	5679467	1800	29.601316783999
9	5828496	1820	29.801689632676
9	5979155	1840	29.939710804503
9	6131993	1860	30.181568078411
9	6287793	1880	30.447829849153
9	6446045	1900	30.371304738023
9	6607557	1920	30.783634802994
9	6771568	1940	30.615733370135
9	6937981	1960	31.241247478957
9	7106131	1980	31.569559826436
9	7277640	2000	31.35842921074
10	145111	240	24.770729270729
10	170942	260	19.649859943978
10	198240	280	29.23745819398
10	225694	300	21.316237402016
10	252793	320	23.928162891787
10	280367	340	18.413177762526
10	307995	360	17.494394875315
10	336082	380	22.557456140351
10	364595	400	23.371765200926
10	393779	420	19.359667578372
10	423069	440	16.250051535766
10	452973	460	18.128907008348
10	483645	480	16.63453698311
10	515286	500	22.285287528006
10	547629	520	13.044505494505
10	580529	540	12.117263269265
10	614398	560	16.332921883266
10	649152	580	9.2878015630309
10	684973	600	16.664373464373
10	721076	620	10.972307169555
10	759041	640	12.376576576577
10	797829	660	21.16482300885
10	837697	680	27.56251874063
10	878693	700	34.490007627765
10	921220	720	35.48748125937
10	965175	740	56.929740692453
10	1009963	760	52.877030812325
10	1056472	780	53.718487394958
10	1103745	800	64.878921568627
10	1151516	820	76.317073170732
10	1200901	840	66.81589299764
10	1252113	860	80.704774193548
10	1304165	880	87.974253218348
10	1357173	900	88.989001374828
10	1412384	920	111.76797853309
10	1468043	940	115.55450208706
10	1525389	960	122.79778992937
10	1584518	980	149.28616997038
10	1644712	1000	136.77568922306
10	1706433	1020	148.29552238806
10	1769806	1040	169.20067703375
10	1834572	1060	182.71955992807
10	1901871	1080	200.87092065478
10	1970380	1100	224.65807611627
10	2040374	1120	220.83561508914
10	2112114	1140	254.73630268199
10	2187136	1160	258.74837164751
10	2263379	1180	275.17014643363
10	2341027	1200	286.25777042985
10	2421319	1220	328.12295458724
10	2503529	1240	345.10139669871
10	2587332	1260	363.15982339956
10	2672351	1280	370.24398745207
10	2760431	1300	396.78328173375
10	2850424	1320	421.22807911043
10	2942288	1340	429.10256410256
10	3036779	1360	476.18302023704
10	3132778	1380	478.58745712886
10	3230830	1400	493.99354994759
10	3330610	1420	536.04676287995
10	3432593	1440	578.38438233735
10	3536930	1460	578.90070438537
10	3643921	1480	600.71062431544
10	3752889	1500	621.1376940133
10	3864414	1520	643.90333682478
10	3978568	1540	659.03030084409
10	4095033	1560	673.07780866838
10	4214191	1580	691.73055215558
10	4335775	1600	712.01237590099
10	4458343	1620	729.10263476274
10	4583710	1640	724.97176267358
10	4711475	1660	737.47036741745
10	4841586	1680	757.85638161274
10	4974831	1700	774.94978344109
10	5110877	1720	791.02082557418
10	5249480	1740	782.44084419615
10	5390086	1760	837.00673911724
10	5533227	1780	810.34779309089
10	5679467	1800	876.23795534665
10	5828496	1820	888.14070496234
10	5979155	1840	896.38628305725
10	6131993	1860	910.92705167173
10	6287793	1880	927.07034252297
10	6446045	1900	922.41615148984
10	6607557	1920	947.63217168412
10	6771568	1940	937.32312979117
10	6937981	1960	976.01554404145
10	7106131	1980	996.63710763493
10	7277640	2000	983.35108256501
11	145111	240	467.27119132353
11	170942	260	184.9801181596
11	198240	280	277.21422205224
11	225694	300	232.80568720347
11	252793	320	372.91132117503
11	280367	340	274.91245914768
11	307995	360	181.83626687064
11	336082	380	420.14096021235
11	364595	400	374.7298049408
11	393779	420	375.25409975316
11	423069	440	378.87348425425
11	452973	460	329.07792164819
11	483645	480	419.9528669267
11	515286	500	326.9254503618
11	547629	520	327.05009035517
11	580529	540	192.16237803652
11	614398	560	517.92033928813
11	649152	580	233.62025485934
11	684973	600	279.72119048743
11	721076	620	232.85976948933
11	759041	640	375.54709303358
11	797829	660	322.00331972742
11	837697	680	373.460126095
11	878693	700	423.95122225203
11	921220	720	230.28215176402
11	965175	740	372.00111052743
11	1009963	760	181.41235961766
11	1056472	780	532.40189554318
11	1103745	800	422.59600519504
11	1151516	820	374.86891213866
11	1200901	840	428.96794960544
11	1252113	860	189.43170607806
11	1304165	880	476.35623139287
11	1357173	900	378.63460498225
11	1412384	920	517.58628216406
11	1468043	940	584.77710233499
11	1525389	960	377.31587978388
11	1584518	980	234.64278243868
11	1644712	1000	422.44488243203
11	1706433	1020	638.29227806493
11	1769806	1040	863.36898609438
11	1834572	1060	288.26401518968
11	1901871	1080	324.47038683258
11	1970380	1100	235.7752724084
11	2040374	1120	717.20863437471
11	2112114	1140	328.33365203283
11	2187136	1160	235.94811635178
11	2263379	1180	625.66488918107
11	2341027	1200	529.65835295376
11	2421319	1220	476.79829383245
11	2503529	1240	386.7169021552
11	2587332	1260	521.72147950838
11	2672351	1280	682.40465080603
11	2760431	1300	329.92872753496
11	2850424	1320	822.04286170021
11	2942288	1340	281.94121657498
11	3036779	1360	476.72235323011
11	3132778	1380	289.38538965213
11	3230830	1400	564.91813203061
11	3330610	1420	478.01532748677
11	3432593	1440	641.60676723698
11	3536930	1460	621.65218070549
11	3643921	1480	716.14187688856
11	3752889	1500	423.7274995637
11	3864414	1520	565.43542661249
11	3978568	1540	281.21083729237
11	4095033	1560	519.23826940976
11	4214191	1580	569.99483996317
11	4335775	1600	527.63614612963
11	4458343	1620	768.56295332476
11	4583710	1640	331.03820624303
11	4711475	1660	778.20016420011
11	4841586	1680	377.26135346447
11	4974831	1700	417.82898488089
11	5110877	1720	677.05160535435
11	5249480	1740	478.11727392427
11	5390086	1760	385.02598432041
11	5533227	1780	384.35755996659
11	5679467	1800	426.32859428872
11	5828496	1820	617.05470778734
11	5979155	1840	718.80327650488
11	6131993	1860	530.59882361185
11	6287793	1880	812.46500188426
11	6446045	1900	620.13688556596
11	6607557	1920	759.71508362363
11	6771568	1940	716.16324094673
11	6937981	1960	710.60098849106
11	7106131	1980	677.35702318317
11	7277640	2000	541.00778872162
12	145111	240	46.727119132353
12	170942	260	46.2450295399
12	198240	280	46.202370342041
12	225694	300	46.561137440694
12	252793	320	46.613915146879
12	280367	340	45.81874319128
12	307995	360	45.459066717661
12	336082	380	46.682328912484
12	364595	400	46.8412256176
12	393779	420	46.906762469145
12	423069	440	47.359185531781
12	452973	460	47.011131664027
12	483645	480	46.661429658522
12	515286	500	46.703635765971
12	547629	520	46.721441479311
12	580529	540	48.040594509129
12	614398	560	47.083667208012
12	649152	580	46.724050971867
12	684973	600	46.620198414571
12	721076	620	46.571953897867
12	759041	640	46.943386629197
12	797829	660	46.000474246774
12	837697	680	46.682515761875
12	878693	700	47.105691361336
12	921220	720	46.056430352805
12	965175	740	46.500138815929
12	1009963	760	45.353089904415
12	1056472	780	48.400172322107
12	1103745	800	46.955111688338
12	1151516	820	46.858614017332
12	1200901	840	47.663105511715
12	1252113	860	47.357926519516
12	1304165	880	47.635623139287
12	1357173	900	47.329325622781
12	1412384	920	47.053298378551
12	1468043	940	48.731425194583
12	1525389	960	47.164484972985
12	1584518	980	46.928556487736
12	1644712	1000	46.938320270226
12	1706433	1020	49.099406004995
12	1769806	1040	47.96494367191
12	1834572	1060	48.044002531613
12	1901871	1080	46.352912404654
12	1970380	1100	47.15505448168
12	2040374	1120	47.813908958314
12	2112114	1140	46.904807433261
12	2187136	1160	47.189623270357
12	2263379	1180	48.128068398544
12	2341027	1200	48.150759359433
12	2421319	1220	47.679829383245
12	2503529	1240	48.3396127694
12	2587332	1260	47.429225409853
12	2672351	1280	48.743189343288
12	2760431	1300	47.132675362137
12	2850424	1320	48.355462452954
12	2942288	1340	46.990202762497
12	3036779	1360	47.672235323011
12	3132778	1380	48.230898275355
12	3230830	1400	47.076511002551
12	3330610	1420	47.801532748677
12	3432593	1440	49.354366710537
12	3536930	1460	47.819398515807
12	3643921	1480	47.742791792571
12	3752889	1500	47.080833284855
12	3864414	1520	47.119618884374
12	3978568	1540	46.868472882061
12	4095033	1560	47.203479037251
12	4214191	1580	47.499569996931
12	4335775	1600	47.966922375421
12	4458343	1620	48.035184582798
12	4583710	1640	47.291172320433
12	4711475	1660	48.637510262507
12	4841586	1680	47.157669183058
12	4974831	1700	46.425442764543
12	5110877	1720	48.360828953882
12	5249480	1740	47.811727392427
12	5390086	1760	48.128248040051
12	5533227	1780	48.044694995824
12	5679467	1800	47.369843809858
12	5828496	1820	47.465746752872
12	5979155	1840	47.920218433659
12	6131993	1860	48.236256691986
12	6287793	1880	47.792058934368
12	6446045	1900	47.702837351227
12	6607557	1920	47.482192726477
12	6771568	1940	47.744216063115
12	6937981	1960	47.373399232738
12	7106131	1980	48.382644513084
12	7277640	2000	49.18252624742
13	145111	240	1.2117136526707
13	170942	260	1.2530620551551
13	198240	280	1.4299676351301
13	225694	300	1.659985403407
13	252793	320	1.5797846778604
13	280367	340	1.307584261824
13	307995	360	0.19907398683625
13	336082	380	1.0074659067618
13	364595	400	1.8421773211482
13	393779	420	1.9313417347463
13	423069	440	2.7162357718202
13	452973	460	2.1934528394099
13	483645	480	0.72677923916088
13	515286	500	1.0739402936735
13	547629	520	1.6350425448312
13	580529	540	1.5838544705418
13	614398	560	2.3639980911784
13	649152	580	1.7664657162648
13	684973	600	1.8822346352273
13	721076	620	1.2923453079809
13	759041	640	1.1602204617259
13	797829	660	1.5660887164393
13	837697	680	1.4726894694661
13	878693	700	1.5710105835433
13	921220	720	1.7449077729572
13	965175	740	1.6125677679999
13	1009963	760	0.38091746596722
13	1056472	780	2.3557217209016
13	1103745	800	1.5025406410378
13	1151516	820	1.7931937071009
13	1200901	840	3.4765761668758
13	1252113	860	2.0924519039731
13	1304165	880	1.4150617729678
13	1357173	900	1.4425462076534
13	1412384	920	1.9337429359367
13	1468043	940	2.3143853587742
13	1525389	960	2.0173370012261
13	1584518	980	1.9063705926686
13	1644712	1000	2.2595142642907
13	1706433	1020	2.3000038652229
13	1769806	1040	1.7189082928495
13	1834572	1060	1.3976567147362
13	1901871	1080	2.1107363960221
13	1970380	1100	1.7837656345337
13	2040374	1120	1.5057633711265
13	2112114	1140	1.8232025139558
13	2187136	1160	1.4504447017251
13	2263379	1180	1.6800815576211
13	2341027	1200	1.6181375178155
13	2421319	1220	1.4936012371213
13	2503529	1240	1.7073931517775
13	2587332	1260	2.2476540482169
13	2672351	1280	2.6313885833393
13	2760431	1300	1.580868845313
13	2850424	1320	1.3719753790827
13	2942288	1340	1.8287631358648
13	3036779	1360	2.0737217143072
13	3132778	1380	1.2484472564606
13	3230830	1400	1.4989939975147
13	3330610	1420	2.0105985748601
13	3432593	1440	2.2993514594569
13	3536930	1460	2.0098676812512
13	3643921	1480	2.286165547384
13	3752889	1500	1.6818867965948
13	3864414	1520	1.9454135190997
13	3978568	1540	2.1138699308084
13	4095033	1560	1.3485831694756
13	4214191	1580	1.476094470901
13	4335775	1600	1.8108038376917
13	4458343	1620	1.8681157710166
13	4583710	1640	1.7182941118469
13	4711475	1660	1.7922305790288
13	4841586	1680	1.9138518284125
13	4974831	1700	1.8001293133217
13	5110877	1720	2.5131967965143
13	5249480	1740	1.6312531609292
13	5390086	1760	1.292679834801
13	5533227	1780	1.6847645474389
13	5679467	1800	1.3801834077158
13	5828496	1820	1.8699212442265
13	5979155	1840	2.2558028131831
13	6131993	1860	2.000560656197
13	6287793	1880	2.0771004813055
13	6446045	1900	1.7558345577062
13	6607557	1920	1.9325020357419
13	6771568	1940	1.9930295682227
13	6937981	1960	1.3283062753395
13	7106131	1980	1.921787211886
13	7277640	2000	3.3579661940156
14	145111	240	1.4682499760685
14	170942	260	1.5701645140696
14	198240	280	2.0448074375197
14	225694	300	2.7555515395243
14	252793	320	2.4957196284025
14	280367	340	1.7097766017698
14	307995	360	0.03963045223488
14	336082	380	1.0149875532875
14	364595	400	3.3936172825527
14	393779	420	3.7300808963727
14	423069	440	7.3779367681159
14	452973	460	4.8112353587152
14	483645	480	0.52820806247526
14	515286	500	1.1533477543756
14	547629	520	2.6733641234081
14	580529	540	2.5085949838554
14	614398	560	5.5884869750952
14	649152	580	3.1204011267389
14	684973	600	3.5428072220494
14	721076	620	1.6701563950602
14	759041	640	1.3461115198074
14	797829	660	2.4526338677584
14	837697	680	2.1688142734765
14	878693	700	2.4680742536049
14	921220	720	3.0447031361263
14	965175	740	2.6003748063923
14	1009963	760	0.14509811587889
14	1056472	780	5.5494248263275
14	1103745	800	2.2576283779704
14	1151516	820	3.2155436711864
14	1200901	840	12.086581844089
14	1252113	860	4.3783549704406
14	1304165	880	2.0023998213149
14	1357173	900	2.0809395612153
14	1412384	920	3.7393617422852
14	1468043	940	5.3563795889083
14	1525389	960	4.069648576516
14	1584518	980	3.6342488365915
14	1644712	1000	5.1054047105329
14	1706433	1020	5.2900177800401
14	1769806	1040	2.9546457192267
14	1834572	1060	1.9534442922471
14	1901871	1080	4.4552081334923
14	1970380	1100	3.1818198389436
14	2040374	1120	2.2673233298262
14	2112114	1140	3.3240674068948
14	2187136	1160	2.1037898327625
14	2263379	1180	2.8226740402586
14	2341027	1200	2.6183690265622
14	2421319	1220	2.2308446555302
14	2503529	1240	2.9151913747365
14	2587332	1260	5.0519487204658
14	2672351	1280	6.9242058765287
14	2760431	1300	2.4991463060812
14	2850424	1320	1.8823164408092
14	2942288	1340	3.3443746070979
14	3036779	1360	4.3003217483893
14	3132778	1380	1.5586205521641
14	3230830	1400	2.2469830045852
14	3330610	1420	4.0425066292296
14	3432593	1440	5.2870171341067
14	3536930	1460	4.039568096138
14	3643921	1480	5.2265529100458
14	3752889	1500	2.8287431965598
14	3864414	1520	3.784633760296
14	3978568	1540	4.4684460843758
14	4095033	1560	1.8186765649927
14	4214191	1580	2.1788548870246
14	4335775	1600	3.2790105385989
14	4458343	1620	3.4898565339208
14	4583710	1640	2.9525346548076
14	4711475	1660	3.2120904484061
14	4841586	1680	3.6628288211178
14	4974831	1700	3.24046554468
14	5110877	1720	6.3161581380096
14	5249480	1740	2.6609868750414
14	5390086	1760	1.6710211553011
14	5533227	1780	2.838431580307
14	5679467	1800	1.904906238934
14	5828496	1820	3.4966054596094
14	5979155	1840	5.0886463319647
14	6131993	1860	4.0022429391232
14	6287793	1880	4.3143464094395
14	6446045	1900	3.0829549940355
14	6607557	1920	3.7345641181465
14	6771568	1940	3.9721668598098
14	6937981	1960	1.7643975611062
14	7106131	1980	3.6932660877686
14	7277640	2000	11.275936960151
15	145111	240	448.67823237337
15	170942	260	179.28452580327
15	198240	280	269.38597130882
15	225694	300	272.51712988748
15	252793	320	405.24454619211
15	280367	340	268.69462535677
15	307995	360	178.33862908567
15	336082	380	403.52106091618
15	364595	400	363.44870570398
15	393779	420	364.50169611819
15	423069	440	370.17782904938
15	452973	460	409.38091758416
15	483645	480	402.87460250625
15	515286	500	316.44175142007
15	547629	520	313.57608732086
15	580529	540	188.94989173497
15	614398	560	503.49037160467
15	649152	580	227.39487652326
15	684973	600	275.95569867889
15	721076	620	226.12060517498
15	759041	640	364.13689719653
15	797829	660	315.34781990812
15	837697	680	365.43813354684
15	878693	700	406.50908766956
15	921220	720	226.10988231327
15	965175	740	411.68483460104
15	1009963	760	178.1205929111
15	1056472	780	509.32747431589
15	1103745	800	408.3196454443
15	1151516	820	362.70403297104
15	1200901	840	413.27937657793
15	1252113	860	229.82181932253
15	1304165	880	454.10328037513
15	1357173	900	366.11138766212
15	1412384	920	504.04991874537
15	1468043	940	555.8881701455
15	1525389	960	364.69377740419
15	1584518	980	228.8065118471
15	1644712	1000	407.34636884921
15	1706433	1020	604.49117395281
15	1769806	1040	821.26648509587
15	1834572	1060	279.7922219659
15	1901871	1080	318.96979425326
15	1970380	1100	272.27068115478
15	2040374	1120	682.19678451049
15	2112114	1140	365.03367642006
15	2187136	1160	274.60482794107
15	2263379	1180	641.42020439591
15	2341027	1200	504.97969703223
15	2421319	1220	455.94081381359
15	2503529	1240	369.90404396117
15	2587332	1260	502.7177441364
15	2672351	1280	643.10392338636
15	2760431	1300	363.36346893102
15	2850424	1320	772.38551852153
15	2942288	1340	272.80684758463
15	3036779	1360	502.78292289631
15	3132778	1380	276.46004907008
15	3230830	1400	546.46369111469
15	3330610	1420	457.11333940207
15	3432593	1440	600.83718700408
15	3536930	1460	593.70697955454
15	3643921	1480	773.09480891344
15	3752889	1500	457.08820858628
15	3864414	1520	543.11520124415
15	3978568	1540	271.16713314086
15	4095033	1560	501.3836820724
15	4214191	1580	542.92670558385
15	4335775	1600	500.78721754018
15	4458343	1620	774.39597527921
15	4583710	1640	318.05054707822
15	4711475	1660	731.39916061902
15	4841586	1680	363.08212550699
15	4974831	1700	406.60337015005
15	5110877	1720	682.56011931422
15	5249480	1740	457.37738085328
15	5390086	1760	409.35773339581
15	5533227	1780	363.99498648847
15	5679467	1800	407.49271921837
15	5828496	1820	590.15291916492
15	5979155	1840	681.68911786679
15	6131993	1860	503.28383715731
15	6287793	1880	775.5920956373
15	6446045	1900	591.1734981773
15	6607557	1920	725.18010813074
15	6771568	1940	732.98929518063
15	6937981	1960	675.62007952933
15	7106131	1980	639.60070797894
15	7277640	2000	505.86439359098
16	145111	240	44.867823237337
16	170942	260	44.821131450817
16	198240	280	44.897661884803
16	225694	300	45.419521647914
16	252793	320	45.027171799123
16	280367	340	44.782437559462
16	307995	360	44.584657271418
16	336082	380	44.835673435131
16	364595	400	45.431088212998
16	393779	420	45.562712014774
16	423069	440	46.272228631173
16	452973	460	45.486768620463
16	483645	480	44.763844722916
16	515286	500	45.205964488581
16	547629	520	44.79658390298
16	580529	540	47.237472933741
16	614398	560	45.771851964061
16	649152	580	45.478975304652
16	684973	600	45.992616446481
16	721076	620	45.224121034996
16	759041	640	45.517112149566
16	797829	660	45.049688558302
16	837697	680	45.679766693355
16	878693	700	45.167676407729
16	921220	720	45.221976462654
16	965175	740	45.742759400115
16	1009963	760	44.530148227776
16	1056472	780	46.302497665081
16	1103745	800	45.368849493811
16	1151516	820	45.33800412138
16	1200901	840	45.919930730881
16	1252113	860	45.964363864506
16	1304165	880	45.410328037513
16	1357173	900	45.763923457765
16	1412384	920	45.822719885942
16	1468043	940	46.324014178792
16	1525389	960	45.586722175524
16	1584518	980	45.76130236942
16	1644712	1000	45.260707649913
16	1706433	1020	46.499321073293
16	1769806	1040	45.625915838659
16	1834572	1060	46.632036994317
16	1901871	1080	45.567113464752
16	1970380	1100	45.378446859129
16	2040374	1120	45.479785634032
16	2112114	1140	45.629209552507
16	2187136	1160	45.767471323512
16	2263379	1180	45.815728885422
16	2341027	1200	45.907245184748
16	2421319	1220	45.594081381359
16	2503529	1240	46.238005495147
16	2587332	1260	45.701613103309
16	2672351	1280	45.935994527597
16	2760431	1300	45.420433616377
16	2850424	1320	45.434442265972
16	2942288	1340	45.467807930772
16	3036779	1360	45.707538445119
16	3132778	1380	46.076674845013
16	3230830	1400	45.538640926224
16	3330610	1420	45.711333940207
16	3432593	1440	46.21824515416
16	3536930	1460	45.669767658042
16	3643921	1480	45.476165230202
16	3752889	1500	45.708820858628
16	3864414	1520	45.259600103679
16	3978568	1540	45.194522190143
16	4095033	1560	45.580334733855
16	4214191	1580	45.243892131987
16	4335775	1600	45.526110685471
16	4458343	1620	45.552704428189
16	4583710	1640	45.435792439746
16	4711475	1660	45.712447538689
16	4841586	1680	45.385265688374
16	4974831	1700	45.178152238894
16	5110877	1720	45.504007954281
16	5249480	1740	45.737738085328
16	5390086	1760	45.484192599534
16	5533227	1780	45.499373311059
16	5679467	1800	45.276968802041
16	5828496	1820	45.396378397301
16	5979155	1840	45.445941191119
16	6131993	1860	45.75307610521
16	6287793	1880	45.623064449253
16	6446045	1900	45.474884475177
16	6607557	1920	45.323756758171
16	6771568	1940	45.811830948789
16	6937981	1960	45.041338635288
16	7106131	1980	45.685764855639
16	7277640	2000	45.987672144634
17	145111	240	0.23430736659187
17	170942	260	0.34709724693634
17	198240	280	0.66624145603072
17	225694	300	0.89423464827494
17	252793	320	0.44747199891952
17	280367	340	0.25309851537298
17	307995	360	0.19279758725487
17	336082	380	0.22308075259557
17	364595	400	1.6150041336296
17	393779	420	1.6990111431592
17	423069	440	2.1145063866576
17	452973	460	1.2760095192339
17	483645	480	0.33025443216015
17	515286	500	0.94476913808182
17	547629	520	0.17702320239183
17	580529	540	1.3760209917047
17	614398	560	1.4504247351511
17	649152	580	1.4807911743577
17	684973	600	1.6678648930493
17	721076	620	0.62898533942338
17	759041	640	1.1117536614784
17	797829	660	1.1581493701459
17	837697	680	1.4283636070208
17	878693	700	0.90823939685961
17	921220	720	0.98144489232473
17	965175	740	1.3241919458028
17	1009963	760	0.27466535000204
17	1056472	780	1.3462250108884
17	1103745	800	1.1647950997401
17	1151516	820	0.80233883414688
17	1200901	840	1.555433376436
17	1252113	860	1.2853617075939
17	1304165	880	1.0765605142962
17	1357173	900	1.2694940979903
17	1412384	920	1.1403546647805
17	1468043	940	1.2111531742627
17	1525389	960	1.1190357018334
17	1584518	980	1.4965528022038
17	1644712	1000	1.1593880556619
17	1706433	1020	1.0966446839421
17	1769806	1040	1.1691686780312
17	1834572	1060	0.96046792794544
17	1901871	1080	1.4407455081099
17	1970380	1100	1.105007395959
17	2040374	1120	1.0016013755089
17	2112114	1140	0.96620323615795
17	2187136	1160	1.1823622551097
17	2263379	1180	1.0156595073448
17	2341027	1200	0.8325138942047
17	2421319	1220	0.86050287281438
17	2503529	1240	1.0355093983674
17	2587332	1260	0.98348363177337
17	2672351	1280	1.0268326476187
17	2760431	1300	0.78600188530272
17	2850424	1320	0.93511320031994
17	2942288	1340	1.358034925868
17	3036779	1360	1.1615153521106
17	3132778	1380	0.88126248399656
17	3230830	1400	0.97526494829382
17	3330610	1420	1.0557621724784
17	3432593	1440	1.0874099937864
17	3536930	1460	0.91980396919747
17	3643921	1480	1.065206767406
17	3752889	1500	1.2489301612516
17	3864414	1520	0.80297430354461
17	3978568	1540	0.701679745727
17	4095033	1560	0.86824149929671
17	4214191	1580	0.89390085259571
17	4335775	1600	0.69918980283036
17	4458343	1620	0.8894561748374
17	4583710	1640	1.0311861979772
17	4711475	1660	0.84794880499101
17	4841586	1680	0.72677280268946
17	4974831	1700	0.91140128461945
17	5110877	1720	1.1964032928304
17	5249480	1740	0.7976471641471
17	5390086	1760	0.94758113566065
17	5533227	1780	0.7034353815812
17	5679467	1800	0.53625160810155
17	5828496	1820	0.64596166273913
17	5979155	1840	0.90892051067212
17	6131993	1860	1.09087922498
17	6287793	1880	1.3162101261017
17	6446045	1900	0.61603219566309
17	6607557	1920	0.8452127915557
17	6771568	1940	0.96734742414622
17	6937981	1960	0.58173978372271
17	7106131	1980	0.93614378449855
17	7277640	2000	1.2227318192192
18	145111	240	0.054899942039218
18	170942	260	0.12047649883079
18	198240	280	0.44387767773393
18	225694	300	0.7996556061754
18	252793	320	0.20023118981703
18	280367	340	0.064058858484005
18	307995	360	0.037170909651301
18	336082	380	0.049765022178607
18	364595	400	2.6082383516407
18	393779	420	2.8866388645791
18	423069	440	4.4711372592159
18	452973	460	1.6282002931755
18	483645	480	0.10906798996142
18	515286	500	0.89258872427186
18	547629	520	0.03133721418506
18	580529	540	1.8934337696119
18	614398	560	2.1037319123381
18	649152	580	2.1927425020557
18	684973	600	2.7817733014664
18	721076	620	0.39562255720954
18	759041	640	1.2359962038106
18	797829	660	1.3413099635693
18	837697	680	2.0402225938615
18	878693	700	0.82489880200791
18	921220	720	0.9632340766703
18	965175	740	1.753484309329
18	1009963	760	0.07544105449174
18	1056472	780	1.8123217799415
18	1103745	800	1.3567476243786
18	1151516	820	0.64374760478018
18	1200901	840	2.4193729885309
18	1252113	860	1.6521547193486
18	1304165	880	1.1589825409417
18	1357173	900	1.6116152648322
18	1412384	920	1.3004087614867
18	1468043	940	1.4668920115266
18	1525389	960	1.2522409019777
18	1584518	980	2.2396702897842
18	1644712	1000	1.3441806636114
18	1706433	1020	1.2026295628184
18	1769806	1040	1.3669553976893
18	1834572	1060	0.92249864061181
18	1901871	1080	2.0757476191388
18	1970380	1100	1.221041345124
18	2040374	1120	1.0032053154214
18	2112114	1140	0.93354869356209
18	2187136	1160	1.3979805023081
18	2263379	1180	1.0315642348598
18	2341027	1200	0.69307938404388
18	2421319	1220	0.7404651941218
18	2503529	1240	1.0722797141072
18	2587332	1260	0.96724005396613
18	2672351	1280	1.0543852862157
18	2760431	1300	0.61779896369943
18	2850424	1320	0.8744366974126
18	2942288	1340	1.8442588598774
18	3036779	1360	1.3491179131885
18	3132778	1380	0.77662356569978
18	3230830	1400	0.95114171937055
18	3330610	1420	1.1146337648363
18	3432593	1440	1.1824604945865
18	3536930	1460	0.84603934175143
18	3643921	1480	1.1346654573275
18	3752889	1500	1.5598265476839
18	3864414	1520	0.64476773215295
18	3978568	1540	0.49235446556351
18	4095033	1560	0.75384330110099
18	4214191	1580	0.79905873427133
18	4335775	1600	0.48886638038196
18	4458343	1620	0.79113228695639
18	4583710	1640	1.0633449748986
18	4711475	1660	0.71901717588569
18	4841586	1680	0.52819870672909
18	4974831	1700	0.83065230160599
18	5110877	1720	1.4313808390955
18	5249480	1740	0.63624099847191
18	5390086	1760	0.89791000865992
18	5533227	1780	0.4948213360603
18	5679467	1800	0.2875657871915
18	5828496	1820	0.41726646972871
18	5979155	1840	0.82613649472046
18	6131993	1860	1.1900174834929
18	6287793	1880	1.7324090960527
18	6446045	1900	0.37949566609348
18	6607557	1920	0.71438466300938
18	6771568	1940	0.93576103900233
18	6937981	1960	0.33842117596575
18	7106131	1980	0.87636518525528
18	7277640	2000	1.4950731017311
19	145111	240	2823.544687442
19	170942	260	1975.5688934097
19	198240	280	2751.7876281493
19	225694	300	2956.0575819622
19	252793	320	3513.8343448886
19	280367	340	3140.6501549763
19	307995	360	2453.9958361573
19	336082	380	3380.1239143843
19	364595	400	3312.0856350984
19	393779	420	3268.4585456691
19	423069	440	3188.2475097022
19	452973	460	3214.3359050622
19	483645	480	2887.9052416234
19	515286	500	3217.9345064167
19	547629	520	2952.8091487985
19	580529	540	1859.7889135954
19	614398	560	3909.4941666801
19	649152	580	3177.580722502
19	684973	600	3347.3352968943
19	721076	620	2503.018812407
19	759041	640	3500.4917529943
19	797829	660	3200.3519282477
19	837697	680	4382.0415336464
19	878693	700	4214.9640514598
19	921220	720	3364.9450371783
19	965175	740	4443.5896215644
19	1009963	760	2311.9456583473
19	1056472	780	3614.5576456223
19	1103745	800	4414.4564066047
19	1151516	820	4166.1290545048
19	1200901	840	4629.8186206942
19	1252113	860	2749.522395662
19	1304165	880	4604.9356030978
19	1357173	900	4555.6473548357
19	1412384	920	5128.6035485273
19	1468043	940	5026.8943089307
19	1525389	960	4458.9456597471
19	1584518	980	3519.6417365802
19	1644712	1000	4898.0744886402
19	1706433	1020	4543.4201629978
19	1769806	1040	5613.7039874439
19	1834572	1060	3543.905822499
19	1901871	1080	4324.6945225029
19	1970380	1100	3393.1955502329
19	2040374	1120	5828.8761100794
19	2112114	1140	3487.6456947239
19	2187136	1160	2931.6126309867
19	2263379	1180	5830.5293957738
19	2341027	1200	4287.4954914566
19	2421319	1220	5716.4267099242
19	2503529	1240	4689.4321979192
19	2587332	1260	5345.4996183488
19	2672351	1280	5497.2603850191
19	2760431	1300	4524.2197068848
19	2850424	1320	6498.956994015
19	2942288	1340	3311.0472167706
19	3036779	1360	5088.3443764598
19	3132778	1380	3580.6883098601
19	3230830	1400	6460.4502792736
19	3330610	1420	5730.7563340589
19	3432593	1440	6047.2144063516
19	3536930	1460	6485.3085177934
19	3643921	1480	5919.6994469392
19	3752889	1500	5423.2851609401
19	3864414	1520	5771.2769401304
19	3978568	1540	3283.6605097001
19	4095033	1560	5572.1015999995
19	4214191	1580	5554.4065479919
19	4335775	1600	5523.6719975026
19	4458343	1620	6880.2801908819
19	4583710	1640	4404.8773832251
19	4711475	1660	6475.3743038475
19	4841586	1680	4787.552534692
19	4974831	1700	5133.544019981
19	5110877	1720	5408.3920971496
19	5249480	1740	6119.9945133504
19	5390086	1760	5437.2583693206
19	5533227	1780	5668.0951408681
19	5679467	1800	5205.0020353775
19	5828496	1820	6541.2027913421
19	5979155	1840	7201.7034141026
19	6131993	1860	6576.5429966263
19	6287793	1880	7253.1385641548
19	6446045	1900	7091.1014978891
19	6607557	1920	7260.6732009882
19	6771568	1940	7391.3787599516
19	6937981	1960	6868.096764847
19	7106131	1980	7151.3287636452
19	7277640	2000	6292.8155873573
20	145111	240	46.287617826918
20	170942	260	45.943462637435
20	198240	280	45.863127135821
20	225694	300	46.18839971816
20	252793	320	46.234662432745
20	280367	340	45.516668912699
20	307995	360	45.444367336246
20	336082	380	46.303067320333
20	364595	400	46.649093452091
20	393779	420	46.69226493813
20	423069	440	46.206485647858
20	452973	460	46.584578334235
20	483645	480	46.579116800378
20	515286	500	46.636731977054
20	547629	520	46.137642949976
20	580529	540	47.686895220396
20	614398	560	46.541597222382
20	649152	580	46.729128272088
20	684973	600	46.49076801242
20	721076	620	46.35220022976
20	759041	640	46.673223373258
20	797829	660	46.38191200359
20	837697	680	46.617463123898
20	878693	700	46.832933905109
20	921220	720	46.095137495593
20	965175	740	46.287391891296
20	1009963	760	45.332267810732
20	1056472	780	47.559969021345
20	1103745	800	46.962302197922
20	1151516	820	46.810438814661
20	1200901	840	46.765844653476
20	1252113	860	47.405558545897
20	1304165	880	47.473562918534
20	1357173	900	47.454659946205
20	1412384	920	47.051408702085
20	1468043	940	47.875183894578
20	1525389	960	46.936270102601
20	1584518	980	46.928556487736
20	1644712	1000	46.64832846324
20	1706433	1020	47.825475399977
20	1769806	1040	47.980375961059
20	1834572	1060	47.89061922296
20	1901871	1080	46.502091639817
20	1970380	1100	47.127715975457
20	2040374	1120	47.777673033438
20	2112114	1140	47.130347225999
20	2187136	1160	47.284074693334
20	2263379	1180	47.791224555523
20	2341027	1200	47.638838793962
20	2421319	1220	47.636889249368
20	2503529	1240	48.344661834219
20	2587332	1260	47.305306357069
20	2672351	1280	47.802264217557
20	2760431	1300	47.127288613383
20	2850424	1320	48.499679059814
20	2942288	1340	47.300674525294
20	3036779	1360	47.114299782035
20	3132778	1380	48.387679862974
20	3230830	1400	47.156571381559
20	3330610	1420	47.756302783824
20	3432593	1440	48.377715250813
20	3536930	1460	47.686092042599
20	3643921	1480	47.739511668865
20	3752889	1500	47.159001399479
20	3864414	1520	47.696503637441
20	3978568	1540	46.909435852859
20	4095033	1560	47.221199999996
20	4214191	1580	47.882815068896
20	4335775	1600	47.617862047436
20	4458343	1620	47.779723547791
20	4583710	1640	47.364272937905
20	4711475	1660	48.323688834683
20	4841586	1680	47.401510244475
20	4974831	1700	46.668581999827
20	5110877	1720	47.861876965925
20	5249480	1740	47.81245713555
20	5390086	1760	48.117330701952
20	5533227	1780	48.034704583628
20	5679467	1800	47.318200321613
20	5828496	1820	47.746005776219
20	5979155	1840	48.011356094017
20	6131993	1860	48.003963479024
20	6287793	1880	47.718016869439
20	6446045	1900	47.591285220733
20	6607557	1920	47.455380398616
20	6771568	1940	47.686314580333
20	6937981	1960	47.695116422548
20	7106131	1980	47.995495058022
20	7277640	2000	48.036760208834
21	145111	240	2.3168140537934
21	170942	260	1.8204219830157
21	198240	280	1.677468028922
21	225694	300	2.3134391356954
21	252793	320	2.5047725250603
21	280367	340	1.9827395920123
21	307995	360	2.3126975613095
21	336082	380	2.5343769245094
21	364595	400	2.9063167740281
21	393779	420	3.3515780949947
21	423069	440	2.7809327506853
21	452973	460	2.712394489616
21	483645	480	2.0669695594361
21	515286	500	2.8843000499199
21	547629	520	2.5037447672372
21	580529	540	2.3416006778842
21	614398	560	2.4073414312928
21	649152	580	2.6509373060353
21	684973	600	2.7606766226803
21	721076	620	2.0653144299696
21	759041	640	2.3671583375487
21	797829	660	2.7419596905476
21	837697	680	2.4904789204644
21	878693	700	2.4066385009947
21	921220	720	2.5161552873941
21	965175	740	2.2032649172164
21	1009963	760	2.1212068625911
21	1056472	780	2.8766700392049
21	1103745	800	2.5760856350234
21	1151516	820	2.5060116036749
21	1200901	840	3.0325084292607
21	1252113	860	2.4800065408786
21	1304165	880	3.0295598549711
21	1357173	900	3.0102784028927
21	1412384	920	2.759756293675
21	1468043	940	3.0901584194143
21	1525389	960	2.7019186894048
21	1584518	980	2.569588450904
21	1644712	1000	2.4033096332428
21	1706433	1020	3.0443963078354
21	1769806	1040	2.522197666117
21	1834572	1060	2.3778482905229
21	1901871	1080	2.6012204247627
21	1970380	1100	2.2198134710467
21	2040374	1120	2.4004000299106
21	2112114	1140	2.4369605185591
21	2187136	1160	2.7640628083222
21	2263379	1180	2.6196298999345
21	2341027	1200	2.6742152796594
21	2421319	1220	2.3938930729967
21	2503529	1240	2.7188653551406
21	2587332	1260	2.8944181895547
21	2672351	1280	3.00726266003
21	2760431	1300	2.4512290287512
21	2850424	1320	2.7328119536333
21	2942288	1340	2.5666949662426
21	3036779	1360	2.5960305814628
21	3132778	1380	2.4758856255074
21	3230830	1400	2.71465816656
21	3330610	1420	2.8763026765386
21	3432593	1440	3.0875004051366
21	3536930	1460	2.6326121989618
21	3643921	1480	2.8511004788532
21	3752889	1500	2.5778994605889
21	3864414	1520	2.6215726249632
21	3978568	1540	2.5854082900483
21	4095033	1560	2.5929405115313
21	4214191	1580	2.4288289039346
21	4335775	1600	2.4618067658798
21	4458343	1620	2.8413120832951
21	4583710	1640	2.4655111639816
21	4711475	1660	2.6575531038646
21	4841586	1680	2.5350137996105
21	4974831	1700	2.4152602472007
21	5110877	1720	2.5727361235616
21	5249480	1740	2.5335760041781
21	5390086	1760	2.2136689471489
21	5533227	1780	2.4113806791913
21	5679467	1800	2.4791810406103
21	5828496	1820	2.6365114107891
21	5979155	1840	2.683613121836
21	6131993	1860	2.6901919073733
21	6287793	1880	2.6885257004301
21	6446045	1900	2.549013674525
21	6607557	1920	2.3915814733443
21	6771568	1940	3.3541571092554
21	6937981	1960	2.9609065779327
21	7106131	1980	2.7967075573702
21	7277640	2000	3.0284275260289
22	145111	240	5.3676273598544
22	170942	260	3.3139361962468
22	198240	280	2.8138989880555
22	225694	300	5.352000634567
22	252793	320	6.2738854022967
22	280367	340	3.9312562897331
22	307995	360	5.3485700100867
22	336082	380	6.4230663954859
22	364595	400	8.446677190997
22	393779	420	11.233075726848
22	423069	440	7.733586963834
22	452973	460	7.3570838672992
22	483645	480	4.2723631596354
22	515286	500	8.3191867779679
22	547629	520	6.2687378594676
22	580529	540	5.4830937346678
22	614398	560	5.795292766819
22	649152	580	7.0274686005299
22	684973	600	7.6213354150132
22	721076	620	4.2655236946408
22	759041	640	5.6034385950262
22	797829	660	7.5183429445876
22	837697	680	6.2024852532773
22	878693	700	5.7919088744702
22	921220	720	6.3310374302815
22	965175	740	4.8543762954367
22	1009963	760	4.4995185539034
22	1056472	780	8.275230514459
22	1103745	800	6.636217198974
22	1151516	820	6.2800941577535
22	1200901	840	9.1961073735373
22	1252113	860	6.1504324428008
22	1304165	880	9.1782329148522
22	1357173	900	9.0617760629224
22	1412384	920	7.6162548004788
22	1468043	940	9.5490790570771
22	1525389	960	7.3003646041551
22	1584518	980	6.6027848070193
22	1644712	1000	5.7758971932375
22	1706433	1020	9.2683488791621
22	1769806	1040	6.3614810669659
22	1834572	1060	5.6541624927426
22	1901871	1080	6.7663476982025
22	1970380	1100	4.9275718462404
22	2040374	1120	5.7619203035946
22	2112114	1140	5.938776569016
22	2187136	1160	7.6400432083502
22	2263379	1180	6.8624608126311
22	2341027	1200	7.1514273619637
22	2421319	1220	5.7307240449414
22	2503529	1240	7.3922288193839
22	2587332	1260	8.3776566560253
22	2672351	1280	9.0436287064108
22	2760431	1300	6.0085237513924
22	2850424	1320	7.4682611739209
22	2942288	1340	6.5879230497351
22	3036779	1360	6.7393747798903
22	3132778	1380	6.1300096305941
22	3230830	1400	7.3693689612711
22	3330610	1420	8.2731170870633
22	3432593	1440	9.5326587517184
22	3536930	1460	6.9306469901222
22	3643921	1480	8.1287739405169
22	3752889	1500	6.6455656289045
22	3864414	1520	6.8726430279565
22	3978568	1540	6.6843360262503
22	4095033	1560	6.7233404963401
22	4214191	1580	5.8992098445884
22	4335775	1600	6.0604925525317
22	4458343	1620	8.0730543546785
22	4583710	1640	6.0787452997179
22	4711475	1660	7.0625884998604
22	4841586	1680	6.4262949642157
22	4974831	1700	5.8334820617082
22	5110877	1720	6.6189711614788
22	5249480	1740	6.4190073689472
22	5390086	1760	4.9003302075711
22	5533227	1780	5.8147567799769
22	5679467	1800	6.1463386321214
22	5828496	1820	6.9511924192211
22	5979155	1840	7.2017793876901
22	6131993	1860	7.2371324984969
22	6287793	1880	7.2281704418734
22	6446045	1900	6.4974707129155
22	6607557	1920	5.7196619436439
22	6771568	1940	11.250369913568
22	6937981	1960	8.7669677632449
22	7106131	1980	7.8215731614516
22	7277640	2000	9.1713732804095
23	145111	240	3047.7401106187
23	170942	260	3634.3990864099
23	198240	280	3873.1748851791
23	225694	300	4007.9664351882
23	252793	320	3830.5586015821
23	280367	340	3967.0510952134
23	307995	360	4062.2093290253
23	336082	380	3938.5099337077
23	364595	400	4074.410106896
23	393779	420	4069.1585815735
23	423069	440	4118.2695668883
23	452973	460	4230.6371761473
23	483645	480	4233.0635608833
23	515286	500	4413.25473706
23	547629	520	4459.2754237459
23	580529	540	4686.0018285657
23	614398	560	4349.6329246469
23	649152	580	4732.5627645492
23	684973	600	4779.4546926662
23	721076	620	4729.4261399001
23	759041	640	4686.7250350419
23	797829	660	4824.2804221287
23	837697	680	4918.4664722675
23	878693	700	4832.1775599907
23	921220	720	5057.0796387125
23	965175	740	4959.5254175875
23	1009963	760	5291.5848215307
23	1056472	780	4962.0155204538
23	1103745	800	5058.5959361753
23	1151516	820	5243.9549745184
23	1200901	840	5250.1728157149
23	1252113	860	5476.7161989291
23	1304165	880	5344.6982196265
23	1357173	900	5431.2747221976
23	1412384	920	5435.771246706
23	1468043	940	5383.2102584773
23	1525389	960	5710.4065602393
23	1584518	980	5844.6878816165
23	1644712	1000	5667.0820446562
23	1706433	1020	5569.9035463804
23	1769806	1040	5484.1812271194
23	1834572	1060	6029.3971491475
23	1901871	1080	6028.1183900393
23	1970380	1100	6211.3054891945
23	2040374	1120	5853.0115351678
23	2112114	1140	6267.1329051892
23	2187136	1160	6348.245672164
23	2263379	1180	6028.582636962
23	2341027	1200	6159.8201909533
23	2421319	1220	6302.3631959093
23	2503529	1240	6428.2620964689
23	2587332	1260	6389.5386048788
23	2672351	1280	6303.4981867393
23	2760431	1300	6620.7976334526
23	2850424	1320	6249.7587816256
23	2942288	1340	6851.1548562806
23	3036779	1360	6707.7152308136
23	3132778	1380	6891.1313115069
23	3230830	1400	6662.0374024902
23	3330610	1420	6746.0807015294
23	3432593	1440	6836.6333282092
23	3536930	1460	6844.6079779142
23	3643921	1480	6804.2307161704
23	3752889	1500	7064.9160411916
23	3864414	1520	6932.0675451727
23	3978568	1540	7341.9386837868
23	4095033	1560	7156.5782325546
23	4214191	1580	7306.5360125743
23	4335775	1600	7341.0304443591
23	4458343	1620	7116.7651244827
23	4583710	1640	7615.6722709421
23	4711475	1660	7200.3635137755
23	4841586	1680	7711.2124470313
23	4974831	1700	7755.3771643178
23	5110877	1720	7527.8063844242
23	5249480	1740	7750.2964423493
23	5390086	1760	7886.24709285
23	5533227	1780	7931.6376077618
23	5679467	1800	8025.3214671564
23	5828496	1820	7936.6460267819
23	5979155	1840	7792.0828338466
23	6131993	1860	8116.3944377974
23	6287793	1880	7884.3214847973
23	6446045	1900	8060.3574524219
23	6607557	1920	8016.396263925
23	6771568	1940	8150.8343457901
23	6937981	1960	8106.2580391816
23	7106131	1980	8334.9992288661
23	7277640	2000	8468.8985363847
24	145111	240	44.819707509099
24	170942	260	44.869124523578
24	198240	280	45.036917269524
24	225694	300	45.033330732452
24	252793	320	45.065395312731
24	280367	340	45.080126081971
24	307995	360	45.135659211392
24	336082	380	45.270229123078
24	364595	400	45.271223409955
24	393779	420	45.212873128594
24	423069	440	45.255709526245
24	452973	460	45.490722324164
24	483645	480	45.516812482616
24	515286	500	45.497471516082
24	547629	520	45.502810446386
24	580529	540	45.495163384133
24	614398	560	45.308676298405
24	649152	580	45.505411197588
24	684973	600	45.518616120631
24	721076	620	45.475251345193
24	759041	640	45.502184806232
24	797829	660	45.512079454044
24	837697	680	45.541356224699
24	878693	700	45.586580754629
24	921220	720	45.559276024437
24	965175	740	45.500233188876
24	1009963	760	45.617110530437
24	1056472	780	45.523078169301
24	1103745	800	45.57293636194
24	1151516	820	45.599608474073
24	1200901	840	45.65367665839
24	1252113	860	45.639301657742
24	1304165	880	45.681181364329
24	1357173	900	45.640964052081
24	1412384	920	45.678749972319
24	1468043	940	45.620425919299
24	1525389	960	45.683252481915
24	1584518	980	45.661624075129
24	1644712	1000	45.702274553679
24	1706433	1020	45.654947101478
24	1769806	1040	45.701510225995
24	1834572	1060	45.677251129905
24	1901871	1080	45.667563560904
24	1970380	1100	45.671363891136
24	2040374	1120	45.726652618499
24	2112114	1140	45.745495658316
24	2187136	1160	45.670832173842
24	2263379	1180	45.671080583046
24	2341027	1200	45.628297710765
24	2421319	1220	45.669298521082
24	2503529	1240	45.590511322474
24	2587332	1260	45.63956146342
24	2672351	1280	45.677523092314
24	2760431	1300	45.660673334156
24	2850424	1320	45.618677238143
24	2942288	1340	45.674365708537
24	3036779	1360	45.630715855875
24	3132778	1380	45.636631202033
24	3230830	1400	45.630393167741
24	3330610	1420	45.581626361685
24	3432593	1440	45.577555521394
24	3536930	1460	45.630719852761
24	3643921	1480	45.665977960875
24	3752889	1500	45.580103491559
24	3864414	1520	45.605707534031
24	3978568	1540	45.602103626005
24	4095033	1560	45.583300844297
24	4214191	1580	45.66585007859
24	4335775	1600	45.596462387323
24	4458343	1620	45.620289259504
24	4583710	1640	45.602827969713
24	4711475	1660	45.571920973263
24	4841586	1680	45.628476017937
24	4974831	1700	45.619865672458
24	5110877	1720	45.62306899651
24	5249480	1740	45.589979072643
24	5390086	1760	45.585243311271
24	5533227	1780	45.584124182539
24	5679467	1800	45.598417427025
24	5828496	1820	45.612908199896
24	5979155	1840	45.567735870448
24	6131993	1860	45.59772156066
24	6287793	1880	45.574112628886
24	6446045	1900	45.53874266905
24	6607557	1920	45.547706045028
24	6771568	1940	45.535387406649
24	6937981	1960	45.54077550102
24	7106131	1980	45.546443873585
24	7277640	2000	45.531712561208
25	145111	240	0.55427326091696
25	170942	260	0.40941072291727
25	198240	280	0.83281981972487
25	225694	300	0.67693416344152
25	252793	320	0.76350784035586
25	280367	340	0.72586909133275
25	307995	360	0.91710322621999
25	336082	380	1.2757928136761
25	364595	400	1.2341353327474
25	393779	420	1.078455831372
25	423069	440	1.1274964192827
25	452973	460	1.5716472630371
25	483645	480	1.4418912451232
25	515286	500	1.4670084650187
25	547629	520	1.3713490423964
25	580529	540	1.4447076834239
25	614398	560	1.1506680862859
25	649152	580	1.2784697671349
25	684973	600	1.3374998828535
25	721076	620	1.2484795503682
25	759041	640	1.1835763581553
25	797829	660	1.1463703973901
25	837697	680	1.198496454998
25	878693	700	1.2023971367446
25	921220	720	1.169581000984
25	965175	740	1.1470900805239
25	1009963	760	1.1723012442507
25	1056472	780	1.1764459792172
25	1103745	800	1.1470830618391
25	1151516	820	1.2165241931898
25	1200901	840	1.1884169333025
25	1252113	860	1.1763538996438
25	1304165	880	1.1657975890022
25	1357173	900	1.1559256357743
25	1412384	920	1.2150542217148
25	1468043	940	1.1830803527155
25	1525389	960	1.2136166628194
25	1584518	980	1.1359784060965
25	1644712	1000	1.137083445882
25	1706433	1020	1.1449253994332
25	1769806	1040	1.1554637111685
25	1834572	1060	1.1404081049805
25	1901871	1080	1.1327382658618
25	1970380	1100	1.142298535098
25	2040374	1120	1.0993817933792
25	2112114	1140	1.123673590654
25	2187136	1160	1.1143399110791
25	2263379	1180	1.0431812025562
25	2341027	1200	1.0074925820472
25	2421319	1220	1.0421853154563
25	2503529	1240	0.98332039498389
25	2587332	1260	1.0280849817412
25	2672351	1280	1.0487927256092
25	2760431	1300	0.98474565066827
25	2850424	1320	0.95043664098361
25	2942288	1340	0.97846191767357
25	3036779	1360	0.93930963465033
25	3132778	1380	0.99277156779813
25	3230830	1400	0.93948719684849
25	3330610	1420	0.91340333625157
25	3432593	1440	0.95351932771252
25	3536930	1460	0.94406594334578
25	3643921	1480	0.97011496813187
25	3752889	1500	0.89035097143093
25	3864414	1520	0.89526689994533
25	3978568	1540	0.87356957949841
25	4095033	1560	0.86132820975544
25	4214191	1580	0.95570525004933
25	4335775	1600	0.88740281669208
25	4458343	1620	0.89058815894163
25	4583710	1640	0.89842605986299
25	4711475	1660	0.8817057618029
25	4841586	1680	0.91422545682689
25	4974831	1700	0.88804199403257
25	5110877	1720	0.88177846877793
25	5249480	1740	0.86694518826727
25	5390086	1760	0.83346732078139
25	5533227	1780	0.85633983495789
25	5679467	1800	0.86027007720917
25	5828496	1820	0.90028247123399
25	5979155	1840	0.82434079666146
25	6131993	1860	0.86496732633098
25	6287793	1880	0.80333114760898
25	6446045	1900	0.85976998018952
25	6607557	1920	0.79531551160349
25	6771568	1940	0.83978345223155
25	6937981	1960	0.76437682930491
25	7106131	1980	0.84050404631874
25	7277640	2000	0.80091396338239
26	145111	240	0.30721884776752
26	170942	260	0.16761714003965
26	198240	280	0.69358885212656
26	225694	300	0.45823986163427
26	252793	320	0.58294422228487
26	280367	340	0.52688593775223
26	307995	360	0.84107832754312
26	336082	380	1.6276473034277
26	364595	400	1.5230900195355
26	393779	420	1.1630669802202
26	423069	440	1.2712481754954
26	452973	460	2.4700751194121
26	483645	480	2.0790503627631
26	515286	500	2.1521138364366
26	547629	520	1.8805981960815
26	580529	540	2.0871802905441
26	614398	560	1.324037044797
26	649152	580	1.6344849454779
26	684973	600	1.7889059366332
26	721076	620	1.5587011876876
26	759041	640	1.4008529955841
26	797829	660	1.3141650880123
26	837697	680	1.4363937526427
26	878693	700	1.4457588744515
26	921220	720	1.3679197178628
26	965175	740	1.3158156528363
26	1009963	760	1.3742902072717
26	1056472	780	1.3840251420163
26	1103745	800	1.3157995507581
26	1151516	820	1.4799311126161
26	1200901	840	1.41233480736
26	1252113	860	1.3838084972072
26	1304165	880	1.3590840185232
26	1357173	900	1.3361640754402
26	1412384	920	1.4763567617069
26	1468043	940	1.3996791209815
26	1525389	960	1.4728654042729
26	1584518	980	1.2904469391175
26	1644712	1000	1.2929587628989
26	1706433	1020	1.3108541702673
26	1769806	1040	1.3350963878272
26	1834572	1060	1.3005306459051
26	1901871	1080	1.2830959789476
26	1970380	1100	1.3048459432871
26	2040374	1120	1.2086403276136
26	2112114	1140	1.2626423383333
26	2187136	1160	1.2417534374238
26	2263379	1180	1.0882270213666
26	2341027	1200	1.0150413028801
26	2421319	1220	1.0861502317527
26	2503529	1240	0.96691899919127
26	2587332	1260	1.0569587296818
26	2672351	1280	1.0999661812908
26	2760431	1300	0.96972399651007
26	2850424	1320	0.90332980852422
26	2942288	1340	0.95738772433745
26	3036779	1360	0.88230258974694
26	3132778	1380	0.98559538582836
26	3230830	1400	0.88263619304223
26	3330610	1420	0.8343056546755
26	3432593	1440	0.90919910832133
26	3536930	1460	0.89126050538537
26	3643921	1480	0.94112305139351
26	3752889	1500	0.792724852328
26	3864414	1520	0.80150282213772
26	3978568	1540	0.76312381022503
26	4095033	1560	0.74188628492052
26	4214191	1580	0.91337252497184
26	4335775	1600	0.78748375907305
26	4458343	1620	0.79314726884705
26	4583710	1640	0.80716938504094
26	4711475	1660	0.77740505039644
26	4841586	1680	0.83580818591034
26	4974831	1700	0.78861858316535
26	5110877	1720	0.77753326800036
26	5249480	1740	0.75159395945977
26	5390086	1760	0.6946677748105
26	5533227	1780	0.7333179129357
26	5679467	1800	0.74006460574147
26	5828496	1820	0.81050852801117
26	5979155	1840	0.67953774904044
26	6131993	1860	0.74816847562016
26	6287793	1880	0.64534093271876
26	6446045	1900	0.73920441883509
26	6607557	1920	0.63252676299712
26	6771568	1940	0.70523624664193
26	6937981	1960	0.58427193717823
26	7106131	1980	0.70644705187817
26	7277640	2000	0.64146317674089
