version 2
run statisticRVV-202-20150326-01:34:30-23596
attr c 9
attr configname statisticRVV
attr datetime 20150326-01:34:30
attr experiment statisticRVV
attr inifile omnetpp.ini
attr iterationvars "$sc=\"erlangen-medium.launchd.xml\", $p=1/8, $c=9"
attr iterationvars2 "$sc=\"erlangen-medium.launchd.xml\", $p=1/8, $c=9, $repetition=2"
attr measurement "$sc=\"erlangen-medium.launchd.xml\", $p=1/8, $c=9"
attr network RSUExampleScenario
attr p 1/8
attr processid 23596
attr repetition 2
attr replication #2
attr resultdir results
attr runnumber 202
attr sc "\"erlangen-medium.launchd.xml\""
attr seedset 202

vector 0  RSUExampleScenario.rsu[0].appl  Number_CH  ETV
vector 1  RSUExampleScenario.rsu[0].appl  Number_ON  ETV
vector 2  RSUExampleScenario.rsu[0].appl  Number_FN  ETV
vector 3  RSUExampleScenario.rsu[0].appl  Number_CH_Losts  ETV
vector 4  RSUExampleScenario.rsu[0].appl  Mean_Cluster_Size  ETV
vector 5  RSUExampleScenario.rsu[0].appl  StdDev_Cluster_Size  ETV
vector 6  RSUExampleScenario.rsu[0].appl  Variance_Cluster_Size  ETV
vector 7  RSUExampleScenario.rsu[0].appl  Mean_Neighbors  ETV
vector 8  RSUExampleScenario.rsu[0].appl  StdDev_Neighbors  ETV
vector 9  RSUExampleScenario.rsu[0].appl  Variance_Neighbors  ETV
vector 10  RSUExampleScenario.rsu[0].appl  Total_CH_Utility  ETV
vector 11  RSUExampleScenario.rsu[0].appl  Mean_CH_Utility  ETV
vector 12  RSUExampleScenario.rsu[0].appl  StdDev_CH_Utility  ETV
vector 13  RSUExampleScenario.rsu[0].appl  Variance_CH_Utility  ETV
vector 14  RSUExampleScenario.rsu[0].appl  Total_exp_CH_Utility  ETV
vector 15  RSUExampleScenario.rsu[0].appl  Mean_exp_CH_Utility  ETV
vector 16  RSUExampleScenario.rsu[0].appl  StdDev_exp_CH_Utility  ETV
vector 17  RSUExampleScenario.rsu[0].appl  Variance_exp_CH_Utility  ETV
vector 18  RSUExampleScenario.rsu[0].appl  Total_ON_Utility  ETV
vector 19  RSUExampleScenario.rsu[0].appl  Mean_ON_Utility  ETV
vector 20  RSUExampleScenario.rsu[0].appl  StdDev_ON_Utility  ETV
vector 21  RSUExampleScenario.rsu[0].appl  Variance_ON_Utility  ETV
vector 22  RSUExampleScenario.rsu[0].appl  Total_exp_ON_Utility  ETV
vector 23  RSUExampleScenario.rsu[0].appl  Mean_exp_ON_Utility  ETV
vector 24  RSUExampleScenario.rsu[0].appl  StdDev_exp_ON_Utility  ETV
vector 25  RSUExampleScenario.rsu[0].appl  Variance_exp_ON_Utility  ETV
0	145199	240	11
0	171262	260	8
0	198536	280	5
0	225956	300	12
0	253337	320	8
0	280709	340	10
0	308140	360	3
0	335951	380	10
0	364129	400	11
0	393077	420	12
0	422072	440	10
0	451949	460	6
0	482188	480	13
0	513418	500	14
0	544823	520	10
0	577121	540	11
0	610114	560	12
0	644026	580	11
0	678888	600	12
0	714787	620	12
0	751607	640	12
0	789485	660	5
0	828292	680	11
0	867869	700	16
0	909225	720	12
0	951859	740	8
0	995564	760	14
0	1041118	780	17
0	1087208	800	18
0	1134286	820	15
0	1183018	840	16
0	1232485	860	11
0	1283044	880	11
0	1334633	900	11
0	1387376	920	8
0	1441192	940	12
0	1496742	960	13
0	1553777	980	11
0	1611795	1000	13
0	1671409	1020	16
0	1733359	1040	16
0	1796124	1060	12
0	1861205	1080	13
0	1927725	1100	13
0	1995559	1120	15
0	2065462	1140	14
0	2136782	1160	13
0	2209759	1180	19
0	2284637	1200	11
0	2361405	1220	13
0	2440403	1240	12
0	2521500	1260	17
0	2604746	1280	19
0	2689625	1300	13
0	2777349	1320	15
0	2866565	1340	11
0	2958125	1360	12
0	3051330	1380	15
0	3146678	1400	23
0	3244153	1420	11
0	3344386	1440	17
0	3446378	1460	23
0	3551233	1480	14
0	3657986	1500	16
0	3767310	1520	18
0	3878970	1540	17
0	3992789	1560	16
0	4108975	1580	17
0	4226968	1600	25
0	4347606	1620	16
0	4470538	1640	16
0	4595290	1660	20
0	4722973	1680	20
0	4852224	1700	20
0	4984421	1720	14
0	5119377	1740	17
0	5256012	1760	22
0	5395284	1780	19
0	5537191	1800	19
0	5681765	1820	20
0	5828940	1840	22
0	5978440	1860	14
0	6130650	1880	20
0	6285402	1900	25
0	6442691	1920	17
0	6603191	1940	24
0	6765350	1960	15
0	6930419	1980	28
0	7097646	2000	17
1	145199	240	16
1	171262	260	11
1	198536	280	7
1	225956	300	14
1	253337	320	10
1	280709	340	14
1	308140	360	6
1	335951	380	13
1	364129	400	14
1	393077	420	15
1	422072	440	11
1	451949	460	8
1	482188	480	19
1	513418	500	20
1	544823	520	15
1	577121	540	15
1	610114	560	16
1	644026	580	17
1	678888	600	19
1	714787	620	16
1	751607	640	19
1	789485	660	9
1	828292	680	15
1	867869	700	25
1	909225	720	16
1	951859	740	11
1	995564	760	18
1	1041118	780	21
1	1087208	800	29
1	1134286	820	22
1	1183018	840	22
1	1232485	860	13
1	1283044	880	14
1	1334633	900	15
1	1387376	920	15
1	1441192	940	16
1	1496742	960	17
1	1553777	980	13
1	1611795	1000	20
1	1671409	1020	22
1	1733359	1040	21
1	1796124	1060	19
1	1861205	1080	19
1	1927725	1100	18
1	1995559	1120	23
1	2065462	1140	22
1	2136782	1160	17
1	2209759	1180	28
1	2284637	1200	18
1	2361405	1220	20
1	2440403	1240	18
1	2521500	1260	20
1	2604746	1280	30
1	2689625	1300	20
1	2777349	1320	22
1	2866565	1340	18
1	2958125	1360	19
1	3051330	1380	23
1	3146678	1400	32
1	3244153	1420	17
1	3344386	1440	24
1	3446378	1460	32
1	3551233	1480	17
1	3657986	1500	22
1	3767310	1520	25
1	3878970	1540	23
1	3992789	1560	23
1	4108975	1580	24
1	4226968	1600	37
1	4347606	1620	22
1	4470538	1640	20
1	4595290	1660	26
1	4722973	1680	28
1	4852224	1700	33
1	4984421	1720	18
1	5119377	1740	23
1	5256012	1760	34
1	5395284	1780	27
1	5537191	1800	27
1	5681765	1820	30
1	5828940	1840	31
1	5978440	1860	20
1	6130650	1880	29
1	6285402	1900	40
1	6442691	1920	24
1	6603191	1940	38
1	6765350	1960	27
1	6930419	1980	41
1	7097646	2000	26
2	145199	240	52
2	171262	260	67
2	198536	280	80
2	225956	300	67
2	253337	320	77
2	280709	340	70
2	308140	360	86
2	335951	380	72
2	364129	400	72
2	393077	420	72
2	422072	440	77
2	451949	460	87
2	482188	480	70
2	513418	500	70
2	544823	520	78
2	577121	540	79
2	610114	560	77
2	644026	580	81
2	678888	600	78
2	714787	620	83
2	751607	640	80
2	789485	660	98
2	828292	680	87
2	867869	700	72
2	909225	720	88
2	951859	740	99
2	995564	760	88
2	1041118	780	81
2	1087208	800	73
2	1134286	820	85
2	1183018	840	85
2	1232485	860	101
2	1283044	880	103
2	1334633	900	100
2	1387376	920	106
2	1441192	940	101
2	1496742	960	100
2	1553777	980	109
2	1611795	1000	101
2	1671409	1020	96
2	1733359	1040	100
2	1796124	1060	106
2	1861205	1080	105
2	1927725	1100	108
2	1995559	1120	102
2	2065462	1140	105
2	2136782	1160	112
2	2209759	1180	98
2	2284637	1200	116
2	2361405	1220	114
2	2440403	1240	117
2	2521500	1260	111
2	2604746	1280	102
2	2689625	1300	117
2	2777349	1320	115
2	2866565	1340	127
2	2958125	1360	126
2	3051330	1380	117
2	3146678	1400	102
2	3244153	1420	132
2	3344386	1440	119
2	3446378	1460	104
2	3551233	1480	132
2	3657986	1500	125
2	3767310	1520	122
2	3878970	1540	127
2	3992789	1560	127
2	4108975	1580	127
2	4226968	1600	109
2	4347606	1620	134
2	4470538	1640	137
2	4595290	1660	129
2	4722973	1680	128
2	4852224	1700	123
2	4984421	1720	145
2	5119377	1740	139
2	5256012	1760	125
2	5395284	1780	136
2	5537191	1800	137
2	5681765	1820	133
2	5828940	1840	132
2	5978440	1860	152
2	6130650	1880	139
2	6285402	1900	125
2	6442691	1920	149
2	6603191	1940	132
2	6765350	1960	151
2	6930419	1980	124
2	7097646	2000	153
3	145199	240	3
3	171262	260	4
3	198536	280	6
3	225956	300	3
3	253337	320	4
3	280709	340	4
3	308140	360	0
3	335951	380	1
3	364129	400	4
3	393077	420	2
3	422072	440	1
3	451949	460	7
3	482188	480	3
3	513418	500	2
3	544823	520	5
3	577121	540	2
3	610114	560	3
3	644026	580	4
3	678888	600	3
3	714787	620	1
3	751607	640	3
3	789485	660	2
3	828292	680	5
3	867869	700	2
3	909225	720	1
3	951859	740	1
3	995564	760	4
3	1041118	780	2
3	1087208	800	3
3	1134286	820	3
3	1183018	840	4
3	1232485	860	3
3	1283044	880	1
3	1334633	900	5
3	1387376	920	1
3	1441192	940	1
3	1496742	960	3
3	1553777	980	2
3	1611795	1000	5
3	1671409	1020	1
3	1733359	1040	7
3	1796124	1060	5
3	1861205	1080	8
3	1927725	1100	4
3	1995559	1120	2
3	2065462	1140	5
3	2136782	1160	12
3	2209759	1180	4
3	2284637	1200	8
3	2361405	1220	2
3	2440403	1240	2
3	2521500	1260	8
3	2604746	1280	5
3	2689625	1300	4
3	2777349	1320	3
3	2866565	1340	6
3	2958125	1360	7
3	3051330	1380	5
3	3146678	1400	5
3	3244153	1420	1
3	3344386	1440	4
3	3446378	1460	7
3	3551233	1480	4
3	3657986	1500	4
3	3767310	1520	5
3	3878970	1540	2
3	3992789	1560	3
3	4108975	1580	1
3	4226968	1600	5
3	4347606	1620	4
3	4470538	1640	3
3	4595290	1660	6
3	4722973	1680	4
3	4852224	1700	5
3	4984421	1720	2
3	5119377	1740	5
3	5256012	1760	2
3	5395284	1780	3
3	5537191	1800	6
3	5681765	1820	7
3	5828940	1840	3
3	5978440	1860	8
3	6130650	1880	8
3	6285402	1900	7
3	6442691	1920	2
3	6603191	1940	3
3	6765350	1960	3
3	6930419	1980	5
3	7097646	2000	5
4	145199	240	1.4545454545455
4	171262	260	1.375
4	198536	280	1.4
4	225956	300	1.1666666666667
4	253337	320	1.25
4	280709	340	1.4
4	308140	360	2
4	335951	380	1.3
4	364129	400	1.2727272727273
4	393077	420	1.25
4	422072	440	1.1
4	451949	460	1.3333333333333
4	482188	480	1.4615384615385
4	513418	500	1.4285714285714
4	544823	520	1.5
4	577121	540	1.3636363636364
4	610114	560	1.3333333333333
4	644026	580	1.5454545454545
4	678888	600	1.5833333333333
4	714787	620	1.3333333333333
4	751607	640	1.5833333333333
4	789485	660	1.8
4	828292	680	1.3636363636364
4	867869	700	1.5625
4	909225	720	1.3333333333333
4	951859	740	1.375
4	995564	760	1.2857142857143
4	1041118	780	1.2352941176471
4	1087208	800	1.6111111111111
4	1134286	820	1.4666666666667
4	1183018	840	1.375
4	1232485	860	1.1818181818182
4	1283044	880	1.2727272727273
4	1334633	900	1.3636363636364
4	1387376	920	1.875
4	1441192	940	1.3333333333333
4	1496742	960	1.3076923076923
4	1553777	980	1.1818181818182
4	1611795	1000	1.5384615384615
4	1671409	1020	1.375
4	1733359	1040	1.3125
4	1796124	1060	1.5833333333333
4	1861205	1080	1.4615384615385
4	1927725	1100	1.3846153846154
4	1995559	1120	1.5333333333333
4	2065462	1140	1.5714285714286
4	2136782	1160	1.3076923076923
4	2209759	1180	1.4736842105263
4	2284637	1200	1.6363636363636
4	2361405	1220	1.5384615384615
4	2440403	1240	1.5
4	2521500	1260	1.1764705882353
4	2604746	1280	1.5789473684211
4	2689625	1300	1.5384615384615
4	2777349	1320	1.4666666666667
4	2866565	1340	1.6363636363636
4	2958125	1360	1.5833333333333
4	3051330	1380	1.5333333333333
4	3146678	1400	1.3913043478261
4	3244153	1420	1.5454545454545
4	3344386	1440	1.4117647058824
4	3446378	1460	1.3913043478261
4	3551233	1480	1.2142857142857
4	3657986	1500	1.375
4	3767310	1520	1.3888888888889
4	3878970	1540	1.3529411764706
4	3992789	1560	1.4375
4	4108975	1580	1.4117647058824
4	4226968	1600	1.48
4	4347606	1620	1.375
4	4470538	1640	1.25
4	4595290	1660	1.3
4	4722973	1680	1.4
4	4852224	1700	1.65
4	4984421	1720	1.2857142857143
4	5119377	1740	1.3529411764706
4	5256012	1760	1.5454545454545
4	5395284	1780	1.4210526315789
4	5537191	1800	1.4210526315789
4	5681765	1820	1.5
4	5828940	1840	1.4090909090909
4	5978440	1860	1.4285714285714
4	6130650	1880	1.45
4	6285402	1900	1.6
4	6442691	1920	1.4117647058824
4	6603191	1940	1.5833333333333
4	6765350	1960	1.8
4	6930419	1980	1.4642857142857
4	7097646	2000	1.5294117647059
5	145199	240	0.52223296786709
5	171262	260	0.51754916950677
5	198536	280	0.54772255750517
5	225956	300	0.38924947208076
5	253337	320	0.46291004988628
5	280709	340	0.51639777949432
5	308140	360	0
5	335951	380	0.48304589153965
5	364129	400	0.46709936649691
5	393077	420	0.45226701686665
5	422072	440	0.31622776601684
5	451949	460	0.51639777949432
5	482188	480	0.51887452166277
5	513418	500	0.5135525910131
5	544823	520	0.52704627669473
5	577121	540	0.50452497910951
5	610114	560	0.49236596391733
5	644026	580	0.52223296786709
5	678888	600	0.51492865054444
5	714787	620	0.49236596391733
5	751607	640	0.66855792342152
5	789485	660	0.44721359549996
5	828292	680	0.50452497910951
5	867869	700	0.51234753829798
5	909225	720	0.49236596391733
5	951859	740	0.51754916950677
5	995564	760	0.4688072309385
5	1041118	780	0.4372373160976
5	1087208	800	0.60768498891419
5	1134286	820	0.51639777949432
5	1183018	840	0.5
5	1232485	860	0.40451991747795
5	1283044	880	0.46709936649691
5	1334633	900	0.50452497910951
5	1387376	920	0.35355339059327
5	1441192	940	0.49236596391733
5	1496742	960	0.48038446141526
5	1553777	980	0.40451991747795
5	1611795	1000	0.51887452166277
5	1671409	1020	0.5
5	1733359	1040	0.47871355387817
5	1796124	1060	0.66855792342152
5	1861205	1080	0.51887452166277
5	1927725	1100	0.50636968354183
5	1995559	1120	0.51639777949432
5	2065462	1140	0.5135525910131
5	2136782	1160	0.48038446141526
5	2209759	1180	0.51298917604258
5	2284637	1200	0.50452497910951
5	2361405	1220	0.66022529177352
5	2440403	1240	0.52223296786709
5	2521500	1260	0.39295262399669
5	2604746	1280	0.50725727350179
5	2689625	1300	0.66022529177352
5	2777349	1320	0.51639777949432
5	2866565	1340	0.50452497910951
5	2958125	1360	0.66855792342152
5	3051330	1380	0.51639777949432
5	3146678	1400	0.58302739954191
5	3244153	1420	0.52223296786709
5	3344386	1440	0.50729965619589
5	3446378	1460	0.58302739954191
5	3551233	1480	0.42581531362632
5	3657986	1500	0.5
5	3767310	1520	0.50163132570455
5	3878970	1540	0.49259218307189
5	3992789	1560	0.51234753829798
5	4108975	1580	0.50729965619589
5	4226968	1600	0.50990195135928
5	4347606	1620	0.5
5	4470538	1640	0.44721359549996
5	4595290	1660	0.47016234598163
5	4722973	1680	0.50262468995003
5	4852224	1700	0.48936048492959
5	4984421	1720	0.4688072309385
5	5119377	1740	0.49259218307189
5	5256012	1760	0.50964719143763
5	5395284	1780	0.50725727350179
5	5537191	1800	0.50725727350179
5	5681765	1820	0.51298917604258
5	5828940	1840	0.5032362797402
5	5978440	1860	0.5135525910131
5	6130650	1880	0.51041778553404
5	6285402	1900	0.5
5	6442691	1920	0.50729965619589
5	6603191	1940	0.50361015518533
5	6765350	1960	0.56061191058139
5	6930419	1980	0.50787450018337
5	7097646	2000	0.51449575542753
6	145199	240	0.27272727272727
6	171262	260	0.26785714285714
6	198536	280	0.3
6	225956	300	0.15151515151515
6	253337	320	0.21428571428571
6	280709	340	0.26666666666667
6	308140	360	0
6	335951	380	0.23333333333333
6	364129	400	0.21818181818182
6	393077	420	0.20454545454545
6	422072	440	0.1
6	451949	460	0.26666666666667
6	482188	480	0.26923076923077
6	513418	500	0.26373626373626
6	544823	520	0.27777777777778
6	577121	540	0.25454545454545
6	610114	560	0.24242424242424
6	644026	580	0.27272727272727
6	678888	600	0.26515151515152
6	714787	620	0.24242424242424
6	751607	640	0.4469696969697
6	789485	660	0.2
6	828292	680	0.25454545454545
6	867869	700	0.2625
6	909225	720	0.24242424242424
6	951859	740	0.26785714285714
6	995564	760	0.21978021978022
6	1041118	780	0.19117647058824
6	1087208	800	0.36928104575163
6	1134286	820	0.26666666666667
6	1183018	840	0.25
6	1232485	860	0.16363636363636
6	1283044	880	0.21818181818182
6	1334633	900	0.25454545454545
6	1387376	920	0.125
6	1441192	940	0.24242424242424
6	1496742	960	0.23076923076923
6	1553777	980	0.16363636363636
6	1611795	1000	0.26923076923077
6	1671409	1020	0.25
6	1733359	1040	0.22916666666667
6	1796124	1060	0.4469696969697
6	1861205	1080	0.26923076923077
6	1927725	1100	0.25641025641026
6	1995559	1120	0.26666666666667
6	2065462	1140	0.26373626373626
6	2136782	1160	0.23076923076923
6	2209759	1180	0.26315789473684
6	2284637	1200	0.25454545454545
6	2361405	1220	0.43589743589744
6	2440403	1240	0.27272727272727
6	2521500	1260	0.15441176470588
6	2604746	1280	0.25730994152047
6	2689625	1300	0.43589743589744
6	2777349	1320	0.26666666666667
6	2866565	1340	0.25454545454545
6	2958125	1360	0.4469696969697
6	3051330	1380	0.26666666666667
6	3146678	1400	0.3399209486166
6	3244153	1420	0.27272727272727
6	3344386	1440	0.25735294117647
6	3446378	1460	0.3399209486166
6	3551233	1480	0.18131868131868
6	3657986	1500	0.25
6	3767310	1520	0.2516339869281
6	3878970	1540	0.24264705882353
6	3992789	1560	0.2625
6	4108975	1580	0.25735294117647
6	4226968	1600	0.26
6	4347606	1620	0.25
6	4470538	1640	0.2
6	4595290	1660	0.22105263157895
6	4722973	1680	0.25263157894737
6	4852224	1700	0.23947368421053
6	4984421	1720	0.21978021978022
6	5119377	1740	0.24264705882353
6	5256012	1760	0.25974025974026
6	5395284	1780	0.25730994152047
6	5537191	1800	0.25730994152047
6	5681765	1820	0.26315789473684
6	5828940	1840	0.25324675324675
6	5978440	1860	0.26373626373626
6	6130650	1880	0.26052631578947
6	6285402	1900	0.25
6	6442691	1920	0.25735294117647
6	6603191	1940	0.2536231884058
6	6765350	1960	0.31428571428571
6	6930419	1980	0.25793650793651
6	7097646	2000	0.26470588235294
7	145199	240	22.658227848101
7	171262	260	22.811764705882
7	198536	280	22.195652173913
7	225956	300	22.47311827957
7	253337	320	22.242105263158
7	280709	340	22.494623655914
7	308140	360	22.585106382979
7	335951	380	21.978947368421
7	364129	400	22.197916666667
7	393077	420	22.090909090909
7	422072	440	22.19387755102
7	451949	460	22.158415841584
7	482188	480	22.362745098039
7	513418	500	22.442307692308
7	544823	520	23.148514851485
7	577121	540	22.914285714286
7	610114	560	23.571428571429
7	644026	580	23.518518518519
7	678888	600	23.816513761468
7	714787	620	24.162162162162
7	751607	640	24.818181818182
7	789485	660	24.982142857143
7	828292	680	25.9375
7	867869	700	25.973451327434
7	909225	720	26.560344827586
7	951859	740	27.539130434783
7	995564	760	28.016666666667
7	1041118	780	28.487394957983
7	1087208	800	28.848739495798
7	1134286	820	28.99173553719
7	1183018	840	29.252032520325
7	1232485	860	30.008064516129
7	1283044	880	30.015748031496
7	1334633	900	30.388888888889
7	1387376	920	30.674418604651
7	1441192	940	30.682170542636
7	1496742	960	31.330769230769
7	1553777	980	32.09022556391
7	1611795	1000	31.791044776119
7	1671409	1020	32.865671641791
7	1733359	1040	33.169117647059
7	1796124	1060	33.664233576642
7	1861205	1080	34.56204379562
7	1927725	1100	35.10071942446
7	1995559	1120	35.328571428571
7	2065462	1140	36.184397163121
7	2136782	1160	36.661971830986
7	2209759	1180	37.416666666667
7	2284637	1200	37.910344827586
7	2361405	1220	38.761904761905
7	2440403	1240	39.265306122449
7	2521500	1260	40.324324324324
7	2604746	1280	40.887417218543
7	2689625	1300	41.093333333333
7	2777349	1320	42.335526315789
7	2866565	1340	42.782051282051
7	2958125	1360	43.294871794872
7	3051330	1380	44.096774193548
7	3146678	1400	44.968152866242
7	3244153	1420	45.440251572327
7	3344386	1440	46.3875
7	3446378	1460	47.213836477987
7	3551233	1480	47.766871165644
7	3657986	1500	48.447852760736
7	3767310	1520	49.266666666667
7	3878970	1540	49.676646706587
7	3992789	1560	50.897590361446
7	4108975	1580	51.089285714286
7	4226968	1600	51.458823529412
7	4347606	1620	51.529069767442
7	4470538	1640	51.959537572254
7	4595290	1660	52.485714285714
7	4722973	1680	53.284090909091
7	4852224	1700	53.409090909091
7	4984421	1720	53.994350282486
7	5119377	1740	54.893854748603
7	5256012	1760	55.033149171271
7	5395284	1780	55.769230769231
7	5537191	1800	56.185792349727
7	5681765	1820	57.174863387978
7	5828940	1840	57.335135135135
7	5978440	1860	57.994623655914
7	6130650	1880	58.478723404255
7	6285402	1900	58.952631578947
7	6442691	1920	59.789473684211
7	6603191	1940	59.525773195876
7	6765350	1960	60.865284974093
7	6930419	1980	61.39378238342
7	7097646	2000	61.505102040816
8	145199	240	4.896063504986
8	171262	260	3.9716079196954
8	198536	280	5.0519045052767
8	225956	300	4.7148963699467
8	253337	320	4.4785916039263
8	280709	340	4.0663616252979
8	308140	360	4.3857285033036
8	335951	380	4.6994317161384
8	364129	400	4.9302925965625
8	393077	420	4.7382311973358
8	422072	440	4.0605168612786
8	451949	460	4.4265848535125
8	482188	480	4.2210908816811
8	513418	500	4.7599194801808
8	544823	520	3.1855490535035
8	577121	540	2.6822575369463
8	610114	560	2.8984649214884
8	644026	580	3.1577866419835
8	678888	600	3.6822022838963
8	714787	620	3.1952821487042
8	751607	640	4.4807064854597
8	789485	660	4.6672756543258
8	828292	680	4.6736394175637
8	867869	700	5.0998252368361
8	909225	720	6.0767393904289
8	951859	740	6.1790349506565
8	995564	760	7.4889086989628
8	1041118	780	7.1448281000997
8	1087208	800	7.3122125097329
8	1134286	820	7.9283204061648
8	1183018	840	8.5627802057155
8	1232485	860	8.060236603824
8	1283044	880	8.8443186426919
8	1334633	900	9.3294992124741
8	1387376	920	9.9106656489184
8	1441192	940	9.979654691017
8	1496742	960	10.010373272117
8	1553777	980	11.328737022479
8	1611795	1000	11.641948152907
8	1671409	1020	11.494222834453
8	1733359	1040	12.460637369739
8	1796124	1060	12.854546787869
8	1861205	1080	13.391097412454
8	1927725	1100	13.835102888755
8	1995559	1120	13.690012563459
8	2065462	1140	14.621707364092
8	2136782	1160	15.328038242645
8	2209759	1180	15.878692236229
8	2284637	1200	16.141267522762
8	2361405	1220	17.438083552698
8	2440403	1240	17.386156723808
8	2521500	1260	17.922818737943
8	2604746	1280	18.75225961366
8	2689625	1300	18.812871028397
8	2777349	1320	19.640458337184
8	2866565	1340	20.543987385622
8	2958125	1360	20.650460574015
8	3051330	1380	21.349221888418
8	3146678	1400	22.018180245193
8	3244153	1420	22.361130152755
8	3344386	1440	22.597374896241
8	3446378	1460	23.753311502613
8	3551233	1480	24.402127652668
8	3657986	1500	24.400757267705
8	3767310	1520	25.115376043793
8	3878970	1540	25.465608620699
8	3992789	1560	25.707357635173
8	4108975	1580	26.054946628196
8	4226968	1600	26.328625473385
8	4347606	1620	26.340866638552
8	4470538	1640	27.079203034695
8	4595290	1660	26.990815198699
8	4722973	1680	27.391322448077
8	4852224	1700	27.263847905191
8	4984421	1720	27.349068700934
8	5119377	1740	28.089042131522
8	5256012	1760	28.012675811831
8	5395284	1780	28.40592768388
8	5537191	1800	28.988220709293
8	5681765	1820	28.954151363191
8	5828940	1840	29.36439185158
8	5978440	1860	29.536509210536
8	6130650	1880	30.071298065523
8	6285402	1900	30.528031500964
8	6442691	1920	30.276117235435
8	6603191	1940	30.883734097134
8	6765350	1960	31.073208031039
8	6930419	1980	31.541810259927
8	7097646	2000	31.784288563325
9	145199	240	23.971437844856
9	171262	260	15.773669467787
9	198536	280	25.521739130435
9	225956	300	22.230247779336
9	253337	320	20.057782754759
9	280709	340	16.535296867695
9	308140	360	19.23461450469
9	335951	380	22.084658454647
9	364129	400	24.307785087719
9	393077	420	22.450834879406
9	422072	440	16.487797180728
9	451949	460	19.594653465347
9	482188	480	17.817608231411
9	513418	500	22.656833457804
9	544823	520	10.147722772277
9	577121	540	7.1945054945055
9	610114	560	8.4010989010989
9	644026	580	9.9716164762894
9	678888	600	13.558613659531
9	714787	620	10.209828009828
9	751607	640	20.076730608841
9	789485	660	21.783462033462
9	828292	680	21.842905405405
9	867869	700	26.008217446271
9	909225	720	36.92676161919
9	951859	740	38.180472921434
9	995564	760	56.083753501401
9	1041118	780	51.048568579974
9	1087208	800	53.468451787495
9	1134286	820	62.85826446281
9	1183018	840	73.321204851393
9	1232485	860	64.967414109625
9	1283044	880	78.221972253468
9	1334633	900	87.039555555556
9	1387376	920	98.221293604651
9	1441192	940	99.593507751938
9	1496742	960	100.20757304711
9	1553777	980	128.34028252449
9	1611795	1000	135.53495679497
9	1671409	1020	132.11715856806
9	1733359	1040	155.26748366013
9	1796124	1060	165.23937312151
9	1861205	1080	179.32148990983
9	1927725	1100	191.41007194245
9	1995559	1120	187.41644398767
9	2065462	1140	213.79432624113
9	2136782	1160	234.948756368
9	2209759	1180	252.13286713287
9	2284637	1200	260.54051724138
9	2361405	1220	304.08675799087
9	2440403	1240	302.27844562483
9	2521500	1260	321.22743151315
9	2604746	1280	351.6472406181
9	2689625	1300	353.9241163311
9	2777349	1320	385.74760369467
9	2866565	1340	422.05541770058
9	2958125	1360	426.44152191894
9	3051330	1380	455.78927524089
9	3146678	1400	484.80026130982
9	3244153	1420	500.02014170846
9	3344386	1440	510.64135220126
9	3446378	1460	564.21980734018
9	3551233	1480	595.46383397713
9	3657986	1500	595.39695523745
9	3767310	1520	630.78211382114
9	3878970	1540	648.49722242262
9	3992789	1560	660.86823658269
9	4108975	1580	678.86024379812
9	4226968	1600	693.19651931779
9	4347606	1620	693.84125526996
9	4470538	1640	733.28323699422
9	4595290	1660	728.50410509031
9	4722973	1680	750.28454545455
9	4852224	1700	743.3174025974
9	4984421	1720	747.97155880842
9	5119377	1740	788.99428786642
9	5256012	1760	784.71000613874
9	5395284	1780	806.89672758181
9	5537191	1800	840.31693989071
9	5681765	1820	838.34288116255
9	5828940	1840	862.26750881316
9	5978440	1860	872.40537634409
9	6130650	1880	904.28296734555
9	6285402	1900	931.96070732387
9	6442691	1920	916.6432748538
9	6603191	1940	953.80503178249
9	6765350	1960	965.54425734024
9	6930419	1980	994.88579447323
9	7097646	2000	1010.2409994767
10	145199	240	528.70536959128
10	171262	260	383.90960120529
10	198536	280	237.14976890319
10	225956	300	578.03950107014
10	253337	320	377.81407197595
10	280709	340	472.52258580391
10	308140	360	142.93113552831
10	335951	380	482.10818794441
10	364129	400	521.52220558776
10	393077	420	583.37098542248
10	422072	440	476.95133810204
10	451949	460	293.66171910808
10	482188	480	637.09609415633
10	513418	500	674.85239064136
10	544823	520	498.44589989633
10	577121	540	530.59230193843
10	610114	560	575.30885144826
10	644026	580	538.87525766632
10	678888	600	576.31334085106
10	714787	620	590.14728162326
10	751607	640	589.05317892697
10	789485	660	249.72965167775
10	828292	680	553.81196090402
10	867869	700	769.34347152724
10	909225	720	597.70321747368
10	951859	740	382.96592175948
10	995564	760	696.50103604076
10	1041118	780	853.51056001164
10	1087208	800	879.02958860529
10	1134286	820	741.17523135798
10	1183018	840	801.61705818731
10	1232485	860	538.96311431283
10	1283044	880	536.8176184388
10	1334633	900	559.7010736938
10	1387376	920	402.11804648898
10	1441192	940	586.87945521648
10	1496742	960	630.53273429994
10	1553777	980	538.81130024942
10	1611795	1000	646.29109588099
10	1671409	1020	789.35546672641
10	1733359	1040	808.67548870238
10	1796124	1060	603.13857699192
10	1861205	1080	643.39023790257
10	1927725	1100	650.9748869412
10	1995559	1120	739.49505981419
10	2065462	1140	686.14056541097
10	2136782	1160	634.1705721802
10	2209759	1180	947.48477277101
10	2284637	1200	540.17662893814
10	2361405	1220	645.19078384695
10	2440403	1240	594.85094510194
10	2521500	1260	832.92823285764
10	2604746	1280	955.79896074541
10	2689625	1300	650.40587190313
10	2777349	1320	758.04909017427
10	2866565	1340	554.80213461142
10	2958125	1360	606.79340081167
10	3051330	1380	762.95057804072
10	3146678	1400	1152.6695852153
10	3244153	1420	562.39120591286
10	3344386	1440	864.88871093472
10	3446378	1460	1151.4082822135
10	3551233	1480	700.72924769743
10	3657986	1500	827.55574045721
10	3767310	1520	897.14445756288
10	3878970	1540	853.0081103745
10	3992789	1560	802.94278350638
10	4108975	1580	852.69409146079
10	4226968	1600	1282.3949681587
10	4347606	1620	793.52180975768
10	4470538	1640	794.61706952414
10	4595290	1660	977.98283098015
10	4722973	1680	1006.8818510681
10	4852224	1700	1022.608824071
10	4984421	1720	721.59097317867
10	5119377	1740	868.22453891225
10	5256012	1760	1099.4104479011
10	5395284	1780	965.83379331393
10	5537191	1800	948.53231366151
10	5681765	1820	986.03837798438
10	5828940	1840	1129.7053626986
10	5978440	1860	712.09896441066
10	6130650	1880	1015.035736607
10	6285402	1900	1266.3765893834
10	6442691	1920	843.01209064494
10	6603191	1940	1197.9667190363
10	6765350	1960	747.28696405993
10	6930419	1980	1400.3321450683
10	7097646	2000	864.51375558062
11	145199	240	48.064124508298
11	171262	260	47.988700150662
11	198536	280	47.429953780638
11	225956	300	48.169958422512
11	253337	320	47.226758996994
11	280709	340	47.252258580391
11	308140	360	47.643711842769
11	335951	380	48.210818794441
11	364129	400	47.411109598887
11	393077	420	48.614248785207
11	422072	440	47.695133810204
11	451949	460	48.943619851347
11	482188	480	49.007391858179
11	513418	500	48.203742188669
11	544823	520	49.844589989633
11	577121	540	48.235663812585
11	610114	560	47.942404287355
11	644026	580	48.988659787847
11	678888	600	48.026111737588
11	714787	620	49.178940135272
11	751607	640	49.08776491058
11	789485	660	49.945930335551
11	828292	680	50.346541900365
11	867869	700	48.083966970453
11	909225	720	49.80860145614
11	951859	740	47.870740219935
11	995564	760	49.750074002912
11	1041118	780	50.206503530096
11	1087208	800	48.834977144739
11	1134286	820	49.411682090532
11	1183018	840	50.101066136707
11	1232485	860	48.996646755712
11	1283044	880	48.801601676255
11	1334633	900	50.881915790346
11	1387376	920	50.264755811123
11	1441192	940	48.90662126804
11	1496742	960	48.502518023073
11	1553777	980	48.98284547722
11	1611795	1000	49.714699683153
11	1671409	1020	49.334716670401
11	1733359	1040	50.542218043899
11	1796124	1060	50.26154808266
11	1861205	1080	49.491556761736
11	1927725	1100	50.074991303169
11	1995559	1120	49.299670654279
11	2065462	1140	49.010040386498
11	2136782	1160	48.782351706169
11	2209759	1180	49.867619619527
11	2284637	1200	49.106966267103
11	2361405	1220	49.630060295919
11	2440403	1240	49.570912091828
11	2521500	1260	48.995778403391
11	2604746	1280	50.305208460285
11	2689625	1300	50.031220915625
11	2777349	1320	50.536606011618
11	2866565	1340	50.436557691947
11	2958125	1360	50.566116734306
11	3051330	1380	50.863371869382
11	3146678	1400	50.116068922404
11	3244153	1420	51.126473264806
11	3344386	1440	50.875806525572
11	3446378	1460	50.061229661456
11	3551233	1480	50.052089121245
11	3657986	1500	51.722233778576
11	3767310	1520	49.841358753493
11	3878970	1540	50.176947669088
11	3992789	1560	50.183923969149
11	4108975	1580	50.158475968282
11	4226968	1600	51.295798726346
11	4347606	1620	49.595113109855
11	4470538	1640	49.663566845258
11	4595290	1660	48.899141549008
11	4722973	1680	50.344092553406
11	4852224	1700	51.130441203552
11	4984421	1720	51.542212369905
11	5119377	1740	51.072031700721
11	5256012	1760	49.973202177322
11	5395284	1780	50.833357542838
11	5537191	1800	49.922753350606
11	5681765	1820	49.301918899219
11	5828940	1840	51.350243759026
11	5978440	1860	50.864211743618
11	6130650	1880	50.75178683035
11	6285402	1900	50.655063575335
11	6442691	1920	49.588946508526
11	6603191	1940	49.915279959846
11	6765350	1960	49.819130937329
11	6930419	1980	50.011862323868
11	7097646	2000	50.853750328271
12	145199	240	2.0452123133898
12	171262	260	1.2423396778713
12	198536	280	1.1631688477571
12	225956	300	1.9375783345671
12	253337	320	1.1104590917896
12	280709	340	1.2594052489096
12	308140	360	1.2332610675702
12	335951	380	1.943469332823
12	364129	400	1.2840174170689
12	393077	420	1.8565777519782
12	422072	440	2.1326301332175
12	451949	460	1.69262862278
12	482188	480	1.4923056265961
12	513418	500	1.2677892836198
12	544823	520	3.0274516663738
12	577121	540	2.0156329994699
12	610114	560	1.3527027684406
12	644026	580	1.3857323123615
12	678888	600	3.1252937534585
12	714787	620	2.8673024078336
12	751607	640	2.5569862692317
12	789485	660	1.2255770779619
12	828292	680	2.7453523734064
12	867869	700	2.5020488849995
12	909225	720	2.4434875770853
12	951859	740	2.1831621699866
12	995564	760	2.6698293946362
12	1041118	780	2.523662451169
12	1087208	800	2.3109739619722
12	1134286	820	3.0970569480152
12	1183018	840	3.2270495893698
12	1232485	860	2.3678125011375
12	1283044	880	2.6169380309607
12	1334633	900	4.5230606944145
12	1387376	920	2.2094263219541
12	1441192	940	4.0344275423951
12	1496742	960	1.6946007771834
12	1553777	980	2.827642859196
12	1611795	1000	3.1499275406452
12	1671409	1020	2.5506230916423
12	1733359	1040	2.4505059517787
12	1796124	1060	2.6263576258201
12	1861205	1080	2.2402176399147
12	1927725	1100	3.7906622051574
12	1995559	1120	2.3030339453281
12	2065462	1140	2.334652807136
12	2136782	1160	2.3740478292495
12	2209759	1180	2.5721054694624
12	2284637	1200	2.6388370196173
12	2361405	1220	3.3896287810143
12	2440403	1240	2.3055702134783
12	2521500	1260	2.3290849267155
12	2604746	1280	3.1170922425085
12	2689625	1300	3.058137502967
12	2777349	1320	1.9428891955789
12	2866565	1340	2.7893632886431
12	2958125	1360	2.879309509514
12	3051330	1380	2.4988970015299
12	3146678	1400	2.8855098872161
12	3244153	1420	2.3981842113707
12	3344386	1440	3.3203798889077
12	3446378	1460	2.2617370084835
12	3551233	1480	3.1188740146126
12	3657986	1500	2.0329322295088
12	3767310	1520	2.3688133933022
12	3878970	1540	3.7617689673969
12	3992789	1560	3.4043497478258
12	4108975	1580	2.3533942637658
12	4226968	1600	2.5602339094477
12	4347606	1620	3.0476958420685
12	4470538	1640	2.4921694640375
12	4595290	1660	3.2122691028806
12	4722973	1680	2.6396087765193
12	4852224	1700	2.2443230299903
12	4984421	1720	3.711519033392
12	5119377	1740	3.3508679745522
12	5256012	1760	2.3490586504632
12	5395284	1780	2.4060121334373
12	5537191	1800	2.2961989821319
12	5681765	1820	3.3434342676002
12	5828940	1840	2.7736380237781
12	5978440	1860	2.465839352345
12	6130650	1880	2.3438203411705
12	6285402	1900	1.899662062733
12	6442691	1920	2.062067914605
12	6603191	1940	2.2971671528807
12	6765350	1960	2.2382998474996
12	6930419	1980	2.8642577844436
12	7097646	2000	2.6653834804525
13	145199	240	4.1828934068413
13	171262	260	1.5434078752132
13	198536	280	1.3529617683925
13	225956	300	3.754209802584
13	253337	320	1.2331193945383
13	280709	340	1.5861015809811
13	308140	360	1.5209328607843
13	335951	380	3.7770730476237
13	364129	400	1.6487007273363
13	393077	420	3.4468809491405
13	422072	440	4.5481112851074
13	451949	460	2.864991654654
13	482188	480	2.2269760831703
13	513418	500	1.6072896676611
13	544823	520	9.1654635922296
13	577121	540	4.0627763885522
13	610114	560	1.8298047797468
13	644026	580	1.9202540415227
13	678888	600	9.7674610454065
13	714787	620	8.2214230979685
13	751607	640	6.5381787810393
13	789485	660	1.5020391740255
13	828292	680	7.5369596541682
13	867869	700	6.2602486229274
13	909225	720	5.97063153937
13	951859	740	4.7661970604605
13	995564	760	7.1279889964633
13	1041118	780	6.3688721674402
13	1087208	800	5.3406006529137
13	1134286	820	9.5917617392494
13	1183018	840	10.413849052252
13	1232485	860	5.606536040543
13	1283044	880	6.8483646578883
13	1334633	900	20.458078045357
13	1387376	920	4.8815646721438
13	1441192	940	16.276605594836
13	1496742	960	2.8716717940306
13	1553777	980	7.9955641391622
13	1611795	1000	9.9220435113154
13	1671409	1020	6.5056781556191
13	1733359	1040	6.004979419703
13	1796124	1060	6.8977543787036
13	1861205	1080	5.0185750741848
13	1927725	1100	14.369119953608
13	1995559	1120	5.3039653533334
13	2065462	1140	5.4506037298682
13	2136782	1160	5.6361030955642
13	2209759	1180	6.6157265460385
13	2284637	1200	6.9634608161026
13	2361405	1220	11.489583273081
13	2440403	1240	5.3156540092782
13	2521500	1260	5.4246365958532
13	2604746	1280	9.7162640483067
13	2689625	1300	9.3522049870533
13	2777349	1320	3.7748184262973
13	2866565	1340	7.7805475560297
13	2958125	1360	8.2904232515777
13	3051330	1380	6.2444862242553
13	3146678	1400	8.3261673092221
13	3244153	1420	5.7512875116678
13	3344386	1440	11.024922606663
13	3446378	1460	5.1154542955438
13	3551233	1480	9.7273751190255
13	3657986	1500	4.1328134497754
13	3767310	1520	5.6112768922879
13	3878970	1540	14.15090576407
13	3992789	1560	11.589597205521
13	4108975	1580	5.5384645607258
13	4226968	1600	6.554797671086
13	4347606	1620	9.2884499457618
13	4470538	1640	6.2109086374808
13	4595290	1660	10.318672789321
13	4722973	1680	6.9675344930775
13	4852224	1700	5.0369858629449
13	4984421	1720	13.775373535231
13	5119377	1740	11.228316182879
13	5256012	1760	5.5180765433161
13	5395284	1780	5.7888943862474
13	5537191	1800	5.2725297655435
13	5681765	1820	11.178552701763
13	5828940	1840	7.6930678869476
13	5978440	1860	6.0803637115731
13	6130650	1880	5.4934937916845
13	6285402	1900	3.6087159525869
13	6442691	1920	4.2521240844433
13	6603191	1940	5.2769769282739
13	6765350	1960	5.0099862073169
13	6930419	1980	8.2039726557457
13	7097646	2000	7.104269097869
14	145199	240	628.903875062
14	171262	260	537.14910475385
14	198536	280	492.59849977656
14	225956	300	674.65241056835
14	253337	320	539.10259278474
14	280709	340	631.18626054346
14	308140	360	136.18068549459
14	335951	380	492.08112309464
14	364129	400	632.96420905712
14	393077	420	635.61498715428
14	422072	440	500.63683755052
14	451949	460	590.01445949681
14	482188	480	731.06441508679
14	513418	500	721.67240277881
14	544823	520	639.28152258049
14	577121	540	593.26774564708
14	610114	560	675.59539569018
14	644026	580	679.03366537455
14	678888	600	684.36061831318
14	714787	620	588.76828373211
14	751607	640	678.5790226989
14	789485	660	324.45869978874
14	828292	680	723.00616580048
14	867869	700	816.30564392442
14	909225	720	593.77584242387
14	951859	740	406.0198532668
14	995564	760	819.855673144
14	1041118	780	872.55716974464
14	1087208	800	963.34874831917
14	1134286	820	822.37426937859
14	1183018	840	915.24599814438
14	1232485	860	635.24485252653
14	1283044	880	544.20959143489
14	1334633	900	737.00178732658
14	1387376	920	414.99082237989
14	1441192	940	596.45168184363
14	1496742	960	726.0147832804
14	1553777	980	590.59193677973
14	1611795	1000	819.25898149522
14	1671409	1020	775.96292033818
14	1733359	1040	1057.2913861467
14	1796124	1060	777.95935809833
14	1861205	1080	961.6722417596
14	1927725	1100	776.98525606113
14	1995559	1120	784.01223899263
14	2065462	1140	869.76745347974
14	2136782	1160	1135.9495975109
14	2209759	1180	1005.7894566258
14	2284637	1200	858.78681680402
14	2361405	1220	680.51897648363
14	2440403	1240	640.52331641163
14	2521500	1260	1138.0788061061
14	2604746	1280	1099.836970337
14	2689625	1300	771.99567664031
14	2777349	1320	833.58306687164
14	2866565	1340	780.24268713125
14	2958125	1360	866.56668172788
14	3051330	1380	913.86924872202
14	3146678	1400	1272.9760206177
14	3244153	1420	553.57078468959
14	3344386	1440	958.54883594073
14	3446378	1460	1368.6993053701
14	3551233	1480	816.71152420071
14	3657986	1500	916.21930155862
14	3767310	1520	1048.9542927863
14	3878970	1540	871.00333895958
14	3992789	1560	864.28561736408
14	4108975	1580	823.26659704399
14	4226968	1600	1327.3365668489
14	4347606	1620	907.20140595872
14	4470538	1640	864.75186528773
14	4595290	1660	1182.2991886092
14	4722973	1680	1094.1987910031
14	4852224	1700	1142.8110197952
14	4984421	1720	730.98562262214
14	5119377	1740	999.74879909954
14	5256012	1760	1092.7441485092
14	5395284	1780	1002.1635718136
14	5537191	1800	1135.6976052558
14	5681765	1820	1228.2287179817
14	5828940	1840	1144.441763922
14	5978440	1860	998.80694164744
14	6130650	1880	1280.3948759183
14	6285402	1900	1454.7841902501
14	6442691	1920	862.5226997771
14	6603191	1940	1228.2348140214
14	6765350	1960	815.84103637333
14	6930419	1980	1505.8902185116
14	7097646	2000	1004.0192506762
15	145199	240	44.921705361572
15	171262	260	44.762425396154
15	198536	280	44.781681797869
15	225956	300	44.976827371223
15	253337	320	44.925216065395
15	280709	340	45.084732895962
15	308140	360	45.393561831531
15	335951	380	44.734647554058
15	364129	400	45.211729218365
15	393077	420	45.40107051102
15	422072	440	45.51243977732
15	451949	460	45.385727653601
15	482188	480	45.691525942925
15	513418	500	45.104525173676
15	544823	520	45.662965898606
15	577121	540	45.63598043439
15	610114	560	45.039693046012
15	644026	580	45.26891102497
15	678888	600	45.624041220879
15	714787	620	45.289867979393
15	751607	640	45.23860151326
15	789485	660	46.351242826963
15	828292	680	45.18788536253
15	867869	700	45.350313551357
15	909225	720	45.675064801836
15	951859	740	45.113317029644
15	995564	760	45.547537396889
15	1041118	780	45.924061565507
15	1087208	800	45.87374991996
15	1134286	820	45.687459409922
15	1183018	840	45.762299907219
15	1232485	860	45.374632323324
15	1283044	880	45.350799286241
15	1334633	900	46.062611707911
15	1387376	920	46.110091375544
15	1441192	940	45.880898603356
15	1496742	960	45.375923955025
15	1553777	980	45.430148983056
15	1611795	1000	45.514387860846
15	1671409	1020	45.644877666952
15	1733359	1040	45.969190702032
15	1796124	1060	45.762315182255
15	1861205	1080	45.793916274267
15	1927725	1100	45.705015062419
15	1995559	1120	46.118366999566
15	2065462	1140	45.77723439367
15	2136782	1160	45.437983900434
15	2209759	1180	45.717702573898
15	2284637	1200	45.19930614758
15	2361405	1220	45.367931765575
15	2440403	1240	45.751665457974
15	2521500	1260	45.523152244245
15	2604746	1280	45.826540430707
15	2689625	1300	45.411510390606
15	2777349	1320	46.310170381758
15	2866565	1340	45.89662865478
15	2958125	1360	45.60877272252
15	3051330	1380	45.693462436101
15	3146678	1400	45.463429307776
15	3244153	1420	46.130898724132
15	3344386	1440	45.645182663844
15	3446378	1460	45.623310179002
15	3551233	1480	45.372862455595
15	3657986	1500	45.810965077931
15	3767310	1520	45.606708382011
15	3878970	1540	45.842280997873
15	3992789	1560	45.488716703373
15	4108975	1580	45.73703316911
15	4226968	1600	45.770226443067
15	4347606	1620	45.360070297936
15	4470538	1640	45.513256067775
15	4595290	1660	45.473045715739
15	4722973	1680	45.591616291797
15	4852224	1700	45.712440791806
15	4984421	1720	45.686601413884
15	5119377	1740	45.443127231797
15	5256012	1760	45.531006187885
15	5395284	1780	45.552889627889
15	5537191	1800	45.427904210231
15	5681765	1820	45.489952517841
15	5828940	1840	45.777670556879
15	5978440	1860	45.400315529429
15	6130650	1880	45.728388425654
15	6285402	1900	45.462005945316
15	6442691	1920	45.395931567216
15	6603191	1940	45.490178297088
15	6765350	1960	45.32450202074
15	6930419	1980	45.633036924593
15	7097646	2000	45.637238667099
16	145199	240	0.57727116274926
16	171262	260	0.2096992010172
16	198536	280	0.287131443657
16	225956	300	0.3851984639432
16	253337	320	0.4596510180205
16	280709	340	0.99711285980516
16	308140	360	0.69094465502922
16	335951	380	0.48824965411814
16	364129	400	1.2469749143938
16	393077	420	1.6027243203429
16	422072	440	1.4597654776066
16	451949	460	1.51683902116
16	482188	480	1.695571095719
16	513418	500	1.0596333935844
16	544823	520	1.5337548671673
16	577121	540	1.5404533514762
16	610114	560	0.87070231924884
16	644026	580	1.0677341728259
16	678888	600	1.4415591775469
16	714787	620	1.1935951603435
16	751607	640	1.1121710953406
16	789485	660	1.1543700744035
16	828292	680	1.1218959070135
16	867869	700	1.1047201379542
16	909225	720	1.1024777992393
16	951859	740	1.1494894707868
16	995564	760	1.3911768230306
16	1041118	780	1.2712803612732
16	1087208	800	1.1722847057496
16	1134286	820	1.3538615374987
16	1183018	840	1.3508454026651
16	1232485	860	1.1182982200194
16	1283044	880	1.0331747801557
16	1334633	900	1.2224159641766
16	1387376	920	1.4497109283756
16	1441192	940	1.2433051173556
16	1496742	960	1.0054850602578
16	1553777	980	1.2025020124242
16	1611795	1000	1.1154444103378
16	1671409	1020	1.2530640017886
16	1733359	1040	1.2963804236138
16	1796124	1060	1.1212060748569
16	1861205	1080	1.0404681291955
16	1927725	1100	1.1716176672599
16	1995559	1120	1.2007402549923
16	2065462	1140	1.0407367640243
16	2136782	1160	0.98627338398818
16	2209759	1180	1.1303008207235
16	2284637	1200	0.93609256949632
16	2361405	1220	0.87227464628937
16	2440403	1240	1.0453097323694
16	2521500	1260	0.89735718796583
16	2604746	1280	1.0287867944386
16	2689625	1300	0.91828251396859
16	2777349	1320	1.0227467111607
16	2866565	1340	0.85007392698943
16	2958125	1360	1.246295103499
16	3051330	1380	1.1485998415222
16	3146678	1400	0.92916069836047
16	3244153	1420	0.95308545570953
16	3344386	1440	1.1295884217881
16	3446378	1460	0.78935071572177
16	3551233	1480	1.0159661196692
16	3657986	1500	0.81465501132648
16	3767310	1520	1.0993475398941
16	3878970	1540	0.784995328206
16	3992789	1560	0.82785877589757
16	4108975	1580	0.78207282265817
16	4226968	1600	0.65534849538099
16	4347606	1620	0.84284848571106
16	4470538	1640	0.7967599978672
16	4595290	1660	1.076945955782
16	4722973	1680	0.77583355697255
16	4852224	1700	0.89585863680054
16	4984421	1720	0.95761018275049
16	5119377	1740	0.54661631775457
16	5256012	1760	0.68797401744529
16	5395284	1780	0.68436174221523
16	5537191	1800	0.87898319696585
16	5681765	1820	0.83510233832647
16	5828940	1840	0.7434518462336
16	5978440	1860	0.72532654578968
16	6130650	1880	1.0451708574776
16	6285402	1900	0.81695763397151
16	6442691	1920	0.85440587739833
16	6603191	1940	0.9329800080861
16	6765350	1960	0.6287875784854
16	6930419	1980	0.80166770017196
16	7097646	2000	1.0791230541521
17	145199	240	0.33324199534188
17	171262	260	0.043973754907254
17	198536	280	0.08244446593655
17	225956	300	0.1483778566242
17	253337	320	0.21127905836728
17	280709	340	0.99423405518883
17	308140	360	0.47740451631345
17	335951	380	0.23838772474649
17	364129	400	1.5549464371273
17	393077	420	2.5687252470187
17	422072	440	2.130915249612
17	451949	460	2.3008006161137
17	482188	480	2.8749613406378
17	513418	500	1.1228229287992
17	544823	520	2.3524039925595
17	577121	540	2.3729965280742
17	610114	560	0.7581225287453
17	644026	580	1.1400562638203
17	678888	600	2.0780928623696
17	714787	620	1.4246694067955
17	751607	640	1.236924545311
17	789485	660	1.3325702686783
17	828292	680	1.2586504261737
17	867869	700	1.2204065832015
17	909225	720	1.2154572978156
17	951859	740	1.3213260434497
17	995564	760	1.9353729529375
17	1041118	780	1.6161537569588
17	1087208	800	1.3742514313344
17	1134286	820	1.8329410627183
17	1183018	840	1.8247833019015
17	1232485	860	1.2505909088985
17	1283044	880	1.0674501263498
17	1334633	900	1.4943007894738
17	1387376	920	2.1016617758518
17	1441192	940	1.5458076148427
17	1496742	960	1.0110002064016
17	1553777	980	1.4460110898842
17	1611795	1000	1.2442162325539
17	1671409	1020	1.5701693925784
17	1733359	1040	1.6806022027292
17	1796124	1060	1.257103062296
17	1861205	1080	1.0825739278716
17	1927725	1100	1.3726879582354
17	1995559	1120	1.4417771599591
17	2065462	1140	1.0831330119919
17	2136782	1160	0.97273518796349
17	2209759	1180	1.2775799453283
17	2284637	1200	0.87626929866622
17	2361405	1220	0.76086305855925
17	2440403	1240	1.0926724365862
17	2521500	1260	0.80524992279395
17	2604746	1280	1.0584022684112
17	2689625	1300	0.84324277546047
17	2777349	1320	1.0460108351899
17	2866565	1340	0.72262568134723
17	2958125	1360	1.5532514850057
17	3051330	1380	1.3192815959448
17	3146678	1400	0.86333960337771
17	3244153	1420	0.90837188588505
17	3344386	1440	1.2759700026378
17	3446378	1460	0.62307455241046
17	3551233	1480	1.0321871563157
17	3657986	1500	0.66366278747935
17	3767310	1520	1.2085650134712
17	3878970	1540	0.61621766530524
17	3992789	1560	0.68535015283062
17	4108975	1580	0.61163789994051
17	4226968	1600	0.42948165039812
17	4347606	1620	0.71039356986542
17	4470538	1640	0.63482649420134
17	4595290	1660	1.1598125916752
17	4722973	1680	0.60191770812467
17	4852224	1700	0.80256269713012
17	4984421	1720	0.91701726210743
17	5119377	1740	0.29878939883557
17	5256012	1760	0.47330824867981
17	5395284	1780	0.46835099420787
17	5537191	1800	0.77261146054831
17	5681765	1820	0.69739591547834
17	5828940	1840	0.55272064766815
17	5978440	1860	0.52609859802719
17	6130650	1880	1.0923821213204
17	6285402	1900	0.66741977570433
17	6442691	1920	0.73000940333282
17	6603191	1940	0.87045169548834
17	6765350	1960	0.39537381885754
17	6930419	1980	0.64267110149901
17	7097646	2000	1.1645065660026
18	145199	240	1579.5545224318
18	171262	260	1871.5337177253
18	198536	280	1775.785792492
18	225956	300	1960.5477265439
18	253337	320	2043.4761117762
18	280709	340	1916.4066799079
18	308140	360	2048.5766264872
18	335951	380	2158.8383269646
18	364129	400	2009.0910578604
18	393077	420	2213.9474606123
18	422072	440	2161.7378488087
18	451949	460	2294.186102958
18	482188	480	2517.3779071207
18	513418	500	2789.8642210326
18	544823	520	2476.555420702
18	577121	540	2726.1833906485
18	610114	560	2566.2118468228
18	644026	580	2731.9348846827
18	678888	600	2925.2633228523
18	714787	620	3137.6905672549
18	751607	640	3155.9560056351
18	789485	660	3144.0864985304
18	828292	680	2903.6427720976
18	867869	700	3210.4518125159
18	909225	720	3132.4582437769
18	951859	740	3116.432428569
18	995564	760	3165.1484519184
18	1041118	780	3279.5725947734
18	1087208	800	3345.5820170726
18	1134286	820	3581.7439677443
18	1183018	840	3343.1078770979
18	1232485	860	3761.7777633023
18	1283044	880	3901.5321631659
18	1334633	900	3641.2760680198
18	1387376	920	3671.7299637181
18	1441192	940	3449.1731665297
18	1496742	960	3483.1582797197
18	1553777	980	3409.9838071003
18	1611795	1000	3334.2509492237
18	1671409	1020	3807.4759282047
18	1733359	1040	3340.5357699427
18	1796124	1060	3530.5269282541
18	1861205	1080	3674.958313537
18	1927725	1100	3646.3790590865
18	1995559	1120	3573.157438707
18	2065462	1140	3582.8254748589
18	2136782	1160	3588.2968895936
18	2209759	1180	3734.588596253
18	2284637	1200	4045.1561648341
18	2361405	1220	4194.6068576342
18	2440403	1240	4417.7532154128
18	2521500	1260	4067.9744505873
18	2604746	1280	4169.1080451896
18	2689625	1300	4720.02039493
18	2777349	1320	4315.0937377925
18	2866565	1340	4568.7427585035
18	2958125	1360	4610.0510610358
18	3051330	1380	4408.5163612729
18	3146678	1400	4657.4490583374
18	3244153	1420	5037.2587464355
18	3344386	1440	4717.5381981994
18	3446378	1460	4437.4709851354
18	3551233	1480	5239.3220510899
18	3657986	1500	4648.4300015117
18	3767310	1520	4818.7636574436
18	3878970	1540	4779.240848148
18	3992789	1560	5215.0145726043
18	4108975	1580	5071.8468981143
18	4226968	1600	4772.7481792202
18	4347606	1620	5382.1962594499
18	4470538	1640	5235.0412841136
18	4595290	1660	5329.8187254942
18	4722973	1680	5441.1264241308
18	4852224	1700	5059.8740645172
18	4984421	1720	5672.0750834502
18	5119377	1740	5519.15842964
18	5256012	1760	5971.8436952274
18	5395284	1780	5896.1230670666
18	5537191	1800	5602.4635024819
18	5681765	1820	5697.9430699253
18	5828940	1840	5494.2902989278
18	5978440	1860	5492.0730389789
18	6130650	1880	5387.1923790109
18	6285402	1900	5324.6228116823
18	6442691	1920	6190.6323556434
18	6603191	1940	6382.043229757
18	6765350	1960	6532.0566283664
18	6930419	1980	6022.1779799491
18	7097646	2000	6482.2106394851
19	145199	240	47.865288558539
19	171262	260	47.988044044238
19	198536	280	47.994210607892
19	225956	300	47.818237232779
19	253337	320	47.522700273866
19	280709	340	47.910166997697
19	308140	360	47.641316895052
19	335951	380	47.974185043658
19	364129	400	47.83550137763
19	393077	420	48.129292622006
19	422072	440	48.038618862417
19	451949	460	48.812470275703
19	482188	480	48.411113598475
19	513418	500	48.944986333905
19	544823	520	48.559910209843
19	577121	540	48.68184626158
19	610114	560	48.419091449486
19	644026	580	48.78455151219
19	678888	600	48.754388714205
19	714787	620	49.026415113358
19	751607	640	49.311812588049
19	789485	660	49.126351539537
19	828292	680	49.214284272841
19	867869	700	49.391566346399
19	909225	720	48.944660059015
19	951859	740	49.467181405857
19	995564	760	49.455444561225
19	1041118	780	49.690493860203
19	1087208	800	49.199735545185
19	1134286	820	49.746443996448
19	1183018	840	49.897132493999
19	1232485	860	50.157036844031
19	1283044	880	50.019643117512
19	1334633	900	49.880494082463
19	1387376	920	50.297670735865
19	1441192	940	49.988016906228
19	1496742	960	49.759403995995
19	1553777	980	50.146820692651
19	1611795	1000	49.764939540653
19	1671409	1020	49.447739327334
19	1733359	1040	49.858742834965
19	1796124	1060	49.725731383861
19	1861205	1080	49.661598831581
19	1927725	1100	49.950398069678
19	1995559	1120	49.627186648708
19	2065462	1140	49.761464928596
19	2136782	1160	49.837456799912
19	2209759	1180	49.794514616707
19	2284637	1200	49.940199565853
19	2361405	1220	49.935795924216
19	2440403	1240	50.201741084237
19	2521500	1260	50.221906797374
19	2604746	1280	50.230217411923
19	2689625	1300	50.212982924787
19	2777349	1320	50.175508578983
19	2866565	1340	50.205964379159
19	2958125	1360	50.659901769624
19	3051330	1380	50.672601853712
19	3146678	1400	50.624446286276
19	3244153	1420	50.881401479146
19	3344386	1440	50.726217184939
19	3446378	1460	50.425806649266
19	3551233	1480	50.867204379514
19	3657986	1500	50.52641305991
19	3767310	1520	50.723827973091
19	3878970	1540	50.842987746255
19	3992789	1560	51.127593849061
19	4108975	1580	50.718468981143
19	4226968	1600	50.773916800215
19	4347606	1620	50.775436409905
19	4470538	1640	50.825643535083
19	4595290	1660	50.76017833804
19	4722973	1680	50.380800223433
19	4852224	1700	50.598740645172
19	4984421	1720	50.643527530805
19	5119377	1740	50.634481005871
19	5256012	1760	50.608844874809
19	5395284	1780	50.828647129884
19	5537191	1800	50.931486386199
19	5681765	1820	50.874491695761
19	5828940	1840	50.873058323405
19	5978440	1860	50.852528138693
19	6130650	1880	50.822569613311
19	6285402	1900	50.710693444593
19	6442691	1920	50.742888161012
19	6603191	1940	50.651136744103
19	6765350	1960	50.636097894313
19	6930419	1980	50.606537646631
19	7097646	2000	50.642270620977
20	145199	240	1.7969873581542
20	171262	260	1.656282047552
20	198536	280	1.8564446561531
20	225956	300	1.6237589088723
20	253337	320	1.5454413412645
20	280709	340	1.8871891787278
20	308140	360	1.7184714139774
20	335951	380	2.2466990884419
20	364129	400	2.1211954391959
20	393077	420	2.0006990274805
20	422072	440	2.5410629329773
20	451949	460	2.7813831246662
20	482188	480	2.1898876134526
20	513418	500	2.8267204269264
20	544823	520	2.1424510337116
20	577121	540	2.385598721715
20	610114	560	2.9342239043703
20	644026	580	2.5388551815746
20	678888	600	2.6774591188277
20	714787	620	2.47366404543
20	751607	640	2.5941184918279
20	789485	660	2.7132113137464
20	828292	680	2.6127146770521
20	867869	700	2.2316704745121
20	909225	720	2.4370855207161
20	951859	740	2.7812228445539
20	995564	760	3.1820275194259
20	1041118	780	3.0241634705337
20	1087208	800	3.1965705879258
20	1134286	820	3.1082023646216
20	1183018	840	3.8297359906233
20	1232485	860	4.0086659367516
20	1283044	880	3.3647725483497
20	1334633	900	4.0431101984524
20	1387376	920	3.9680275560925
20	1441192	940	2.7280878392624
20	1496742	960	2.8367628138888
20	1553777	980	2.7589653700963
20	1611795	1000	3.2707611782726
20	1671409	1020	2.7032402966714
20	1733359	1040	2.9826431154791
20	1796124	1060	2.81656076272
20	1861205	1080	2.811616559977
20	1927725	1100	2.9818174726404
20	1995559	1120	2.8028077690664
20	2065462	1140	2.4417400230076
20	2136782	1160	2.1808999784468
20	2209759	1180	2.2260397936501
20	2284637	1200	2.3923568013832
20	2361405	1220	2.4586175025836
20	2440403	1240	2.7919682208536
20	2521500	1260	2.8673208167914
20	2604746	1280	2.6635079922853
20	2689625	1300	2.6429560564638
20	2777349	1320	2.8295923388623
20	2866565	1340	2.7563738611349
20	2958125	1360	2.5449261493871
20	3051330	1380	2.5210665896401
20	3146678	1400	2.6780149597375
20	3244153	1420	2.8689604873311
20	3344386	1440	2.7412488386556
20	3446378	1460	2.920331789801
20	3551233	1480	3.0033238392051
20	3657986	1500	2.859520993639
20	3767310	1520	2.6455170722577
20	3878970	1540	2.6879772156622
20	3992789	1560	2.8299790279701
20	4108975	1580	2.8100366917729
20	4226968	1600	3.0730566540713
20	4347606	1620	2.7504331975377
20	4470538	1640	2.5990074005682
20	4595290	1660	2.6623922126685
20	4722973	1680	2.7405308245616
20	4852224	1700	3.0036973457249
20	4984421	1720	2.8661155409489
20	5119377	1740	2.8506075771656
20	5256012	1760	2.9988022176727
20	5395284	1780	2.7151160140788
20	5537191	1800	3.0813581647086
20	5681765	1820	2.6320211700286
20	5828940	1840	2.6754168354926
20	5978440	1860	2.6821985850713
20	6130650	1880	2.6994052838293
20	6285402	1900	2.6777917450829
20	6442691	1920	2.3699609845269
20	6603191	1940	2.4920324215434
20	6765350	1960	2.7570448922377
20	6930419	1980	2.5249001834534
20	7097646	2000	2.655687693
21	145199	240	3.2291635653659
21	171262	260	2.7432702210432
21	198536	280	3.4463867613595
21	225956	300	2.6365929941423
21	253337	320	2.3883889392893
21	280709	340	3.5614829963073
21	308140	360	2.9531440006576
21	335951	380	5.0476567940056
21	364129	400	4.4994700912657
21	393077	420	4.0027965985615
21	422072	440	6.4570008293513
21	451949	460	7.7360920861778
21	482188	480	4.7956077595531
21	513418	500	7.9903483720027
21	544823	520	4.5900964318518
21	577121	540	5.6910812610483
21	610114	560	8.6096699209781
21	644026	580	6.4457856330081
21	678888	600	7.1687873329937
21	714787	620	6.1190138096532
21	751607	640	6.7294507496437
21	789485	660	7.3615156330417
21	828292	680	6.8262779836836
21	867869	700	4.9803531068093
21	909225	720	5.939385835284
21	951859	740	7.7352005110686
21	995564	760	10.125299134384
21	1041118	780	9.1455646965105
21	1087208	800	10.218063523592
21	1134286	820	9.6609219394393
21	1183018	840	14.666877757876
21	1232485	860	16.069402592472
21	1283044	880	11.321694302128
21	1334633	900	16.34674007683
21	1387376	920	15.745242685909
21	1441192	940	7.4424632587316
21	1496742	960	8.0472232622626
21	1553777	980	7.6118899133908
21	1611795	1000	10.697878685295
21	1671409	1020	7.3075081015479
21	1733359	1040	8.8961599543149
21	1796124	1060	7.9330145300941
21	1861205	1080	7.9051876803367
21	1927725	1100	8.8912354401438
21	1995559	1120	7.8557313903388
21	2065462	1140	5.9620943399573
21	2136782	1160	4.7563247159892
21	2209759	1180	4.9552531629137
21	2284637	1200	5.7233710651245
21	2361405	1220	6.0448000240104
21	2440403	1240	7.7950865462564
21	2521500	1260	8.2215286664055
21	2604746	1280	7.0942748249675
21	2689625	1300	6.9852167163984
21	2777349	1320	8.0065928041485
21	2866565	1340	7.5975968623477
21	2958125	1360	6.476649105834
21	3051330	1380	6.3557767493994
21	3146678	1400	7.1717641245781
21	3244153	1420	8.2309342778671
21	3344386	1440	7.5144451954309
21	3446378	1460	8.5283377625223
21	3551233	1480	9.0199540831375
21	3657986	1500	8.1768603130624
21	3767310	1520	6.9987605796069
21	3878970	1540	7.2252215119189
21	3992789	1560	8.0087812987507
21	4108975	1580	7.8963062091098
21	4226968	1600	9.4436771991319
21	4347606	1620	7.5648827741174
21	4470538	1640	6.7548394682082
21	4595290	1660	7.0883322940781
21	4722973	1680	7.5105092003723
21	4852224	1700	9.022197744715
21	4984421	1720	8.2146182940689
21	5119377	1740	8.1259635589937
21	5256012	1760	8.992814740719
21	5395284	1780	7.3718549699072
21	5537191	1800	9.4947681392165
21	5681765	1820	6.9275354394785
21	5828940	1840	7.1578552436371
21	5978440	1860	7.1941892497587
21	6130650	1880	7.2867888863658
21	6285402	1900	7.1705686300343
21	6442691	1920	5.6167150681797
21	6603191	1940	6.2102255900234
21	6765350	1960	7.6012965378138
21	6930419	1980	6.3751209364032
21	7097646	2000	7.0526771227516
22	145199	240	2912.8238412398
22	171262	260	3273.4571146468
22	198536	280	3643.8853114197
22	225956	300	3504.3510124811
22	253337	320	3732.9334404265
22	280709	340	3557.6388463132
22	308140	360	4094.5472876586
22	335951	380	3796.6471186546
22	364129	400	3691.4233825858
22	393077	420	3849.2725519248
22	422072	440	3929.4123872787
22	451949	460	4001.520025089
22	482188	480	3898.2796744851
22	513418	500	4010.867623588
22	544823	520	3942.1469720926
22	577121	540	4181.0028859471
22	610114	560	4097.0472681171
22	644026	580	4237.0299775538
22	678888	600	4274.8527342835
22	714787	620	4471.0500014417
22	751607	640	4318.2889042266
22	789485	660	4773.6700580028
22	828292	680	4370.577519542
22	867869	700	4330.1454184059
22	909225	720	4686.1790384928
22	951859	740	4827.8523891961
22	995564	760	4644.6351177013
22	1041118	780	4552.7868686374
22	1087208	800	4455.9701084372
22	1134286	820	4696.8072429382
22	1183018	840	4691.8972116411
22	1232485	860	5029.7892672336
22	1283044	880	5258.1462714832
22	1334633	900	5011.7251812843
22	1387376	920	5480.1034013552
22	1441192	940	5294.7337354809
22	1496742	960	5210.913463949
22	1553777	980	5488.3673088451
22	1611795	1000	5301.6428055025
22	1671409	1020	5349.9970401844
22	1733359	1040	5162.6066639803
22	1796124	1060	5479.6743221629
22	1861205	1080	5293.3820991562
22	1927725	1100	5576.1625125335
22	1995559	1120	5614.4226861583
22	2065462	1140	5569.3862072652
22	2136782	1160	5347.4818444432
22	2209759	1180	5573.4171889829
22	2284637	1200	5762.3656214376
22	2361405	1220	6028.083936064
22	2440403	1240	6075.1283035287
22	2521500	1260	5619.5074718831
22	2604746	1280	5801.390826109
22	2689625	1300	6078.1052243237
22	2777349	1320	6104.421327642
22	2866565	1340	6345.778157285
22	2958125	1360	6260.4454850433
22	3051330	1380	6159.9928010015
22	3146678	1400	5890.670706027
22	3244153	1420	6702.3961444793
22	3344386	1440	6343.4870917818
22	3446378	1460	5883.995419251
22	3551233	1480	6619.3908858703
22	3657986	1500	6514.7882335664
22	3767310	1520	6480.5286982681
22	3878970	1540	6750.3660711946
22	3992789	1560	6710.7135733391
22	4108975	1580	6839.0732221686
22	4226968	1600	6429.9526442268
22	4347606	1620	6937.1319862531
22	4470538	1640	7022.1405895535
22	4595290	1660	6802.0206995367
22	4722973	1680	6932.6176923203
22	4852224	1700	6883.0583695724
22	4984421	1720	7336.9253759838
22	5119377	1740	7164.270087811
22	5256012	1760	7164.3992860108
22	5395284	1780	7292.2726874382
22	5537191	1800	7201.1220041946
22	5681765	1820	7105.5643403503
22	5828940	1840	7290.2477392313
22	5978440	1860	7471.9826527894
22	6130650	1880	7282.9369846498
22	6285402	1900	7199.5318215854
22	6442691	1920	7790.8916455314
22	6603191	1940	7614.6711506791
22	6765350	1960	7978.913089468
22	6930419	1980	7279.1476466007
22	7097646	2000	7920.4377105759
23	145199	240	44.812674480612
23	171262	260	44.841878282832
23	198536	280	44.986238412589
23	225956	300	44.927577083091
23	253337	320	44.975101691886
23	280709	340	45.033403117889
23	308140	360	44.995025139105
23	335951	380	45.198179983983
23	364129	400	45.017358324216
23	393077	420	45.285559434409
23	422072	440	45.165659623893
23	451949	460	45.471818466921
23	482188	480	45.328833424245
23	513418	500	45.578041177136
23	544823	520	45.312034161984
23	577121	540	45.445683542904
23	610114	560	45.522747423524
23	644026	580	45.559462124234
23	678888	600	45.477156747697
23	714787	620	45.622959198384
23	751607	640	45.45567267607
23	789485	660	45.463524361932
23	828292	680	45.526849161896
23	867869	700	45.580478088483
23	909225	720	45.496883868862
23	951859	740	45.545777256567
23	995564	760	45.535638408836
23	1041118	780	45.527868686374
23	1087208	800	45.469082739155
23	1134286	820	45.600070319788
23	1183018	840	45.552400113021
23	1232485	860	45.725356974851
23	1283044	880	45.723011056376
23	1334633	900	45.561138011676
23	1387376	920	45.667528344627
23	1441192	940	45.644256340353
23	1496742	960	45.709767227623
23	1553777	980	45.736394240376
23	1611795	1000	45.703817288815
23	1671409	1020	45.726470428927
23	1733359	1040	45.686784636994
23	1796124	1060	45.663952684691
23	1861205	1080	45.632604303071
23	1927725	1100	45.706250102733
23	1995559	1120	45.645712895596
23	2065462	1140	45.650706616928
23	2136782	1160	45.704973029429
23	2209759	1180	45.68374745068
23	2284637	1200	45.7330604876
23	2361405	1220	45.66730254594
23	2440403	1240	45.677656417509
23	2521500	1260	45.687052616936
23	2604746	1280	45.680242725268
23	2689625	1300	45.700039280629
23	2777349	1320	45.555383042104
23	2866565	1340	45.653080268237
23	2958125	1360	45.696682372579
23	3051330	1380	45.629576303715
23	3146678	1400	45.664114000209
23	3244153	1420	45.594531595097
23	3344386	1440	45.636597782603
23	3446378	1460	45.612367591093
23	3551233	1480	45.650971626692
23	3657986	1500	45.55795967529
23	3767310	1520	45.637526044142
23	3878970	1540	45.610581562126
23	3992789	1560	45.651112743803
23	4108975	1580	45.593821481124
23	4226968	1600	45.602501022885
23	4347606	1620	45.639026225349
23	4470538	1640	45.598315516581
23	4595290	1660	45.651145634474
23	4722973	1680	45.60932692316
23	4852224	1700	45.583168010413
23	4984421	1720	45.570965068223
23	5119377	1740	45.632293552936
23	5256012	1760	45.633116471407
23	5395284	1780	45.576704296489
23	5537191	1800	45.576721545535
23	5681765	1820	45.54848936122
23	5828940	1840	45.564048370195
23	5978440	1860	45.560869834082
23	6130650	1880	45.518356154061
23	6285402	1900	45.566657098642
23	6442691	1920	45.560769856909
23	6603191	1940	45.5968332376
23	6765350	1960	45.593789082674
23	6930419	1980	45.494672791254
23	7097646	2000	45.519756957333
24	145199	240	0.41098217342947
24	171262	260	0.38187371504973
24	198536	280	0.71598023464339
24	225956	300	0.56586932972166
24	253337	320	0.63108191792501
24	280709	340	0.78493652664186
24	308140	360	0.80843702700601
24	335951	380	1.1715869476146
24	364129	400	0.86891754054968
24	393077	420	1.4346440545307
24	422072	440	1.0904885568762
24	451949	460	1.6349888712787
24	482188	480	1.3338945768591
24	513418	500	1.6718831794591
24	544823	520	1.2689394676218
24	577121	540	1.3260253325816
24	610114	560	1.3883796536294
24	644026	580	1.403285234552
24	678888	600	1.2869863587358
24	714787	620	1.3988117965184
24	751607	640	1.169169564091
24	789485	660	1.1802136466392
24	828292	680	1.1592901753328
24	867869	700	1.2257876602352
24	909225	720	1.1614113751515
24	951859	740	1.1358101563256
24	995564	760	1.175682877386
24	1041118	780	1.1581373003013
24	1087208	800	1.1032880072447
24	1134286	820	1.1963316693624
24	1183018	840	1.1737364187211
24	1232485	860	1.2481569924685
24	1283044	880	1.3160189989972
24	1334633	900	1.2054545281655
24	1387376	920	1.2175141627141
24	1441192	940	1.200836203799
24	1496742	960	1.2092398384462
24	1553777	980	1.2196928237094
24	1611795	1000	1.25135065567
24	1671409	1020	1.1886463668056
24	1733359	1040	1.1709067978092
24	1796124	1060	1.1477817350817
24	1861205	1080	1.125750148959
24	1927725	1100	1.1424817166433
24	1995559	1120	1.1123742717263
24	2065462	1140	1.1129211141747
24	2136782	1160	1.1095079020776
24	2209759	1180	1.0794666125376
24	2284637	1200	1.109717304545
24	2361405	1220	1.0331263282446
24	2440403	1240	1.0348945094141
24	2521500	1260	1.0321880057165
24	2604746	1280	1.0456260475694
24	2689625	1300	1.0225802324543
24	2777349	1320	0.95033104559757
24	2866565	1340	1.0316321406499
24	2958125	1360	0.99150023293195
24	3051330	1380	0.93163859107898
24	3146678	1400	0.91854931473932
24	3244153	1420	0.96069406206695
24	3344386	1440	0.91302774800215
24	3446378	1460	0.94623267147752
24	3551233	1480	0.91836065088702
24	3657986	1500	0.90650757539307
24	3767310	1520	0.88312974406257
24	3878970	1540	0.93453453966077
24	3992789	1560	0.90350229337505
24	4108975	1580	0.90779836821889
24	4226968	1600	0.94488284522219
24	4347606	1620	0.86455001357225
24	4470538	1640	0.90346192032344
24	4595290	1660	0.875079885228
24	4722973	1680	0.87524055356839
24	4852224	1700	0.87721050705672
24	4984421	1720	0.8440248609263
24	5119377	1740	0.92135278144738
24	5256012	1760	0.9222180742031
24	5395284	1780	0.87737144857068
24	5537191	1800	0.85143171887364
24	5681765	1820	0.81836580093941
24	5828940	1840	0.90694460120844
24	5978440	1860	0.83759926509654
24	6130650	1880	0.79871693292098
24	6285402	1900	0.84353145638714
24	6442691	1920	0.80868564317902
24	6603191	1940	0.85817714050552
24	6765350	1960	0.83719139679976
24	6930419	1980	0.80523902664445
24	7097646	2000	0.78751860858964
25	145199	240	0.16890634687681
25	171262	260	0.14582753424588
25	198536	280	0.5126276964
25	225956	300	0.32020809831964
25	253337	320	0.39826438713191
25	280709	340	0.61612535085659
25	308140	360	0.65357042663431
25	335951	380	1.3726159758209
25	364129	400	0.75501769227491
25	393077	420	2.0582035632003
25	422072	440	1.189165292678
25	451949	460	2.6731886092051
25	482188	480	1.7792747421742
25	513418	500	2.7951933657583
25	544823	520	1.6102073724882
25	577121	540	1.7583431826481
25	610114	560	1.9275980626122
25	644026	580	1.9692094495118
25	678888	600	1.656333887572
25	714787	620	1.956674442079
25	751607	640	1.3669574695967
25	789485	660	1.3929042517134
25	828292	680	1.3439537106231
25	867869	700	1.5025553879849
25	909225	720	1.3488763823312
25	951859	740	1.2900647112124
25	995564	760	1.3822302281785
25	1041118	780	1.3412820063491
25	1087208	800	1.21724442693
25	1134286	820	1.4312094631193
25	1183018	840	1.3776571806321
25	1232485	860	1.5578958778479
25	1283044	880	1.7319060057216
25	1334633	900	1.4531206194748
25	1387376	920	1.4823407364093
25	1441192	940	1.4420075883543
25	1496742	960	1.4622609868853
25	1553777	980	1.4876505842082
25	1611795	1000	1.5658784634458
25	1671409	1020	1.4128801853201
25	1733359	1040	1.3710227291557
25	1796124	1060	1.3174029113873
25	1861205	1080	1.2673133978812
25	1927725	1100	1.3052644728643
25	1995559	1120	1.2373765203987
25	2065462	1140	1.2385934063759
25	2136782	1160	1.2310077847727
25	2209759	1180	1.1652481675833
25	2284637	1200	1.2314724960067
25	2361405	1220	1.0673500101122
25	2440403	1240	1.0710066456154
25	2521500	1260	1.0654120791451
25	2604746	1280	1.0933338313557
25	2689625	1300	1.0456703318062
25	2777349	1320	0.90312909622658
25	2866565	1340	1.0642648736219
25	2958125	1360	0.9830727119041
25	3051330	1380	0.86795046438762
25	3146678	1400	0.84373284360807
25	3244153	1420	0.9229330808907
25	3344386	1440	0.83361966862188
25	3446378	1460	0.89535626857148
25	3551233	1480	0.84338628509763
25	3657986	1500	0.82175598424502
25	3767310	1520	0.77991814484802
25	3878970	1540	0.87335480581897
25	3992789	1560	0.81631639413398
25	4108975	1580	0.82409787734088
25	4226968	1600	0.89280359119519
25	4347606	1620	0.74744672596777
25	4470538	1640	0.81624344147451
25	4595290	1660	0.76576480553065
25	4722973	1680	0.76604602661071
25	4852224	1700	0.7694982736907
25	4984421	1720	0.71237796586166
25	5119377	1740	0.84889094788083
25	5256012	1760	0.85048617638687
25	5395284	1780	0.76978065876701
25	5537191	1800	0.72493597190413
25	5681765	1820	0.66972258414721
25	5828940	1840	0.82254850966113
25	5978440	1860	0.70157252889026
25	6130650	1880	0.6379487389347
25	6285402	1900	0.7115453179146
25	6442691	1920	0.65397246948386
25	6603191	1940	0.73646800448623
25	6765350	1960	0.70088943487554
25	6930419	1980	0.64840989003129
25	7097646	2000	0.62018555887496
