version 2
run statisticRVV-205-20150326-02:18:38-25280
attr c 9
attr configname statisticRVV
attr datetime 20150326-02:18:38
attr experiment statisticRVV
attr inifile omnetpp.ini
attr iterationvars "$sc=\"erlangen-medium.launchd.xml\", $p=1/8, $c=9"
attr iterationvars2 "$sc=\"erlangen-medium.launchd.xml\", $p=1/8, $c=9, $repetition=5"
attr measurement "$sc=\"erlangen-medium.launchd.xml\", $p=1/8, $c=9"
attr network RSUExampleScenario
attr p 1/8
attr processid 25280
attr repetition 5
attr replication #5
attr resultdir results
attr runnumber 205
attr sc "\"erlangen-medium.launchd.xml\""
attr seedset 205

vector 0  RSUExampleScenario.rsu[0].appl  Number_CH  ETV
vector 1  RSUExampleScenario.rsu[0].appl  Number_ON  ETV
vector 2  RSUExampleScenario.rsu[0].appl  Number_FN  ETV
vector 3  RSUExampleScenario.rsu[0].appl  Number_CH_Losts  ETV
vector 4  RSUExampleScenario.rsu[0].appl  Mean_Cluster_Size  ETV
vector 5  RSUExampleScenario.rsu[0].appl  StdDev_Cluster_Size  ETV
vector 6  RSUExampleScenario.rsu[0].appl  Variance_Cluster_Size  ETV
vector 7  RSUExampleScenario.rsu[0].appl  Mean_Neighbors  ETV
vector 8  RSUExampleScenario.rsu[0].appl  StdDev_Neighbors  ETV
vector 9  RSUExampleScenario.rsu[0].appl  Variance_Neighbors  ETV
vector 10  RSUExampleScenario.rsu[0].appl  Total_CH_Utility  ETV
vector 11  RSUExampleScenario.rsu[0].appl  Mean_CH_Utility  ETV
vector 12  RSUExampleScenario.rsu[0].appl  StdDev_CH_Utility  ETV
vector 13  RSUExampleScenario.rsu[0].appl  Variance_CH_Utility  ETV
vector 14  RSUExampleScenario.rsu[0].appl  Total_exp_CH_Utility  ETV
vector 15  RSUExampleScenario.rsu[0].appl  Mean_exp_CH_Utility  ETV
vector 16  RSUExampleScenario.rsu[0].appl  StdDev_exp_CH_Utility  ETV
vector 17  RSUExampleScenario.rsu[0].appl  Variance_exp_CH_Utility  ETV
vector 18  RSUExampleScenario.rsu[0].appl  Total_ON_Utility  ETV
vector 19  RSUExampleScenario.rsu[0].appl  Mean_ON_Utility  ETV
vector 20  RSUExampleScenario.rsu[0].appl  StdDev_ON_Utility  ETV
vector 21  RSUExampleScenario.rsu[0].appl  Variance_ON_Utility  ETV
vector 22  RSUExampleScenario.rsu[0].appl  Total_exp_ON_Utility  ETV
vector 23  RSUExampleScenario.rsu[0].appl  Mean_exp_ON_Utility  ETV
vector 24  RSUExampleScenario.rsu[0].appl  StdDev_exp_ON_Utility  ETV
vector 25  RSUExampleScenario.rsu[0].appl  Variance_exp_ON_Utility  ETV
0	145357	240	6
0	171016	260	12
0	197739	280	9
0	224935	300	10
0	252332	320	10
0	279387	340	11
0	306695	360	11
0	334326	380	9
0	362509	400	10
0	391234	420	8
0	420250	440	10
0	449736	460	7
0	479520	480	13
0	510435	500	9
0	541801	520	8
0	574006	540	8
0	606293	560	6
0	640023	580	6
0	674898	600	9
0	709851	620	11
0	746385	640	15
0	784477	660	14
0	823929	680	10
0	863986	700	10
0	905154	720	12
0	947435	740	11
0	990640	760	10
0	1035664	780	13
0	1081932	800	17
0	1128956	820	14
0	1177035	840	7
0	1226948	860	12
0	1277704	880	12
0	1328779	900	14
0	1382031	920	9
0	1437048	940	11
0	1492975	960	11
0	1549978	980	11
0	1608427	1000	11
0	1668653	1020	13
0	1729814	1040	9
0	1792801	1060	11
0	1857393	1080	12
0	1924146	1100	27
0	1991908	1120	13
0	2061625	1140	13
0	2133102	1160	10
0	2207355	1180	14
0	2283402	1200	15
0	2361262	1220	10
0	2441048	1240	15
0	2523067	1260	16
0	2607170	1280	11
0	2692577	1300	22
0	2780574	1320	17
0	2870403	1340	17
0	2962393	1360	8
0	3056278	1380	19
0	3152670	1400	12
0	3250833	1420	15
0	3351710	1440	20
0	3454263	1460	15
0	3559691	1480	18
0	3667586	1500	19
0	3776233	1520	20
0	3888161	1540	16
0	4002105	1560	12
0	4119062	1580	20
0	4237727	1600	19
0	4358736	1620	11
0	4482147	1640	19
0	4608045	1660	14
0	4737039	1680	17
0	4867529	1700	17
0	4999888	1720	23
0	5134545	1740	25
0	5271636	1760	15
0	5411494	1780	15
0	5553924	1800	20
0	5698376	1820	19
0	5845593	1840	18
0	5995317	1860	15
0	6147855	1880	18
0	6302775	1900	10
0	6459861	1920	22
0	6619936	1940	21
0	6782967	1960	21
0	6947742	1980	26
0	7114395	2000	28
1	145357	240	8
1	171016	260	17
1	197739	280	10
1	224935	300	14
1	252332	320	12
1	279387	340	14
1	306695	360	12
1	334326	380	12
1	362509	400	12
1	391234	420	11
1	420250	440	14
1	449736	460	10
1	479520	480	18
1	510435	500	14
1	541801	520	10
1	574006	540	12
1	606293	560	8
1	640023	580	9
1	674898	600	16
1	709851	620	14
1	746385	640	17
1	784477	660	20
1	823929	680	16
1	863986	700	12
1	905154	720	14
1	947435	740	14
1	990640	760	15
1	1035664	780	17
1	1081932	800	21
1	1128956	820	20
1	1177035	840	8
1	1226948	860	18
1	1277704	880	16
1	1328779	900	16
1	1382031	920	11
1	1437048	940	14
1	1492975	960	16
1	1549978	980	17
1	1608427	1000	14
1	1668653	1020	17
1	1729814	1040	11
1	1792801	1060	14
1	1857393	1080	16
1	1924146	1100	34
1	1991908	1120	19
1	2061625	1140	19
1	2133102	1160	16
1	2207355	1180	21
1	2283402	1200	19
1	2361262	1220	18
1	2441048	1240	20
1	2523067	1260	22
1	2607170	1280	17
1	2692577	1300	30
1	2780574	1320	24
1	2870403	1340	24
1	2962393	1360	12
1	3056278	1380	34
1	3152670	1400	20
1	3250833	1420	19
1	3351710	1440	27
1	3454263	1460	23
1	3559691	1480	26
1	3667586	1500	26
1	3776233	1520	26
1	3888161	1540	24
1	4002105	1560	17
1	4119062	1580	28
1	4237727	1600	28
1	4358736	1620	14
1	4482147	1640	29
1	4608045	1660	19
1	4737039	1680	25
1	4867529	1700	23
1	4999888	1720	35
1	5134545	1740	38
1	5271636	1760	22
1	5411494	1780	22
1	5553924	1800	28
1	5698376	1820	25
1	5845593	1840	29
1	5995317	1860	23
1	6147855	1880	22
1	6302775	1900	13
1	6459861	1920	30
1	6619936	1940	33
1	6782967	1960	32
1	6947742	1980	36
1	7114395	2000	47
2	145357	240	64
2	171016	260	55
2	197739	280	73
2	224935	300	70
2	252332	320	71
2	279387	340	67
2	306695	360	71
2	334326	380	73
2	362509	400	74
2	391234	420	78
2	420250	440	75
2	449736	460	82
2	479520	480	70
2	510435	500	80
2	541801	520	85
2	574006	540	84
2	606293	560	92
2	640023	580	92
2	674898	600	82
2	709851	620	84
2	746385	640	80
2	784477	660	79
2	823929	680	87
2	863986	700	94
2	905154	720	89
2	947435	740	92
2	990640	760	93
2	1035664	780	90
2	1081932	800	84
2	1128956	820	87
2	1177035	840	107
2	1226948	860	95
2	1277704	880	98
2	1328779	900	98
2	1382031	920	107
2	1437048	940	105
2	1492975	960	105
2	1549978	980	104
2	1608427	1000	107
2	1668653	1020	105
2	1729814	1040	114
2	1792801	1060	113
2	1857393	1080	110
2	1924146	1100	78
2	1991908	1120	108
2	2061625	1140	111
2	2133102	1160	116
2	2207355	1180	110
2	2283402	1200	112
2	2361262	1220	120
2	2441048	1240	114
2	2523067	1260	112
2	2607170	1280	122
2	2692577	1300	100
2	2780574	1320	112
2	2870403	1340	114
2	2962393	1360	136
2	3056278	1380	105
2	3152670	1400	126
2	3250833	1420	126
2	3351710	1440	114
2	3454263	1460	123
2	3559691	1480	118
2	3667586	1500	120
2	3776233	1520	119
2	3888161	1540	126
2	4002105	1560	139
2	4119062	1580	121
2	4237727	1600	125
2	4358736	1620	147
2	4482147	1640	125
2	4608045	1660	142
2	4737039	1680	135
2	4867529	1700	137
2	4999888	1720	120
2	5134545	1740	117
2	5271636	1760	144
2	5411494	1780	145
2	5553924	1800	135
2	5698376	1820	141
2	5845593	1840	140
2	5995317	1860	148
2	6147855	1880	149
2	6302775	1900	166
2	6459861	1920	137
2	6619936	1940	139
2	6782967	1960	140
2	6947742	1980	131
2	7114395	2000	118
3	145357	240	3
3	171016	260	3
3	197739	280	2
3	224935	300	3
3	252332	320	4
3	279387	340	3
3	306695	360	3
3	334326	380	5
3	362509	400	3
3	391234	420	4
3	420250	440	2
3	449736	460	4
3	479520	480	6
3	510435	500	7
3	541801	520	4
3	574006	540	5
3	606293	560	2
3	640023	580	2
3	674898	600	2
3	709851	620	4
3	746385	640	4
3	784477	660	6
3	823929	680	0
3	863986	700	4
3	905154	720	5
3	947435	740	3
3	990640	760	3
3	1035664	780	3
3	1081932	800	6
3	1128956	820	2
3	1177035	840	1
3	1226948	860	3
3	1277704	880	6
3	1328779	900	3
3	1382031	920	3
3	1437048	940	9
3	1492975	960	6
3	1549978	980	4
3	1608427	1000	4
3	1668653	1020	2
3	1729814	1040	3
3	1792801	1060	0
3	1857393	1080	7
3	1924146	1100	4
3	1991908	1120	1
3	2061625	1140	5
3	2133102	1160	1
3	2207355	1180	4
3	2283402	1200	6
3	2361262	1220	3
3	2441048	1240	2
3	2523067	1260	4
3	2607170	1280	2
3	2692577	1300	1
3	2780574	1320	5
3	2870403	1340	9
3	2962393	1360	3
3	3056278	1380	9
3	3152670	1400	3
3	3250833	1420	6
3	3351710	1440	3
3	3454263	1460	4
3	3559691	1480	4
3	3667586	1500	7
3	3776233	1520	5
3	3888161	1540	2
3	4002105	1560	4
3	4119062	1580	4
3	4237727	1600	1
3	4358736	1620	2
3	4482147	1640	5
3	4608045	1660	2
3	4737039	1680	6
3	4867529	1700	2
3	4999888	1720	8
3	5134545	1740	6
3	5271636	1760	3
3	5411494	1780	3
3	5553924	1800	5
3	5698376	1820	3
3	5845593	1840	2
3	5995317	1860	6
3	6147855	1880	3
3	6302775	1900	3
3	6459861	1920	3
3	6619936	1940	2
3	6782967	1960	5
3	6947742	1980	2
3	7114395	2000	2
4	145357	240	1.3333333333333
4	171016	260	1.4166666666667
4	197739	280	1.1111111111111
4	224935	300	1.4
4	252332	320	1.2
4	279387	340	1.2727272727273
4	306695	360	1.0909090909091
4	334326	380	1.3333333333333
4	362509	400	1.2
4	391234	420	1.375
4	420250	440	1.4
4	449736	460	1.4285714285714
4	479520	480	1.3846153846154
4	510435	500	1.5555555555556
4	541801	520	1.25
4	574006	540	1.5
4	606293	560	1.3333333333333
4	640023	580	1.5
4	674898	600	1.7777777777778
4	709851	620	1.2727272727273
4	746385	640	1.1333333333333
4	784477	660	1.4285714285714
4	823929	680	1.6
4	863986	700	1.2
4	905154	720	1.1666666666667
4	947435	740	1.2727272727273
4	990640	760	1.5
4	1035664	780	1.3076923076923
4	1081932	800	1.2352941176471
4	1128956	820	1.4285714285714
4	1177035	840	1.1428571428571
4	1226948	860	1.5
4	1277704	880	1.3333333333333
4	1328779	900	1.1428571428571
4	1382031	920	1.2222222222222
4	1437048	940	1.2727272727273
4	1492975	960	1.4545454545455
4	1549978	980	1.5454545454545
4	1608427	1000	1.2727272727273
4	1668653	1020	1.3076923076923
4	1729814	1040	1.2222222222222
4	1792801	1060	1.2727272727273
4	1857393	1080	1.3333333333333
4	1924146	1100	1.2592592592593
4	1991908	1120	1.4615384615385
4	2061625	1140	1.4615384615385
4	2133102	1160	1.6
4	2207355	1180	1.5
4	2283402	1200	1.2666666666667
4	2361262	1220	1.8
4	2441048	1240	1.3333333333333
4	2523067	1260	1.375
4	2607170	1280	1.5454545454545
4	2692577	1300	1.3636363636364
4	2780574	1320	1.4117647058824
4	2870403	1340	1.4117647058824
4	2962393	1360	1.5
4	3056278	1380	1.7894736842105
4	3152670	1400	1.6666666666667
4	3250833	1420	1.2666666666667
4	3351710	1440	1.35
4	3454263	1460	1.5333333333333
4	3559691	1480	1.4444444444444
4	3667586	1500	1.3684210526316
4	3776233	1520	1.3
4	3888161	1540	1.5
4	4002105	1560	1.4166666666667
4	4119062	1580	1.4
4	4237727	1600	1.4736842105263
4	4358736	1620	1.2727272727273
4	4482147	1640	1.5263157894737
4	4608045	1660	1.3571428571429
4	4737039	1680	1.4705882352941
4	4867529	1700	1.3529411764706
4	4999888	1720	1.5217391304348
4	5134545	1740	1.52
4	5271636	1760	1.4666666666667
4	5411494	1780	1.4666666666667
4	5553924	1800	1.4
4	5698376	1820	1.3157894736842
4	5845593	1840	1.6111111111111
4	5995317	1860	1.5333333333333
4	6147855	1880	1.2222222222222
4	6302775	1900	1.3
4	6459861	1920	1.3636363636364
4	6619936	1940	1.5714285714286
4	6782967	1960	1.5238095238095
4	6947742	1980	1.3846153846154
4	7114395	2000	1.6785714285714
5	145357	240	0.51639777949432
5	171016	260	0.51492865054444
5	197739	280	0.33333333333333
5	224935	300	0.51639777949432
5	252332	320	0.42163702135578
5	279387	340	0.46709936649691
5	306695	360	0.30151134457776
5	334326	380	0.5
5	362509	400	0.42163702135578
5	391234	420	0.51754916950677
5	420250	440	0.51639777949432
5	449736	460	0.53452248382485
5	479520	480	0.50636968354183
5	510435	500	0.52704627669473
5	541801	520	0.46291004988628
5	574006	540	0.53452248382485
5	606293	560	0.51639777949432
5	640023	580	0.54772255750517
5	674898	600	0.66666666666667
5	709851	620	0.46709936649691
5	746385	640	0.3518657752745
5	784477	660	0.5135525910131
5	823929	680	0.51639777949432
5	863986	700	0.42163702135578
5	905154	720	0.38924947208076
5	947435	740	0.46709936649691
5	990640	760	0.52704627669473
5	1035664	780	0.48038446141526
5	1081932	800	0.4372373160976
5	1128956	820	0.5135525910131
5	1177035	840	0.37796447300923
5	1226948	860	0.52223296786709
5	1277704	880	0.49236596391733
5	1328779	900	0.36313651960128
5	1382031	920	0.4409585518441
5	1437048	940	0.46709936649691
5	1492975	960	0.52223296786709
5	1549978	980	0.52223296786709
5	1608427	1000	0.46709936649691
5	1668653	1020	0.48038446141526
5	1729814	1040	0.4409585518441
5	1792801	1060	0.46709936649691
5	1857393	1080	0.49236596391733
5	1924146	1100	0.44657608470472
5	1991908	1120	0.51887452166277
5	2061625	1140	0.51887452166277
5	2133102	1160	0.51639777949432
5	2207355	1180	0.51887452166277
5	2283402	1200	0.45773770821706
5	2361262	1220	0.42163702135578
5	2441048	1240	0.48795003647427
5	2523067	1260	0.5
5	2607170	1280	0.52223296786709
5	2692577	1300	0.49236596391733
5	2780574	1320	0.50729965619589
5	2870403	1340	0.50729965619589
5	2962393	1360	0.53452248382485
5	3056278	1380	0.4188539082917
5	3152670	1400	0.49236596391733
5	3250833	1420	0.45773770821706
5	3351710	1440	0.48936048492959
5	3454263	1460	0.51639777949432
5	3559691	1480	0.51130999256491
5	3667586	1500	0.49559462778335
5	3776233	1520	0.47016234598163
5	3888161	1540	0.51639777949432
5	4002105	1560	0.51492865054444
5	4119062	1580	0.59824304161612
5	4237727	1600	0.6117752903215
5	4358736	1620	0.46709936649691
5	4482147	1640	0.51298917604258
5	4608045	1660	0.49724515809885
5	4737039	1680	0.51449575542753
5	4867529	1700	0.49259218307189
5	4999888	1720	0.51075391845525
5	5134545	1740	0.58594652770823
5	5271636	1760	0.51639777949432
5	5411494	1780	0.51639777949432
5	5553924	1800	0.50262468995003
5	5698376	1820	0.47756693294092
5	5845593	1840	0.50163132570455
5	5995317	1860	0.51639777949432
5	6147855	1880	0.4277926319465
5	6302775	1900	0.48304589153965
5	6459861	1920	0.49236596391733
5	6619936	1940	0.50709255283711
5	6782967	1960	0.51176631571916
5	6947742	1980	0.49613893835683
5	7114395	2000	0.47559486560567
6	145357	240	0.26666666666667
6	171016	260	0.26515151515152
6	197739	280	0.11111111111111
6	224935	300	0.26666666666667
6	252332	320	0.17777777777778
6	279387	340	0.21818181818182
6	306695	360	0.090909090909091
6	334326	380	0.25
6	362509	400	0.17777777777778
6	391234	420	0.26785714285714
6	420250	440	0.26666666666667
6	449736	460	0.28571428571429
6	479520	480	0.25641025641026
6	510435	500	0.27777777777778
6	541801	520	0.21428571428571
6	574006	540	0.28571428571429
6	606293	560	0.26666666666667
6	640023	580	0.3
6	674898	600	0.44444444444444
6	709851	620	0.21818181818182
6	746385	640	0.12380952380952
6	784477	660	0.26373626373626
6	823929	680	0.26666666666667
6	863986	700	0.17777777777778
6	905154	720	0.15151515151515
6	947435	740	0.21818181818182
6	990640	760	0.27777777777778
6	1035664	780	0.23076923076923
6	1081932	800	0.19117647058824
6	1128956	820	0.26373626373626
6	1177035	840	0.14285714285714
6	1226948	860	0.27272727272727
6	1277704	880	0.24242424242424
6	1328779	900	0.13186813186813
6	1382031	920	0.19444444444444
6	1437048	940	0.21818181818182
6	1492975	960	0.27272727272727
6	1549978	980	0.27272727272727
6	1608427	1000	0.21818181818182
6	1668653	1020	0.23076923076923
6	1729814	1040	0.19444444444444
6	1792801	1060	0.21818181818182
6	1857393	1080	0.24242424242424
6	1924146	1100	0.1994301994302
6	1991908	1120	0.26923076923077
6	2061625	1140	0.26923076923077
6	2133102	1160	0.26666666666667
6	2207355	1180	0.26923076923077
6	2283402	1200	0.20952380952381
6	2361262	1220	0.17777777777778
6	2441048	1240	0.23809523809524
6	2523067	1260	0.25
6	2607170	1280	0.27272727272727
6	2692577	1300	0.24242424242424
6	2780574	1320	0.25735294117647
6	2870403	1340	0.25735294117647
6	2962393	1360	0.28571428571429
6	3056278	1380	0.17543859649123
6	3152670	1400	0.24242424242424
6	3250833	1420	0.20952380952381
6	3351710	1440	0.23947368421053
6	3454263	1460	0.26666666666667
6	3559691	1480	0.26143790849673
6	3667586	1500	0.24561403508772
6	3776233	1520	0.22105263157895
6	3888161	1540	0.26666666666667
6	4002105	1560	0.26515151515152
6	4119062	1580	0.35789473684211
6	4237727	1600	0.37426900584795
6	4358736	1620	0.21818181818182
6	4482147	1640	0.26315789473684
6	4608045	1660	0.24725274725275
6	4737039	1680	0.26470588235294
6	4867529	1700	0.24264705882353
6	4999888	1720	0.26086956521739
6	5134545	1740	0.34333333333333
6	5271636	1760	0.26666666666667
6	5411494	1780	0.26666666666667
6	5553924	1800	0.25263157894737
6	5698376	1820	0.2280701754386
6	5845593	1840	0.2516339869281
6	5995317	1860	0.26666666666667
6	6147855	1880	0.18300653594771
6	6302775	1900	0.23333333333333
6	6459861	1920	0.24242424242424
6	6619936	1940	0.25714285714286
6	6782967	1960	0.26190476190476
6	6947742	1980	0.24615384615385
6	7114395	2000	0.22619047619048
7	145357	240	22.615384615385
7	171016	260	22.880952380952
7	197739	280	22.307692307692
7	224935	300	22.354838709677
7	252332	320	22.537634408602
7	279387	340	22.597826086957
7	306695	360	22.063829787234
7	334326	380	22.244680851064
7	362509	400	22.294736842105
7	391234	420	22.051546391753
7	420250	440	21.858585858586
7	449736	460	22.151515151515
7	479520	480	21.90099009901
7	510435	500	22.049019607843
7	541801	520	22.359223300971
7	574006	540	22.980769230769
7	606293	560	22.943396226415
7	640023	580	22.915887850467
7	674898	600	23.981308411215
7	709851	620	24.137614678899
7	746385	640	24.294642857143
7	784477	660	25.495575221239
7	823929	680	25.884955752212
7	863986	700	26.327586206897
7	905154	720	26.513043478261
7	947435	740	27.401709401709
7	990640	760	27.627118644068
7	1035664	780	28.558333333333
7	1081932	800	28.614754098361
7	1128956	820	28.791666666667
7	1177035	840	29.024590163934
7	1226948	860	29.464
7	1277704	880	30.134920634921
7	1328779	900	30.385826771654
7	1382031	920	30.149606299213
7	1437048	940	31.261538461538
7	1492975	960	31.93893129771
7	1549978	980	31.862595419847
7	1608427	1000	32.356060606061
7	1668653	1020	33.007462686567
7	1729814	1040	33.10447761194
7	1792801	1060	33.724637681159
7	1857393	1080	34.550724637681
7	1924146	1100	35.093525179856
7	1991908	1120	35.485714285714
7	2061625	1140	35.909090909091
7	2133102	1160	37.13475177305
7	2207355	1180	37.565517241379
7	2283402	1200	38.547945205479
7	2361262	1220	38.891891891892
7	2441048	1240	39.456375838926
7	2523067	1260	40.086666666667
7	2607170	1280	41.013333333333
7	2692577	1300	41.730263157895
7	2780574	1320	42.509803921569
7	2870403	1340	42.6
7	2962393	1360	43.820512820513
7	3056278	1380	43.860759493671
7	3152670	1400	44.892405063291
7	3250833	1420	45.75
7	3351710	1440	46.490683229814
7	3454263	1460	47.409937888199
7	3559691	1480	47.814814814815
7	3667586	1500	48.810975609756
7	3776233	1520	48.969696969697
7	3888161	1540	49.542168674699
7	4002105	1560	50.333333333333
7	4119062	1580	50.769230769231
7	4237727	1600	51.482558139535
7	4358736	1620	51.924418604651
7	4482147	1640	52.173410404624
7	4608045	1660	52.428571428571
7	4737039	1680	53.508571428571
7	4867529	1700	54.045197740113
7	4999888	1720	54.280898876404
7	5134545	1740	54.316666666667
7	5271636	1760	55.176795580111
7	5411494	1780	55.412087912088
7	5553924	1800	56.207650273224
7	5698376	1820	57.377049180328
7	5845593	1840	56.983957219251
7	5995317	1860	58.182795698925
7	6147855	1880	58.132275132275
7	6302775	1900	59.063492063492
7	6459861	1920	60.063492063492
7	6619936	1940	60.067357512953
7	6782967	1960	61.338541666667
7	6947742	1980	61.507772020725
7	7114395	2000	62.113989637306
8	145357	240	4.5733013147053
8	171016	260	3.8477180278448
8	197739	280	4.7062424447448
8	224935	300	4.0396006079226
8	252332	320	4.0231913024606
8	279387	340	4.1299223913329
8	306695	360	4.5668476001476
8	334326	380	4.7125688043527
8	362509	400	4.4670750204717
8	391234	420	4.662284700169
8	420250	440	4.6882617226215
8	449736	460	4.6496952640187
8	479520	480	4.9183431163249
8	510435	500	3.8649925415383
8	541801	520	3.78297105184
8	574006	540	3.6309905819793
8	606293	560	3.9637168431837
8	640023	580	3.7166669368373
8	674898	600	2.9587775025584
8	709851	620	3.2072484165883
8	746385	640	4.7829245696402
8	784477	660	4.5808683943684
8	823929	680	4.4756328610548
8	863986	700	6.0702780712311
8	905154	720	5.5699148272037
8	947435	740	6.5258898574881
8	990640	760	7.175214473306
8	1035664	780	7.4707225003925
8	1081932	800	7.874476733303
8	1128956	820	7.7121489155979
8	1177035	840	8.5081032009832
8	1226948	860	9.0076526604667
8	1277704	880	8.9562073889371
8	1328779	900	8.7287585656116
8	1382031	920	9.200654514466
8	1437048	940	10.271925950428
8	1492975	960	10.735101106751
8	1549978	980	10.793704260981
8	1608427	1000	11.191690330523
8	1668653	1020	11.823575447841
8	1729814	1040	12.544818093669
8	1792801	1060	12.849362002931
8	1857393	1080	13.522661414597
8	1924146	1100	13.487993633809
8	1991908	1120	14.291158263839
8	2061625	1140	14.717963102961
8	2133102	1160	14.79778934173
8	2207355	1180	16.115819433567
8	2283402	1200	16.661366500973
8	2361262	1220	17.4368189444
8	2441048	1240	17.573199504665
8	2523067	1260	18.491767319891
8	2607170	1280	18.650435576779
8	2692577	1300	19.601990166137
8	2780574	1320	20.113859337812
8	2870403	1340	20.472217474218
8	2962393	1360	20.999688839319
8	3056278	1380	21.295754295442
8	3152670	1400	22.341468524582
8	3250833	1420	22.744133254188
8	3351710	1440	23.319015312729
8	3454263	1460	23.501721226777
8	3559691	1480	24.307354463647
8	3667586	1500	24.497795098468
8	3776233	1520	24.998640022137
8	3888161	1540	25.628252026524
8	4002105	1560	25.743010601139
8	4119062	1580	26.309060543217
8	4237727	1600	26.419794510095
8	4358736	1620	26.446682260427
8	4482147	1640	26.712378204646
8	4608045	1660	27.251368956741
8	4737039	1680	27.045910004055
8	4867529	1700	27.329392105021
8	4999888	1720	27.347931376978
8	5134545	1740	28.060484352963
8	5271636	1760	27.938259563767
8	5411494	1780	28.357046091225
8	5553924	1800	28.909874096451
8	5698376	1820	29.022441450166
8	5845593	1840	29.235689622396
8	5995317	1860	29.259674763691
8	6147855	1880	29.878627984259
8	6302775	1900	30.204554230302
8	6459861	1920	30.423888124165
8	6619936	1940	30.775068063857
8	6782967	1960	31.051131180689
8	6947742	1980	31.191131079701
8	7114395	2000	31.45578015809
9	145357	240	20.915084915085
9	171016	260	14.804934021801
9	197739	280	22.148717948718
9	224935	300	16.318373071529
9	252332	320	16.186068256194
9	279387	340	17.056258958433
9	306695	360	20.856097002974
9	334326	380	22.208304735758
9	362509	400	19.954759238522
9	391234	420	21.73689862543
9	420250	440	21.979797979798
9	449736	460	21.619666048237
9	479520	480	24.190099009901
9	510435	500	14.938167346146
9	541801	520	14.31086997906
9	574006	540	13.184092606423
9	606293	560	15.711051212938
9	640023	580	13.813613119379
9	674898	600	8.7543643096456
9	709851	620	10.286442405708
9	746385	640	22.876367438867
9	784477	660	20.984355246523
9	823929	680	20.031289506953
9	863986	700	36.848275862069
9	905154	720	31.023951182304
9	947435	740	42.587238432066
9	990640	760	51.48370273794
9	1035664	780	55.811694677871
9	1081932	800	62.00738382333
9	1128956	820	59.477240896359
9	1177035	840	72.38782007858
9	1226948	860	81.137806451613
9	1277704	880	80.213650793651
9	1328779	900	76.191226096738
9	1382031	920	84.652043494563
9	1437048	940	105.51246273107
9	1492975	960	115.24239577217
9	1549978	980	116.50405167352
9	1608427	1000	125.25393245431
9	1668653	1020	139.79693637078
9	1729814	1040	157.37246100325
9	1792801	1060	165.10610388237
9	1857393	1080	182.86237173384
9	1924146	1100	181.92597226567
9	1991908	1120	204.2372045221
9	2061625	1140	216.61843790013
9	2133102	1160	218.97456940223
9	2207355	1180	259.71963601533
9	2283402	1200	277.60113367974
9	2361262	1220	304.0426548998
9	2441048	1240	308.81734083076
9	2523067	1260	341.94545861298
9	2607170	1280	347.83874720358
9	2692577	1300	384.23801847334
9	2780574	1320	404.5673374613
9	2870403	1340	419.11168831169
9	2962393	1360	440.98693134822
9	3056278	1380	453.50915101185
9	3152670	1400	499.14121583488
9	3250833	1420	517.29559748428
9	3351710	1440	543.77647515528
9	3454263	1460	552.33090062112
9	3559691	1480	590.84748102139
9	3667586	1500	600.14196468652
9	3776233	1520	624.93200295639
9	3888161	1540	656.80730193501
9	4002105	1560	662.70259481038
9	4119062	1580	692.16666666667
9	4237727	1600	698.00554195566
9	4358736	1620	699.42700258398
9	4482147	1640	713.55114934803
9	4608045	1660	742.63711001642
9	4737039	1680	731.48124794745
9	4867529	1700	746.89567282999
9	4999888	1720	747.90935059989
9	5134545	1740	787.39078212291
9	5271636	1760	780.54634745242
9	5411494	1780	804.12206301985
9	5553924	1800	835.78082027262
9	5698376	1820	842.30210772834
9	5845593	1840	854.72554769708
9	5995317	1860	856.12856727695
9	6147855	1880	892.73241022177
9	6302775	1900	912.31509625127
9	6459861	1920	925.61296859169
9	6619936	1940	947.10481433506
9	6782967	1960	964.17274760035
9	6947742	1980	972.88665803109
9	7114395	2000	989.46610535406
10	145357	240	283.27076046072
10	171016	260	572.32116933592
10	197739	280	439.90646695264
10	224935	300	478.34038708574
10	252332	320	474.24061027151
10	279387	340	524.68706140616
10	306695	360	524.574490646
10	334326	380	426.36277280888
10	362509	400	475.12123010733
10	391234	420	392.45035129599
10	420250	440	476.74535771486
10	449736	460	340.73084038739
10	479520	480	620.96230005426
10	510435	500	443.34824816692
10	541801	520	390.3517701999
10	574006	540	401.38906930244
10	606293	560	294.97021234861
10	640023	580	294.43307684432
10	674898	600	448.08760968848
10	709851	620	536.60070973499
10	746385	640	724.02059335534
10	784477	660	697.7310197726
10	823929	680	492.06161139017
10	863986	700	490.44228572948
10	905154	720	605.62807384462
10	947435	740	536.95315697747
10	990640	760	488.62419146246
10	1035664	780	636.69428639255
10	1081932	800	845.29022233063
10	1128956	820	686.24314126877
10	1177035	840	340.73106401307
10	1226948	860	598.81257753668
10	1277704	880	594.47584489298
10	1328779	900	697.1492135717
10	1382031	920	436.95606455922
10	1437048	940	546.54226799538
10	1492975	960	550.10733840758
10	1549978	980	540.55700442264
10	1608427	1000	541.44594536504
10	1668653	1020	655.28727160454
10	1729814	1040	446.62880896666
10	1792801	1060	548.61478510428
10	1857393	1080	595.55231873099
10	1924146	1100	1360.7947464456
10	1991908	1120	630.90808295374
10	2061625	1140	646.16434387828
10	2133102	1160	494.1649002298
10	2207355	1180	714.1477931188
10	2283402	1200	748.84326766161
10	2361262	1220	500.77986506567
10	2441048	1240	746.95846799996
10	2523067	1260	800.88110157411
10	2607170	1280	548.80950331953
10	2692577	1300	1103.5679710368
10	2780574	1320	839.02494603708
10	2870403	1340	867.18069572608
10	2962393	1360	398.76851388824
10	3056278	1380	960.00281458944
10	3152670	1400	581.47241551574
10	3250833	1420	754.90360130253
10	3351710	1440	1009.427078057
10	3454263	1460	767.98802874633
10	3559691	1480	891.70513538229
10	3667586	1500	948.04598149075
10	3776233	1520	985.92646052519
10	3888161	1540	797.84806448263
10	4002105	1560	602.74972421058
10	4119062	1580	997.13653874039
10	4237727	1600	957.41661932351
10	4358736	1620	550.99294078269
10	4482147	1640	947.39992795733
10	4608045	1660	703.74179257917
10	4737039	1680	843.48856093029
10	4867529	1700	860.35038127127
10	4999888	1720	1163.3184339871
10	5134545	1740	1259.843312344
10	5271636	1760	761.40989058515
10	5411494	1780	744.3209299219
10	5553924	1800	994.35233987943
10	5698376	1820	962.54262324976
10	5845593	1840	928.80087195704
10	5995317	1860	768.67350552072
10	6147855	1880	897.26562586372
10	6302775	1900	512.80267077558
10	6459861	1920	1104.5737362985
10	6619936	1940	1063.5322244796
10	6782967	1960	1042.9145072695
10	6947742	1980	1297.5202443295
10	7114395	2000	1400.9562363564
11	145357	240	47.211793410121
11	171016	260	47.693430777993
11	197739	280	48.878496328072
11	224935	300	47.834038708574
11	252332	320	47.424061027151
11	279387	340	47.698823764196
11	306695	360	47.688590058727
11	334326	380	47.373641423209
11	362509	400	47.512123010733
11	391234	420	49.056293911999
11	420250	440	47.674535771486
11	449736	460	48.675834341055
11	479520	480	47.766330773405
11	510435	500	49.260916462991
11	541801	520	48.793971274987
11	574006	540	50.173633662805
11	606293	560	49.161702058102
11	640023	580	49.072179474053
11	674898	600	49.787512187609
11	709851	620	48.781882703181
11	746385	640	48.268039557022
11	784477	660	49.837929983757
11	823929	680	49.206161139017
11	863986	700	49.044228572948
11	905154	720	50.469006153718
11	947435	740	48.813923361588
11	990640	760	48.862419146246
11	1035664	780	48.976483568658
11	1081932	800	49.722954254743
11	1128956	820	49.017367233484
11	1177035	840	48.675866287581
11	1226948	860	49.901048128057
11	1277704	880	49.539653741082
11	1328779	900	49.796372397979
11	1382031	920	48.550673839914
11	1437048	940	49.685660726852
11	1492975	960	50.009758037053
11	1549978	980	49.141545856604
11	1608427	1000	49.222358669549
11	1668653	1020	50.406713200349
11	1729814	1040	49.625423218518
11	1792801	1060	49.874071373116
11	1857393	1080	49.62935989425
11	1924146	1100	50.399805423912
11	1991908	1120	48.531390996442
11	2061625	1140	49.704949529099
11	2133102	1160	49.41649002298
11	2207355	1180	51.010556651343
11	2283402	1200	49.922884510774
11	2361262	1220	50.077986506567
11	2441048	1240	49.797231199997
11	2523067	1260	50.055068848382
11	2607170	1280	49.891773029048
11	2692577	1300	50.162180501672
11	2780574	1320	49.354408590416
11	2870403	1340	51.010629160358
11	2962393	1360	49.84606423603
11	3056278	1380	50.52646392576
11	3152670	1400	48.456034626312
11	3250833	1420	50.326906753502
11	3351710	1440	50.471353902848
11	3454263	1460	51.199201916422
11	3559691	1480	49.539174187905
11	3667586	1500	49.897156920566
11	3776233	1520	49.296323026259
11	3888161	1540	49.865504030164
11	4002105	1560	50.229143684215
11	4119062	1580	49.856826937019
11	4237727	1600	50.390348385448
11	4358736	1620	50.090267343881
11	4482147	1640	49.863154103017
11	4608045	1660	50.267270898512
11	4737039	1680	49.61697417237
11	4867529	1700	50.608845957134
11	4999888	1720	50.579062347264
11	5134545	1740	50.39373249376
11	5271636	1760	50.760659372343
11	5411494	1780	49.621395328127
11	5553924	1800	49.717616993972
11	5698376	1820	50.660138065777
11	5845593	1840	51.600048442058
11	5995317	1860	51.244900368048
11	6147855	1880	49.848090325762
11	6302775	1900	51.280267077558
11	6459861	1920	50.207897104478
11	6619936	1940	50.644391641888
11	6782967	1960	49.66259558426
11	6947742	1980	49.904624781903
11	7114395	2000	50.034151298443
12	145357	240	1.8961870157309
12	171016	260	2.0380611549405
12	197739	280	2.697665679419
12	224935	300	1.4740677713818
12	252332	320	1.6533079912354
12	279387	340	1.8415987789371
12	306695	360	2.1304870041458
12	334326	380	0.71389465468749
12	362509	400	1.6333267955464
12	391234	420	3.0563560195732
12	420250	440	1.9268573155364
12	449736	460	2.564988167468
12	479520	480	2.534652934006
12	510435	500	2.6311088323536
12	541801	520	2.5132592263578
12	574006	540	4.2899054909213
12	606293	560	2.8307633710609
12	640023	580	3.5622932140646
12	674898	600	1.8941706297241
12	709851	620	2.4157888920482
12	746385	640	3.2393156989508
12	784477	660	2.2261490792403
12	823929	680	2.4587180268023
12	863986	700	2.1767179674645
12	905154	720	2.5119486024662
12	947435	740	1.5942991030994
12	990640	760	2.0824921955242
12	1035664	780	2.237819849057
12	1081932	800	3.152688949417
12	1128956	820	2.8658021380465
12	1177035	840	1.6307332610464
12	1226948	860	2.717999131956
12	1277704	880	2.6086980621224
12	1328779	900	3.1548204402145
12	1382031	920	2.1927991288259
12	1437048	940	2.1052981268725
12	1492975	960	3.0811454621114
12	1549978	980	2.0976600627497
12	1608427	1000	2.1251333146685
12	1668653	1020	3.2813393943101
12	1729814	1040	2.5038769011212
12	1792801	1060	2.9103433106811
12	1857393	1080	2.3191548875283
12	1924146	1100	2.3791233672766
12	1991908	1120	2.1597122850376
12	2061625	1140	2.9387232665693
12	2133102	1160	3.2153449870488
12	2207355	1180	2.2404986111604
12	2283402	1200	2.719951437735
12	2361262	1220	1.6872633309166
12	2441048	1240	1.8474232648631
12	2523067	1260	3.2537140025536
12	2607170	1280	2.4644222805663
12	2692577	1300	2.2445974408943
12	2780574	1320	2.7227124971019
12	2870403	1340	3.0942727328733
12	2962393	1360	2.5167958754213
12	3056278	1380	2.0300559647372
12	3152670	1400	2.111308094718
12	3250833	1420	3.4501160604238
12	3351710	1440	2.5392562936789
12	3454263	1460	3.2801622033796
12	3559691	1480	3.1835265187688
12	3667586	1500	2.7885494577175
12	3776233	1520	3.1348859092301
12	3888161	1540	2.5009011603887
12	4002105	1560	2.7896043293826
12	4119062	1580	2.5204863057709
12	4237727	1600	2.404975533039
12	4358736	1620	2.6297252317632
12	4482147	1640	2.0466068584149
12	4608045	1660	2.7082586754615
12	4737039	1680	2.1392833814356
12	4867529	1700	2.3313351662194
12	4999888	1720	2.1174677372822
12	5134545	1740	2.6923708293585
12	5271636	1760	2.2261274986242
12	5411494	1780	2.5515018598157
12	5553924	1800	2.2567258195123
12	5698376	1820	2.0122718277092
12	5845593	1840	2.1601510804193
12	5995317	1860	2.7143759682488
12	6147855	1880	2.2228162028397
12	6302775	1900	2.4590989621626
12	6459861	1920	2.3942357994934
12	6619936	1940	2.3768244027671
12	6782967	1960	2.4200146580071
12	6947742	1980	2.6007793849212
12	7114395	2000	2.210300205325
13	145357	240	3.5955251986263
13	171016	260	4.1536932712773
13	197739	280	7.2774001179151
13	224935	300	2.1728757946266
13	252332	320	2.7334273138829
13	279387	340	3.3914860625824
13	306695	360	4.5389748748341
13	334326	380	0.50964557799137
13	362509	400	2.6677564210497
13	391234	420	9.3413121183813
13	420250	440	3.7127791144362
13	449736	460	6.5791642992507
13	479520	480	6.4244654958654
13	510435	500	6.9227336876889
13	541801	520	6.3164719388729
13	574006	540	18.403289121037
13	606293	560	8.0132212629398
13	640023	580	12.689932942971
13	674898	600	3.5878823745093
13	709851	620	5.8360359709436
13	746385	640	10.493166197469
13	784477	660	4.9557397230022
13	823929	680	6.0452943353224
13	863986	700	4.738101109883
13	905154	720	6.3098857814318
13	947435	740	2.5417896301437
13	990640	760	4.3367737444194
13	1035664	780	5.0078376768334
13	1081932	800	9.9394476117759
13	1128956	820	8.2128218944318
13	1177035	840	2.6592909686831
13	1226948	860	7.3875192813133
13	1277704	880	6.8053055793211
13	1328779	900	9.9528920099954
13	1382031	920	4.8083680193794
13	1437048	940	4.4322802030127
13	1492975	960	9.4934573586899
13	1549978	980	4.400177738855
13	1608427	1000	4.516191605114
13	1668653	1020	10.767188220651
13	1729814	1040	6.2693995359681
13	1792801	1060	8.4700981860261
13	1857393	1080	5.3784793923465
13	1924146	1100	5.6602279967214
13	1991908	1120	4.6643571541423
13	2061625	1140	8.6360944374759
13	2133102	1160	10.33844338574
13	2207355	1180	5.0198340266119
13	2283402	1200	7.3981358236368
13	2361262	1220	2.8468575478559
13	2441048	1240	3.4129727195576
13	2523067	1260	10.586654810413
13	2607170	1280	6.0733771769517
13	2692577	1300	5.0382176716692
13	2780574	1320	7.413163341875
13	2870403	1340	9.574523745403
13	2962393	1360	6.3342614785374
13	3056278	1380	4.1211272199649
13	3152670	1400	4.4576218708217
13	3250833	1420	11.903300830394
13	3351710	1440	6.4478225249881
13	3454263	1460	10.75946408048
13	3559691	1480	10.134841095704
13	3667586	1500	7.7760080781367
13	3776233	1520	9.8275096638892
13	3888161	1540	6.2545066140333
13	4002105	1560	7.7818923145101
13	4119062	1580	6.3528512175787
13	4237727	1600	5.7839073145161
13	4358736	1620	6.9154547945722
13	4482147	1640	4.1885996329109
13	4608045	1660	7.3346650532126
13	4737039	1680	4.5765333860866
13	4867529	1700	5.4351236572512
13	4999888	1720	4.4836696184312
13	5134545	1740	7.2488606827804
13	5271636	1760	4.955643640131
13	5411494	1780	6.510161740643
13	5553924	1800	5.0928114244536
13	5698376	1820	4.0492379085922
13	5845593	1840	4.6662526902367
13	5995317	1860	7.3678368970065
13	6147855	1880	4.9409118716069
13	6302775	1900	6.0471677057093
13	6459861	1920	5.7323650635757
13	6619936	1940	5.6492942415892
13	6782967	1960	5.8564709449691
13	6947742	1980	6.7640534090312
13	7114395	2000	4.8854269976596
14	145357	240	401.54298277241
14	171016	260	671.09031084211
14	197739	280	497.84110545019
14	224935	300	582.44042153601
14	252332	320	632.68421874418
14	279387	340	627.49355333101
14	306695	360	629.30132441188
14	334326	380	625.43689208535
14	362509	400	584.74348954467
14	391234	420	540.41508296841
14	420250	440	539.57959998969
14	449736	460	494.04415814423
14	479520	480	864.33943388667
14	510435	500	725.48924769241
14	541801	520	541.16656449983
14	574006	540	590.40697098879
14	606293	560	363.66075244348
14	640023	580	361.65793966758
14	674898	600	502.36469816126
14	709851	620	679.43725473215
14	746385	640	867.19910848797
14	784477	660	910.60233805513
14	823929	680	450.61997965327
14	863986	700	632.54892145428
14	905154	720	779.32188078467
14	947435	740	646.70200918001
14	990640	760	590.96200470007
14	1035664	780	731.87235235491
14	1081932	800	1044.8862020625
14	1128956	820	732.25412558772
14	1177035	840	364.35777745717
14	1226948	860	685.03523904576
14	1277704	880	814.60397809486
14	1328779	900	772.3373144228
14	1382031	920	545.02859482444
14	1437048	940	908.30679769112
14	1492975	960	781.03096476164
14	1549978	980	681.83230687687
14	1608427	1000	690.02901039413
14	1668653	1020	685.59316421206
14	1729814	1040	547.16157745558
14	1792801	1060	503.18185494401
14	1857393	1080	860.8462897048
14	1924146	1100	1416.8126660798
14	1991908	1120	637.20015167161
14	2061625	1140	818.20175835073
14	2133102	1160	500.56454889646
14	2207355	1180	825.84128068659
14	2283402	1200	956.106544389
14	2361262	1220	601.01750180354
14	2441048	1240	773.01729148947
14	2523067	1260	912.92518098054
14	2607170	1280	594.8247862677
14	2692577	1300	1054.7164851064
14	2780574	1320	998.32552356929
14	2870403	1340	1195.7626806842
14	2962393	1360	497.99579048612
14	3056278	1380	1273.9871540234
14	3152670	1400	679.3446227606
14	3250833	1420	968.32978108725
14	3351710	1440	1045.9101060179
14	3454263	1460	864.5341372195
14	3559691	1480	997.85467339868
14	3667586	1500	1182.9430084907
14	3776233	1520	1144.372797409
14	3888161	1540	823.00648437272
14	4002105	1560	727.67465903282
14	4119062	1580	1094.3062729144
14	4237727	1600	913.287695919
14	4358736	1620	589.77112287933
14	4482147	1640	1094.3945366681
14	4608045	1660	735.34731081411
14	4737039	1680	1046.7549788732
14	4867529	1700	870.4032609162
14	4999888	1720	1423.5701731964
14	5134545	1740	1419.3258878346
14	5271636	1760	824.05820354968
14	5411494	1780	816.84550600395
14	5553924	1800	1139.5526308415
14	5698376	1820	1000.9418879363
14	5845593	1840	913.06187368867
14	5995317	1860	959.51360836358
14	6147855	1880	951.92757548013
14	6302775	1900	596.64678822903
14	6459861	1920	1136.6526543449
14	6619936	1940	1044.1959392512
14	6782967	1960	1180.243605998
14	6947742	1980	1273.9700505806
14	7114395	2000	1359.9665117556
15	145357	240	44.615886974713
15	171016	260	44.73935405614
15	197739	280	45.258282313654
15	224935	300	44.803109348924
15	252332	320	45.191729910299
15	279387	340	44.820968095072
15	306695	360	44.950094600849
15	334326	380	44.674063720382
15	362509	400	44.980268426513
15	391234	420	45.034590247368
15	420250	440	44.964966665807
15	449736	460	44.913105285839
15	479520	480	45.49154915193
15	510435	500	45.343077980775
15	541801	520	45.097213708319
15	574006	540	45.415920845291
15	606293	560	45.457594055436
15	640023	580	45.207242458448
15	674898	600	45.66951801466
15	709851	620	45.295816982143
15	746385	640	45.642058341472
15	784477	660	45.530116902757
15	823929	680	45.061997965327
15	863986	700	45.182065818163
15	905154	720	45.842463575569
15	947435	740	46.193000655715
15	990640	760	45.458615746159
15	1035664	780	45.742022022182
15	1081932	800	45.429834872282
15	1128956	820	45.765882849232
15	1177035	840	45.544722182146
15	1226948	860	45.669015936384
15	1277704	880	45.255776560826
15	1328779	900	45.431606730753
15	1382031	920	45.419049568703
15	1437048	940	45.415339884556
15	1492975	960	45.942997927156
15	1549978	980	45.455487125125
15	1608427	1000	46.001934026275
15	1668653	1020	45.70621094747
15	1729814	1040	45.596798121298
15	1792801	1060	45.74380499491
15	1857393	1080	45.307699458147
15	1924146	1100	45.703634389671
15	1991908	1120	45.514296547972
15	2061625	1140	45.455653241707
15	2133102	1160	45.505868081497
15	2207355	1180	45.880071149255
15	2283402	1200	45.528883066143
15	2361262	1220	46.232115523349
15	2441048	1240	45.471605381733
15	2523067	1260	45.646259049027
15	2607170	1280	45.755752789823
15	2692577	1300	45.857238482886
15	2780574	1320	45.378432889513
15	2870403	1340	45.990872334008
15	2962393	1360	45.272344589648
15	3056278	1380	45.499541215123
15	3152670	1400	45.289641517373
15	3250833	1420	46.110941956535
15	3351710	1440	45.474352435562
15	3454263	1460	45.501796695763
15	3559691	1480	45.357030609031
15	3667586	1500	45.497808018874
15	3776233	1520	45.774911896362
15	3888161	1540	45.722582465151
15	4002105	1560	45.479666189551
15	4119062	1580	45.596094704766
15	4237727	1600	45.66438479595
15	4358736	1620	45.367009452256
15	4482147	1640	45.59977236117
15	4608045	1660	45.959206925882
15	4737039	1680	45.511086037964
15	4867529	1700	45.810697942958
15	4999888	1720	45.921618490205
15	5134545	1740	45.784706059179
15	5271636	1760	45.781011308316
15	5411494	1780	45.380305889108
15	5553924	1800	45.58210523366
15	5698376	1820	45.497358542561
15	5845593	1840	45.653093684433
15	5995317	1860	45.69112420779
15	6147855	1880	45.329884546673
15	6302775	1900	45.895906786849
15	6459861	1920	45.466106173794
15	6619936	1940	45.399823445706
15	6782967	1960	45.393984846077
15	6947742	1980	45.49893037788
15	7114395	2000	45.332217058521
16	145357	240	0.31250962714425
16	171016	260	0.36827200177637
16	197739	280	0.86384330813065
16	224935	300	0.50509726723768
16	252332	320	0.86249548161291
16	279387	340	0.30313506726393
16	306695	360	0.5596204454725
16	334326	380	0.62220230145709
16	362509	400	1.0324365184144
16	391234	420	0.90589923791437
16	420250	440	0.39264530716656
16	449736	460	0.65529624096638
16	479520	480	1.6547706026878
16	510435	500	1.3786898420899
16	541801	520	1.1332980578068
16	574006	540	1.1081614497737
16	606293	560	1.4192754786958
16	640023	580	1.4359216152907
16	674898	600	1.1884372559093
16	709851	620	1.2655822937702
16	746385	640	1.3818814841453
16	784477	660	1.4491347462216
16	823929	680	0.70089752197563
16	863986	700	1.168976020482
16	905154	720	1.139479091253
16	947435	740	1.3143983852751
16	990640	760	1.132392401966
16	1035664	780	1.2878993062762
16	1081932	800	1.0982690445912
16	1128956	820	1.2434714482496
16	1177035	840	1.1660057307701
16	1226948	860	1.276232176878
16	1277704	880	1.0395482156186
16	1328779	900	1.235591583722
16	1382031	920	1.1063100181843
16	1437048	940	1.1414851647091
16	1492975	960	1.244436348831
16	1549978	980	0.96352407359982
16	1608427	1000	1.3714847497774
16	1668653	1020	1.2708066314503
16	1729814	1040	1.2034542281069
16	1792801	1060	1.2124577921255
16	1857393	1080	1.1035651965022
16	1924146	1100	1.1795162206873
16	1991908	1120	1.1305014641736
16	2061625	1140	1.0175963147348
16	2133102	1160	0.90469107999435
16	2207355	1180	1.1086058486621
16	2283402	1200	1.1468567457608
16	2361262	1220	1.0049943396641
16	2441048	1240	1.1153433627606
16	2523067	1260	0.99637803203409
16	2607170	1280	1.1452637795993
16	2692577	1300	0.85006033548808
16	2780574	1320	0.94660893264885
16	2870403	1340	1.1691102689191
16	2962393	1360	0.60596938250629
16	3056278	1380	0.86918375182933
16	3152670	1400	0.70949204407402
16	3250833	1420	1.2848854733906
16	3351710	1440	0.9540113791763
16	3454263	1460	0.84667673489295
16	3559691	1480	0.92298837864941
16	3667586	1500	1.0636757749969
16	3776233	1520	1.1509059801878
16	3888161	1540	0.97010578395747
16	4002105	1560	1.1338094078321
16	4119062	1580	0.79552786365999
16	4237727	1600	0.89318176361763
16	4358736	1620	0.6832757240469
16	4482147	1640	0.70794433063486
16	4608045	1660	1.0915174778611
16	4737039	1680	0.73737659609826
16	4867529	1700	0.83385875362663
16	4999888	1720	0.89297960984377
16	5134545	1740	0.97603226178524
16	5271636	1760	0.90427762639762
16	5411494	1780	0.98378864763599
16	5553924	1800	1.1099339422561
16	5698376	1820	0.76105763940439
16	5845593	1840	0.91420890563351
16	5995317	1860	0.98684443907713
16	6147855	1880	0.70938981634657
16	6302775	1900	0.73408123456785
16	6459861	1920	0.70377586437112
16	6619936	1940	0.57650922576161
16	6782967	1960	0.75431382846302
16	6947742	1980	1.0943585659957
16	7114395	2000	0.68761967406685
17	145357	240	0.097662267057838
17	171016	260	0.13562426729238
17	197739	280	0.74622526100211
17	224935	300	0.25512324937097
17	252332	320	0.74389845580269
17	279387	340	0.091890869005107
17	306695	360	0.31317504299084
17	334326	380	0.3871357039385
17	362509	400	1.0659251645556
17	391234	420	0.82065342925384
17	420250	440	0.15417033723992
17	449736	460	0.42941316342467
17	479520	480	2.7382657475197
17	510435	500	1.9007856806818
17	541801	520	1.2843644878286
17	574006	540	1.2280217987645
17	606293	560	2.0143428844271
17	640023	580	2.061870885259
17	674898	600	1.4123831112333
17	709851	620	1.6016985423046
17	746385	640	1.9095964362237
17	784477	660	2.0999915127067
17	823929	680	0.49125733631157
17	863986	700	1.3665049364619
17	905154	720	1.2984125994028
17	947435	740	1.7276431152137
17	990640	760	1.2823125520304
17	1035664	780	1.6586846231067
17	1081932	800	1.2061948943073
17	1128956	820	1.546221242612
17	1177035	840	1.3595693641887
17	1226948	860	1.6287685692989
17	1277704	880	1.0806604925959
17	1328779	900	1.5266865617647
17	1382031	920	1.2239218563349
17	1437048	940	1.302988381251
17	1492975	960	1.5486218262917
17	1549978	980	0.92837864040639
17	1608427	1000	1.8809704188719
17	1668653	1020	1.614949494538
17	1729814	1040	1.4483020791485
17	1792801	1060	1.4700538976859
17	1857393	1080	1.2178561429309
17	1924146	1100	1.3912585148644
17	1991908	1120	1.2780335604988
17	2061625	1140	1.0355022597619
17	2133102	1160	0.81846595022134
17	2207355	1180	1.2290069276878
17	2283402	1200	1.315280395297
17	2361262	1220	1.0100136227569
17	2441048	1240	1.2439908168542
17	2523067	1260	0.99276918272013
17	2607170	1280	1.3116291248621
17	2692577	1300	0.7226025739701
17	2780574	1320	0.89606847137059
17	2870403	1340	1.3668188208922
17	2962393	1360	0.36719889253505
17	3056278	1380	0.7554803944441
17	3152670	1400	0.50337896060433
17	3250833	1420	1.6509306797303
17	3351710	1440	0.91013771159787
17	3454263	1460	0.71686149340898
17	3559691	1480	0.85190754712186
17	3667586	1500	1.1314061543153
17	3776233	1520	1.324584575232
17	3888161	1540	0.94110523206773
17	4002105	1560	1.2855237732886
17	4119062	1580	0.63286458185943
17	4237727	1600	0.7977736628591
17	4358736	1620	0.46686571507182
17	4482147	1640	0.50118517527803
17	4608045	1660	1.1914104044763
17	4737039	1680	0.54372424447346
17	4867529	1700	0.69532042099976
17	4999888	1720	0.79741258359674
17	5134545	1740	0.95263897604561
17	5271636	1760	0.81771802560331
17	5411494	1780	0.96784010321744
17	5553924	1800	1.2319533561721
17	5698376	1820	0.57920873049578
17	5845593	1840	0.83577792313961
17	5995317	1860	0.97386194693746
17	6147855	1880	0.50323391153622
17	6302775	1900	0.53887525894466
17	6459861	1920	0.49530046727132
17	6619936	1940	0.33236288738825
17	6782967	1960	0.56898935181053
17	6947742	1980	1.1976206709683
17	7114395	2000	0.4728208161638
18	145357	240	1486.3203205383
18	171016	260	1778.1223905237
18	197739	280	2070.3368467513
18	224935	300	2111.295057884
18	252332	320	2154.9415030866
18	279387	340	2116.8463864739
18	306695	360	2227.0799671544
18	334326	380	2133.9261461663
18	362509	400	2201.4134479361
18	391234	420	2137.0950957491
18	420250	440	2288.0623967842
18	449736	460	2522.6412461898
18	479520	480	2278.4745632477
18	510435	500	2409.224402825
18	541801	520	2541.3962280198
18	574006	540	2510.5627258929
18	606293	560	2673.2610905135
18	640023	580	2557.9317322838
18	674898	600	2522.1095456464
18	709851	620	2518.0537561532
18	746385	640	2576.2653740401
18	784477	660	2585.2490523412
18	823929	680	3159.9900495069
18	863986	700	3074.6182930322
18	905154	720	2898.8925959189
18	947435	740	2830.3302884746
18	990640	760	3006.6637620398
18	1035664	780	2894.9347248036
18	1081932	800	3002.3921576192
18	1128956	820	3162.5190242742
18	1177035	840	3290.481385945
18	1226948	860	3058.7714092484
18	1277704	880	3269.1753482455
18	1328779	900	3446.3105153444
18	1382031	920	3653.0981648189
18	1437048	940	3549.5008334566
18	1492975	960	3661.5562542841
18	1549978	980	3600.0118218926
18	1608427	1000	3529.627972532
18	1668653	1020	3707.4465460625
18	1729814	1040	3688.5128868306
18	1792801	1060	3901.3477628694
18	1857393	1080	3850.6870503425
18	1924146	1100	3412.1830207957
18	1991908	1120	4369.7892549103
18	2061625	1140	4106.1819420224
18	2133102	1160	4571.485726961
18	2207355	1180	4305.3798529225
18	2283402	1200	4411.0076722423
18	2361262	1220	4532.0770445983
18	2441048	1240	4574.3771331237
18	2523067	1260	4362.4227890756
18	2607170	1280	4432.4588524836
18	2692577	1300	4050.0655246182
18	2780574	1320	4711.550568936
18	2870403	1340	4244.2858978608
18	2962393	1360	4850.7912192594
18	3056278	1380	4457.5262821878
18	3152670	1400	4836.5031719657
18	3250833	1420	4616.3151693041
18	3351710	1440	4764.1258314982
18	3454263	1460	4966.7307323754
18	3559691	1480	5312.1732926997
18	3667586	1500	4872.9731269885
18	3776233	1520	5044.5012191928
18	3888161	1540	5061.1532698978
18	4002105	1560	5177.4902788918
18	4119062	1580	4753.5205828726
18	4237727	1600	5495.2562459328
18	4358736	1620	5704.2144390415
18	4482147	1640	5366.8099485639
18	4608045	1660	5345.2256305835
18	4737039	1680	5629.6105331559
18	4867529	1700	5839.462267145
18	4999888	1720	5369.1085740477
18	5134545	1740	5646.1977941023
18	5271636	1760	6045.3722166362
18	5411494	1780	6197.0659153924
18	5553924	1800	6116.2481085968
18	5698376	1820	6151.4373529246
18	5845593	1840	6430.1045657904
18	5995317	1860	6395.7412925335
18	6147855	1880	6607.7042047171
18	6302775	1900	6530.6592073263
18	6459861	1920	6215.7811518243
18	6619936	1940	6465.6452590534
18	6782967	1960	6405.5119973595
18	6947742	1980	6312.5670331947
18	7114395	2000	6774.745211949
19	145357	240	47.945816791559
19	171016	260	48.057361906047
19	197739	280	48.147368529101
19	224935	300	47.983978588273
19	252332	320	47.88758895748
19	279387	340	48.110145147133
19	306695	360	48.414781894662
19	334326	380	48.498321503779
19	362509	400	47.856814085568
19	391234	420	48.570343085207
19	420250	440	48.682178654983
19	449736	460	48.512331657495
19	479520	480	48.47818219676
19	510435	500	49.167844955611
19	541801	520	48.873004384996
19	574006	540	49.226720115547
19	606293	560	49.504835009509
19	640023	580	49.190994851612
19	674898	600	49.453128346007
19	709851	620	49.373603061828
19	746385	640	49.543564885387
19	784477	660	49.716327929639
19	823929	680	49.374844523545
19	863986	700	49.590617629552
19	905154	720	49.133772812184
19	947435	740	49.654917341659
19	990640	760	49.289569869505
19	1035664	780	49.066690250908
19	1081932	800	49.219543567528
19	1128956	820	49.414359754285
19	1177035	840	49.111662476791
19	1226948	860	49.335022729812
19	1277704	880	49.532959821902
19	1328779	900	49.94652920789
19	1382031	920	50.042440613958
19	1437048	940	49.992969485305
19	1492975	960	50.158304853206
19	1549978	980	50.000164192953
19	1608427	1000	49.713070035662
19	1668653	1020	50.100629000844
19	1729814	1040	49.844768740954
19	1792801	1060	50.017279011146
19	1857393	1080	50.00892273172
19	1924146	1100	50.179162070525
19	1991908	1120	50.227462700118
19	2061625	1140	50.075389536859
19	2133102	1160	49.690062249576
19	2207355	1180	50.062556429332
19	2283402	1200	50.125087184572
19	2361262	1220	50.356411606648
19	2441048	1240	50.267880583777
19	2523067	1260	50.142790679029
19	2607170	1280	50.368850596405
19	2692577	1300	50.625819057728
19	2780574	1320	50.661834074581
19	2870403	1340	50.527213069771
19	2962393	1360	50.529075200619
19	3056278	1380	50.653707752134
19	3152670	1400	50.380241374642
19	3250833	1420	50.177338796784
19	3351710	1440	50.68218969679
19	3454263	1460	50.680925840565
19	3559691	1480	50.59212659714
19	3667586	1500	50.760136739464
19	3776233	1520	50.954557769624
19	3888161	1540	50.611532698978
19	4002105	1560	50.759708616586
19	4119062	1580	50.5693679029
19	4237727	1600	50.415194916815
19	4358736	1620	50.479773796827
19	4482147	1640	50.630282533622
19	4608045	1660	50.426656892297
19	4737039	1680	50.26437976032
19	4867529	1700	50.340191958146
19	4999888	1720	50.178584804184
19	5134545	1740	50.412480304485
19	5271636	1760	50.378101805302
19	5411494	1780	50.382649718637
19	5553924	1800	50.547505029726
19	5698376	1820	50.421617646923
19	5845593	1840	50.630744612523
19	5995317	1860	50.759851528044
19	6147855	1880	50.828493882439
19	6302775	1900	51.020775057237
19	6459861	1920	50.949025834626
19	6619936	1940	50.910592590972
19	6782967	1960	50.83739680444
19	6947742	1980	50.907798654796
19	7114395	2000	50.557800089172
20	145357	240	1.7759699342838
20	171016	260	2.1731186864423
20	197739	280	2.1453902906991
20	224935	300	2.4524347883679
20	252332	320	2.335904421083
20	279387	340	2.1835030117476
20	306695	360	2.2565760389182
20	334326	380	4.0443829243182
20	362509	400	2.3996562578853
20	391234	420	2.8218002226843
20	420250	440	2.9394054135612
20	449736	460	2.8915336957084
20	479520	480	2.7566284558771
20	510435	500	3.2902625550566
20	541801	520	2.4310634236695
20	574006	540	3.1261998593053
20	606293	560	3.0483770477226
20	640023	580	3.115808717975
20	674898	600	2.8195128333033
20	709851	620	2.5055563395454
20	746385	640	2.8079542234489
20	784477	660	2.6623342357907
20	823929	680	2.8040315173708
20	863986	700	2.862898904883
20	905154	720	2.8672016552436
20	947435	740	3.2435425011865
20	990640	760	3.2493197876887
20	1035664	780	3.0711861100319
20	1081932	800	2.8227640905904
20	1128956	820	2.9312488165038
20	1177035	840	2.8959986682819
20	1226948	860	2.7415828738671
20	1277704	880	2.3863982317689
20	1328779	900	2.8586907359045
20	1382031	920	3.1216509517804
20	1437048	940	2.9591715553774
20	1492975	960	3.3871707477309
20	1549978	980	2.901235093598
20	1608427	1000	2.7090999489943
20	1668653	1020	2.5229291463476
20	1729814	1040	2.7122300357534
20	1792801	1060	2.5647878377864
20	1857393	1080	2.8388887678629
20	1924146	1100	3.1013009978734
20	1991908	1120	3.7657356108982
20	2061625	1140	3.1743823926847
20	2133102	1160	3.1919826877083
20	2207355	1180	2.8797898828865
20	2283402	1200	2.9078714850483
20	2361262	1220	3.1118200921336
20	2441048	1240	2.7007059215715
20	2523067	1260	2.6646113432181
20	2607170	1280	2.8420901044863
20	2692577	1300	2.7070021018246
20	2780574	1320	2.8409744532303
20	2870403	1340	2.7588100141131
20	2962393	1360	2.8957449319057
20	3056278	1380	2.8306236931981
20	3152670	1400	2.7501796274663
20	3250833	1420	3.0479731333227
20	3351710	1440	3.0346078694447
20	3454263	1460	2.7096869535632
20	3559691	1480	3.0081262672745
20	3667586	1500	2.7230652352831
20	3776233	1520	2.690322130353
20	3888161	1540	2.9221108914506
20	4002105	1560	2.8170433918365
20	4119062	1580	2.8152294892576
20	4237727	1600	2.8218285340468
20	4358736	1620	2.5071486099082
20	4482147	1640	2.5476648916266
20	4608045	1660	2.2221961795594
20	4737039	1680	2.4478574405296
20	4867529	1700	2.5112760071674
20	4999888	1720	2.4675653862768
20	5134545	1740	2.4495199719789
20	5271636	1760	2.5239105944048
20	5411494	1780	2.3882966929867
20	5553924	1800	2.4647124905895
20	5698376	1820	2.619270177445
20	5845593	1840	2.4774968219414
20	5995317	1860	2.5930720066876
20	6147855	1880	2.3729796483612
20	6302775	1900	2.6096078667423
20	6459861	1920	2.5582820793982
20	6619936	1940	2.4953193014854
20	6782967	1960	2.6169100537055
20	6947742	1980	2.4467996972085
20	7114395	2000	2.3073354464329
21	145357	240	3.15406920748
21	171016	260	4.7224448253647
21	197739	280	4.6026994994258
21	224935	300	6.0144363911971
21	252332	320	5.456449464435
21	279387	340	4.7676854023109
21	306695	360	5.0921354194199
21	334326	380	16.357033238517
21	362509	400	5.7583501560081
21	391234	420	7.9625564967412
21	420250	440	8.6401041852729
21	449736	460	8.3609671134173
21	479520	480	7.5990004437514
21	510435	500	10.825827681208
21	541801	520	5.9100693699037
21	574006	540	9.7731255603207
21	606293	560	9.2926026250817
21	640023	580	9.708263967009
21	674898	600	7.9496526171619
21	709851	620	6.2778125706359
21	746385	640	7.8846069209848
21	784477	660	7.0880235830634
21	823929	680	7.8625927504091
21	863986	700	8.1961901395801
21	905154	720	8.2208453318315
21	947435	740	10.520567957003
21	990640	760	10.558079082665
21	1035664	780	9.4321841224531
21	1081932	800	7.9679971111269
21	1128956	820	8.5922196242548
21	1177035	840	8.3868082866905
21	1226948	860	7.5162766542816
21	1277704	880	5.6948965205899
21	1328779	900	8.1721127235459
21	1382031	920	9.7447046647517
21	1437048	940	8.7566962941548
21	1492975	960	11.472925674284
21	1549978	980	8.4171650683245
21	1608427	1000	7.3392225336411
21	1668653	1020	6.36517147749
21	1729814	1040	7.3561917668426
21	1792801	1060	6.5781366528569
21	1857393	1080	8.0592894362982
21	1924146	1100	9.6180678794108
21	1991908	1120	14.180764691187
21	2061625	1140	10.076703574987
21	2133102	1160	10.18875347863
21	2207355	1180	8.2931897695755
21	2283402	1200	8.455716573557
21	2361262	1220	9.6834242858065
21	2441048	1240	7.2938124748114
21	2523067	1260	7.1001536104067
21	2607170	1280	8.0774761620188
21	2692577	1300	7.327860379283
21	2780574	1320	8.0711358439072
21	2870403	1340	7.6110326939707
21	2962393	1360	8.3853387106578
21	3056278	1380	8.0124304924944
21	3152670	1400	7.5634879833308
21	3250833	1420	9.2901402214572
21	3351710	1440	9.2088449212959
21	3454263	1460	7.3424033863105
21	3559691	1480	9.0488236398666
21	3667586	1500	7.4150842756072
21	3776233	1520	7.237833165067
21	3888161	1540	8.538732061934
21	4002105	1560	7.9357334714898
21	4119062	1580	7.9255170771857
21	4237727	1600	7.9627162755608
21	4358736	1620	6.2857941521646
21	4482147	1640	6.4905964000269
21	4608045	1660	4.9381558604482
21	4737039	1680	5.9920060491561
21	4867529	1700	6.3065071841748
21	4999888	1720	6.0888789355516
21	5134545	1740	6.0001480931233
21	5271636	1760	6.3701246885488
21	5411494	1780	5.7039610937311
21	5553924	1800	6.074807661268
21	5698376	1820	6.8605762624529
21	5845593	1840	6.1379905027299
21	5995317	1860	6.7240224318668
21	6147855	1880	5.6310324115363
21	6302775	1900	6.8100532181633
21	6459861	1920	6.5448071977699
21	6619936	1940	6.2266184163657
21	6782967	1960	6.8482182291852
21	6947742	1980	5.9868287582596
21	7114395	2000	5.3237968623656
22	145357	240	3092.8632385368
22	171016	260	3093.4164289522
22	197739	280	3595.5894883681
22	224935	300	3605.1539578141
22	252332	320	3552.4880277174
22	279387	340	3506.3527984031
22	306695	360	3601.4324790233
22	334326	380	3614.0168561914
22	362509	400	3715.1254458315
22	391234	420	3845.5321612791
22	420250	440	3949.462599007
22	449736	460	3995.1558540145
22	479520	480	3721.445078852
22	510435	500	3911.9264379602
22	541801	520	4138.3535564145
22	574006	540	4134.5153849828
22	606293	560	4471.7132929689
22	640023	580	4509.7088580443
22	674898	600	4362.8976036475
22	709851	620	4280.0429135559
22	746385	640	4232.8269134215
22	784477	660	4234.0184090673
22	823929	680	4689.4562833951
22	863986	700	4649.2859803572
22	905154	720	4445.963867952
22	947435	740	4679.3844083619
22	990640	760	4778.9191562067
22	1035664	780	4736.4443057063
22	1081932	800	4513.7164405394
22	1128956	820	4733.0659617739
22	1177035	840	5196.1140829694
22	1226948	860	5010.9201577677
22	1277704	880	4928.8671017694
22	1328779	900	5034.5934448263
22	1382031	920	5251.1579285757
22	1437048	940	5020.4054385758
22	1492975	960	5200.2886952004
22	1549978	980	5298.5981770855
22	1608427	1000	5340.6061884408
22	1668653	1020	5437.019840623
22	1729814	1040	5569.4734374672
22	1792801	1060	5804.4819633791
22	1857393	1080	5446.7610091031
22	1924146	1100	4937.4394089035
22	1991908	1120	5765.7530531422
22	2061625	1140	5722.5181889881
22	2133102	1160	5944.124622966
22	2207355	1180	5801.3065802736
22	2283402	1200	5711.2296731147
22	2361262	1220	6157.4498000077
22	2441048	1240	6029.2640140042
22	2523067	1260	5936.6327912779
22	2607170	1280	6252.8525089742
22	2692577	1300	5881.2042348687
22	2780574	1320	5990.0827088403
22	2870403	1340	5876.0775221643
22	2962393	1360	6625.9638862645
22	3056278	1380	5941.4019401087
22	3152670	1400	6530.7912146708
22	3250833	1420	6335.6690805971
22	3351710	1440	6299.0373001156
22	3454263	1460	6479.6155872242
22	3559691	1480	6389.6214413678
22	3667586	1500	6299.9908700716
22	3776233	1520	6381.4487610317
22	3888161	1540	6742.7581606255
22	4002105	1560	6939.6385320053
22	4119062	1580	6608.0143449912
22	4237727	1600	6935.2665199586
22	4358736	1620	7250.7578199095
22	4482147	1640	6796.4289350604
22	4608045	1660	7243.0251641951
22	4737039	1680	6934.6755917426
22	4867529	1700	7200.9617153492
22	4999888	1720	6697.4476664963
22	5134545	1740	6786.1780859664
22	5271636	1760	7434.9899354889
22	5411494	1780	7483.3574305629
22	5553924	1800	7207.8168434038
22	5698376	1820	7342.104694446
22	5845593	1840	7615.825412879
22	5995317	1860	7520.3884855639
22	6147855	1880	7665.1630976409
22	6302775	1900	8014.0410862704
22	6459861	1920	7468.3383759176
22	6619936	1940	7749.0590128697
22	6782967	1960	7569.3454347369
22	6947742	1980	7515.9305949885
22	7114395	2000	7424.9744851698
23	145357	240	44.824104906331
23	171016	260	44.832122158727
23	197739	280	44.944868604602
23	224935	300	45.064424472676
23	252332	320	44.968202882499
23	279387	340	44.953241005168
23	306695	360	45.017905987791
23	334326	380	45.175210702392
23	362509	400	45.306407875993
23	391234	420	45.241554838578
23	420250	440	45.396121827667
23	449736	460	45.399498341073
23	479520	480	45.383476571366
23	510435	500	45.487516720468
23	541801	520	45.476412707852
23	574006	540	45.434234999811
23	606293	560	45.629727479275
23	640023	580	45.552614727721
23	674898	600	45.446850037995
23	709851	620	45.532371420807
23	746385	640	45.514267886253
23	784477	660	45.52707966739
23	823929	680	45.528701780534
23	863986	700	45.581235101541
23	905154	720	45.366978244408
23	947435	740	45.430916586038
23	990640	760	45.513515773397
23	1035664	780	45.542733708715
23	1081932	800	45.593095358983
23	1128956	820	45.510249632441
23	1177035	840	45.579948096223
23	1226948	860	45.55381961607
23	1277704	880	45.637658349716
23	1328779	900	45.769031316603
23	1382031	920	45.66224285718
23	1437048	940	45.640049441598
23	1492975	960	45.616567501758
23	1549978	980	45.677570492116
23	1608427	1000	45.64620673881
23	1668653	1020	45.689242358177
23	1729814	1040	45.651421618583
23	1792801	1060	45.704582388812
23	1857393	1080	45.771100916832
23	1924146	1100	45.717031563921
23	1991908	1120	45.759944866208
23	2061625	1140	45.780145511905
23	2133102	1160	45.724035561277
23	2207355	1180	45.679579372233
23	2283402	1200	45.689837384917
23	2361262	1220	45.610739259316
23	2441048	1240	45.676242530335
23	2523067	1260	45.666406086753
23	2607170	1280	45.641259189593
23	2692577	1300	45.590730502858
23	2780574	1320	45.725822204887
23	2870403	1340	45.550988543909
23	2962393	1360	45.696302663893
23	3056278	1380	45.70309184699
23	3152670	1400	45.669868634062
23	3250833	1420	45.580353097821
23	3351710	1440	45.645197826925
23	3454263	1460	45.631095684678
23	3559691	1480	45.640153152627
23	3667586	1500	45.652107754142
23	3776233	1520	45.581776864512
23	3888161	1540	45.559176760983
23	4002105	1560	45.655516657929
23	4119062	1580	45.572512724078
23	4237727	1600	45.626753420781
23	4358736	1620	45.602250439682
23	4482147	1640	45.613617013828
23	4608045	1660	45.553617384875
23	4737039	1680	45.622865735149
23	4867529	1700	45.575707059172
23	4999888	1720	45.560868479567
23	5134545	1740	45.544819368902
23	5271636	1760	45.613435187049
23	5411494	1780	45.63022823514
23	5553924	1800	45.619093945593
23	5698376	1820	45.603134748112
23	5845593	1840	45.603744987299
23	5995317	1860	45.578112033721
23	6147855	1880	45.625970819291
23	6302775	1900	45.534324353809
23	6459861	1920	45.538648633644
23	6619936	1940	45.582700075704
23	6782967	1960	45.598466474318
23	6947742	1980	45.551094515082
23	7114395	2000	45.551990706563
24	145357	240	0.40798979154609
24	171016	260	0.37684679863931
24	197739	280	0.76860544825975
24	224935	300	0.74226628560176
24	252332	320	0.57348709737902
24	279387	340	0.62772392694985
24	306695	360	0.8188887828532
24	334326	380	1.0480180908769
24	362509	400	1.3087620519064
24	391234	420	1.0842738747404
24	420250	440	1.4782153600589
24	449736	460	1.3943637654188
24	479520	480	1.3636804467425
24	510435	500	1.3940013218707
24	541801	520	1.3867712109426
24	574006	540	1.3317151207604
24	606293	560	1.6432990566909
24	640023	580	1.3859473538885
24	674898	600	1.2348755149687
24	709851	620	1.2770299259717
24	746385	640	1.3383081348169
24	784477	660	1.2972654884793
24	823929	680	1.2299671806318
24	863986	700	1.2528665820005
24	905154	720	1.0821554561575
24	947435	740	1.1284848228144
24	990640	760	1.127546149541
24	1035664	780	1.173287629619
24	1081932	800	1.2036084441794
24	1128956	820	1.1678544205553
24	1177035	840	1.1963104601809
24	1226948	860	1.1343453038981
24	1277704	880	1.2082895648248
24	1328779	900	1.2881981543967
24	1382031	920	1.2013093040433
24	1437048	940	1.1969722945733
24	1492975	960	1.1759570020531
24	1549978	980	1.1911671363937
24	1608427	1000	1.1514015060072
24	1668653	1020	1.1758364689699
24	1729814	1040	1.0934914905004
24	1792801	1060	1.1333876879161
24	1857393	1080	1.1109047781534
24	1924146	1100	1.0891797089007
24	1991908	1120	1.0904537727389
24	2061625	1140	1.1404472711372
24	2133102	1160	1.0910314785153
24	2207355	1180	1.0557326310816
24	2283402	1200	0.98086675568009
24	2361262	1220	1.0321577873883
24	2441048	1240	1.0330167846335
24	2523067	1260	1.008374086865
24	2607170	1280	1.0083519703275
24	2692577	1300	1.0157513597182
24	2780574	1320	1.0119984056734
24	2870403	1340	0.97528614685768
24	2962393	1360	1.0086254064862
24	3056278	1380	1.0231989607716
24	3152670	1400	0.99761481004155
24	3250833	1420	0.95862377854345
24	3351710	1440	0.9270953499665
24	3454263	1460	0.95290148821437
24	3559691	1480	0.86734040471746
24	3667586	1500	0.89803741073145
24	3776233	1520	0.85511470713147
24	3888161	1540	0.92783556116013
24	4002105	1560	0.94821852031166
24	4119062	1580	0.90405330064113
24	4237727	1600	0.9556311747319
24	4358736	1620	0.89978568087949
24	4482147	1640	0.97950650940093
24	4608045	1660	0.85734389139768
24	4737039	1680	0.90987125789549
24	4867529	1700	0.89013495488339
24	4999888	1720	0.87540645744805
24	5134545	1740	0.82692509001885
24	5271636	1760	0.88026100374037
24	5411494	1780	0.82343124949947
24	5553924	1800	0.83399346231935
24	5698376	1820	0.87128012795426
24	5845593	1840	0.87748001937389
24	5995317	1860	0.84427219473058
24	6147855	1880	0.8904285492274
24	6302775	1900	0.82932257702033
24	6459861	1920	0.83662051796093
24	6619936	1940	0.86618302348391
24	6782967	1960	0.86043411892754
24	6947742	1980	0.80198376985589
24	7114395	2000	0.82580937535049
25	145357	240	0.16645567000582
25	171016	260	0.1420135096447
25	197739	280	0.59075433509457
25	224935	300	0.55095923874103
25	252332	320	0.32888745086021
25	279387	340	0.39403732846534
25	306695	360	0.67057883868279
25	334326	380	1.0983419188052
25	362509	400	1.7128581085103
25	391234	420	1.1756498354446
25	420250	440	2.1851206507141
25	449736	460	1.9442503103128
25	479520	480	1.8596243608279
25	510435	500	1.9432396853773
25	541801	520	1.9231343914991
25	574006	540	1.7734651628618
25	606293	560	2.7004317897213
25	640023	580	1.9208500677506
25	674898	600	1.5249175374693
25	709851	620	1.6308054318272
25	746385	640	1.7910686637172
25	784477	660	1.6828977475996
25	823929	680	1.5128192654314
25	863986	700	1.5696746722936
25	905154	720	1.1710604312915
25	947435	740	1.2734779953225
25	990640	760	1.2713603193447
25	1035664	780	1.3766038618169
25	1081932	800	1.4486732869
25	1128956	820	1.3638839476106
25	1177035	840	1.4311587171382
25	1226948	860	1.2867392684757
25	1277704	880	1.4599636724644
25	1328779	900	1.659454484991
25	1382031	920	1.4431440439811
25	1437048	940	1.4327426739761
25	1492975	960	1.3828748706778
25	1549978	980	1.4188791468243
25	1608427	1000	1.3257254280356
25	1668653	1020	1.3825914017595
25	1729814	1040	1.1957236397967
25	1792801	1060	1.2845676511197
25	1857393	1080	1.2341094261241
25	1924146	1100	1.1863124382811
25	1991908	1120	1.1890894304805
25	2061625	1140	1.3006199782442
25	2133102	1160	1.1903496871113
25	2207355	1180	1.1145713883306
25	2283402	1200	0.96209959239839
25	2361262	1220	1.0653496980664
25	2441048	1240	1.0671236773345
25	2523067	1260	1.0168182990608
25	2607170	1280	1.0167736960633
25	2692577	1300	1.0317508247694
25	2780574	1320	1.0241407730854
25	2870403	1340	0.95118306825249
25	2962393	1360	1.0173252106094
25	3056278	1380	1.0469361133241
25	3152670	1400	0.99523530921423
25	3250833	1420	0.91895954878893
25	3351710	1440	0.85950578792951
25	3454263	1460	0.90802124624116
25	3559691	1480	0.75227937765545
25	3667586	1500	0.80647119107324
25	3776233	1520	0.73122116235254
25	3888161	1540	0.86087882855334
25	4002105	1560	0.89911836226204
25	4119062	1580	0.81731237040013
25	4237727	1600	0.91323094211946
25	4358736	1620	0.80961427151577
25	4482147	1640	0.9594330019588
25	4608045	1660	0.73503854811692
25	4737039	1680	0.82786570594432
25	4867529	1700	0.79234023790525
25	4999888	1720	0.76633646574175
25	5134545	1740	0.68380510450269
25	5271636	1760	0.774859434706
25	5411494	1780	0.67803902265226
25	5553924	1800	0.69554509519142
25	5698376	1820	0.75912906136799
25	5845593	1840	0.7699711844004
25	5995317	1860	0.7127955387952
25	6147855	1880	0.7928630012792
25	6302775	1900	0.68777593675563
25	6459861	1920	0.69993389107321
25	6619936	1940	0.75027303017173
25	6782967	1960	0.74034687301462
25	6947742	1980	0.64317796711226
25	7114395	2000	0.68196112441677
