version 2
run statisticRVV-69-20150327-02:23:22-15132
attr c 7
attr configname statisticRVV
attr datetime 20150327-02:23:22
attr experiment statisticRVV
attr inifile omnetpp.ini
attr iterationvars "$sc=\"erlangen-low.launchd.xml\", $p=1/8, $c=7"
attr iterationvars2 "$sc=\"erlangen-low.launchd.xml\", $p=1/8, $c=7, $repetition=9"
attr measurement "$sc=\"erlangen-low.launchd.xml\", $p=1/8, $c=7"
attr network RSUExampleScenario
attr p 1/8
attr processid 15132
attr repetition 9
attr replication #9
attr resultdir results
attr runnumber 69
attr sc "\"erlangen-low.launchd.xml\""
attr seedset 69

vector 0  RSUExampleScenario.rsu[0].appl  Number_CH  ETV
vector 1  RSUExampleScenario.rsu[0].appl  Number_ON  ETV
vector 2  RSUExampleScenario.rsu[0].appl  Number_FN  ETV
vector 3  RSUExampleScenario.rsu[0].appl  Number_CH_Losts  ETV
vector 4  RSUExampleScenario.rsu[0].appl  Number_CH_Losts  ETV
vector 5  RSUExampleScenario.rsu[0].appl  Mean_Cluster_Size  ETV
vector 6  RSUExampleScenario.rsu[0].appl  StdDev_Cluster_Size  ETV
vector 7  RSUExampleScenario.rsu[0].appl  Variance_Cluster_Size  ETV
vector 8  RSUExampleScenario.rsu[0].appl  Mean_Neighbors  ETV
vector 9  RSUExampleScenario.rsu[0].appl  StdDev_Neighbors  ETV
vector 10  RSUExampleScenario.rsu[0].appl  Variance_Neighbors  ETV
vector 11  RSUExampleScenario.rsu[0].appl  Total_CH_Utility  ETV
vector 12  RSUExampleScenario.rsu[0].appl  Mean_CH_Utility  ETV
vector 13  RSUExampleScenario.rsu[0].appl  StdDev_CH_Utility  ETV
vector 14  RSUExampleScenario.rsu[0].appl  Variance_CH_Utility  ETV
vector 15  RSUExampleScenario.rsu[0].appl  Total_exp_CH_Utility  ETV
vector 16  RSUExampleScenario.rsu[0].appl  Mean_exp_CH_Utility  ETV
vector 17  RSUExampleScenario.rsu[0].appl  StdDev_exp_CH_Utility  ETV
vector 18  RSUExampleScenario.rsu[0].appl  Variance_exp_CH_Utility  ETV
vector 19  RSUExampleScenario.rsu[0].appl  Total_ON_Utility  ETV
vector 20  RSUExampleScenario.rsu[0].appl  Mean_ON_Utility  ETV
vector 21  RSUExampleScenario.rsu[0].appl  StdDev_ON_Utility  ETV
vector 22  RSUExampleScenario.rsu[0].appl  Variance_ON_Utility  ETV
vector 23  RSUExampleScenario.rsu[0].appl  Total_exp_ON_Utility  ETV
vector 24  RSUExampleScenario.rsu[0].appl  Mean_exp_ON_Utility  ETV
vector 25  RSUExampleScenario.rsu[0].appl  StdDev_exp_ON_Utility  ETV
vector 26  RSUExampleScenario.rsu[0].appl  Variance_exp_ON_Utility  ETV
0	34230	240	6
0	39514	260	5
0	44856	280	6
0	50237	300	4
0	55631	320	9
0	60991	340	2
0	66326	360	5
0	71472	380	3
0	76834	400	3
0	82226	420	6
0	87437	440	8
0	92768	460	2
0	98233	480	6
0	103537	500	4
0	108829	520	5
0	113991	540	7
0	119312	560	0
0	124655	580	6
0	130083	600	3
0	135402	620	4
0	140664	640	0
0	145961	660	8
0	151280	680	4
0	156495	700	5
0	161812	720	7
0	166986	740	2
0	172355	760	6
0	177642	780	6
0	182923	800	2
0	188256	820	2
0	193621	840	2
0	198952	860	7
0	204293	880	4
0	209652	900	3
0	215009	920	6
0	220244	940	4
0	225578	960	6
0	230858	980	9
0	236171	1000	4
0	241411	1020	7
0	246711	1040	7
0	252046	1060	1
0	257385	1080	2
0	262770	1100	2
0	268107	1120	1
0	273393	1140	6
0	278728	1160	7
0	284104	1180	7
0	289419	1200	8
0	294781	1220	9
0	300150	1240	1
0	305528	1260	5
0	310808	1280	6
0	316085	1300	4
0	321298	1320	8
0	326495	1340	4
0	331787	1360	3
0	337106	1380	6
0	342414	1400	5
0	347775	1420	8
0	353095	1440	5
0	358417	1460	3
0	363715	1480	7
0	369155	1500	3
0	374376	1520	8
0	379716	1540	5
0	385105	1560	3
0	390363	1580	1
0	395620	1600	8
0	400901	1620	7
0	406257	1640	2
0	411600	1660	6
0	416805	1680	4
0	422047	1700	3
0	427319	1720	4
0	432650	1740	6
0	438082	1760	2
0	443412	1780	2
0	448741	1800	4
0	453673	1820	4
0	457905	1840	3
0	461686	1860	4
0	465000	1880	4
0	467944	1900	0
0	470463	1920	3
0	472489	1940	2
0	474031	1960	1
0	475096	1980	1
0	475698	2000	1
1	34230	240	17
1	39514	260	10
1	44856	280	18
1	50237	300	10
1	55631	320	19
1	60991	340	6
1	66326	360	13
1	71472	380	11
1	76834	400	7
1	82226	420	16
1	87437	440	18
1	92768	460	10
1	98233	480	16
1	103537	500	8
1	108829	520	11
1	113991	540	13
1	119312	560	0
1	124655	580	13
1	130083	600	9
1	135402	620	13
1	140664	640	0
1	145961	660	15
1	151280	680	14
1	156495	700	9
1	161812	720	16
1	166986	740	8
1	172355	760	13
1	177642	780	11
1	182923	800	8
1	188256	820	8
1	193621	840	7
1	198952	860	14
1	204293	880	9
1	209652	900	10
1	215009	920	14
1	220244	940	8
1	225578	960	15
1	230858	980	16
1	236171	1000	13
1	241411	1020	9
1	246711	1040	14
1	252046	1060	2
1	257385	1080	8
1	262770	1100	9
1	268107	1120	6
1	273393	1140	14
1	278728	1160	15
1	284104	1180	16
1	289419	1200	15
1	294781	1220	16
1	300150	1240	4
1	305528	1260	11
1	310808	1280	12
1	316085	1300	10
1	321298	1320	18
1	326495	1340	12
1	331787	1360	13
1	337106	1380	15
1	342414	1400	13
1	347775	1420	18
1	353095	1440	13
1	358417	1460	5
1	363715	1480	19
1	369155	1500	6
1	374376	1520	14
1	379716	1540	13
1	385105	1560	9
1	390363	1580	4
1	395620	1600	18
1	400901	1620	16
1	406257	1640	5
1	411600	1660	18
1	416805	1680	15
1	422047	1700	7
1	427319	1720	13
1	432650	1740	16
1	438082	1760	8
1	443412	1780	5
1	448741	1800	12
1	453673	1820	11
1	457905	1840	8
1	461686	1860	9
1	465000	1880	6
1	467944	1900	0
1	470463	1920	4
1	472489	1940	4
1	474031	1960	2
1	475096	1980	3
1	475698	2000	2
2	34230	240	16
2	39514	260	26
2	44856	280	17
2	50237	300	26
2	55631	320	12
2	60991	340	32
2	66326	360	21
2	71472	380	25
2	76834	400	31
2	82226	420	18
2	87437	440	14
2	92768	460	29
2	98233	480	18
2	103537	500	27
2	108829	520	24
2	113991	540	19
2	119312	560	40
2	124655	580	22
2	130083	600	28
2	135402	620	24
2	140664	640	40
2	145961	660	18
2	151280	680	23
2	156495	700	26
2	161812	720	17
2	166986	740	29
2	172355	760	21
2	177642	780	23
2	182923	800	30
2	188256	820	32
2	193621	840	32
2	198952	860	21
2	204293	880	28
2	209652	900	28
2	215009	920	21
2	220244	940	27
2	225578	960	19
2	230858	980	15
2	236171	1000	23
2	241411	1020	23
2	246711	1040	19
2	252046	1060	38
2	257385	1080	31
2	262770	1100	29
2	268107	1120	33
2	273393	1140	20
2	278728	1160	19
2	284104	1180	17
2	289419	1200	18
2	294781	1220	16
2	300150	1240	36
2	305528	1260	25
2	310808	1280	22
2	316085	1300	26
2	321298	1320	14
2	326495	1340	24
2	331787	1360	24
2	337106	1380	20
2	342414	1400	22
2	347775	1420	14
2	353095	1440	23
2	358417	1460	32
2	363715	1480	14
2	369155	1500	31
2	374376	1520	17
2	379716	1540	22
2	385105	1560	29
2	390363	1580	36
2	395620	1600	15
2	400901	1620	18
2	406257	1640	34
2	411600	1660	17
2	416805	1680	22
2	422047	1700	30
2	427319	1720	24
2	432650	1740	19
2	438082	1760	31
2	443412	1780	33
2	448741	1800	24
2	453673	1820	22
2	457905	1840	23
2	461686	1860	18
2	465000	1880	18
2	467944	1900	24
2	470463	1920	14
2	472489	1940	11
2	474031	1960	11
2	475096	1980	7
2	475698	2000	5
3	34230	240	0
3	39514	260	0
3	44856	280	1
3	50237	300	1
3	55631	320	1
3	60991	340	1
3	66326	360	0
3	71472	380	0
3	76834	400	0
3	82226	420	0
3	87437	440	0
3	92768	460	0
3	98233	480	2
3	103537	500	0
3	108829	520	0
3	113991	540	1
3	119312	560	0
3	124655	580	0
3	130083	600	0
3	135402	620	0
3	140664	640	0
3	145961	660	0
3	151280	680	0
3	156495	700	0
3	161812	720	0
3	166986	740	0
3	172355	760	0
3	177642	780	0
3	182923	800	0
3	188256	820	1
3	193621	840	0
3	198952	860	0
3	204293	880	1
3	209652	900	1
3	215009	920	0
3	220244	940	0
3	225578	960	0
3	230858	980	0
3	236171	1000	0
3	241411	1020	1
3	246711	1040	2
3	252046	1060	0
3	257385	1080	0
3	262770	1100	0
3	268107	1120	0
3	273393	1140	0
3	278728	1160	0
3	284104	1180	0
3	289419	1200	1
3	294781	1220	0
3	300150	1240	0
3	305528	1260	0
3	310808	1280	1
3	316085	1300	0
3	321298	1320	1
3	326495	1340	0
3	331787	1360	0
3	337106	1380	0
3	342414	1400	0
3	347775	1420	0
3	353095	1440	1
3	358417	1460	1
3	363715	1480	0
3	369155	1500	0
3	374376	1520	1
3	379716	1540	0
3	385105	1560	0
3	390363	1580	0
3	395620	1600	0
3	400901	1620	0
3	406257	1640	0
3	411600	1660	1
3	416805	1680	0
3	422047	1700	1
3	427319	1720	1
3	432650	1740	1
3	438082	1760	0
3	443412	1780	0
3	448741	1800	0
3	453673	1820	0
3	457905	1840	0
3	461686	1860	0
3	465000	1880	0
3	467944	1900	0
3	470463	1920	0
3	472489	1940	0
3	474031	1960	0
3	475096	1980	0
3	475698	2000	0
4	34230	240	16
4	39514	260	26
4	44856	280	16
4	50237	300	24
4	55631	320	11
4	60991	340	31
4	66326	360	21
4	71472	380	25
4	76834	400	30
4	82226	420	18
4	87437	440	14
4	92768	460	28
4	98233	480	16
4	103537	500	27
4	108829	520	24
4	113991	540	18
4	119312	560	40
4	124655	580	22
4	130083	600	28
4	135402	620	24
4	140664	640	40
4	145961	660	18
4	151280	680	23
4	156495	700	26
4	161812	720	17
4	166986	740	29
4	172355	760	21
4	177642	780	23
4	182923	800	30
4	188256	820	31
4	193621	840	32
4	198952	860	19
4	204293	880	26
4	209652	900	26
4	215009	920	21
4	220244	940	27
4	225578	960	18
4	230858	980	15
4	236171	1000	23
4	241411	1020	22
4	246711	1040	17
4	252046	1060	38
4	257385	1080	31
4	262770	1100	28
4	268107	1120	33
4	273393	1140	20
4	278728	1160	18
4	284104	1180	17
4	289419	1200	17
4	294781	1220	15
4	300150	1240	36
4	305528	1260	25
4	310808	1280	21
4	316085	1300	25
4	321298	1320	12
4	326495	1340	24
4	331787	1360	24
4	337106	1380	20
4	342414	1400	22
4	347775	1420	14
4	353095	1440	22
4	358417	1460	30
4	363715	1480	14
4	369155	1500	31
4	374376	1520	16
4	379716	1540	21
4	385105	1560	29
4	390363	1580	36
4	395620	1600	14
4	400901	1620	18
4	406257	1640	34
4	411600	1660	15
4	416805	1680	22
4	422047	1700	29
4	427319	1720	23
4	432650	1740	18
4	438082	1760	30
4	443412	1780	32
4	448741	1800	24
4	453673	1820	22
4	457905	1840	23
4	461686	1860	18
4	465000	1880	18
4	467944	1900	24
4	470463	1920	14
4	472489	1940	11
4	474031	1960	11
4	475096	1980	7
4	475698	2000	5
5	34230	240	2.8333333333333
5	39514	260	2
5	44856	280	3
5	50237	300	2.5
5	55631	320	2.1111111111111
5	60991	340	3
5	66326	360	2.6
5	71472	380	3.6666666666667
5	76834	400	2.3333333333333
5	82226	420	2.6666666666667
5	87437	440	2.25
5	92768	460	5
5	98233	480	2.6666666666667
5	103537	500	2
5	108829	520	2.2
5	113991	540	1.8571428571429
5	119312	560	nan
5	124655	580	2.1666666666667
5	130083	600	3
5	135402	620	3.25
5	140664	640	nan
5	145961	660	1.875
5	151280	680	3.5
5	156495	700	1.8
5	161812	720	2.2857142857143
5	166986	740	4
5	172355	760	2.1666666666667
5	177642	780	1.8333333333333
5	182923	800	4
5	188256	820	4
5	193621	840	3.5
5	198952	860	2
5	204293	880	2.25
5	209652	900	3.3333333333333
5	215009	920	2.3333333333333
5	220244	940	2
5	225578	960	2.5
5	230858	980	1.7777777777778
5	236171	1000	3.25
5	241411	1020	1.2857142857143
5	246711	1040	2
5	252046	1060	2
5	257385	1080	4
5	262770	1100	4.5
5	268107	1120	6
5	273393	1140	2.3333333333333
5	278728	1160	2.1428571428571
5	284104	1180	2.2857142857143
5	289419	1200	1.875
5	294781	1220	1.7777777777778
5	300150	1240	4
5	305528	1260	2.2
5	310808	1280	2
5	316085	1300	2.5
5	321298	1320	2.25
5	326495	1340	3
5	331787	1360	4.3333333333333
5	337106	1380	2.5
5	342414	1400	2.6
5	347775	1420	2.25
5	353095	1440	2.6
5	358417	1460	1.6666666666667
5	363715	1480	2.7142857142857
5	369155	1500	2
5	374376	1520	1.75
5	379716	1540	2.6
5	385105	1560	3
5	390363	1580	4
5	395620	1600	2.25
5	400901	1620	2.2857142857143
5	406257	1640	2.5
5	411600	1660	3
5	416805	1680	3.75
5	422047	1700	2.3333333333333
5	427319	1720	3.25
5	432650	1740	2.6666666666667
5	438082	1760	4
5	443412	1780	2.5
5	448741	1800	3
5	453673	1820	2.75
5	457905	1840	2.6666666666667
5	461686	1860	2.25
5	465000	1880	1.5
5	467944	1900	nan
5	470463	1920	1.3333333333333
5	472489	1940	2
5	474031	1960	2
5	475096	1980	3
5	475698	2000	2
6	34230	240	1.16904519445
6	39514	260	0.70710678118655
6	44856	280	1.6733200530682
6	50237	300	2.3804761428476
6	55631	320	1.0540925533895
6	60991	340	2.8284271247462
6	66326	360	1.5165750888103
6	71472	380	2.5166114784236
6	76834	400	0.57735026918963
6	82226	420	1.211060141639
6	87437	440	0.88640526042792
6	92768	460	1.4142135623731
6	98233	480	1.5055453054182
6	103537	500	0
6	108829	520	1.3038404810405
6	113991	540	1.5735915849389
6	119312	560	nan
6	124655	580	1.6020819787597
6	130083	600	1.7320508075689
6	135402	620	1.5
6	140664	640	nan
6	145961	660	1.3562026818605
6	151280	680	1.7320508075689
6	156495	700	1.0954451150103
6	161812	720	1.1126972805284
6	166986	740	2.8284271247462
6	172355	760	0.75277265270908
6	177642	780	1.16904519445
6	182923	800	2.8284271247462
6	188256	820	2.8284271247462
6	193621	840	3.5355339059327
6	198952	860	1.4142135623731
6	204293	880	0.95742710775634
6	209652	900	2.3094010767585
6	215009	920	1.5055453054182
6	220244	940	0.81649658092773
6	225578	960	1.5165750888103
6	230858	980	1.3944333775568
6	236171	1000	2.0615528128088
6	241411	1020	0.48795003647427
6	246711	1040	1
6	252046	1060	nan
6	257385	1080	4.2426406871193
6	262770	1100	0.70710678118655
6	268107	1120	nan
6	273393	1140	1.0327955589886
6	278728	1160	1.4638501094228
6	284104	1180	1.7043362064927
6	289419	1200	1.1259916264596
6	294781	1220	0.66666666666667
6	300150	1240	nan
6	305528	1260	1.3038404810405
6	310808	1280	1.2649110640674
6	316085	1300	1
6	321298	1320	0.88640526042792
6	326495	1340	2.1602468994693
6	331787	1360	2.3094010767585
6	337106	1380	0.83666002653408
6	342414	1400	1.3416407864999
6	347775	1420	0.70710678118655
6	353095	1440	1.6733200530682
6	358417	1460	0.57735026918963
6	363715	1480	2.6276913640612
6	369155	1500	1
6	374376	1520	1.0350983390135
6	379716	1540	1.1401754250991
6	385105	1560	1
6	390363	1580	nan
6	395620	1600	1.0350983390135
6	400901	1620	1.3801311186847
6	406257	1640	0.70710678118655
6	411600	1660	1.549193338483
6	416805	1680	2.3629078131263
6	422047	1700	0.57735026918963
6	427319	1720	0.5
6	432650	1740	1.0327955589886
6	438082	1760	1.4142135623731
6	443412	1780	0.70710678118655
6	448741	1800	1.1547005383793
6	453673	1820	2.0615528128088
6	457905	1840	2.0816659994661
6	461686	1860	0.95742710775634
6	465000	1880	0.57735026918963
6	467944	1900	nan
6	470463	1920	0.57735026918963
6	472489	1940	1.4142135623731
6	474031	1960	nan
6	475096	1980	nan
6	475698	2000	nan
7	34230	240	1.3666666666667
7	39514	260	0.5
7	44856	280	2.8
7	50237	300	5.6666666666667
7	55631	320	1.1111111111111
7	60991	340	8
7	66326	360	2.3
7	71472	380	6.3333333333333
7	76834	400	0.33333333333333
7	82226	420	1.4666666666667
7	87437	440	0.78571428571429
7	92768	460	2
7	98233	480	2.2666666666667
7	103537	500	0
7	108829	520	1.7
7	113991	540	2.4761904761905
7	119312	560	nan
7	124655	580	2.5666666666667
7	130083	600	3
7	135402	620	2.25
7	140664	640	nan
7	145961	660	1.8392857142857
7	151280	680	3
7	156495	700	1.2
7	161812	720	1.2380952380952
7	166986	740	8
7	172355	760	0.56666666666667
7	177642	780	1.3666666666667
7	182923	800	8
7	188256	820	8
7	193621	840	12.5
7	198952	860	2
7	204293	880	0.91666666666667
7	209652	900	5.3333333333333
7	215009	920	2.2666666666667
7	220244	940	0.66666666666667
7	225578	960	2.3
7	230858	980	1.9444444444444
7	236171	1000	4.25
7	241411	1020	0.23809523809524
7	246711	1040	1
7	252046	1060	nan
7	257385	1080	18
7	262770	1100	0.5
7	268107	1120	nan
7	273393	1140	1.0666666666667
7	278728	1160	2.1428571428571
7	284104	1180	2.9047619047619
7	289419	1200	1.2678571428571
7	294781	1220	0.44444444444444
7	300150	1240	nan
7	305528	1260	1.7
7	310808	1280	1.6
7	316085	1300	1
7	321298	1320	0.78571428571429
7	326495	1340	4.6666666666667
7	331787	1360	5.3333333333333
7	337106	1380	0.7
7	342414	1400	1.8
7	347775	1420	0.5
7	353095	1440	2.8
7	358417	1460	0.33333333333333
7	363715	1480	6.9047619047619
7	369155	1500	1
7	374376	1520	1.0714285714286
7	379716	1540	1.3
7	385105	1560	1
7	390363	1580	nan
7	395620	1600	1.0714285714286
7	400901	1620	1.9047619047619
7	406257	1640	0.5
7	411600	1660	2.4
7	416805	1680	5.5833333333333
7	422047	1700	0.33333333333333
7	427319	1720	0.25
7	432650	1740	1.0666666666667
7	438082	1760	2
7	443412	1780	0.5
7	448741	1800	1.3333333333333
7	453673	1820	4.25
7	457905	1840	4.3333333333333
7	461686	1860	0.91666666666667
7	465000	1880	0.33333333333333
7	467944	1900	nan
7	470463	1920	0.33333333333333
7	472489	1940	2
7	474031	1960	nan
7	475096	1980	nan
7	475698	2000	nan
8	34230	240	8.9487179487179
8	39514	260	8.7317073170732
8	44856	280	8.6829268292683
8	50237	300	9.2307692307692
8	55631	320	9.125
8	60991	340	8.825
8	66326	360	9.0512820512821
8	71472	380	8.9230769230769
8	76834	400	8.925
8	82226	420	8.875
8	87437	440	8.725
8	92768	460	9
8	98233	480	9.1
8	103537	500	9.1282051282051
8	108829	520	8.9
8	113991	540	9.2051282051282
8	119312	560	8.875
8	124655	580	8.8536585365854
8	130083	600	9.15
8	135402	620	8.6341463414634
8	140664	640	8.875
8	145961	660	8.7560975609756
8	151280	680	8.6585365853659
8	156495	700	8.875
8	161812	720	9.2
8	166986	740	8.9230769230769
8	172355	760	8.9
8	177642	780	8.875
8	182923	800	9
8	188256	820	8.547619047619
8	193621	840	8.9024390243902
8	198952	860	9.275
8	204293	880	9.125
8	209652	900	9.125
8	215009	920	8.9756097560976
8	220244	940	9
8	225578	960	9.1282051282051
8	230858	980	8.8
8	236171	1000	9
8	241411	1020	8.8717948717949
8	246711	1040	8.95
8	252046	1060	9.0243902439024
8	257385	1080	8.8536585365854
8	262770	1100	9.2051282051282
8	268107	1120	8.925
8	273393	1140	8.85
8	278728	1160	9.05
8	284104	1180	9.05
8	289419	1200	8.6585365853659
8	294781	1220	9.15
8	300150	1240	8.8292682926829
8	305528	1260	8.8780487804878
8	310808	1280	8.95
8	316085	1300	9.2051282051282
8	321298	1320	8.8461538461538
8	326495	1340	8.825
8	331787	1360	9.075
8	337106	1380	9
8	342414	1400	8.925
8	347775	1420	9.025
8	353095	1440	8.8780487804878
8	358417	1460	9.2820512820513
8	363715	1480	8.975
8	369155	1500	9.2
8	374376	1520	9.1794871794872
8	379716	1540	8.9230769230769
8	385105	1560	8.9268292682927
8	390363	1580	8.8780487804878
8	395620	1600	8.775
8	400901	1620	8.6585365853659
8	406257	1640	9.0975609756098
8	411600	1660	8.975
8	416805	1680	8.6585365853659
8	422047	1700	8.85
8	427319	1720	8.8780487804878
8	432650	1740	8.8292682926829
8	438082	1760	9.025
8	443412	1780	9.4358974358974
8	448741	1800	9.175
8	453673	1820	8.7027027027027
8	457905	1840	8.1176470588235
8	461686	1860	8.258064516129
8	465000	1880	8.1071428571429
8	467944	1900	8
8	470463	1920	7.6666666666667
8	472489	1940	7.9411764705882
8	474031	1960	7.2142857142857
8	475096	1980	6.5454545454545
8	475698	2000	5.375
9	34230	240	1.6050695664333
9	39514	260	2.0251467878144
9	44856	280	2.1730051126291
9	50237	300	1.5637596137369
9	55631	320	1.2234356835547
9	60991	340	1.7080127904403
9	66326	360	1.6213820931655
9	71472	380	1.5455303192145
9	76834	400	1.4568582283242
9	82226	420	1.8836339673824
9	87437	440	2.0753436539646
9	92768	460	1.8673991236957
9	98233	480	1.7216569240422
9	103537	500	1.575795324331
9	108829	520	1.4641003188271
9	113991	540	1.5420336398045
9	119312	560	2.0151668506348
9	124655	580	1.8649527555645
9	130083	600	1.7475257233718
9	135402	620	2.2333394005499
9	140664	640	2.2324816592694
9	145961	660	1.8678930350113
9	151280	680	1.9184597480474
9	156495	700	1.620185174602
9	161812	720	1.4710889042143
9	166986	740	1.7529616350414
9	172355	760	2.2848441567233
9	177642	780	1.5555937113758
9	182923	800	2
9	188256	820	2.0024665394407
9	193621	840	2.1541225365422
9	198952	860	1.5356865999719
9	204293	880	1.950509466649
9	209652	900	1.8971976634919
9	215009	920	1.890605787546
9	220244	940	1.8209309360007
9	225578	960	2.054257289009
9	230858	980	1.9767883821219
9	236171	1000	1.6486202467363
9	241411	1020	1.592407762833
9	246711	1040	1.7967206594808
9	252046	1060	1.9556048281548
9	257385	1080	1.9819305690381
9	262770	1100	1.575795324331
9	268107	1120	1.5256356388614
9	273393	1140	1.6416064677236
9	278728	1160	1.6164221332376
9	284104	1180	1.8803982120544
9	289419	1200	1.4934817725296
9	294781	1220	1.3876746829286
9	300150	1240	2.2011637720123
9	305528	1260	1.9390090504072
9	310808	1280	1.6478424121816
9	316085	1300	1.3412383747372
9	321298	1320	1.3286015904833
9	326495	1340	2.1589111690613
9	331787	1360	1.3660254906207
9	337106	1380	1.4662878298615
9	342414	1400	1.7886752009124
9	347775	1420	2.4124410448489
9	353095	1440	1.8192735081787
9	358417	1460	1.2554872811345
9	363715	1480	1.5930538323674
9	369155	1500	1.8425177868536
9	374376	1520	1.335187644447
9	379716	1540	1.676220927918
9	385105	1560	1.7086580099955
9	390363	1580	2.1118134618287
9	395620	1600	2.0062402647739
9	400901	1620	2.0689339778925
9	406257	1640	1.6704023175388
9	411600	1660	1.3865193462177
9	416805	1680	2.1284942576568
9	422047	1700	1.9552690155262
9	427319	1720	1.676232709847
9	432650	1740	2.084495610746
9	438082	1760	1.9412855904245
9	443412	1780	1.3916077751041
9	448741	1800	1.6312257464549
9	453673	1820	1.4503805030417
9	457905	1840	1.4927035850663
9	461686	1860	1.5909691372553
9	465000	1880	1.547741142925
9	467944	1900	1.8650096164806
9	470463	1920	1.8257418583506
9	472489	1940	1.7843271923646
9	474031	1960	1.1217137594956
9	475096	1980	1.0357254813546
9	475698	2000	0.9161253813129
10	34230	240	2.5762483130904
10	39514	260	4.1012195121951
10	44856	280	4.7219512195122
10	50237	300	2.4453441295547
10	55631	320	1.4967948717949
10	60991	340	2.9173076923077
10	66326	360	2.6288798920378
10	71472	380	2.3886639676113
10	76834	400	2.1224358974359
10	82226	420	3.5480769230769
10	87437	440	4.3070512820513
10	92768	460	3.4871794871795
10	98233	480	2.9641025641026
10	103537	500	2.4831309041835
10	108829	520	2.1435897435897
10	113991	540	2.3778677462888
10	119312	560	4.0608974358974
10	124655	580	3.4780487804878
10	130083	600	3.0538461538462
10	135402	620	4.9878048780488
10	140664	640	4.9839743589744
10	145961	660	3.4890243902439
10	151280	680	3.680487804878
10	156495	700	2.625
10	161812	720	2.1641025641026
10	166986	740	3.0728744939271
10	172355	760	5.2205128205128
10	177642	780	2.4198717948718
10	182923	800	4
10	188256	820	4.0098722415796
10	193621	840	4.640243902439
10	198952	860	2.3583333333333
10	204293	880	3.8044871794872
10	209652	900	3.599358974359
10	215009	920	3.5743902439024
10	220244	940	3.3157894736842
10	225578	960	4.2199730094467
10	230858	980	3.9076923076923
10	236171	1000	2.7179487179487
10	241411	1020	2.5357624831309
10	246711	1040	3.2282051282051
10	252046	1060	3.8243902439024
10	257385	1080	3.9280487804878
10	262770	1100	2.4831309041835
10	268107	1120	2.3275641025641
10	273393	1140	2.6948717948718
10	278728	1160	2.6128205128205
10	284104	1180	3.5358974358974
10	289419	1200	2.230487804878
10	294781	1220	1.925641025641
10	300150	1240	4.8451219512195
10	305528	1260	3.759756097561
10	310808	1280	2.7153846153846
10	316085	1300	1.7989203778677
10	321298	1320	1.7651821862348
10	326495	1340	4.6608974358974
10	331787	1360	1.8660256410256
10	337106	1380	2.15
10	342414	1400	3.199358974359
10	347775	1420	5.8198717948718
10	353095	1440	3.309756097561
10	358417	1460	1.5762483130904
10	363715	1480	2.5378205128205
10	369155	1500	3.3948717948718
10	374376	1520	1.7827260458839
10	379716	1540	2.8097165991903
10	385105	1560	2.919512195122
10	390363	1580	4.459756097561
10	395620	1600	4.025
10	400901	1620	4.280487804878
10	406257	1640	2.790243902439
10	411600	1660	1.9224358974359
10	416805	1680	4.530487804878
10	422047	1700	3.8230769230769
10	427319	1720	2.809756097561
10	432650	1740	4.3451219512195
10	438082	1760	3.7685897435897
10	443412	1780	1.9365721997301
10	448741	1800	2.6608974358974
10	453673	1820	2.1036036036036
10	457905	1840	2.2281639928699
10	461686	1860	2.5311827956989
10	465000	1880	2.3955026455026
10	467944	1900	3.4782608695652
10	470463	1920	3.3333333333333
10	472489	1940	3.1838235294118
10	474031	1960	1.2582417582418
10	475096	1980	1.0727272727273
10	475698	2000	0.83928571428571
11	34230	240	278.18790615073
11	39514	260	227.87577125989
11	44856	280	273.20962515391
11	50237	300	185.49363286498
11	55631	320	425.39948164082
11	60991	340	92.01233429222
11	66326	360	230.08079421213
11	71472	380	139.37957908813
11	76834	400	137.94474305449
11	82226	420	278.53284299191
11	87437	440	362.92097257742
11	92768	460	89.056395402893
11	98233	480	284.23140282189
11	103537	500	183.92307946101
11	108829	520	236.53297029046
11	113991	540	332.85666948821
11	119312	560	0
11	124655	580	281.16370649917
11	130083	600	139.667966566
11	135402	620	186.81929057402
11	140664	640	0
11	145961	660	376.1974754208
11	151280	680	186.27718334466
11	156495	700	229.4413068117
11	161812	720	326.92240265107
11	166986	740	93.680403199225
11	172355	760	278.09208246668
11	177642	780	279.12060756995
11	182923	800	90.707499351217
11	188256	820	90.917890154408
11	193621	840	90.957773849505
11	198952	860	317.0884851405
11	204293	880	182.56861418575
11	209652	900	134.71381155504
11	215009	920	274.43427814685
11	220244	940	189.38790479163
11	225578	960	275.4641412826
11	230858	980	418.19373321826
11	236171	1000	187.28748578065
11	241411	1020	327.03203648483
11	246711	1040	320.65449235951
11	252046	1060	44.208558467823
11	257385	1080	89.861393034337
11	262770	1100	87.584911604904
11	268107	1120	45.526597200084
11	273393	1140	277.49312111553
11	278728	1160	321.38326836666
11	284104	1180	331.98722589687
11	289419	1200	371.26765717524
11	294781	1220	424.78954740363
11	300150	1240	45.428452214094
11	305528	1260	231.64554389421
11	310808	1280	275.00410270082
11	316085	1300	184.85392784215
11	321298	1320	375.84186637456
11	326495	1340	192.90181565794
11	331787	1360	134.6474456099
11	337106	1380	275.53372433907
11	342414	1400	234.40941142177
11	347775	1420	371.76651492249
11	353095	1440	232.91649554324
11	358417	1460	135.0573847055
11	363715	1480	327.56633498949
11	369155	1500	138.75258913568
11	374376	1520	364.57685408164
11	379716	1540	231.71842947309
11	385105	1560	139.13486287569
11	390363	1580	44.518913088612
11	395620	1600	373.93715914075
11	400901	1620	322.8246771448
11	406257	1640	90.96155373576
11	411600	1660	275.25750187165
11	416805	1680	187.24556485339
11	422047	1700	138.09927763143
11	427319	1720	185.68823237078
11	432650	1740	278.30004584587
11	438082	1760	91.315317724776
11	443412	1780	92.769936622066
11	448741	1800	186.28243542614
11	453673	1820	181.08106864214
11	457905	1840	140.05885844086
11	461686	1860	183.02649596182
11	465000	1880	184.31676175318
11	467944	1900	0
11	470463	1920	136.62124886936
11	472489	1940	95.642673046412
11	474031	1960	46.179641191244
11	475096	1980	52.162292149842
11	475698	2000	46.861099305283
12	34230	240	46.364651025121
12	39514	260	45.575154251978
12	44856	280	45.534937525652
12	50237	300	46.373408216245
12	55631	320	47.266609071202
12	60991	340	46.00616714611
12	66326	360	46.016158842427
12	71472	380	46.459859696044
12	76834	400	45.981581018164
12	82226	420	46.422140498652
12	87437	440	45.365121572177
12	92768	460	44.528197701446
12	98233	480	47.371900470315
12	103537	500	45.980769865252
12	108829	520	47.306594058092
12	113991	540	47.55095278403
12	119312	560	nan
12	124655	580	46.860617749861
12	130083	600	46.555988855332
12	135402	620	46.704822643504
12	140664	640	nan
12	145961	660	47.0246844276
12	151280	680	46.569295836166
12	156495	700	45.88826136234
12	161812	720	46.703200378725
12	166986	740	46.840201599613
12	172355	760	46.348680411114
12	177642	780	46.520101261658
12	182923	800	45.353749675609
12	188256	820	45.458945077204
12	193621	840	45.478886924753
12	198952	860	45.298355020071
12	204293	880	45.642153546437
12	209652	900	44.90460385168
12	215009	920	45.739046357808
12	220244	940	47.346976197908
12	225578	960	45.910690213766
12	230858	980	46.465970357584
12	236171	1000	46.821871445163
12	241411	1020	46.718862354976
12	246711	1040	45.807784622787
12	252046	1060	44.208558467823
12	257385	1080	44.930696517169
12	262770	1100	43.792455802452
12	268107	1120	45.526597200084
12	273393	1140	46.248853519255
12	278728	1160	45.911895480952
12	284104	1180	47.426746556696
12	289419	1200	46.408457146905
12	294781	1220	47.198838600404
12	300150	1240	45.428452214094
12	305528	1260	46.329108778841
12	310808	1280	45.834017116803
12	316085	1300	46.213481960538
12	321298	1320	46.98023329682
12	326495	1340	48.225453914486
12	331787	1360	44.882481869967
12	337106	1380	45.922287389845
12	342414	1400	46.881882284355
12	347775	1420	46.470814365311
12	353095	1440	46.583299108647
12	358417	1460	45.019128235166
12	363715	1480	46.795190712784
12	369155	1500	46.250863045227
12	374376	1520	45.572106760205
12	379716	1540	46.343685894618
12	385105	1560	46.378287625232
12	390363	1580	44.518913088612
12	395620	1600	46.742144892593
12	400901	1620	46.117811020685
12	406257	1640	45.48077686788
12	411600	1660	45.876250311942
12	416805	1680	46.811391213348
12	422047	1700	46.03309254381
12	427319	1720	46.422058092694
12	432650	1740	46.383340974311
12	438082	1760	45.657658862388
12	443412	1780	46.384968311033
12	448741	1800	46.570608856536
12	453673	1820	45.270267160535
12	457905	1840	46.686286146952
12	461686	1860	45.756623990454
12	465000	1880	46.079190438294
12	467944	1900	nan
12	470463	1920	45.540416289786
12	472489	1940	47.821336523206
12	474031	1960	46.179641191244
12	475096	1980	52.162292149842
12	475698	2000	46.861099305283
13	34230	240	0.87088261613386
13	39514	260	1.5354157402619
13	44856	280	1.2224294320197
13	50237	300	2.3263341015873
13	55631	320	1.5748767273762
13	60991	340	0.9660377413063
13	66326	360	1.0521735571893
13	71472	380	3.1849146891234
13	76834	400	1.2319477102443
13	82226	420	1.2539296556422
13	87437	440	2.2105063587485
13	92768	460	1.0119390624664
13	98233	480	2.1251363478158
13	103537	500	0.54418038309438
13	108829	520	2.2372200470768
13	113991	540	1.6913447714914
13	119312	560	nan
13	124655	580	2.5144027283908
13	130083	600	1.2501835878032
13	135402	620	1.7652753245218
13	140664	640	nan
13	145961	660	1.6192384680998
13	151280	680	0.63221941848383
13	156495	700	0.92404514611509
13	161812	720	1.592580758943
13	166986	740	2.805166318445
13	172355	760	1.5707551375097
13	177642	780	2.5765662793043
13	182923	800	1.4268735188908
13	188256	820	0.28644833883369
13	193621	840	0.30938880636155
13	198952	860	1.1943815936944
13	204293	880	0.79272379618969
13	209652	900	0.57210039799581
13	215009	920	0.71900780454745
13	220244	940	1.948477953492
13	225578	960	3.1980654720247
13	230858	980	2.8626082535898
13	236171	1000	1.3429791590088
13	241411	1020	1.1015222731428
13	246711	1040	0.38464851803348
13	252046	1060	nan
13	257385	1080	1.1355336208582
13	262770	1100	0.23822722382571
13	268107	1120	nan
13	273393	1140	0.96884144565813
13	278728	1160	1.3658017534823
13	284104	1180	3.8573849249748
13	289419	1200	1.6847643259219
13	294781	1220	2.255990811988
13	300150	1240	nan
13	305528	1260	0.9072705577811
13	310808	1280	1.1877971857317
13	316085	1300	1.1309874172433
13	321298	1320	2.205208485483
13	326495	1340	4.7937930999858
13	331787	1360	0.34416654466943
13	337106	1380	0.4849624312385
13	342414	1400	1.3889521123916
13	347775	1420	1.1009586357791
13	353095	1440	1.7825261573068
13	358417	1460	0.26709976544602
13	363715	1480	1.4497687608047
13	369155	1500	2.4135712073413
13	374376	1520	0.74961763684461
13	379716	1540	0.95187541886584
13	385105	1560	1.3573509657115
13	390363	1580	nan
13	395620	1600	1.6241520897376
13	400901	1620	1.2201157361218
13	406257	1640	0.83031206843093
13	411600	1660	1.4132885271429
13	416805	1680	1.4129626940053
13	422047	1700	1.5405423638038
13	427319	1720	1.6461470262043
13	432650	1740	1.2437618684852
13	438082	1760	1.1160061748093
13	443412	1780	1.3592606751025
13	448741	1800	0.58670447790677
13	453673	1820	1.270851186823
13	457905	1840	1.1750831225897
13	461686	1860	1.3551958601326
13	465000	1880	1.8191421875469
13	467944	1900	nan
13	470463	1920	0.82657665870579
13	472489	1940	0.9447396081034
13	474031	1960	nan
13	475096	1980	nan
13	475698	2000	nan
14	34230	240	0.75843653108416
14	39514	260	2.3575014954441
14	44856	280	1.4943337162681
14	50237	300	5.4118303522079
14	55631	320	2.4802367064312
14	60991	340	0.93322891762818
14	66326	360	1.1070691944485
14	71472	380	10.143681576994
14	76834	400	1.5176951607762
14	82226	420	1.572339581299
14	87437	440	4.8863383620677
14	92768	460	1.0240206661453
14	98233	480	4.5162044968079
14	103537	500	0.29613228934475
14	108829	520	5.0051535390422
14	113991	540	2.8606471360514
14	119312	560	nan
14	124655	580	6.3222210805391
14	130083	600	1.5629590032126
14	135402	620	3.1161969713656
14	140664	640	nan
14	145961	660	2.6219332165741
14	151280	680	0.39970139310803
14	156495	700	0.85385943205886
14	161812	720	2.5363134737553
14	166986	740	7.8689580741382
14	172355	760	2.4672717020131
14	177642	780	6.6386937916482
14	182923	800	2.0359680389117
14	188256	820	0.082052650820578
14	193621	840	0.095721433501825
14	198952	860	1.426547391356
14	204293	880	0.62841101704539
14	209652	900	0.32729886538696
14	215009	920	0.51697222300015
14	220244	940	3.7965663352443
14	225578	960	10.227622763357
14	230858	980	8.1945260135204
14	236171	1000	1.803593021532
14	241411	1020	1.2133513182296
14	246711	1040	0.14795448242535
14	252046	1060	nan
14	257385	1080	1.2894366040993
14	262770	1100	0.056752210171706
14	268107	1120	nan
14	273393	1140	0.93865374682494
14	278728	1160	1.8654144298153
14	284104	1180	14.879418459423
14	289419	1200	2.838430833899
14	294781	1220	5.0894945437745
14	300150	1240	nan
14	305528	1260	0.82313986501644
14	310808	1280	1.410862154432
14	316085	1300	1.2791325379626
14	321298	1320	4.8629444644464
14	326495	1340	22.980452285471
14	331787	1360	0.1184506104697
14	337106	1380	0.23518855971276
14	342414	1400	1.929187970517
14	347775	1420	1.2121099176966
14	353095	1440	3.1773995014828
14	358417	1460	0.071342284701319
14	363715	1480	2.1018294598051
14	369155	1500	5.8253259729071
14	374376	1520	0.5619266014685
14	379716	1540	0.90606681304101
14	385105	1560	1.8424016441181
14	390363	1580	nan
14	395620	1600	2.6378700105989
14	400901	1620	1.488682409532
14	406257	1640	0.68941813098205
14	411600	1660	1.9973844609538
14	416805	1680	1.9964635746507
14	422047	1700	2.3732707746742
14	427319	1720	2.7098000318812
14	432650	1740	1.5469435854979
14	438082	1760	1.2454697822124
14	443412	1780	1.84758958288
14	448741	1800	0.34422214439585
14	453673	1820	1.6150627390494
14	457905	1840	1.3808203449951
14	461686	1860	1.8365558193206
14	465000	1880	3.309278298513
14	467944	1900	nan
14	470463	1920	0.68322897271723
14	472489	1940	0.89253292711936
14	474031	1960	nan
14	475096	1980	nan
14	475698	2000	nan
15	34230	240	267.81749609047
15	39514	260	224.69996514764
15	44856	280	311.76466774875
15	50237	300	228.13935047691
15	55631	320	451.21368530504
15	60991	340	134.13906793307
15	66326	360	224.34447966228
15	71472	380	134.21336582616
15	76834	400	134.41078782476
15	82226	420	267.58257556228
15	87437	440	359.11390583566
15	92768	460	88.534828565213
15	98233	480	358.7626588342
15	103537	500	178.21531531427
15	108829	520	225.1504569268
15	113991	540	358.66063294314
15	119312	560	0
15	124655	580	269.13245504366
15	130083	600	134.39628756024
15	135402	620	179.70986622288
15	140664	640	0
15	145961	660	358.71478892891
15	151280	680	182.18462612909
15	156495	700	223.21669974613
15	161812	720	313.84170345199
15	166986	740	91.609077008052
15	172355	760	268.69497790406
15	177642	780	267.70385329481
15	182923	800	89.273798181277
15	188256	820	135.28463669328
15	193621	840	88.806807456288
15	198952	860	311.73294975156
15	204293	880	221.97620057149
15	209652	900	180.13566496831
15	215009	920	267.24732253636
15	220244	940	180.02100896916
15	225578	960	269.73641490009
15	230858	980	402.55049366025
15	236171	1000	179.26609996408
15	241411	1020	356.79054057244
15	246711	1040	400.49186365555
15	252046	1060	43.909098006053
15	257385	1080	89.521639715608
15	262770	1100	89.543365510158
15	268107	1120	44.774449244982
15	273393	1140	267.49385526782
15	278728	1160	313.71289461709
15	284104	1180	315.31991794427
15	289419	1200	402.21296482463
15	294781	1220	402.61507570273
15	300150	1240	44.626238227054
15	305528	1260	224.04037164389
15	310808	1280	316.95344815957
15	316085	1300	178.08971652454
15	321298	1320	409.66549320511
15	326495	1340	181.50887900029
15	331787	1360	132.81210317606
15	337106	1380	266.52476811164
15	342414	1400	223.96136923609
15	347775	1420	357.49454646396
15	353095	1440	271.67357335599
15	358417	1460	177.86278457387
15	363715	1480	317.22179309783
15	369155	1500	135.20250654867
15	374376	1520	401.42983778456
15	379716	1540	225.275397734
15	385105	1560	134.97352286256
15	390363	1580	44.060777027899
15	395620	1600	362.6531877421
15	400901	1620	315.18137427518
15	406257	1640	88.607515983494
15	411600	1660	313.13672484415
15	416805	1680	182.41147936627
15	422047	1700	179.06995221306
15	427319	1720	225.63951477706
15	432650	1740	314.67337930422
15	438082	1760	88.952116839049
15	443412	1780	88.738126915789
15	448741	1800	178.75178344937
15	453673	1820	177.27078241906
15	457905	1840	134.36515867933
15	461686	1860	177.70693032204
15	465000	1880	180.3438343441
15	467944	1900	0
15	470463	1920	136.40614250511
15	472489	1940	90.248835765098
15	474031	1960	45.02215131458
15	475096	1980	49.901121023001
15	475698	2000	46.352233018441
16	34230	240	44.636249348412
16	39514	260	44.939993029527
16	44856	280	44.537809678393
16	50237	300	45.627870095382
16	55631	320	45.121368530504
16	60991	340	44.713022644357
16	66326	360	44.868895932456
16	71472	380	44.737788608721
16	76834	400	44.803595941587
16	82226	420	44.597095927047
16	87437	440	44.889238229458
16	92768	460	44.267414282606
16	98233	480	44.845332354276
16	103537	500	44.553828828568
16	108829	520	45.030091385361
16	113991	540	44.832579117893
16	119312	560	nan
16	124655	580	44.855409173944
16	130083	600	44.798762520078
16	135402	620	44.927466555721
16	140664	640	nan
16	145961	660	44.839348616113
16	151280	680	45.546156532274
16	156495	700	44.643339949225
16	161812	720	44.834529064571
16	166986	740	45.804538504026
16	172355	760	44.782496317344
16	177642	780	44.617308882469
16	182923	800	44.636899090639
16	188256	820	45.094878897761
16	193621	840	44.403403728144
16	198952	860	44.533278535937
16	204293	880	44.395240114298
16	209652	900	45.033916242078
16	215009	920	44.541220422726
16	220244	940	45.00525224229
16	225578	960	44.956069150014
16	230858	980	44.727832628917
16	236171	1000	44.816524991019
16	241411	1020	44.598817571555
16	246711	1040	44.499095961728
16	252046	1060	43.909098006053
16	257385	1080	44.760819857804
16	262770	1100	44.771682755079
16	268107	1120	44.774449244982
16	273393	1140	44.582309211304
16	278728	1160	44.816127802442
16	284104	1180	45.045702563467
16	289419	1200	44.690329424959
16	294781	1220	44.735008411415
16	300150	1240	44.626238227054
16	305528	1260	44.808074328777
16	310808	1280	45.279064022795
16	316085	1300	44.522429131135
16	321298	1320	45.518388133901
16	326495	1340	45.377219750072
16	331787	1360	44.270701058687
16	337106	1380	44.420794685273
16	342414	1400	44.792273847217
16	347775	1420	44.686818307994
16	353095	1440	45.278928892664
16	358417	1460	44.465696143467
16	363715	1480	45.317399013976
16	369155	1500	45.06750218289
16	374376	1520	44.603315309396
16	379716	1540	45.0550795468
16	385105	1560	44.991174287521
16	390363	1580	44.060777027899
16	395620	1600	45.331648467762
16	400901	1620	45.02591061074
16	406257	1640	44.303757991747
16	411600	1660	44.733817834879
16	416805	1680	45.602869841568
16	422047	1700	44.767488053264
16	427319	1720	45.127902955412
16	432650	1740	44.953339900603
16	438082	1760	44.476058419524
16	443412	1780	44.369063457894
16	448741	1800	44.687945862343
16	453673	1820	44.317695604766
16	457905	1840	44.788386226444
16	461686	1860	44.426732580511
16	465000	1880	45.085958586026
16	467944	1900	nan
16	470463	1920	45.468714168369
16	472489	1940	45.124417882549
16	474031	1960	45.02215131458
16	475096	1980	49.901121023001
16	475698	2000	46.352233018441
17	34230	240	0.40903675154851
17	39514	260	1.210901849597
17	44856	280	0.66560877658432
17	50237	300	1.1036837689413
17	55631	320	0.77123034057406
17	60991	340	0.5159555175091
17	66326	360	0.23102761724017
17	71472	380	0.84270396069035
17	76834	400	0.28037751887802
17	82226	420	0.65855594469765
17	87437	440	1.0393320227028
17	92768	460	0.1949860400337
17	98233	480	0.51989280990775
17	103537	500	0.70325595339738
17	108829	520	1.1905570095853
17	113991	540	0.66171152477495
17	119312	560	nan
17	124655	580	1.0646175486154
17	130083	600	0.63259628749396
17	135402	620	0.45480895957445
17	140664	640	nan
17	145961	660	1.1727770415326
17	151280	680	1.7630129045282
17	156495	700	0.3617831923181
17	161812	720	0.70182041042569
17	166986	740	1.9031853667176
17	172355	760	0.52936041238398
17	177642	780	0.69652991166971
17	182923	800	0.57465625669131
17	188256	820	0.99501384394522
17	193621	840	0.01234871776221
17	198952	860	0.41717870210738
17	204293	880	0.75845131009714
17	209652	900	1.4314393237676
17	215009	920	0.40988683930409
17	220244	940	0.55427008306015
17	225578	960	0.94220360548295
17	230858	980	0.55332180420713
17	236171	1000	1.0494974912566
17	241411	1020	0.37793600304453
17	246711	1040	0.56002972687376
17	252046	1060	nan
17	257385	1080	0.91295739471724
17	262770	1100	0.14622712754953
17	268107	1120	nan
17	273393	1140	0.40035120824742
17	278728	1160	0.56618164610043
17	284104	1180	1.7441105438789
17	289419	1200	0.677349332504
17	294781	1220	0.67821806165607
17	300150	1240	nan
17	305528	1260	0.36389420990269
17	310808	1280	1.2691880078583
17	316085	1300	0.32060808802952
17	321298	1320	1.6817312648688
17	326495	1340	1.283760587896
17	331787	1360	0.1696996317184
17	337106	1380	0.40336214144815
17	342414	1400	0.85560314706045
17	347775	1420	0.69612708962026
17	353095	1440	1.4941617712577
17	358417	1460	0.52398938931255
17	363715	1480	1.2278047234284
17	369155	1500	0.81429512257159
17	374376	1520	0.34193166870692
17	379716	1540	0.90938501490017
17	385105	1560	0.99062831863555
17	390363	1580	nan
17	395620	1600	1.0375773007848
17	400901	1620	0.88541537757483
17	406257	1640	0.07010928525992
17	411600	1660	0.85574289872493
17	416805	1680	1.3978508920089
17	422047	1700	0.53427368397658
17	427319	1720	1.3366151793098
17	432650	1740	0.64371402955823
17	438082	1760	1.0742708128613
17	443412	1780	0.26359659331202
17	448741	1800	0.38826952010188
17	453673	1820	0.37994696828286
17	457905	1840	0.2494232734654
17	461686	1860	0.55058587164874
17	465000	1880	1.4318373225093
17	467944	1900	nan
17	470463	1920	0.41694891086268
17	472489	1940	0.15431339999612
17	474031	1960	nan
17	475096	1980	nan
17	475698	2000	nan
18	34230	240	0.16731106411735
18	39514	260	1.4662832893574
18	44856	280	0.44303504346607
18	50237	300	1.2181178618244
18	55631	320	0.59479623822198
18	60991	340	0.26621009604808
18	66326	360	0.053373759927671
18	71472	380	0.7101499653632
18	76834	400	0.078611553092194
18	82226	420	0.43369593229661
18	87437	440	1.0802110534155
18	92768	460	0.038019555808025
18	98233	480	0.27028853379378
18	103537	500	0.49456893598886
18	108829	520	1.4174259930727
18	113991	540	0.43786214201999
18	119312	560	nan
18	124655	580	1.1334105248198
18	130083	600	0.40017806295114
18	135402	620	0.20685118970919
18	140664	640	nan
18	145961	660	1.375405989146
18	151280	680	3.1082145015331
18	156495	700	0.13088707824387
18	161812	720	0.49255188849008
18	166986	740	3.6221145400882
18	172355	760	0.28022244619934
18	177642	780	0.48515391785061
18	182923	800	0.33022981335447
18	188256	820	0.99005254964264
18	193621	840	0.00015249083037072
18	198952	860	0.174038069492
18	204293	880	0.57524838978807
18	209652	900	2.0490185376283
18	215009	920	0.1680072210347
18	220244	940	0.30721532497551
18	225578	960	0.88774763418508
18	230858	980	0.30616501901103
18	236171	1000	1.1014449841539
18	241411	1020	0.14283562239728
18	246711	1040	0.3136332949823
18	252046	1060	nan
18	257385	1080	0.83349120456889
18	262770	1100	0.021382372831387
18	268107	1120	nan
18	273393	1140	0.16028108994517
18	278728	1160	0.32056165638099
18	284104	1180	3.0419215892696
18	289419	1200	0.45880211824361
18	294781	1220	0.45997973915652
18	300150	1240	nan
18	305528	1260	0.1324189960007
18	310808	1280	1.6108381992914
18	316085	1300	0.10278954610994
18	321298	1320	2.8282200472371
18	326495	1340	1.648041247035
18	331787	1360	0.028797965005361
18	337106	1380	0.16270101715364
18	342414	1400	0.73205674525975
18	347775	1420	0.48459292490317
18	353095	1440	2.2325193986879
18	358417	1460	0.27456488011214
18	363715	1480	1.5075044388731
18	369155	1500	0.66307654664387
18	374376	1520	0.1169172660647
18	379716	1540	0.82698110532497
18	385105	1560	0.9813444656827
18	390363	1580	nan
18	395620	1600	1.0765666551038
18	400901	1620	0.78396039084597
18	406257	1640	0.0049153118796568
18	411600	1660	0.73229590871815
18	416805	1680	1.9539871162901
18	422047	1700	0.28544836938991
18	427319	1720	1.7865401375614
18	432650	1740	0.4143677518501
18	438082	1760	1.1540577793658
18	443412	1780	0.069483164005703
18	448741	1800	0.15075322024014
18	453673	1820	0.14435969870734
18	457905	1840	0.062211969346195
18	461686	1860	0.3031448020592
18	465000	1880	2.0501581181306
18	467944	1900	nan
18	470463	1920	0.17384639426958
18	472489	1940	0.023812625418364
18	474031	1960	nan
18	475096	1980	nan
18	475698	2000	nan
19	34230	240	1535.6952791453
19	39514	260	1387.3976810476
19	44856	280	1332.2672735451
19	50237	300	1288.4567243997
19	55631	320	1344.2282408028
19	60991	340	1586.3988609265
19	66326	360	1507.2493436939
19	71472	380	1613.6122715469
19	76834	400	1622.8494064863
19	82226	420	1293.1901357615
19	87437	440	1408.4296774427
19	92768	460	1707.2317432967
19	98233	480	1482.9735810424
19	103537	500	1446.2768994061
19	108829	520	1411.2231998022
19	113991	540	1416.6829977213
19	119312	560	1590.8667024512
19	124655	580	1383.980826987
19	130083	600	1664.01420778
19	135402	620	1569.911996353
19	140664	640	1582.6077467019
19	145961	660	1216.6548605719
19	151280	680	1571.8313067705
19	156495	700	1478.2080223081
19	161812	720	1540.9857444858
19	166986	740	1672.4693269139
19	172355	760	1485.6215523072
19	177642	780	1491.3664320078
19	182923	800	1615.4284849738
19	188256	820	1770.8948925742
19	193621	840	1567.1139473037
19	198952	860	1424.8841648457
19	204293	880	1577.5461824935
19	209652	900	1438.7543368592
19	215009	920	1592.1102814437
19	220244	940	1407.9817700888
19	225578	960	1438.2095773279
19	230858	980	1260.4277390263
19	236171	1000	1625.2096076599
19	241411	1020	1413.3983208851
19	246711	1040	1404.813433536
19	252046	1060	1589.712412834
19	257385	1080	1726.3806851873
19	262770	1100	1689.6777646007
19	268107	1120	1643.4768777364
19	273393	1140	1472.0824499518
19	278728	1160	1500.124444485
19	284104	1180	1497.4579955802
19	289419	1200	1393.7408179756
19	294781	1220	1452.4599109086
19	300150	1240	1718.2303013392
19	305528	1260	1633.574954133
19	310808	1280	1553.934062083
19	316085	1300	1613.5690480794
19	321298	1320	1393.4843496677
19	326495	1340	1573.3449656454
19	331787	1360	1606.1372123117
19	337106	1380	1576.3397783603
19	342414	1400	1528.9884664088
19	347775	1420	1395.7711947119
19	353095	1440	1529.760047024
19	358417	1460	1411.5353256634
19	363715	1480	1482.4066666831
19	369155	1500	1429.1843520693
19	374376	1520	1398.503940832
19	379716	1540	1446.6500868973
19	385105	1560	1673.4254087198
19	390363	1580	1563.2518626754
19	395620	1600	1387.4239008437
19	400901	1620	1336.2837086966
19	406257	1640	1442.4696177054
19	411600	1660	1470.7033728559
19	416805	1680	1521.177530519
19	422047	1700	1569.8904118139
19	427319	1720	1613.7974697562
19	432650	1740	1505.5830355598
19	438082	1760	1695.2546631625
19	443412	1780	1531.9123476095
19	448741	1800	1685.4896302756
19	453673	1820	1485.6259717917
19	457905	1840	1455.4415391345
19	461686	1860	1271.193842098
19	465000	1880	1116.4193253067
19	467944	1900	1114.0029120883
19	470463	1920	834.01099023289
19	472489	1940	698.66113353505
19	474031	1960	608.15780795219
19	475096	1980	479.91725491468
19	475698	2000	335.4097250019
20	34230	240	46.53622058016
20	39514	260	46.246589368252
20	44856	280	45.940250811899
20	50237	300	46.016311585702
20	55631	320	46.352697958719
20	60991	340	46.658790027251
20	66326	360	45.674222536179
20	71472	380	46.103207758482
20	76834	400	46.367125899608
20	82226	420	46.185361991483
20	87437	440	46.947655914757
20	92768	460	46.141398467478
20	98233	480	46.342924407576
20	103537	500	46.654093529228
20	108829	520	47.04077332674
20	113991	540	47.222766590712
20	119312	560	46.790197130918
20	124655	580	46.132694232898
20	130083	600	46.222616882778
20	135402	620	46.173882245675
20	140664	640	46.547286667702
20	145961	660	46.794417714306
20	151280	680	46.230332552074
20	156495	700	46.194000697127
20	161812	720	46.696537711691
20	166986	740	46.457481303163
20	172355	760	46.425673509599
20	177642	780	46.605201000245
20	182923	800	46.155099570679
20	188256	820	46.602497173006
20	193621	840	46.091586685403
20	198952	860	45.964005317602
20	204293	880	46.398417132161
20	209652	900	46.411430221265
20	215009	920	46.826772983637
20	220244	940	46.932725669628
20	225578	960	46.393857333159
20	230858	980	46.682508852827
20	236171	1000	46.434560218853
20	241411	1020	47.113277362838
20	246711	1040	46.827114451202
20	252046	1060	46.756247436295
20	257385	1080	46.658937437495
20	262770	1100	45.66696661083
20	268107	1120	45.652135492679
20	273393	1140	46.002576560994
20	278728	1160	46.878888890156
20	284104	1180	46.795562361881
20	289419	1200	46.458027265853
20	294781	1220	46.85354551318
20	300150	1240	46.438656792951
20	305528	1260	46.673570118085
20	310808	1280	47.088910972211
20	316085	1300	46.101972802269
20	321298	1320	46.449478322255
20	326495	1340	46.274851930747
20	331787	1360	45.889634637478
20	337106	1380	46.362934657657
20	342414	1400	46.33298383057
20	347775	1420	46.525706490395
20	353095	1440	46.356365061333
20	358417	1460	45.533397602045
20	363715	1480	46.325208333847
20	369155	1500	46.102721034493
20	374376	1520	46.616798027734
20	379716	1540	46.666131835397
20	385105	1560	46.484039131104
20	390363	1580	45.977995961041
20	395620	1600	46.247463361456
20	400901	1620	46.078748575745
20	406257	1640	46.531277990497
20	411600	1660	45.959480401745
20	416805	1680	46.096288803605
20	422047	1700	46.173247406293
20	427319	1720	46.108499135891
20	432650	1740	45.623728350297
20	438082	1760	45.817693598987
20	443412	1780	46.421586291197
20	448741	1800	46.819156396544
20	453673	1820	46.425811618491
20	457905	1840	46.949727068854
20	461686	1860	47.081253411036
20	465000	1880	46.517471887781
20	467944	1900	46.41678800368
20	470463	1920	46.333943901827
20	472489	1940	46.577408902337
20	474031	1960	46.781369842476
20	475096	1980	47.991725491468
20	475698	2000	47.915675000272
21	34230	240	2.0714645056785
21	39514	260	2.5393549957804
21	44856	280	2.124518686282
21	50237	300	1.7644016640208
21	55631	320	1.8928989696166
21	60991	340	2.6361092097123
21	66326	360	2.2241657875653
21	71472	380	2.1779834970566
21	76834	400	2.2940028112284
21	82226	420	2.2304692168309
21	87437	440	2.2702869606608
21	92768	460	2.2217453649021
21	98233	480	2.2834258706595
21	103537	500	2.1596628226032
21	108829	520	2.3611936116382
21	113991	540	2.062808467783
21	119312	560	2.658143907158
21	124655	580	2.6791686929237
21	130083	600	2.2495955768189
21	135402	620	2.1480124511068
21	140664	640	2.2702768911847
21	145961	660	2.3457537603884
21	151280	680	2.0357264045075
21	156495	700	2.0363227651707
21	161812	720	2.6018771876395
21	166986	740	2.1945012326363
21	172355	760	2.3523950311794
21	177642	780	2.350967684408
21	182923	800	2.6964419037636
21	188256	820	2.3751449214363
21	193621	840	2.881104212576
21	198952	860	3.0072945143993
21	204293	880	2.8312475035721
21	209652	900	3.4818807071999
21	215009	920	3.2864276878216
21	220244	940	3.7637845421152
21	225578	960	2.206210703351
21	230858	980	2.264925803296
21	236171	1000	2.6007568133166
21	241411	1020	2.644034575534
21	246711	1040	2.5246019218947
21	252046	1060	2.5972178411935
21	257385	1080	2.874029175817
21	262770	1100	2.4938338748377
21	268107	1120	2.4235108934808
21	273393	1140	2.4218296136703
21	278728	1160	2.4029572863396
21	284104	1180	3.7050261640532
21	289419	1200	2.6792416005356
21	294781	1220	2.2808423930689
21	300150	1240	2.5140868252267
21	305528	1260	2.4005051428745
21	310808	1280	3.3084211580818
21	316085	1300	1.9925882827316
21	321298	1320	2.1903780610853
21	326495	1340	2.4070755655512
21	331787	1360	1.6588177213028
21	337106	1380	2.3312661830424
21	342414	1400	2.2419701184636
21	347775	1420	1.9483644992253
21	353095	1440	2.0224363694104
21	358417	1460	1.9318536834641
21	363715	1480	2.7564573943372
21	369155	1500	2.3384752072083
21	374376	1520	2.5145518139527
21	379716	1540	1.9162951983674
21	385105	1560	2.0177063761659
21	390363	1580	2.2630902424305
21	395620	1600	2.0748793262917
21	400901	1620	1.9303670301413
21	406257	1640	2.8654967567662
21	411600	1660	2.4909284148192
21	416805	1680	2.4721085542678
21	422047	1700	2.7099276117579
21	427319	1720	2.3378105841591
21	432650	1740	2.2338936340088
21	438082	1760	2.1054925085583
21	443412	1780	2.3726841345058
21	448741	1800	2.7074010143466
21	453673	1820	2.0923555682116
21	457905	1840	2.544008824836
21	461686	1860	2.487600719611
21	465000	1880	1.9583416465052
21	467944	1900	2.1059502079587
21	470463	1920	1.9692530590071
21	472489	1940	1.5106400693739
21	474031	1960	1.5783967158035
21	475096	1980	3.1141453967076
21	475698	2000	4.2466295870665
22	34230	240	4.2909651982859
22	39514	260	6.4483237945951
22	44856	280	4.5135796483613
22	50237	300	3.1131132319993
22	55631	320	3.5830665091754
22	60991	340	6.9490717655298
22	66326	360	4.9469134505761
22	71472	380	4.7436121134507
22	76834	400	5.2624488979238
22	82226	420	4.9749929272301
22	87437	440	5.1542028837464
22	92768	460	4.936152466464
22	98233	480	5.2140337067973
22	103537	500	4.6641435073343
22	108829	520	5.5752352716413
22	113991	540	4.2551787747571
22	119312	560	7.0657290311611
22	124655	580	7.1779448851426
22	130083	600	5.0606802592433
22	135402	620	4.6139574901098
22	140664	640	5.1541571626471
22	145961	660	5.5025607043762
22	151280	680	4.144181994009
22	156495	700	4.1466104039526
22	161812	720	6.7697648995589
22	166986	740	4.8158356600422
22	172355	760	5.5337623827176
22	177642	780	5.5270490531307
22	182923	800	7.2707989403721
22	188256	820	5.6413133978249
22	193621	840	8.3007614837233
22	198952	860	9.0438202963362
22	204293	880	8.0159624264834
22	209652	900	12.123493259171
22	215009	920	10.800606947281
22	220244	940	14.166074079466
22	225578	960	4.8673656675805
22	230858	980	5.1298888944359
22	236171	1000	6.7639360020129
22	241411	1020	6.9909188366194
22	246711	1040	6.3736148640343
22	252046	1060	6.745540514614
22	257385	1080	8.2600437034472
22	262770	1100	6.2192073952878
22	268107	1120	5.8734050508201
22	273393	1140	5.8652586776505
22	278728	1160	5.7742037199727
22	284104	1180	13.727218876319
22	289419	1200	7.1783355540405
22	294781	1220	5.2022420220205
22	300150	1240	6.3206325647782
22	305528	1260	5.7624249409668
22	310808	1280	10.945650559243
22	316085	1300	3.9704080644791
22	321298	1320	4.7977560504839
22	326495	1340	5.7940127782738
22	331787	1360	2.7516762325083
22	337106	1380	5.4348020161971
22	342414	1400	5.0264300120836
22	347775	1420	3.7961242218413
22	353095	1440	4.0902488683139
22	358417	1460	3.732058654314
22	363715	1480	7.5980573667961
22	369155	1500	5.4684662947277
22	374376	1520	6.3229708250529
22	379716	1540	3.6721872872858
22	385105	1560	4.0711390204204
22	390363	1580	5.1215774453844
22	395620	1600	4.3051242186728
22	400901	1620	3.7263168710564
22	406257	1640	8.2110716630376
22	411600	1660	6.2047243677538
22	416805	1680	6.1113207040842
22	422047	1700	7.3437076609681
22	427319	1720	5.4653583274062
22	432650	1740	4.990280768065
22	438082	1760	4.433098703595
22	443412	1780	5.6296300021356
22	448741	1800	7.3300202524851
22	453673	1820	4.377951823826
22	457905	1840	6.4719809008434
22	461686	1860	6.1881573402094
22	465000	1880	3.8351020044368
22	467944	1900	4.4350262784012
22	470463	1920	3.8779576104087
22	472489	1940	2.2820334191979
22	474031	1960	2.4913361924594
22	475096	1980	9.6979015518351
22	475698	2000	18.033862849748
23	34230	240	1481.1487487928
23	39514	260	1621.0071597407
23	44856	280	1527.0749619174
23	50237	300	1516.9791606422
23	55631	320	1341.8389401124
23	60991	340	1660.2492183734
23	66326	360	1517.2063338551
23	71472	380	1610.56824705
23	76834	400	1658.6345692809
23	82226	420	1523.7902708221
23	87437	440	1436.9401626792
23	92768	460	1707.6351274663
23	98233	480	1436.9598851397
23	103537	500	1566.6303434392
23	108829	520	1576.654529938
23	113991	540	1386.9839970064
23	119312	560	1795.8560332592
23	124655	580	1570.7879823109
23	130083	600	1657.5917465901
23	135402	620	1657.2693773822
23	140664	640	1799.3830857852
23	145961	660	1478.6773588737
23	151280	680	1662.2092466111
23	156495	700	1567.2711664707
23	161812	720	1480.9925220199
23	166986	740	1656.3708821151
23	172355	760	1520.983048798
23	177642	780	1529.2236029594
23	182923	800	1701.7877977373
23	188256	820	1759.756278869
23	193621	840	1750.6706278663
23	198952	860	1482.2494295319
23	204293	880	1571.3554441248
23	209652	900	1613.8183246522
23	215009	920	1574.7953448603
23	220244	940	1568.5284041195
23	225578	960	1477.2654354572
23	230858	980	1388.6852471878
23	236171	1000	1613.0728343751
23	241411	1020	1389.650764975
23	246711	1040	1387.4183679188
23	252046	1060	1799.2914916342
23	257385	1080	1749.8777470673
23	262770	1100	1660.4085639208
23	268107	1120	1749.9925690556
23	273393	1140	1522.4371722942
23	278728	1160	1483.943825226
23	284104	1180	1486.4400220936
23	289419	1200	1437.4178746991
23	294781	1220	1394.0550283334
23	300150	1240	1789.0162224927
23	305528	1260	1614.8642439458
23	310808	1280	1485.7888695473
23	316085	1300	1568.3027334101
23	321298	1320	1342.6555789849
23	326495	1340	1614.7047094239
23	331787	1360	1658.5390663678
23	337106	1380	1571.2150358714
23	342414	1400	1568.587155258
23	347775	1420	1427.0198764661
23	353095	1440	1575.091621735
23	358417	1460	1565.727584329
23	363715	1480	1479.9144191843
23	369155	1500	1654.4298291654
23	374376	1520	1341.9790065074
23	379716	1540	1520.4927719309
23	385105	1560	1708.9125018397
23	390363	1580	1793.2883599197
23	395620	1600	1426.8112005748
23	400901	1620	1525.9252971451
23	406257	1640	1752.7928395593
23	411600	1660	1479.8767242601
23	416805	1680	1657.2604668749
23	422047	1700	1611.6556406912
23	427319	1720	1618.8137830048
23	432650	1740	1525.4376560824
23	438082	1760	1704.1580203302
23	443412	1780	1657.7366553377
23	448741	1800	1620.4863354757
23	453673	1820	1481.125016081
23	457905	1840	1391.1824501514
23	461686	1860	1213.5127419951
23	465000	1880	1081.3455649674
23	467944	1900	1080.0388494864
23	470463	1920	813.35125347859
23	472489	1940	676.30009583675
23	474031	1960	589.92947499185
23	475096	1980	459.9811687015
23	475698	2000	326.81297088174
24	34230	240	44.883295417964
24	39514	260	45.027976659463
24	44856	280	44.913969468158
24	50237	300	44.617034136535
24	55631	320	44.727964670414
24	60991	340	44.871600496578
24	66326	360	44.62371570162
24	71472	380	44.7380068625
24	76834	400	44.827961331916
24	82226	420	44.817360906533
24	87437	440	44.904380083724
24	92768	460	44.93776651227
24	98233	480	44.904996410617
24	103537	500	44.760866955406
24	108829	520	45.047272283942
24	113991	540	44.741419258272
24	119312	560	44.89640083148
24	124655	580	44.879656637455
24	130083	600	44.799776934867
24	135402	620	44.791064253572
24	140664	640	44.984577144629
24	145961	660	44.808404814354
24	151280	680	44.924574232733
24	156495	700	44.779176184876
24	161812	720	44.87856127333
24	166986	740	44.766780597706
24	172355	760	44.734795552884
24	177642	780	44.977164792923
24	182923	800	44.78388941414
24	188256	820	45.121955868437
24	193621	840	44.888990458111
24	198952	860	44.916649379754
24	204293	880	44.895869832136
24	209652	900	44.828286795895
24	215009	920	44.994152710295
24	220244	940	44.815097260557
24	225578	960	44.765619256278
24	230858	980	44.79629829638
24	236171	1000	44.807578732641
24	241411	1020	44.827444031453
24	246711	1040	44.755431223186
24	252046	1060	44.982287290856
24	257385	1080	44.868660181214
24	262770	1100	44.875907132996
24	268107	1120	44.871604334758
24	273393	1140	44.777563891006
24	278728	1160	44.967994703817
24	284104	1180	45.04363703314
24	289419	1200	44.919308584346
24	294781	1220	44.969517043013
24	300150	1240	44.725405562318
24	305528	1260	44.857340109607
24	310808	1280	45.023905137797
24	316085	1300	44.808649526002
24	321298	1320	44.755185966162
24	326495	1340	44.852908595108
24	331787	1360	44.825380172104
24	337106	1380	44.891858167756
24	342414	1400	44.816775864516
24	347775	1420	44.594371139566
24	353095	1440	45.002617763857
24	358417	1460	44.735073837972
24	363715	1480	44.845891490432
24	369155	1500	44.714319707172
24	374376	1520	44.732633550247
24	379716	1540	44.720375645028
24	385105	1560	44.97138162736
24	390363	1580	44.832208997993
24	395620	1600	44.587850017962
24	400901	1620	44.880155798386
24	406257	1640	44.943406142547
24	411600	1660	44.844749220004
24	416805	1680	44.790823429052
24	422047	1700	44.768212241422
24	427319	1720	44.967049527912
24	432650	1740	44.865813414187
24	438082	1760	44.8462636929
24	443412	1780	44.803693387505
24	448741	1800	45.013509318771
24	453673	1820	44.882576244878
24	457905	1840	44.876853230691
24	461686	1860	44.94491637019
24	465000	1880	45.056065206975
24	467944	1900	45.001618728601
24	470463	1920	45.18618074881
24	472489	1940	45.086673055784
24	474031	1960	45.379190383988
24	475096	1980	45.99811687015
24	475698	2000	46.687567268821
25	34230	240	0.78014758568088
25	39514	260	1.3082977242363
25	44856	280	0.87441449639562
25	50237	300	0.50514875097459
25	55631	320	0.64348998830735
25	60991	340	0.81232023050129
25	66326	360	0.74933274485568
25	71472	380	0.55313532547321
25	76834	400	0.77262072973861
25	82226	420	0.66753510666524
25	87437	440	0.99280569348298
25	92768	460	0.81503993054465
25	98233	480	0.8721456306069
25	103537	500	0.65664556909839
25	108829	520	1.2590003723433
25	113991	540	0.49950233106024
25	119312	560	0.9194814981035
25	124655	580	0.71291964785612
25	130083	600	0.6150919853654
25	135402	620	0.6456415060606
25	140664	640	1.0965513402235
25	145961	660	0.62394045707945
25	151280	680	1.0889795055171
25	156495	700	0.71744983226433
25	161812	720	0.90392742042373
25	166986	740	0.81219290994595
25	172355	760	0.66247490108243
25	177642	780	0.93058873031845
25	182923	800	0.60601137327842
25	188256	820	1.2020043635913
25	193621	840	0.81101371747768
25	198952	860	0.87428521992674
25	204293	880	0.78649061915801
25	209652	900	0.69701895298859
25	215009	920	0.90463608433926
25	220244	940	0.8992595277011
25	225578	960	0.89727650020899
25	230858	980	0.79719249667126
25	236171	1000	0.70273629992565
25	241411	1020	0.78078882805271
25	246711	1040	0.70511659849956
25	252046	1060	1.0738893931781
25	257385	1080	0.94347808837779
25	262770	1100	0.83720089154897
25	268107	1120	0.80515968830855
25	273393	1140	0.49728999450798
25	278728	1160	0.96349053099098
25	284104	1180	1.0225313660702
25	289419	1200	0.74123249280402
25	294781	1220	0.76834339796341
25	300150	1240	0.64574847416928
25	305528	1260	0.82614531505986
25	310808	1280	1.4362551152872
25	316085	1300	0.73114066319692
25	321298	1320	0.6017501778897
25	326495	1340	1.1304797781015
25	331787	1360	0.67683713824173
25	337106	1380	0.91612026024697
25	342414	1400	0.73797300501579
25	347775	1420	0.70889458502792
25	353095	1440	1.3233111708058
25	358417	1460	0.57809072218895
25	363715	1480	0.87349809369589
25	369155	1500	0.53011379425807
25	374376	1520	0.61747797869684
25	379716	1540	0.61249236643979
25	385105	1560	0.99275242187293
25	390363	1580	0.76810270439646
25	395620	1600	0.71905183214812
25	400901	1620	0.8572081440594
25	406257	1640	1.0357298646381
25	411600	1660	0.76090330565909
25	416805	1680	0.81438306032136
25	422047	1700	0.65525904694185
25	427319	1720	1.0361452163084
25	432650	1740	0.87181407150133
25	438082	1760	0.74743312540942
25	443412	1780	0.63839435978418
25	448741	1800	1.1416324527228
25	453673	1820	0.80146121192512
25	457905	1840	0.87318609961314
25	461686	1860	0.85774235861015
25	465000	1880	1.0671304644473
25	467944	1900	0.89647511489107
25	470463	1920	1.1126068364235
25	472489	1940	0.76285635571997
25	474031	1960	0.66148891952133
25	475096	1980	0.98829539459717
25	475698	2000	1.1431956941707
26	34230	240	0.60863025544371
26	39514	260	1.7116429352418
26	44856	280	0.7646007115068
26	50237	300	0.25517526061119
26	55631	320	0.4140793650518
26	60991	340	0.65986415688167
26	66326	360	0.56149956251295
26	71472	380	0.30595868828635
26	76834	400	0.59694279202183
26	82226	420	0.44560311863058
26	87437	440	0.98566314501222
26	92768	460	0.66429008838222
26	98233	480	0.76063800098671
26	103537	500	0.43118340341656
26	108829	520	1.5850819375605
26	113991	540	0.24950257873461
26	119312	560	0.84544622535466
26	124655	580	0.50825442429929
26	130083	600	0.37833815046075
26	135402	620	0.41685295434819
26	140664	640	1.2024248417459
26	145961	660	0.38930169398051
26	151280	680	1.1858763634362
26	156495	700	0.51473426181611
26	161812	720	0.81708478139389
26	166986	740	0.65965732296647
26	172355	760	0.43887299456418
26	177642	780	0.86599538499571
26	182923	800	0.36724978454279
26	188256	820	1.4448144900926
26	193621	840	0.65774324993697
26	198952	860	0.76437464578235
26	204293	880	0.61856749402355
26	209652	900	0.48583542082531
26	215009	920	0.81836644508867
26	220244	940	0.8086676981612
26	225578	960	0.80510511782729
26	230858	980	0.63551587674895
26	236171	1000	0.49383830723319
26	241411	1020	0.60963119401192
26	246711	1040	0.49718941747959
26	252046	1060	1.1532384287804
26	257385	1080	0.89015090324902
26	262770	1100	0.70090533281038
26	268107	1120	0.64828212367712
26	273393	1140	0.24729733863774
26	278728	1160	0.92831400330929
26	284104	1180	1.0455703945973
26	289419	1200	0.54942560838846
26	294781	1220	0.59035157719397
26	300150	1240	0.41699109189195
26	305528	1260	0.68251608159535
26	310808	1280	2.0628287561887
26	316085	1300	0.53456666938003
26	321298	1320	0.36210327659029
26	326495	1340	1.2779845286964
26	331787	1360	0.45810851170326
26	337106	1380	0.83927633123497
26	342414	1400	0.54460415613204
26	347775	1420	0.50253153268191
26	353095	1440	1.7511524547795
26	358417	1460	0.33418888308094
26	363715	1480	0.76299891969036
26	369155	1500	0.28102063486269
26	374376	1520	0.38127905417553
26	379716	1540	0.37514689894701
26	385105	1560	0.98555737113458
26	390363	1580	0.58998176450116
26	395620	1600	0.51703553731557
26	400901	1620	0.73480580224175
26	406257	1640	1.0727363525033
26	411600	1660	0.57897384056293
26	416805	1680	0.66321976893839
26	422047	1700	0.42936441859914
26	427319	1720	1.0735969092787
26	432650	1740	0.76005977526772
26	438082	1760	0.55865627695929
26	443412	1780	0.40754735860426
26	448741	1800	1.3033246571099
26	453673	1820	0.64234007422048
26	457905	1840	0.76245396455761
26	461686	1860	0.7357219537541
26	465000	1880	1.1387674281514
26	467944	1900	0.80366763161895
26	470463	1920	1.2378939724564
26	472489	1940	0.58194981946235
26	474031	1960	0.4375675906495
26	475096	1980	0.97672778698198
26	475698	2000	1.3068963951705
