version 2
run statisticRVV-45-20150327-02:01:19-11576
attr c 10
attr configname statisticRVV
attr datetime 20150327-02:01:19
attr experiment statisticRVV
attr inifile omnetpp.ini
attr iterationvars "$sc=\"erlangen-low.launchd.xml\", $p=1/10, $c=10"
attr iterationvars2 "$sc=\"erlangen-low.launchd.xml\", $p=1/10, $c=10, $repetition=5"
attr measurement "$sc=\"erlangen-low.launchd.xml\", $p=1/10, $c=10"
attr network RSUExampleScenario
attr p 1/10
attr processid 11576
attr repetition 5
attr replication #5
attr resultdir results
attr runnumber 45
attr sc "\"erlangen-low.launchd.xml\""
attr seedset 45

vector 0  RSUExampleScenario.rsu[0].appl  Number_CH  ETV
vector 1  RSUExampleScenario.rsu[0].appl  Number_ON  ETV
vector 2  RSUExampleScenario.rsu[0].appl  Number_FN  ETV
vector 3  RSUExampleScenario.rsu[0].appl  Number_CH_Losts  ETV
vector 4  RSUExampleScenario.rsu[0].appl  Number_CH_Losts  ETV
vector 5  RSUExampleScenario.rsu[0].appl  Mean_Cluster_Size  ETV
vector 6  RSUExampleScenario.rsu[0].appl  StdDev_Cluster_Size  ETV
vector 7  RSUExampleScenario.rsu[0].appl  Variance_Cluster_Size  ETV
vector 8  RSUExampleScenario.rsu[0].appl  Mean_Neighbors  ETV
vector 9  RSUExampleScenario.rsu[0].appl  StdDev_Neighbors  ETV
vector 10  RSUExampleScenario.rsu[0].appl  Variance_Neighbors  ETV
vector 11  RSUExampleScenario.rsu[0].appl  Total_CH_Utility  ETV
vector 12  RSUExampleScenario.rsu[0].appl  Mean_CH_Utility  ETV
vector 13  RSUExampleScenario.rsu[0].appl  StdDev_CH_Utility  ETV
vector 14  RSUExampleScenario.rsu[0].appl  Variance_CH_Utility  ETV
vector 15  RSUExampleScenario.rsu[0].appl  Total_exp_CH_Utility  ETV
vector 16  RSUExampleScenario.rsu[0].appl  Mean_exp_CH_Utility  ETV
vector 17  RSUExampleScenario.rsu[0].appl  StdDev_exp_CH_Utility  ETV
vector 18  RSUExampleScenario.rsu[0].appl  Variance_exp_CH_Utility  ETV
vector 19  RSUExampleScenario.rsu[0].appl  Total_ON_Utility  ETV
vector 20  RSUExampleScenario.rsu[0].appl  Mean_ON_Utility  ETV
vector 21  RSUExampleScenario.rsu[0].appl  StdDev_ON_Utility  ETV
vector 22  RSUExampleScenario.rsu[0].appl  Variance_ON_Utility  ETV
vector 23  RSUExampleScenario.rsu[0].appl  Total_exp_ON_Utility  ETV
vector 24  RSUExampleScenario.rsu[0].appl  Mean_exp_ON_Utility  ETV
vector 25  RSUExampleScenario.rsu[0].appl  StdDev_exp_ON_Utility  ETV
vector 26  RSUExampleScenario.rsu[0].appl  Variance_exp_ON_Utility  ETV
0	34790	240	6
0	40087	260	4
0	45467	280	4
0	50707	300	7
0	55955	320	5
0	61380	340	6
0	66683	360	6
0	72004	380	2
0	77227	400	5
0	82600	420	2
0	87933	440	2
0	93309	460	2
0	98631	480	3
0	103939	500	5
0	109296	520	7
0	114620	540	1
0	119968	560	3
0	125197	580	2
0	130493	600	5
0	135796	620	4
0	141088	640	4
0	146372	660	4
0	151764	680	7
0	156997	700	2
0	162412	720	6
0	167806	740	0
0	172991	760	6
0	178414	780	3
0	183668	800	5
0	188962	820	6
0	194273	840	3
0	199629	860	1
0	205073	880	3
0	210400	900	6
0	215804	920	6
0	221108	940	3
0	226411	960	3
0	231763	980	6
0	237129	1000	5
0	242462	1020	4
0	247844	1040	4
0	253179	1060	5
0	258584	1080	2
0	263811	1100	3
0	269073	1120	10
0	274223	1140	4
0	279583	1160	3
0	284872	1180	4
0	290229	1200	4
0	295489	1220	5
0	300844	1240	3
0	306161	1260	4
0	311487	1280	2
0	316860	1300	1
0	322261	1320	1
0	327596	1340	2
0	332856	1360	4
0	338193	1380	3
0	343518	1400	4
0	348875	1420	6
0	354282	1440	6
0	359625	1460	6
0	364934	1480	2
0	370255	1500	1
0	375544	1520	4
0	380878	1540	3
0	386265	1560	4
0	391604	1580	1
0	396923	1600	5
0	402205	1620	3
0	407544	1640	3
0	412893	1660	3
0	418212	1680	2
0	423535	1700	3
0	428872	1720	5
0	434160	1740	3
0	439476	1760	6
0	444814	1780	3
0	450092	1800	5
0	454967	1820	1
0	459255	1840	3
0	463058	1860	0
0	466378	1880	1
0	469318	1900	3
0	471703	1920	3
0	473699	1940	2
0	475200	1960	1
0	476259	1980	0
0	476878	2000	0
1	34790	240	19
1	40087	260	8
1	45467	280	11
1	50707	300	15
1	55955	320	11
1	61380	340	17
1	66683	360	16
1	72004	380	7
1	77227	400	9
1	82600	420	10
1	87933	440	11
1	93309	460	10
1	98631	480	11
1	103939	500	17
1	109296	520	18
1	114620	540	5
1	119968	560	9
1	125197	580	8
1	130493	600	11
1	135796	620	10
1	141088	640	11
1	146372	660	6
1	151764	680	13
1	156997	700	4
1	162412	720	15
1	167806	740	0
1	172991	760	12
1	178414	780	4
1	183668	800	16
1	188962	820	13
1	194273	840	11
1	199629	860	1
1	205073	880	8
1	210400	900	14
1	215804	920	14
1	221108	940	6
1	226411	960	11
1	231763	980	15
1	237129	1000	12
1	242462	1020	10
1	247844	1040	5
1	253179	1060	10
1	258584	1080	6
1	263811	1100	14
1	269073	1120	18
1	274223	1140	12
1	279583	1160	10
1	284872	1180	13
1	290229	1200	16
1	295489	1220	14
1	300844	1240	11
1	306161	1260	10
1	311487	1280	5
1	316860	1300	2
1	322261	1320	5
1	327596	1340	9
1	332856	1360	9
1	338193	1380	11
1	343518	1400	11
1	348875	1420	12
1	354282	1440	21
1	359625	1460	16
1	364934	1480	10
1	370255	1500	3
1	375544	1520	11
1	380878	1540	11
1	386265	1560	12
1	391604	1580	4
1	396923	1600	16
1	402205	1620	7
1	407544	1640	9
1	412893	1660	10
1	418212	1680	8
1	423535	1700	10
1	428872	1720	17
1	434160	1740	7
1	439476	1760	19
1	444814	1780	11
1	450092	1800	14
1	454967	1820	2
1	459255	1840	6
1	463058	1860	0
1	466378	1880	3
1	469318	1900	6
1	471703	1920	6
1	473699	1940	3
1	475200	1960	2
1	476259	1980	0
1	476878	2000	0
2	34790	240	15
2	40087	260	29
2	45467	280	27
2	50707	300	17
2	55955	320	25
2	61380	340	18
2	66683	360	19
2	72004	380	30
2	77227	400	26
2	82600	420	28
2	87933	440	27
2	93309	460	29
2	98631	480	27
2	103939	500	18
2	109296	520	15
2	114620	540	33
2	119968	560	29
2	125197	580	30
2	130493	600	24
2	135796	620	26
2	141088	640	24
2	146372	660	31
2	151764	680	20
2	156997	700	34
2	162412	720	20
2	167806	740	40
2	172991	760	22
2	178414	780	34
2	183668	800	20
2	188962	820	22
2	194273	840	26
2	199629	860	39
2	205073	880	29
2	210400	900	20
2	215804	920	21
2	221108	940	31
2	226411	960	26
2	231763	980	20
2	237129	1000	25
2	242462	1020	27
2	247844	1040	33
2	253179	1060	25
2	258584	1080	33
2	263811	1100	24
2	269073	1120	13
2	274223	1140	23
2	279583	1160	27
2	284872	1180	23
2	290229	1200	20
2	295489	1220	21
2	300844	1240	27
2	306161	1260	27
2	311487	1280	33
2	316860	1300	37
2	322261	1320	33
2	327596	1340	29
2	332856	1360	27
2	338193	1380	26
2	343518	1400	26
2	348875	1420	23
2	354282	1440	13
2	359625	1460	19
2	364934	1480	29
2	370255	1500	37
2	375544	1520	24
2	380878	1540	25
2	386265	1560	24
2	391604	1580	35
2	396923	1600	19
2	402205	1620	30
2	407544	1640	29
2	412893	1660	27
2	418212	1680	30
2	423535	1700	27
2	428872	1720	19
2	434160	1740	31
2	439476	1760	15
2	444814	1780	26
2	450092	1800	22
2	454967	1820	34
2	459255	1840	25
2	463058	1860	30
2	466378	1880	23
2	469318	1900	15
2	471703	1920	12
2	473699	1940	12
2	475200	1960	12
2	476259	1980	11
2	476878	2000	8
3	34790	240	0
3	40087	260	0
3	45467	280	0
3	50707	300	2
3	55955	320	0
3	61380	340	0
3	66683	360	1
3	72004	380	0
3	77227	400	0
3	82600	420	0
3	87933	440	0
3	93309	460	0
3	98631	480	0
3	103939	500	0
3	109296	520	0
3	114620	540	0
3	119968	560	0
3	125197	580	1
3	130493	600	0
3	135796	620	0
3	141088	640	1
3	146372	660	0
3	151764	680	0
3	156997	700	0
3	162412	720	1
3	167806	740	0
3	172991	760	2
3	178414	780	0
3	183668	800	0
3	188962	820	1
3	194273	840	1
3	199629	860	1
3	205073	880	0
3	210400	900	1
3	215804	920	1
3	221108	940	0
3	226411	960	0
3	231763	980	2
3	237129	1000	1
3	242462	1020	0
3	247844	1040	0
3	253179	1060	0
3	258584	1080	0
3	263811	1100	0
3	269073	1120	0
3	274223	1140	0
3	279583	1160	0
3	284872	1180	0
3	290229	1200	0
3	295489	1220	1
3	300844	1240	0
3	306161	1260	0
3	311487	1280	0
3	316860	1300	0
3	322261	1320	0
3	327596	1340	0
3	332856	1360	0
3	338193	1380	0
3	343518	1400	1
3	348875	1420	0
3	354282	1440	0
3	359625	1460	1
3	364934	1480	1
3	370255	1500	0
3	375544	1520	0
3	380878	1540	0
3	386265	1560	0
3	391604	1580	0
3	396923	1600	0
3	402205	1620	0
3	407544	1640	1
3	412893	1660	0
3	418212	1680	0
3	423535	1700	0
3	428872	1720	1
3	434160	1740	2
3	439476	1760	1
3	444814	1780	0
3	450092	1800	0
3	454967	1820	0
3	459255	1840	0
3	463058	1860	0
3	466378	1880	0
3	469318	1900	0
3	471703	1920	1
3	473699	1940	0
3	475200	1960	0
3	476259	1980	0
3	476878	2000	0
4	34790	240	15
4	40087	260	29
4	45467	280	25
4	50707	300	15
4	55955	320	25
4	61380	340	18
4	66683	360	18
4	72004	380	30
4	77227	400	26
4	82600	420	28
4	87933	440	26
4	93309	460	29
4	98631	480	27
4	103939	500	18
4	109296	520	14
4	114620	540	33
4	119968	560	29
4	125197	580	29
4	130493	600	24
4	135796	620	26
4	141088	640	23
4	146372	660	31
4	151764	680	20
4	156997	700	34
4	162412	720	19
4	167806	740	40
4	172991	760	20
4	178414	780	34
4	183668	800	20
4	188962	820	20
4	194273	840	25
4	199629	860	38
4	205073	880	29
4	210400	900	19
4	215804	920	19
4	221108	940	30
4	226411	960	25
4	231763	980	18
4	237129	1000	24
4	242462	1020	27
4	247844	1040	32
4	253179	1060	25
4	258584	1080	33
4	263811	1100	24
4	269073	1120	13
4	274223	1140	23
4	279583	1160	27
4	284872	1180	23
4	290229	1200	20
4	295489	1220	20
4	300844	1240	27
4	306161	1260	27
4	311487	1280	32
4	316860	1300	37
4	322261	1320	33
4	327596	1340	29
4	332856	1360	27
4	338193	1380	26
4	343518	1400	24
4	348875	1420	23
4	354282	1440	13
4	359625	1460	18
4	364934	1480	28
4	370255	1500	37
4	375544	1520	24
4	380878	1540	25
4	386265	1560	23
4	391604	1580	35
4	396923	1600	19
4	402205	1620	30
4	407544	1640	28
4	412893	1660	27
4	418212	1680	30
4	423535	1700	27
4	428872	1720	18
4	434160	1740	29
4	439476	1760	14
4	444814	1780	25
4	450092	1800	22
4	454967	1820	34
4	459255	1840	25
4	463058	1860	30
4	466378	1880	23
4	469318	1900	15
4	471703	1920	11
4	473699	1940	12
4	475200	1960	12
4	476259	1980	11
4	476878	2000	8
5	34790	240	3.1666666666667
5	40087	260	2
5	45467	280	2.75
5	50707	300	2.1428571428571
5	55955	320	2.2
5	61380	340	2.8333333333333
5	66683	360	2.6666666666667
5	72004	380	3.5
5	77227	400	1.8
5	82600	420	5
5	87933	440	5.5
5	93309	460	5
5	98631	480	3.6666666666667
5	103939	500	3.4
5	109296	520	2.5714285714286
5	114620	540	5
5	119968	560	3
5	125197	580	4
5	130493	600	2.2
5	135796	620	2.5
5	141088	640	2.75
5	146372	660	1.5
5	151764	680	1.8571428571429
5	156997	700	2
5	162412	720	2.5
5	167806	740	nan
5	172991	760	2
5	178414	780	1.3333333333333
5	183668	800	3.2
5	188962	820	2.1666666666667
5	194273	840	3.6666666666667
5	199629	860	1
5	205073	880	2.6666666666667
5	210400	900	2.3333333333333
5	215804	920	2.3333333333333
5	221108	940	2
5	226411	960	3.6666666666667
5	231763	980	2.5
5	237129	1000	2.4
5	242462	1020	2.5
5	247844	1040	1.25
5	253179	1060	2
5	258584	1080	3
5	263811	1100	4.6666666666667
5	269073	1120	1.8
5	274223	1140	3
5	279583	1160	3.3333333333333
5	284872	1180	3.25
5	290229	1200	4
5	295489	1220	2.8
5	300844	1240	3.6666666666667
5	306161	1260	2.5
5	311487	1280	2.5
5	316860	1300	2
5	322261	1320	5
5	327596	1340	4.5
5	332856	1360	2.25
5	338193	1380	3.6666666666667
5	343518	1400	2.75
5	348875	1420	2
5	354282	1440	3.5
5	359625	1460	2.6666666666667
5	364934	1480	5
5	370255	1500	3
5	375544	1520	2.75
5	380878	1540	3.6666666666667
5	386265	1560	3
5	391604	1580	4
5	396923	1600	3.2
5	402205	1620	2.3333333333333
5	407544	1640	3
5	412893	1660	3.3333333333333
5	418212	1680	4
5	423535	1700	3.3333333333333
5	428872	1720	3.4
5	434160	1740	2.3333333333333
5	439476	1760	3.1666666666667
5	444814	1780	3.6666666666667
5	450092	1800	2.8
5	454967	1820	2
5	459255	1840	2
5	463058	1860	nan
5	466378	1880	3
5	469318	1900	2
5	471703	1920	2
5	473699	1940	1.5
5	475200	1960	2
5	476259	1980	nan
5	476878	2000	nan
6	34790	240	1.16904519445
6	40087	260	1.4142135623731
6	45467	280	0.5
6	50707	300	1.0690449676497
6	55955	320	0.44721359549996
6	61380	340	1.7224014243685
6	66683	360	1.5055453054182
6	72004	380	0.70710678118655
6	77227	400	1.0954451150103
6	82600	420	2.8284271247462
6	87933	440	6.3639610306789
6	93309	460	1.4142135623731
6	98631	480	2.5166114784236
6	103939	500	0.89442719099992
6	109296	520	0.97590007294853
6	114620	540	nan
6	119968	560	2
6	125197	580	2.8284271247462
6	130493	600	1.3038404810405
6	135796	620	1.2909944487358
6	141088	640	1.7078251276599
6	146372	660	0.57735026918963
6	151764	680	0.89973541084244
6	156997	700	0
6	162412	720	2.3452078799117
6	167806	740	nan
6	172991	760	1.549193338483
6	178414	780	0.57735026918963
6	183668	800	2.2803508501983
6	188962	820	0.98319208025018
6	194273	840	1.5275252316519
6	199629	860	nan
6	205073	880	2.0816659994661
6	210400	900	1.0327955589886
6	215804	920	0.51639777949432
6	221108	940	1
6	226411	960	2.8867513459481
6	231763	980	1.6431676725155
6	237129	1000	1.6733200530682
6	242462	1020	1.2909944487358
6	247844	1040	0.5
6	253179	1060	1.2247448713916
6	258584	1080	1.4142135623731
6	263811	1100	2.5166114784236
6	269073	1120	0.78881063774662
6	274223	1140	2.7080128015453
6	279583	1160	2.3094010767585
6	284872	1180	2.5
6	290229	1200	2.1602468994693
6	295489	1220	1.4832396974191
6	300844	1240	1.5275252316519
6	306161	1260	1.7320508075689
6	311487	1280	2.1213203435596
6	316860	1300	nan
6	322261	1320	nan
6	327596	1340	3.5355339059327
6	332856	1360	1.2583057392118
6	338193	1380	3.7859388972002
6	343518	1400	1.7078251276599
6	348875	1420	1.2649110640674
6	354282	1440	1.7606816861659
6	359625	1460	1.5055453054182
6	364934	1480	1.4142135623731
6	370255	1500	nan
6	375544	1520	0.5
6	380878	1540	1.5275252316519
6	386265	1560	2.1602468994693
6	391604	1580	nan
6	396923	1600	1.7888543819998
6	402205	1620	1.5275252316519
6	407544	1640	2
6	412893	1660	2.3094010767585
6	418212	1680	2.8284271247462
6	423535	1700	0.57735026918963
6	428872	1720	0.54772255750517
6	434160	1740	1.1547005383793
6	439476	1760	1.6020819787597
6	444814	1780	3.0550504633039
6	450092	1800	1.4832396974191
6	454967	1820	nan
6	459255	1840	0
6	463058	1860	nan
6	466378	1880	nan
6	469318	1900	1
6	471703	1920	0
6	473699	1940	0.70710678118655
6	475200	1960	nan
6	476259	1980	nan
6	476878	2000	nan
7	34790	240	1.3666666666667
7	40087	260	2
7	45467	280	0.25
7	50707	300	1.1428571428571
7	55955	320	0.2
7	61380	340	2.9666666666667
7	66683	360	2.2666666666667
7	72004	380	0.5
7	77227	400	1.2
7	82600	420	8
7	87933	440	40.5
7	93309	460	2
7	98631	480	6.3333333333333
7	103939	500	0.8
7	109296	520	0.95238095238095
7	114620	540	nan
7	119968	560	4
7	125197	580	8
7	130493	600	1.7
7	135796	620	1.6666666666667
7	141088	640	2.9166666666667
7	146372	660	0.33333333333333
7	151764	680	0.80952380952381
7	156997	700	0
7	162412	720	5.5
7	167806	740	nan
7	172991	760	2.4
7	178414	780	0.33333333333333
7	183668	800	5.2
7	188962	820	0.96666666666667
7	194273	840	2.3333333333333
7	199629	860	nan
7	205073	880	4.3333333333333
7	210400	900	1.0666666666667
7	215804	920	0.26666666666667
7	221108	940	1
7	226411	960	8.3333333333333
7	231763	980	2.7
7	237129	1000	2.8
7	242462	1020	1.6666666666667
7	247844	1040	0.25
7	253179	1060	1.5
7	258584	1080	2
7	263811	1100	6.3333333333333
7	269073	1120	0.62222222222222
7	274223	1140	7.3333333333333
7	279583	1160	5.3333333333333
7	284872	1180	6.25
7	290229	1200	4.6666666666667
7	295489	1220	2.2
7	300844	1240	2.3333333333333
7	306161	1260	3
7	311487	1280	4.5
7	316860	1300	nan
7	322261	1320	nan
7	327596	1340	12.5
7	332856	1360	1.5833333333333
7	338193	1380	14.333333333333
7	343518	1400	2.9166666666667
7	348875	1420	1.6
7	354282	1440	3.1
7	359625	1460	2.2666666666667
7	364934	1480	2
7	370255	1500	nan
7	375544	1520	0.25
7	380878	1540	2.3333333333333
7	386265	1560	4.6666666666667
7	391604	1580	nan
7	396923	1600	3.2
7	402205	1620	2.3333333333333
7	407544	1640	4
7	412893	1660	5.3333333333333
7	418212	1680	8
7	423535	1700	0.33333333333333
7	428872	1720	0.3
7	434160	1740	1.3333333333333
7	439476	1760	2.5666666666667
7	444814	1780	9.3333333333333
7	450092	1800	2.2
7	454967	1820	nan
7	459255	1840	0
7	463058	1860	nan
7	466378	1880	nan
7	469318	1900	1
7	471703	1920	0
7	473699	1940	0.5
7	475200	1960	nan
7	476259	1980	nan
7	476878	2000	nan
8	34790	240	8.925
8	40087	260	9.0975609756098
8	45467	280	9.15
8	50707	300	9.025641025641
8	55955	320	8.8536585365854
8	61380	340	8.8292682926829
8	66683	360	8.9268292682927
8	72004	380	9.2051282051282
8	77227	400	9.025
8	82600	420	9.2
8	87933	440	9.2564102564103
8	93309	460	8.9512195121951
8	98631	480	8.9512195121951
8	103939	500	9.05
8	109296	520	9.3333333333333
8	114620	540	9.3589743589744
8	119968	560	9.0975609756098
8	125197	580	8.925
8	130493	600	8.95
8	135796	620	8.925
8	141088	640	9.025641025641
8	146372	660	8.9268292682927
8	151764	680	9.125
8	156997	700	9.025
8	162412	720	9.25
8	167806	740	9
8	172991	760	8.825
8	178414	780	9.1463414634146
8	183668	800	8.7560975609756
8	188962	820	9.1538461538462
8	194273	840	8.825
8	199629	860	9.0487804878049
8	205073	880	9.025
8	210400	900	9.15
8	215804	920	9.275
8	221108	940	8.9487179487179
8	226411	960	9.1282051282051
8	231763	980	8.9024390243902
8	237129	1000	9
8	242462	1020	8.7317073170732
8	247844	1040	9
8	253179	1060	9.15
8	258584	1080	9
8	263811	1100	8.780487804878
8	269073	1120	8.7560975609756
8	274223	1140	8.974358974359
8	279583	1160	9
8	284872	1180	8.975
8	290229	1200	9.2
8	295489	1220	8.75
8	300844	1240	8.9756097560976
8	306161	1260	8.8780487804878
8	311487	1280	9.1538461538462
8	316860	1300	9.05
8	322261	1320	9.4358974358974
8	327596	1340	8.9
8	332856	1360	8.925
8	338193	1380	8.975
8	343518	1400	8.9
8	348875	1420	9.0487804878049
8	354282	1440	9.175
8	359625	1460	9.0243902439024
8	364934	1480	8.7560975609756
8	370255	1500	8.9512195121951
8	375544	1520	9.1282051282051
8	380878	1540	9.0512820512821
8	386265	1560	9.3333333333333
8	391604	1580	8.95
8	396923	1600	9.1
8	402205	1620	9.025
8	407544	1640	8.780487804878
8	412893	1660	9.2
8	418212	1680	9.025
8	423535	1700	9
8	428872	1720	8.6829268292683
8	434160	1740	9.0243902439024
8	439476	1760	8.925
8	444814	1780	9.0512820512821
8	450092	1800	8.6829268292683
8	454967	1820	8.8108108108108
8	459255	1840	8.4411764705882
8	463058	1860	8.5
8	466378	1880	8.3333333333333
8	469318	1900	8.2083333333333
8	471703	1920	8.047619047619
8	473699	1940	7.5294117647059
8	475200	1960	7.1333333333333
8	476259	1980	6.4545454545455
8	476878	2000	5.5
9	34790	240	2.2914277264712
9	40087	260	1.6401962999711
9	45467	280	1.5114944209673
9	50707	300	1.9123859372547
9	55955	320	1.8915730967869
9	61380	340	2.1083457854962
9	66683	360	1.979775794155
9	72004	380	1.3014058628933
9	77227	400	1.4760915126936
9	82600	420	1.9108328161517
9	87933	440	1.3710915497467
9	93309	460	2.1441923830687
9	98631	480	2.0242433093899
9	103939	500	2.3088458655288
9	109296	520	1.6754156331668
9	114620	540	1.347261930677
9	119968	560	1.5938142622147
9	125197	580	1.5087352489029
9	130493	600	1.1535897150934
9	135796	620	1.7742820866697
9	141088	640	1.9799944110392
9	146372	660	1.7232272616001
9	151764	680	1.7274184087749
9	156997	700	1.5440124218977
9	162412	720	1.6602440351979
9	167806	740	1.5851878478024
9	172991	760	1.599479081868
9	178414	780	1.6056303374338
9	183668	800	1.8544606736849
9	188962	820	1.5137694592336
9	194273	840	1.8931387585104
9	199629	860	1.5321752431134
9	205073	880	1.6561849890482
9	210400	900	1.3502136583063
9	215804	920	1.3006408676751
9	221108	940	2.1392167522461
9	226411	960	1.5590058772295
9	231763	980	2.1307848090408
9	237129	1000	2.0124611797498
9	242462	1020	1.9238553771516
9	247844	1040	2.0124611797498
9	253179	1060	2.0822817859016
9	258584	1080	2.0248456731317
9	263811	1100	1.837283254182
9	269073	1120	2.1997782593352
9	274223	1140	1.7394369852458
9	279583	1160	1.9081471748861
9	284872	1180	1.6868647902286
9	290229	1200	1.7126976771554
9	295489	1220	1.9181989415822
9	300844	1240	1.968347084206
9	306161	1260	2.0639176576504
9	311487	1280	1.6309258193861
9	316860	1300	1.1311441904051
9	322261	1320	1.2522584186575
9	327596	1340	1.836942833721
9	332856	1360	1.7004901254246
9	338193	1380	1.7318657495196
9	343518	1400	1.7364862842489
9	348875	1420	2.0487950057558
9	354282	1440	1.6929340332764
9	359625	1460	1.890605787546
9	364934	1480	2.0221336232415
9	370255	1500	1.5961080714067
9	375544	1520	1.3988620785159
9	380878	1540	1.6850537700107
9	386265	1560	1.7966831037884
9	391604	1580	2.0248456731317
9	396923	1600	1.6763819404469
9	402205	1620	2.1895731933943
9	407544	1640	1.9301838658785
9	412893	1660	1.4535544409552
9	418212	1680	1.9412855904245
9	423535	1700	1.6172150801253
9	428872	1720	2.1146988484208
9	434160	1740	1.6505727017925
9	439476	1760	1.7886752009124
9	444814	1780	2.1268795767845
9	450092	1800	2.054738722931
9	454967	1820	1.2875005466631
9	459255	1840	1.6549499025758
9	463058	1860	1.5028708160235
9	466378	1880	1.6408253082847
9	469318	1900	1.7440374613714
9	471703	1920	1.8296499795368
9	473699	1940	1.8411153908305
9	475200	1960	1.2459458063579
9	476259	1980	1.2135597524338
9	476878	2000	1.4142135623731
10	34790	240	5.250641025641
10	40087	260	2.690243902439
10	45467	280	2.2846153846154
10	50707	300	3.6572199730094
10	55955	320	3.5780487804878
10	61380	340	4.4451219512195
10	66683	360	3.919512195122
10	72004	380	1.693657219973
10	77227	400	2.1788461538462
10	82600	420	3.6512820512821
10	87933	440	1.8798920377868
10	93309	460	4.5975609756098
10	98631	480	4.0975609756098
10	103939	500	5.3307692307692
10	109296	520	2.8070175438596
10	114620	540	1.8151147098516
10	119968	560	2.540243902439
10	125197	580	2.2762820512821
10	130493	600	1.3307692307692
10	135796	620	3.1480769230769
10	141088	640	3.9203778677463
10	146372	660	2.969512195122
10	151764	680	2.9839743589744
10	156997	700	2.3839743589744
10	162412	720	2.7564102564103
10	167806	740	2.5128205128205
10	172991	760	2.5583333333333
10	178414	780	2.5780487804878
10	183668	800	3.4390243902439
10	188962	820	2.2914979757085
10	194273	840	3.5839743589744
10	199629	860	2.3475609756098
10	205073	880	2.7429487179487
10	210400	900	1.8230769230769
10	215804	920	1.6916666666667
10	221108	940	4.5762483130904
10	226411	960	2.4304993252362
10	231763	980	4.540243902439
10	237129	1000	4.05
10	242462	1020	3.7012195121951
10	247844	1040	4.05
10	253179	1060	4.3358974358974
10	258584	1080	4.1
10	263811	1100	3.3756097560976
10	269073	1120	4.8390243902439
10	274223	1140	3.025641025641
10	279583	1160	3.6410256410256
10	284872	1180	2.8455128205128
10	290229	1200	2.9333333333333
10	295489	1220	3.6794871794872
10	300844	1240	3.8743902439024
10	306161	1260	4.259756097561
10	311487	1280	2.6599190283401
10	316860	1300	1.2794871794872
10	322261	1320	1.5681511470985
10	327596	1340	3.374358974359
10	332856	1360	2.8916666666667
10	338193	1380	2.999358974359
10	343518	1400	3.0153846153846
10	348875	1420	4.1975609756098
10	354282	1440	2.8660256410256
10	359625	1460	3.5743902439024
10	364934	1480	4.0890243902439
10	370255	1500	2.5475609756098
10	375544	1520	1.9568151147099
10	380878	1540	2.8394062078273
10	386265	1560	3.2280701754386
10	391604	1580	4.1
10	396923	1600	2.8102564102564
10	402205	1620	4.7942307692308
10	407544	1640	3.7256097560976
10	412893	1660	2.1128205128205
10	418212	1680	3.7685897435897
10	423535	1700	2.6153846153846
10	428872	1720	4.4719512195122
10	434160	1740	2.7243902439024
10	439476	1760	3.199358974359
10	444814	1780	4.523616734143
10	450092	1800	4.2219512195122
10	454967	1820	1.6576576576577
10	459255	1840	2.7388591800357
10	463058	1860	2.2586206896552
10	466378	1880	2.6923076923077
10	469318	1900	3.0416666666667
10	471703	1920	3.347619047619
10	473699	1940	3.3897058823529
10	475200	1960	1.552380952381
10	476259	1980	1.4727272727273
10	476878	2000	2
11	34790	240	281.95137264961
11	40087	260	178.08766618941
11	45467	280	183.21287077041
11	50707	300	321.41560549177
11	55955	320	229.6698189459
11	61380	340	277.76168103135
11	66683	360	277.37008037318
11	72004	380	93.321700715856
11	77227	400	238.8868268837
11	82600	420	92.734292685198
11	87933	440	90.937719781584
11	93309	460	89.984667264888
11	98631	480	141.86267050658
11	103939	500	227.55901935239
11	109296	520	328.45248309522
11	114620	540	45.938289908101
11	119968	560	140.92415738463
11	125197	580	90.614696618064
11	130493	600	235.85206429877
11	135796	620	185.98315601316
11	141088	640	188.90309083558
11	146372	660	185.67787628632
11	151764	680	325.4662266028
11	156997	700	93.346618528804
11	162412	720	283.49489748181
11	167806	740	0
11	172991	760	275.46426486372
11	178414	780	154.46481936577
11	183668	800	222.35868303222
11	188962	820	283.29564775971
11	194273	840	138.76248826008
11	199629	860	52.696501258436
11	205073	880	136.10210366629
11	210400	900	279.76900981443
11	215804	920	280.53464750373
11	221108	940	137.1064597448
11	226411	960	138.36833504805
11	231763	980	273.80140491873
11	237129	1000	239.72594815602
11	242462	1020	185.20607690313
11	247844	1040	186.63812293432
11	253179	1060	231.53016643002
11	258584	1080	91.277092695702
11	263811	1100	137.68622309394
11	269073	1120	461.52869113101
11	274223	1140	184.07134601314
11	279583	1160	138.92713655164
11	284872	1180	189.86913220403
11	290229	1200	182.263331759
11	295489	1220	232.14342456985
11	300844	1240	138.73661539331
11	306161	1260	179.84109136212
11	311487	1280	91.581996851382
11	316860	1300	45.672536488205
11	322261	1320	45.3284132412
11	327596	1340	90.543338315779
11	332856	1360	181.00989413979
11	338193	1380	139.32960307905
11	343518	1400	187.96211834742
11	348875	1420	286.60025075954
11	354282	1440	280.04878371563
11	359625	1460	281.78714089467
11	364934	1480	90.602344124573
11	370255	1500	45.420793929163
11	375544	1520	179.95348013161
11	380878	1540	134.15298462623
11	386265	1560	181.53477776383
11	391604	1580	44.466002550045
11	396923	1600	230.06588195226
11	402205	1620	150.53094631107
11	407544	1640	139.88934543841
11	412893	1660	138.57825248359
11	418212	1680	90.758608492127
11	423535	1700	138.48889339788
11	428872	1720	233.35510093237
11	434160	1740	139.87472679357
11	439476	1760	277.59992045515
11	444814	1780	137.55980512545
11	450092	1800	230.50563874192
11	454967	1820	45.412977998404
11	459255	1840	140.97556588199
11	463058	1860	0
11	466378	1880	46.164403928542
11	469318	1900	139.08113801537
11	471703	1920	138.94759872158
11	473699	1940	93.266894454216
11	475200	1960	45.256490888786
11	476259	1980	0
11	476878	2000	0
12	34790	240	46.991895441601
12	40087	260	44.521916547352
12	45467	280	45.803217692603
12	50707	300	45.916515070253
12	55955	320	45.933963789181
12	61380	340	46.293613505225
12	66683	360	46.228346728864
12	72004	380	46.660850357928
12	77227	400	47.77736537674
12	82600	420	46.367146342599
12	87933	440	45.468859890792
12	93309	460	44.992333632444
12	98631	480	47.287556835525
12	103939	500	45.511803870477
12	109296	520	46.921783299318
12	114620	540	45.938289908101
12	119968	560	46.97471912821
12	125197	580	45.307348309032
12	130493	600	47.170412859755
12	135796	620	46.495789003289
12	141088	640	47.225772708894
12	146372	660	46.41946907158
12	151764	680	46.495175228972
12	156997	700	46.673309264402
12	162412	720	47.249149580301
12	167806	740	nan
12	172991	760	45.910710810619
12	178414	780	51.488273121923
12	183668	800	44.471736606444
12	188962	820	47.215941293285
12	194273	840	46.254162753361
12	199629	860	52.696501258436
12	205073	880	45.367367888765
12	210400	900	46.628168302406
12	215804	920	46.755774583956
12	221108	940	45.702153248266
12	226411	960	46.12277834935
12	231763	980	45.633567486455
12	237129	1000	47.945189631203
12	242462	1020	46.301519225782
12	247844	1040	46.659530733579
12	253179	1060	46.306033286003
12	258584	1080	45.638546347851
12	263811	1100	45.895407697981
12	269073	1120	46.152869113101
12	274223	1140	46.017836503286
12	279583	1160	46.309045517214
12	284872	1180	47.467283051007
12	290229	1200	45.565832939749
12	295489	1220	46.42868491397
12	300844	1240	46.245538464435
12	306161	1260	44.96027284053
12	311487	1280	45.790998425691
12	316860	1300	45.672536488205
12	322261	1320	45.3284132412
12	327596	1340	45.27166915789
12	332856	1360	45.252473534947
12	338193	1380	46.443201026351
12	343518	1400	46.990529586854
12	348875	1420	47.766708459923
12	354282	1440	46.674797285938
12	359625	1460	46.964523482446
12	364934	1480	45.301172062286
12	370255	1500	45.420793929163
12	375544	1520	44.988370032903
12	380878	1540	44.717661542078
12	386265	1560	45.383694440957
12	391604	1580	44.466002550045
12	396923	1600	46.013176390452
12	402205	1620	50.176982103689
12	407544	1640	46.629781812802
12	412893	1660	46.192750827864
12	418212	1680	45.379304246063
12	423535	1700	46.162964465959
12	428872	1720	46.671020186474
12	434160	1740	46.624908931191
12	439476	1760	46.266653409192
12	444814	1780	45.853268375151
12	450092	1800	46.101127748384
12	454967	1820	45.412977998404
12	459255	1840	46.991855293998
12	463058	1860	nan
12	466378	1880	46.164403928542
12	469318	1900	46.360379338458
12	471703	1920	46.315866240526
12	473699	1940	46.633447227108
12	475200	1960	45.256490888786
12	476259	1980	nan
12	476878	2000	nan
13	34790	240	4.6636325352268
13	40087	260	2.6686976776939
13	45467	280	1.0525062526675
13	50707	300	1.3589211269397
13	55955	320	2.0177837929419
13	61380	340	1.201900423609
13	66683	360	2.779775859638
13	72004	380	2.8827681433894
13	77227	400	3.0977820922424
13	82600	420	1.9214824977314
13	87933	440	1.1681661625323
13	93309	460	0.36878991509428
13	98631	480	1.9407174891891
13	103939	500	0.3722197512163
13	109296	520	1.9421650389289
13	114620	540	nan
13	119968	560	2.9729775214934
13	125197	580	0.35605769800593
13	130493	600	1.3334061636717
13	135796	620	2.0439300522055
13	141088	640	1.761453006229
13	146372	660	0.98394908938436
13	151764	680	3.1337144366086
13	156997	700	0.1629406207919
13	162412	720	2.6968687825943
13	167806	740	nan
13	172991	760	1.337678283318
13	178414	780	4.3401376610656
13	183668	800	2.2868223747685
13	188962	820	1.7510618013938
13	194273	840	1.6399142667271
13	199629	860	nan
13	205073	880	1.4194570001641
13	210400	900	1.3184702317318
13	215804	920	1.3088254437097
13	221108	940	1.3199942940198
13	226411	960	0.82245660694135
13	231763	980	1.3085266854153
13	237129	1000	3.623296432287
13	242462	1020	1.4201737563257
13	247844	1040	1.0555873334324
13	253179	1060	4.4549502568325
13	258584	1080	2.2618593880072
13	263811	1100	0.68302051495284
13	269073	1120	1.310846629465
13	274223	1140	0.81537725169606
13	279583	1160	1.4431327404458
13	284872	1180	2.2882553817003
13	290229	1200	1.5796179543257
13	295489	1220	0.96434128150312
13	300844	1240	1.3345248787969
13	306161	1260	1.2370675681382
13	311487	1280	1.246534332777
13	316860	1300	nan
13	322261	1320	nan
13	327596	1340	0.19153466813263
13	332856	1360	1.6220055943109
13	338193	1380	1.6897089484937
13	343518	1400	2.3004437898043
13	348875	1420	3.0934275278585
13	354282	1440	1.6519843143235
13	359625	1460	3.0149767263176
13	364934	1480	0.33968178726058
13	370255	1500	nan
13	375544	1520	1.0570670420158
13	380878	1540	1.5555828944233
13	386265	1560	1.3002571593136
13	391604	1580	nan
13	396923	1600	0.88587495483649
13	402205	1620	6.2815651927338
13	407544	1640	1.1616178016476
13	412893	1660	1.0721919276011
13	418212	1680	0.73905473973123
13	423535	1700	0.45700902955188
13	428872	1720	1.3415066155741
13	434160	1740	1.3813805223724
13	439476	1760	0.98960857644962
13	444814	1780	2.2959843617659
13	450092	1800	0.79271419186278
13	454967	1820	nan
13	459255	1840	0.9338774279053
13	463058	1860	nan
13	466378	1880	nan
13	469318	1900	0.46472931551078
13	471703	1920	1.6417876220127
13	473699	1940	2.1350783979095
13	475200	1960	nan
13	476259	1980	nan
13	476878	2000	nan
14	34790	240	21.749468423626
14	40087	260	7.1219472949288
14	45467	280	1.1077694119043
14	50707	300	1.8466666292431
14	55955	320	4.0714514350592
14	61380	340	1.4445646282714
14	66683	360	7.727153829826
14	72004	380	8.3103521685406
14	77227	400	9.5962538910178
14	82600	420	3.6920949890882
14	87933	440	1.3646121832855
14	93309	460	0.13600600147525
14	98631	480	3.7663843728443
14	103939	500	0.13854754319552
14	109296	520	3.7720050384377
14	114620	540	nan
14	119968	560	8.8385953433049
14	125197	580	0.12677708430928
14	130493	600	1.7779719973177
14	135796	620	4.1776500583087
14	141088	640	3.102716693153
14	146372	660	0.9681558105003
14	151764	680	9.8201661702092
14	156997	700	0.02654964590405
14	162412	720	7.2731012305318
14	167806	740	nan
14	172991	760	1.7893831896606
14	178414	780	18.836794917
14	183668	800	5.2295565737417
14	188962	820	3.0662174323005
14	194273	840	2.689318802215
14	199629	860	nan
14	205073	880	2.014858175315
14	210400	900	1.738363751963
14	215804	920	1.7130240421019
14	221108	940	1.7423849362448
14	226411	960	0.67643487030147
14	231763	980	1.7122420864438
14	237129	1000	13.128277036224
14	242462	1020	2.0168934981562
14	247844	1040	1.1142646185029
14	253179	1060	19.846581790852
14	258584	1080	5.1160078911164
14	263811	1100	0.46651702384644
14	269073	1120	1.7183188859797
14	274223	1140	0.66484006258342
14	279583	1160	2.0826321065466
14	284872	1180	5.2361126918806
14	290229	1200	2.495192881628
14	295489	1220	0.92995410721107
14	300844	1240	1.780956652128
14	306161	1260	1.5303361681394
14	311487	1280	1.5538478427919
14	316860	1300	nan
14	322261	1320	nan
14	327596	1340	0.036685529096677
14	332856	1360	2.6309021479759
14	338193	1380	2.8551163306196
14	343518	1400	5.2920416300492
14	348875	1420	9.5692938701127
14	354282	1440	2.7290521747708
14	359625	1460	9.0900846602369
14	364934	1480	0.11538371659654
14	370255	1500	nan
14	375544	1520	1.117390731316
14	380878	1540	2.4198381414225
14	386265	1560	1.6906686803463
14	391604	1580	nan
14	396923	1600	0.78477443560655
14	402205	1620	39.458061270565
14	407544	1640	1.3493559171045
14	412893	1660	1.1495955296129
14	418212	1680	0.5462019083192
14	423535	1700	0.20885725309195
14	428872	1720	1.7996399996291
14	434160	1740	1.9082121475899
14	439476	1760	0.97932513458264
14	444814	1780	5.2715441894737
14	450092	1800	0.62839578998066
14	454967	1820	nan
14	459255	1840	0.87212705035101
14	463058	1860	nan
14	466378	1880	nan
14	469318	1900	0.21597333669511
14	471703	1920	2.6954665957942
14	473699	1940	4.5585597652199
14	475200	1960	nan
14	476259	1980	nan
14	476878	2000	nan
15	34790	240	268.79072934509
15	40087	260	178.81923834777
15	45467	280	177.74143249237
15	50707	300	404.00345141568
15	55955	320	223.40858334603
15	61380	340	269.93314091487
15	66683	360	314.92826937131
15	72004	380	90.934848021606
15	77227	400	226.44210661769
15	82600	420	89.937736003005
15	87933	440	89.963458582267
15	93309	460	88.833323630575
15	98631	480	137.45978015065
15	103939	500	222.92940730218
15	109296	520	315.69971555064
15	114620	540	45.01915595482
15	119968	560	134.22219279972
15	125197	580	132.89206029509
15	130493	600	223.31518127437
15	135796	620	177.52436463938
15	141088	640	224.29340468954
15	146372	660	177.06836797212
15	151764	680	314.89438427931
15	156997	700	89.865998869963
15	162412	720	271.28455475175
15	167806	740	0
15	172991	760	356.34208285646
15	178414	780	138.13567216043
15	183668	800	223.58096494988
15	188962	820	270.51132102485
15	194273	840	180.11195591012
15	199629	860	92.631214571558
15	205073	880	134.58704574181
15	210400	900	317.35947270302
15	215804	920	314.07765791858
15	221108	940	133.68518158745
15	226411	960	133.7806372126
15	231763	980	359.98831583514
15	237129	1000	227.03093192382
15	242462	1020	180.21730427173
15	247844	1040	181.17298907076
15	253179	1060	223.8537817605
15	258584	1080	88.958007167054
15	263811	1100	134.25634897503
15	269073	1120	446.06597734303
15	274223	1140	178.16185461444
15	279583	1160	134.46480668691
15	284872	1180	179.9758529221
15	290229	1200	178.42381606182
15	295489	1220	267.30637317019
15	300844	1240	136.55510604401
15	306161	1260	179.13669252425
15	311487	1280	89.729479105126
15	316860	1300	44.087008582686
15	322261	1320	44.771192699464
15	327596	1340	89.351308387607
15	332856	1360	177.24663719544
15	338193	1380	133.80727907942
15	343518	1400	224.79690266779
15	348875	1420	271.7828359474
15	354282	1440	272.66784430337
15	359625	1460	318.17444528383
15	364934	1480	136.67432884615
15	370255	1500	44.483007945769
15	375544	1520	178.34962614974
15	380878	1540	134.59194225414
15	386265	1560	178.98243642237
15	391604	1580	44.466002550045
15	396923	1600	223.23991924301
15	402205	1620	136.34500568674
15	407544	1640	180.06916889361
15	412893	1660	134.58097735326
15	418212	1680	88.828438822658
15	423535	1700	134.79954349256
15	428872	1720	274.14489163638
15	434160	1740	221.70356815416
15	439476	1760	316.55134687968
15	444814	1780	132.96415434144
15	450092	1800	224.31337601418
15	454967	1820	44.182631453721
15	459255	1840	136.16170069418
15	463058	1860	0
15	466378	1880	44.371417883742
15	469318	1900	135.90872751696
15	471703	1920	183.30217886979
15	473699	1940	89.678177882059
15	475200	1960	44.888961954438
15	476259	1980	0
15	476878	2000	0
16	34790	240	44.798454890848
16	40087	260	44.704809586943
16	45467	280	44.435358123093
16	50707	300	44.889272379521
16	55955	320	44.681716669206
16	61380	340	44.988856819146
16	66683	360	44.98975276733
16	72004	380	45.467424010803
16	77227	400	45.288421323538
16	82600	420	44.968868001503
16	87933	440	44.981729291133
16	93309	460	44.416661815287
16	98631	480	45.819926716882
16	103939	500	44.585881460436
16	109296	520	45.099959364377
16	114620	540	45.01915595482
16	119968	560	44.740730933239
16	125197	580	44.297353431695
16	130493	600	44.663036254874
16	135796	620	44.381091159846
16	141088	640	44.858680937909
16	146372	660	44.26709199303
16	151764	680	44.984912039902
16	156997	700	44.932999434981
16	162412	720	45.214092458626
16	167806	740	nan
16	172991	760	44.542760357058
16	178414	780	46.045224053476
16	183668	800	44.716192989976
16	188962	820	45.085220170808
16	194273	840	45.027988977531
16	199629	860	46.315607285779
16	205073	880	44.862348580605
16	210400	900	45.337067529003
16	215804	920	44.868236845511
16	221108	940	44.561727195818
16	226411	960	44.593545737532
16	231763	980	44.998539479393
16	237129	1000	45.406186384763
16	242462	1020	45.054326067932
16	247844	1040	45.29324726769
16	253179	1060	44.7707563521
16	258584	1080	44.479003583527
16	263811	1100	44.752116325011
16	269073	1120	44.606597734303
16	274223	1140	44.54046365361
16	279583	1160	44.821602228971
16	284872	1180	44.993963230525
16	290229	1200	44.605954015456
16	295489	1220	44.551062195031
16	300844	1240	45.518368681337
16	306161	1260	44.784173131063
16	311487	1280	44.864739552563
16	316860	1300	44.087008582686
16	322261	1320	44.771192699464
16	327596	1340	44.675654193803
16	332856	1360	44.311659298861
16	338193	1380	44.602426359805
16	343518	1400	44.959380533559
16	348875	1420	45.297139324567
16	354282	1440	45.444640717229
16	359625	1460	45.453492183405
16	364934	1480	45.558109615383
16	370255	1500	44.483007945769
16	375544	1520	44.587406537435
16	380878	1540	44.863980751381
16	386265	1560	44.745609105591
16	391604	1580	44.466002550045
16	396923	1600	44.647983848602
16	402205	1620	45.448335228912
16	407544	1640	45.017292223401
16	412893	1660	44.860325784419
16	418212	1680	44.414219411329
16	423535	1700	44.933181164187
16	428872	1720	45.69081527273
16	434160	1740	44.340713630832
16	439476	1760	45.221620982812
16	444814	1780	44.32138478048
16	450092	1800	44.862675202837
16	454967	1820	44.182631453721
16	459255	1840	45.387233564727
16	463058	1860	nan
16	466378	1880	44.371417883742
16	469318	1900	45.302909172321
16	471703	1920	45.825544717447
16	473699	1940	44.83908894103
16	475200	1960	44.888961954438
16	476259	1980	nan
16	476878	2000	nan
17	34790	240	1.5611800877168
17	40087	260	0.29338856892971
17	45467	280	0.27901556756015
17	50707	300	0.89850511578665
17	55955	320	0.75521458615125
17	61380	340	0.96553354964344
17	66683	360	1.2184497012202
17	72004	380	1.6788971335249
17	77227	400	1.082987213967
17	82600	420	0.5124814185002
17	87933	440	0.70089040228206
17	93309	460	0.17827644338317
17	98631	480	1.5370543765924
17	103939	500	0.48104206335288
17	109296	520	1.0140962472409
17	114620	540	nan
17	119968	560	0.76895876289876
17	125197	580	0.35273646480496
17	130493	600	0.60395570964127
17	135796	620	0.36422435869506
17	141088	640	0.53321784393523
17	146372	660	0.22612152430221
17	151764	680	1.657175488276
17	156997	700	0.47654663870966
17	162412	720	1.4439380603353
17	167806	740	nan
17	172991	760	0.40332639853476
17	178414	780	1.485379590549
17	183668	800	0.59627964048089
17	188962	820	1.2046894482783
17	194273	840	0.8223362803024
17	199629	860	0.11432623022428
17	205073	880	0.28005185719064
17	210400	900	1.093582892955
17	215804	920	0.98636951887822
17	221108	940	0.30857958155167
17	226411	960	0.3980480229399
17	231763	980	0.98466558022671
17	237129	1000	1.249582488091
17	242462	1020	0.65216172355266
17	247844	1040	2.2422029808895
17	253179	1060	1.8706065360586
17	258584	1080	0.93608113206656
17	263811	1100	0.88397030365625
17	269073	1120	0.98277716480855
17	274223	1140	0.72551570536175
17	279583	1160	0.79789876206338
17	284872	1180	0.73634474852091
17	290229	1200	0.44856823895423
17	295489	1220	0.39404887670034
17	300844	1240	0.930042927518
17	306161	1260	0.84068992111051
17	311487	1280	0.27626730833195
17	316860	1300	nan
17	322261	1320	nan
17	327596	1340	0.1587533681933
17	332856	1360	0.26778378806963
17	338193	1380	0.361855396343
17	343518	1400	0.8238470390888
17	348875	1420	1.4258555833604
17	354282	1440	1.2674829550357
17	359625	1460	2.0078780542236
17	364934	1480	1.2794497602197
17	370255	1500	nan
17	375544	1520	0.33708881692686
17	380878	1540	0.19912505607089
17	386265	1560	0.50942253918736
17	391604	1580	nan
17	396923	1600	0.52802572958091
17	402205	1620	0.91538047111926
17	407544	1640	0.7097861719582
17	412893	1660	0.75697866115937
17	418212	1680	0.29200651291026
17	423535	1700	0.28915313430739
17	428872	1720	1.2313540667316
17	434160	1740	0.14123615482909
17	439476	1760	1.0207008034899
17	444814	1780	0.20520889299926
17	450092	1800	0.64752011435655
17	454967	1820	nan
17	459255	1840	1.0195853507595
17	463058	1860	nan
17	466378	1880	nan
17	469318	1900	0.22997540522903
17	471703	1920	1.4862562790039
17	473699	1940	0.1368368612749
17	475200	1960	nan
17	476259	1980	nan
17	476878	2000	nan
18	34790	240	2.4372832662835
18	40087	260	0.086076852378623
18	45467	280	0.077849686940914
18	50707	300	0.80731144309478
18	55955	320	0.5703490711356
18	61380	340	0.93225503548707
18	66683	360	1.4846196744036
18	72004	380	2.818695584958
18	77227	400	1.1728613056161
18	82600	420	0.26263720430797
18	87933	440	0.49124735601111
18	93309	460	0.031782490265352
18	98631	480	2.3625361566018
18	103939	500	0.2314014667148
18	109296	520	1.0283911986681
18	114620	540	nan
18	119968	560	0.59129757903879
18	125197	580	0.1244230136031
18	130493	600	0.3647624992083
18	135796	620	0.13265938346683
18	141088	640	0.28432126909093
18	146372	660	0.051130943752754
18	151764	680	2.7462305989427
18	156997	700	0.22709669886548
18	162412	720	2.0849571220849
18	167806	740	nan
18	172991	760	0.16267218375502
18	178414	780	2.2063525280196
18	183668	800	0.35554940965202
18	188962	820	1.4512766667931
18	194273	840	0.67623695790159
18	199629	860	0.013070486917294
18	205073	880	0.078429042715928
18	210400	900	1.1959235437638
18	215804	920	0.97292482777205
18	221108	940	0.095221358150606
18	226411	960	0.15844222856637
18	231763	980	0.96956630488321
18	237129	1000	1.5614563945437
18	242462	1020	0.42531491366717
18	247844	1040	5.0274742075096
18	253179	1060	3.4991688127451
18	258584	1080	0.87624788581101
18	263811	1100	0.78140349774612
18	269073	1120	0.96585095566913
18	274223	1140	0.52637303872656
18	279583	1160	0.63664243450227
18	284872	1180	0.54220358867432
18	290229	1200	0.2012134649985
18	295489	1220	0.1552745172288
18	300844	1240	0.86497984702626
18	306161	1260	0.7067595434568
18	311487	1280	0.076323625652981
18	316860	1300	nan
18	322261	1320	nan
18	327596	1340	0.025202631912717
18	332856	1360	0.071708157152919
18	338193	1380	0.13093932786255
18	343518	1400	0.67872394381538
18	348875	1420	2.0330641446
18	354282	1440	1.6065130413061
18	359625	1460	4.0315742806328
18	364934	1480	1.6369916889262
18	370255	1500	nan
18	375544	1520	0.11362887049715
18	380878	1540	0.039650787955234
18	386265	1560	0.2595113234321
18	391604	1580	nan
18	396923	1600	0.27881117109946
18	402205	1620	0.83792140690651
18	407544	1640	0.50379640990308
18	412893	1660	0.57301669345063
18	418212	1680	0.08526780358201
18	423535	1700	0.08360953507979
18	428872	1720	1.5162328376564
18	434160	1740	0.019947651430906
18	439476	1760	1.0418301302448
18	444814	1780	0.042110689765982
18	450092	1800	0.41928229849631
18	454967	1820	nan
18	459255	1840	1.0395542874834
18	463058	1860	nan
18	466378	1880	nan
18	469318	1900	0.052888687010255
18	471703	1920	2.2089577268787
18	473699	1940	0.018724326603567
18	475200	1960	nan
18	476259	1980	nan
18	476878	2000	nan
19	34790	240	1528.6832939768
19	40087	260	1567.6403573187
19	45467	280	1482.6853393348
19	50707	300	1333.2104298968
19	55955	320	1304.4317778453
19	61380	340	1380.0253423476
19	66683	360	1382.076362268
19	72004	380	1418.825836506
19	77227	400	1136.0980035142
19	82600	420	1331.3130991505
19	87933	440	1675.1558270121
19	93309	460	1654.8474884672
19	98631	480	1711.6470475369
19	103939	500	1556.0715234787
19	109296	520	1494.1604640712
19	114620	540	1513.9511912367
19	119968	560	1708.5763343035
19	125197	580	1589.9153980924
19	130493	600	1629.7866676571
19	135796	620	1508.4451225756
19	141088	640	1543.4484979061
19	146372	660	1465.3579393545
19	151764	680	1504.863122699
19	156997	700	1475.6126816332
19	162412	720	1561.0597415465
19	167806	740	1601.1223890694
19	172991	760	1385.390392334
19	178414	780	1431.427334759
19	183668	800	1565.4094207545
19	188962	820	1516.6560231556
19	194273	840	1569.5015687711
19	199629	860	1513.8388434448
19	205073	880	1517.0426689958
19	210400	900	1470.692316087
19	215804	920	1549.5248837751
19	221108	940	1531.5888700148
19	226411	960	1665.6301503976
19	231763	980	1478.8968541425
19	237129	1000	1626.7538999926
19	242462	1020	1609.5480470923
19	247844	1040	1444.9606920679
19	253179	1060	1349.9298010521
19	258584	1080	1422.8784755851
19	263811	1100	1707.5676948156
19	269073	1120	1202.9699473353
19	274223	1140	1631.5689628003
19	279583	1160	1615.8524876686
19	284872	1180	1640.3791790131
19	290229	1200	1666.9677283472
19	295489	1220	1549.2430582651
19	300844	1240	1676.8572803696
19	306161	1260	1546.9556345926
19	311487	1280	1487.7811276047
19	316860	1300	1405.40640434
19	322261	1320	1325.2198451038
19	327596	1340	1515.9934115463
19	332856	1360	1381.0732332722
19	338193	1380	1524.6253255058
19	343518	1400	1277.5004263242
19	348875	1420	1526.6800803573
19	354282	1440	1563.9638293865
19	359625	1460	1534.7792758912
19	364934	1480	1688.1225472095
19	370255	1500	1732.3505011586
19	375544	1520	1402.6711296445
19	380878	1540	1328.6447395334
19	386265	1560	1241.9078241394
19	391604	1580	1453.8733481075
19	396923	1600	1514.9512605044
19	402205	1620	1620.9702080456
19	407544	1640	1498.6025482646
19	412893	1660	1622.5597878143
19	418212	1680	1646.8827340312
19	423535	1700	1508.7103358428
19	428872	1720	1571.8558308365
19	434160	1740	1384.3370968677
19	439476	1760	1535.6686820096
19	444814	1780	1603.1081505646
19	450092	1800	1574.5528552496
19	454967	1820	1501.1960324352
19	459255	1840	1409.8398458567
19	463058	1860	1327.1376051618
19	466378	1880	1150.6592828737
19	469318	1900	932.26375038481
19	471703	1920	783.80712307732
19	473699	1940	701.52466710764
19	475200	1960	650.13912351895
19	476259	1980	505.3939835185
19	476878	2000	377.34814822871
20	34790	240	46.323736181115
20	40087	260	46.107069332902
20	45467	280	46.333916854214
20	50707	300	45.972773444718
20	55955	320	46.586849208762
20	61380	340	46.000844744921
20	66683	360	46.0692120756
20	72004	380	45.768575371161
20	77227	400	45.443920140569
20	82600	420	45.907348246569
20	87933	440	45.274481811137
20	93309	460	45.967985790757
20	98631	480	46.260731014512
20	103939	500	45.766809514079
20	109296	520	46.692514502226
20	114620	540	45.877308825355
20	119968	560	46.17773876496
20	125197	580	46.762217590952
20	130493	600	46.565333361632
20	135796	620	47.138910080487
20	141088	640	46.771166603214
20	146372	660	47.269610946918
20	151764	680	47.026972584343
20	156997	700	46.112896301037
20	162412	720	45.91352181019
20	167806	740	45.74635397341
20	172991	760	46.179679744467
20	178414	780	46.175075314806
20	183668	800	46.041453551604
20	188962	820	45.959273428958
20	194273	840	46.16181084621
20	199629	860	45.873904346812
20	205073	880	45.97098996957
20	210400	900	45.95913487772
20	215804	920	46.955299508336
20	221108	940	46.411783939842
20	226411	960	46.267504177712
20	231763	980	46.215526691954
20	237129	1000	46.478682856933
20	242462	1020	45.98708705978
20	247844	1040	46.611635227998
20	253179	1060	46.549303484555
20	258584	1080	45.899305664034
20	263811	1100	46.150478238259
20	269073	1120	46.26807489751
20	274223	1140	46.616256080008
20	279583	1160	46.167213933389
20	284872	1180	46.867976543231
20	290229	1200	46.304659120757
20	295489	1220	46.946759341366
20	300844	1240	46.579368899156
20	306161	1260	46.877443472502
20	311487	1280	46.493160237646
20	316860	1300	46.846880144667
20	322261	1320	45.697236038062
20	327596	1340	45.939194289282
20	332856	1360	46.035774442406
20	338193	1380	46.200767439568
20	343518	1400	45.625015225866
20	348875	1420	46.263032738099
20	354282	1440	45.998936158427
20	359625	1460	46.508462905794
20	364934	1480	45.624933708365
20	370255	1500	45.588171083121
20	375544	1520	45.247455794983
20	380878	1540	45.815335845979
20	386265	1560	45.996586079238
20	391604	1580	45.433542128359
20	396923	1600	45.907613954678
20	402205	1620	46.313434515588
20	407544	1640	46.831329633268
20	412893	1660	46.358851080409
20	418212	1680	45.746742611977
20	423535	1700	45.718495025539
20	428872	1720	46.231053848133
20	434160	1740	46.144569895588
20	439476	1760	46.53541460635
20	444814	1780	45.803090016132
20	450092	1800	46.310378095575
20	454967	1820	45.490788861673
20	459255	1840	45.478704705056
20	463058	1860	45.763365695235
20	466378	1880	46.026371314947
20	469318	1900	46.61318751924
20	471703	1920	46.10630135749
20	473699	1940	46.768311140509
20	475200	1960	46.438508822782
20	476259	1980	45.944907592591
20	476878	2000	47.168518528589
21	34790	240	2.6845020936975
21	40087	260	2.0238987218621
21	45467	280	2.047898072242
21	50707	300	1.6528060059526
21	55955	320	1.8468879139349
21	61380	340	2.4849019762422
21	66683	360	2.2707971566415
21	72004	380	2.6595907737404
21	77227	400	2.0422086259809
21	82600	420	1.6207463673896
21	87933	440	2.1056162176134
21	93309	460	2.4885701263956
21	98631	480	3.2929525062645
21	103939	500	2.4414561190985
21	109296	520	2.4512892273671
21	114620	540	2.4119379199364
21	119968	560	2.609857700637
21	125197	580	3.2441168647597
21	130493	600	2.2665576188405
21	135796	620	2.6334673876609
21	141088	640	2.4820753370228
21	146372	660	2.5442514638581
21	151764	680	2.5181497897227
21	156997	700	2.3486115996983
21	162412	720	2.2886699266798
21	167806	740	2.325606091283
21	172991	760	2.0418615248543
21	178414	780	2.614995240708
21	183668	800	2.2464581536516
21	188962	820	2.2577748867508
21	194273	840	2.1951334828107
21	199629	860	2.4326780221157
21	205073	880	2.0764191568917
21	210400	900	2.2995171187202
21	215804	920	2.4837031719211
21	221108	940	2.1511253148869
21	226411	960	2.0762933410842
21	231763	980	2.1529325474085
21	237129	1000	2.3102524622995
21	242462	1020	2.4158552903711
21	247844	1040	2.476007409055
21	253179	1060	3.1237238166983
21	258584	1080	2.6956782012501
21	263811	1100	2.2408420025793
21	269073	1120	2.4151251854742
21	274223	1140	2.2998306900906
21	279583	1160	2.4905113030052
21	284872	1180	2.4934256976796
21	290229	1200	2.7005916612912
21	295489	1220	2.6662265606134
21	300844	1240	2.9697199477518
21	306161	1260	3.2750359013141
21	311487	1280	3.490730529072
21	316860	1300	3.749224121606
21	322261	1320	1.9020173933579
21	327596	1340	1.7747430129935
21	332856	1360	2.19165469295
21	338193	1380	2.7394059117249
21	343518	1400	2.5910525709251
21	348875	1420	2.6963192327069
21	354282	1440	1.9513709395088
21	359625	1460	2.9318564403539
21	364934	1480	2.3450398598864
21	370255	1500	2.620540667749
21	375544	1520	1.8935441168004
21	380878	1540	1.6204199292954
21	386265	1560	1.5140544973773
21	391604	1580	1.8615660586144
21	396923	1600	1.7668586439969
21	402205	1620	3.2851683750214
21	407544	1640	2.9211506704531
21	412893	1660	2.9522445072822
21	418212	1680	1.9494786207266
21	423535	1700	1.997032960894
21	428872	1720	1.9696967096367
21	434160	1740	2.3809369739041
21	439476	1760	2.4028177501969
21	444814	1780	1.9812040827547
21	450092	1800	1.5750924295114
21	454967	1820	2.0950343386919
21	459255	1840	2.0918800490399
21	463058	1860	2.1308963781701
21	466378	1880	2.0446789247869
21	469318	1900	2.7396748386619
21	471703	1920	1.7785284570877
21	473699	1940	1.7328544852247
21	475200	1960	3.3196137513804
21	476259	1980	2.9287034481685
21	476878	2000	3.3079986449175
22	34790	240	7.2065514910662
22	40087	260	4.0961660363549
22	45467	280	4.1938865142925
22	50707	300	2.731767693313
22	55955	320	3.4109949666389
22	61380	340	6.1747378315322
22	66683	360	5.1565197266109
22	72004	380	7.0734230837649
22	77227	400	4.1706160720308
22	82600	420	2.6268187874066
22	87933	440	4.4336196558767
22	93309	460	6.1929812739884
22	98631	480	10.843536208514
22	103939	500	5.9607079814836
22	109296	520	6.0088188762059
22	114620	540	5.8174445296269
22	119968	560	6.8113572175744
22	125197	580	10.524294232219
22	130493	600	5.1372834395238
22	135796	620	6.9351504818733
22	141088	640	6.1606979786567
22	146372	660	6.4732155113441
22	151764	680	6.3410783634805
22	156997	700	5.5159764462376
22	162412	720	5.2380100332887
22	167806	740	5.4084436918127
22	172991	760	4.1691984866802
22	178414	780	6.8382001089254
22	183668	800	5.0465742361079
22	188962	820	5.0975474392427
22	194273	840	4.8186110073568
22	199629	860	5.9179223592849
22	205073	880	4.3115165151068
22	210400	900	5.2877789792871
22	215804	920	6.1687814462109
22	221108	940	4.6273401203472
22	226411	960	4.3109940382308
22	231763	980	4.6351185536906
22	237129	1000	5.3372664395609
22	242462	1020	5.8363567840139
22	247844	1040	6.1306126896954
22	253179	1060	9.7576504830082
22	258584	1080	7.2666809646952
22	263811	1100	5.0213728805238
22	269073	1120	5.8328296615116
22	274223	1140	5.2892212030826
22	279583	1160	6.2026465503969
22	284872	1180	6.2171717098488
22	290229	1200	7.2931953210353
22	295489	1220	7.1087640725202
22	300844	1240	8.8192365680747
22	306161	1260	10.725860154896
22	311487	1280	12.185199626595
22	316860	1300	14.056681514032
22	322261	1320	3.617670164636
22	327596	1340	3.1497127621691
22	332856	1360	4.8033502931298
22	338193	1380	7.5043447491933
22	343518	1400	6.7135534252974
22	348875	1420	7.2701374046653
22	354282	1440	3.8078485435595
22	359625	1460	8.5957821868448
22	364934	1480	5.4992119444559
22	370255	1500	6.8672333913262
22	375544	1520	3.5855093222695
22	380878	1540	2.6257607472578
22	386265	1560	2.2923610210283
22	391604	1580	3.4654281905853
22	396923	1600	3.1217894678665
22	402205	1620	10.792331252241
22	407544	1640	8.5331212394886
22	412893	1660	8.715747630778
22	418212	1680	3.8004668926702
22	423535	1700	3.9881406468972
22	428872	1720	3.8797051279535
22	434160	1740	5.6688608737037
22	439476	1760	5.7735331406612
22	444814	1780	3.9251696175237
22	450092	1800	2.4809161615043
22	454967	1820	4.3891688802983
22	459255	1840	4.375962139571
22	463058	1860	4.5407193744983
22	466378	1880	4.1807119054675
22	469318	1900	7.505818221597
22	471703	1920	3.1631634726709
22	473699	1940	3.0027846669635
22	475200	1960	11.019835458354
22	476259	1980	8.5773038873141
22	476878	2000	10.942855034776
23	34790	240	1526.2121214004
23	40087	260	1660.905549905
23	45467	280	1628.440118672
23	50707	300	1340.6161721213
23	55955	320	1620.3376655107
23	61380	340	1575.5550602112
23	66683	360	1527.4771825283
23	72004	380	1658.1525538028
23	77227	400	1565.1628918268
23	82600	420	1702.8553891616
23	87933	440	1655.7895446554
23	93309	460	1750.5455157271
23	98631	480	1705.2580667033
23	103939	500	1572.7437866886
23	109296	520	1433.3943552584
23	114620	540	1702.6331623553
23	119968	560	1713.2057487631
23	125197	580	1661.62601749
23	130493	600	1575.3554455626
23	135796	620	1615.1556194891
23	141088	640	1522.7091181799
23	146372	660	1666.2656509254
23	151764	680	1482.9891668866
23	156997	700	1705.5267967648
23	162412	720	1524.5074435945
23	167806	740	1793.0265101391
23	172991	760	1434.4868161839
23	178414	780	1702.2834190339
23	183668	800	1615.8371498534
23	188962	820	1477.7443554576
23	194273	840	1608.7727462473
23	199629	860	1747.1444484113
23	205073	880	1653.4572437394
23	210400	900	1478.4285588444
23	215804	920	1482.400457769
23	221108	940	1615.9877218844
23	226411	960	1612.7242198518
23	231763	980	1479.9150149331
23	237129	1000	1617.9447368077
23	242462	1020	1658.5570444379
23	247844	1040	1662.296595872
23	253179	1060	1571.9280046641
23	258584	1080	1750.720042047
23	263811	1100	1705.1385876022
23	269073	1120	1393.8217329124
23	274223	1140	1570.0572898714
23	279583	1160	1656.1110210539
23	284872	1180	1617.0881716379
23	290229	1200	1618.8553845187
23	295489	1220	1523.8328046428
23	300844	1240	1700.7344546965
23	306161	1260	1666.8245531246
23	311487	1280	1655.2987514832
23	316860	1300	1754.5219314123
23	322261	1320	1700.1099301362
23	327596	1340	1701.5071297938
23	332856	1360	1613.4171596278
23	338193	1380	1657.1349473012
23	343518	1400	1567.2014229205
23	348875	1420	1569.6580815182
23	354282	1440	1523.0576273084
23	359625	1460	1526.988421363
23	364934	1480	1703.8085561702
23	370255	1500	1793.0453224484
23	375544	1520	1571.8618924645
23	380878	1540	1610.7599116207
23	386265	1560	1563.7897856143
23	391604	1580	1746.7597286683
23	396923	1600	1571.7036809512
23	402205	1620	1661.2930640246
23	407544	1640	1663.6822125035
23	412893	1660	1658.466226859
23	418212	1680	1699.0245556106
23	423535	1700	1658.5106819449
23	428872	1720	1565.8940307223
23	434160	1740	1616.4892331606
23	439476	1760	1477.5163217934
23	444814	1780	1612.4310057584
23	450092	1800	1610.2679858913
23	454967	1820	1613.1963529867
23	459255	1840	1388.6279025383
23	463058	1860	1344.7946540759
23	466378	1880	1167.9504903933
23	469318	1900	944.25616653979
23	471703	1920	766.4622007764
23	473699	1940	678.47018074702
23	475200	1960	645.42013145581
23	476259	1980	504.73935792372
23	476878	2000	375.65686706928
24	34790	240	44.888591805895
24	40087	260	44.889339186622
24	45467	280	45.234447740888
24	50707	300	44.687205737377
24	55955	320	45.009379597519
24	61380	340	45.015858863177
24	66683	360	44.925799486126
24	72004	380	44.814933886563
24	77227	400	44.718939766481
24	82600	420	44.811983925304
24	87933	440	44.751068774471
24	93309	460	44.885782454541
24	98631	480	44.875212281667
24	103939	500	44.935536762531
24	109296	520	44.793573601825
24	114620	540	44.806135851455
24	119968	560	45.084361809555
24	125197	580	44.908811283514
24	130493	600	45.010155587503
24	135796	620	44.865433874696
24	141088	640	44.785562299408
24	146372	660	45.034206781767
24	151764	680	44.939065663231
24	156997	700	44.882284125389
24	162412	720	44.838454223367
24	167806	740	44.825662753477
24	172991	760	44.827713005748
24	178414	780	44.796932079839
24	183668	800	44.884365273705
24	188962	820	44.780131983562
24	194273	840	44.688131840202
24	199629	860	44.79857560029
24	205073	880	44.688033614578
24	210400	900	44.800865419527
24	215804	920	44.921225992999
24	221108	940	44.888547830122
24	226411	960	44.797894995884
24	231763	980	44.845909543428
24	237129	1000	44.942909355769
24	242462	1020	44.825866065888
24	247844	1040	44.926935023568
24	253179	1060	44.912228704689
24	258584	1080	44.890257488385
24	263811	1100	44.872068094794
24	269073	1120	44.96199138427
24	274223	1140	44.858779710612
24	279583	1160	44.759757325782
24	284872	1180	44.91911587883
24	290229	1200	44.96820512552
24	295489	1220	44.81861190126
24	300844	1240	44.756169860434
24	306161	1260	45.049312246611
24	311487	1280	44.73780409414
24	316860	1300	44.987741831085
24	322261	1320	44.739735003585
24	327596	1340	44.776503415627
24	332856	1360	44.817143322995
24	338193	1380	44.78743100814
24	343518	1400	44.777183512014
24	348875	1420	44.847373757663
24	354282	1440	44.795812567894
24	359625	1460	44.911424157736
24	364934	1480	44.837067267637
24	370255	1500	44.82613306121
24	375544	1520	44.910339784701
24	380878	1540	44.743330878351
24	386265	1560	44.67970816041
24	391604	1580	44.788710991496
24	396923	1600	44.905819455749
24	402205	1620	44.899812541204
24	407544	1640	44.964384121717
24	412893	1660	44.82341153673
24	418212	1680	44.711172516068
24	423535	1700	44.824613025537
24	428872	1720	44.73982944921
24	434160	1740	44.902478698905
24	439476	1760	44.773221872526
24	444814	1780	44.789750159956
24	450092	1800	44.729666274757
24	454967	1820	44.811009805187
24	459255	1840	44.794448468979
24	463058	1860	44.826488469198
24	466378	1880	44.921172707433
24	469318	1900	44.964579359038
24	471703	1920	45.086011810377
24	473699	1940	45.231345383135
24	475200	1960	46.101437961129
24	476259	1980	45.885396174884
24	476878	2000	46.95710838366
25	34790	240	0.94093345192493
25	40087	260	0.8062863314549
25	45467	280	1.4710698762479
25	50707	300	0.66497794684158
25	55955	320	0.95895699854857
25	61380	340	1.260900919854
25	66683	360	0.82331688514303
25	72004	380	0.7220856142901
25	77227	400	0.73272624607277
25	82600	420	0.69033386629073
25	87933	440	0.63788551150016
25	93309	460	0.89813945292397
25	98631	480	0.7592040827518
25	103939	500	1.099470459098
25	109296	520	0.79111568412387
25	114620	540	0.77439099146391
25	119968	560	1.3082195958216
25	125197	580	0.80885251033769
25	130493	600	1.0464953381892
25	135796	620	0.82857368647876
25	141088	640	0.670431478566
25	146372	660	1.0143985227434
25	151764	680	0.96211347433493
25	156997	700	0.93324340669893
25	162412	720	0.75890234740016
25	167806	740	0.70317523471625
25	172991	760	0.75309594022544
25	178414	780	0.84673548376467
25	183668	800	0.99248772541775
25	188962	820	0.7953845943633
25	194273	840	0.52640174878094
25	199629	860	0.82271975928106
25	205073	880	0.5303070230741
25	210400	900	0.74839792072519
25	215804	920	0.82715206952709
25	221108	940	1.0455826875274
25	226411	960	0.59298993407255
25	231763	980	0.96730094512747
25	237129	1000	1.1236622937126
25	242462	1020	0.83072490934362
25	247844	1040	0.96122580513908
25	253179	1060	0.89575643049809
25	258584	1080	0.92819435688449
25	263811	1100	0.78950090000501
25	269073	1120	0.92422042259052
25	274223	1140	0.74378264447749
25	279583	1160	0.77229359412337
25	284872	1180	0.88934246591717
25	290229	1200	1.0186206500123
25	295489	1220	0.89802280276751
25	300844	1240	0.67157240727394
25	306161	1260	1.151131668604
25	311487	1280	0.64541284079072
25	316860	1300	1.0927787620773
25	322261	1320	0.59226522228855
25	327596	1340	0.64330445113454
25	332856	1360	0.66220170035322
25	338193	1380	0.76838023014898
25	343518	1400	0.72439054140079
25	348875	1420	0.85331734315688
25	354282	1440	0.81061952677232
25	359625	1460	1.2048959569828
25	364934	1480	0.81660523930507
25	370255	1500	0.76117616738059
25	375544	1520	0.91435323915264
25	380878	1540	0.57097100302776
25	386265	1560	0.63824642677664
25	391604	1580	0.63526108865485
25	396923	1600	0.84038246822242
25	402205	1620	1.2598958665423
25	407544	1640	0.9958820448186
25	412893	1660	0.83185875477375
25	418212	1680	0.77843022173575
25	423535	1700	0.8432770080488
25	428872	1720	0.84157088903551
25	434160	1740	0.91810037553395
25	439476	1760	0.78494660424355
25	444814	1780	0.95237325405616
25	450092	1800	0.72227309736136
25	454967	1820	0.71409109354745
25	459255	1840	0.66903449430522
25	463058	1860	0.8270167830411
25	466378	1880	0.83698148497794
25	469318	1900	0.93848167705951
25	471703	1920	0.85733171987091
25	473699	1940	0.90985398528461
25	475200	1960	1.2844910167889
25	476259	1980	0.71963999186762
25	476878	2000	0.74178834083621
26	34790	240	0.88535576095136
26	40087	260	0.650097648291
26	45467	280	2.1640465808039
26	50707	300	0.44219566978564
26	55955	320	0.91959852506528
26	61380	340	1.5898711296888
26	66683	360	0.67785069336163
26	72004	380	0.52140763436471
26	77227	400	0.53688775168389
26	82600	420	0.4765608469479
26	87933	440	0.40689792578182
26	93309	460	0.80665447689857
26	98631	480	0.57639083926701
26	103939	500	1.2088352904292
26	109296	520	0.62586402566678
26	114620	540	0.59968140766046
26	119968	560	1.7114385108916
26	125197	580	0.65424238347958
26	130493	600	1.0951524928517
26	135796	620	0.686534353925
26	141088	640	0.44947836745219
26	146372	660	1.0290043629441
26	151764	680	0.92566233749682
26	156997	700	0.87094325614703
26	162412	720	0.57593277288948
26	167806	740	0.49445541071825
26	172991	760	0.56715349518403
26	178414	780	0.7169609794662
26	183668	800	0.9850318851049
26	188962	820	0.63263665295047
26	194273	840	0.27709880111963
26	199629	860	0.67686780231149
26	205073	880	0.28122553872171
26	210400	900	0.56009944774579
26	215804	920	0.68418054612294
26	221108	940	1.093243156457
26	226411	960	0.35163706191137
26	231763	980	0.93567111844451
26	237129	1000	1.2626169503115
26	242462	1020	0.69010387500396
26	247844	1040	0.92395504846528
26	253179	1060	0.80237958277869
26	258584	1080	0.86154476415222
26	263811	1100	0.62331167110872
26	269073	1120	0.8541833895334
26	274223	1140	0.55321262222593
26	279583	1160	0.59643739552399
26	284872	1180	0.79093002168363
26	290229	1200	1.0375880286315
26	295489	1220	0.80644495429041
26	300844	1240	0.45100949821172
26	306161	1260	1.325104118463
26	311487	1280	0.41655773505755
26	316860	1300	1.1941654228472
26	322261	1320	0.35077809353251
26	327596	1340	0.41384061684952
26	332856	1360	0.4385110919507
26	338193	1380	0.5904081780838
26	343518	1400	0.52474165647092
26	348875	1420	0.72815048813231
26	354282	1440	0.65710401718458
26	359625	1460	1.4517742671535
26	364934	1480	0.66684411686049
26	370255	1500	0.57938915778821
26	375544	1520	0.83604184594892
26	380878	1540	0.32600788629853
26	386265	1560	0.40735850129315
26	391604	1580	0.40355665075894
26	396923	1600	0.7062426928956
26	402205	1620	1.5873375945305
26	407544	1640	0.99178104719207
26	412893	1660	0.69198898789374
26	418212	1680	0.60595361011158
26	423535	1700	0.71111611230374
26	428872	1720	0.70824156127203
26	434160	1740	0.84290829955559
26	439476	1760	0.61614117151348
26	444814	1780	0.90701481504152
26	450092	1800	0.52167842717198
26	454967	1820	0.5099260898838
26	459255	1840	0.44760715457024
26	463058	1860	0.68395675943166
26	466378	1880	0.70053800619588
26	469318	1900	0.88074785817643
26	471703	1920	0.73501767789682
26	473699	1940	0.82783427453829
26	475200	1960	1.6499171722115
26	476259	1980	0.51788171789523
26	476878	2000	0.55024994260054
