version 2
run statisticRVV-128-20150327-06:03:15-3084
attr c 14
attr configname statisticRVV
attr datetime 20150327-06:03:15
attr experiment statisticRVV
attr inifile omnetpp.ini
attr iterationvars "$sc=\"erlangen-medium.launchd.xml\", $p=1/15, $c=14"
attr iterationvars2 "$sc=\"erlangen-medium.launchd.xml\", $p=1/15, $c=14, $repetition=8"
attr measurement "$sc=\"erlangen-medium.launchd.xml\", $p=1/15, $c=14"
attr network RSUExampleScenario
attr p 1/15
attr processid 3084
attr repetition 8
attr replication #8
attr resultdir results
attr runnumber 128
attr sc "\"erlangen-medium.launchd.xml\""
attr seedset 128

vector 0  RSUExampleScenario.rsu[0].appl  Number_CH  ETV
vector 1  RSUExampleScenario.rsu[0].appl  Number_ON  ETV
vector 2  RSUExampleScenario.rsu[0].appl  Number_FN  ETV
vector 3  RSUExampleScenario.rsu[0].appl  Number_CH_Losts  ETV
vector 4  RSUExampleScenario.rsu[0].appl  Number_CH_Losts  ETV
vector 5  RSUExampleScenario.rsu[0].appl  Mean_Cluster_Size  ETV
vector 6  RSUExampleScenario.rsu[0].appl  StdDev_Cluster_Size  ETV
vector 7  RSUExampleScenario.rsu[0].appl  Variance_Cluster_Size  ETV
vector 8  RSUExampleScenario.rsu[0].appl  Mean_Neighbors  ETV
vector 9  RSUExampleScenario.rsu[0].appl  StdDev_Neighbors  ETV
vector 10  RSUExampleScenario.rsu[0].appl  Variance_Neighbors  ETV
vector 11  RSUExampleScenario.rsu[0].appl  Total_CH_Utility  ETV
vector 12  RSUExampleScenario.rsu[0].appl  Mean_CH_Utility  ETV
vector 13  RSUExampleScenario.rsu[0].appl  StdDev_CH_Utility  ETV
vector 14  RSUExampleScenario.rsu[0].appl  Variance_CH_Utility  ETV
vector 15  RSUExampleScenario.rsu[0].appl  Total_exp_CH_Utility  ETV
vector 16  RSUExampleScenario.rsu[0].appl  Mean_exp_CH_Utility  ETV
vector 17  RSUExampleScenario.rsu[0].appl  StdDev_exp_CH_Utility  ETV
vector 18  RSUExampleScenario.rsu[0].appl  Variance_exp_CH_Utility  ETV
vector 19  RSUExampleScenario.rsu[0].appl  Total_ON_Utility  ETV
vector 20  RSUExampleScenario.rsu[0].appl  Mean_ON_Utility  ETV
vector 21  RSUExampleScenario.rsu[0].appl  StdDev_ON_Utility  ETV
vector 22  RSUExampleScenario.rsu[0].appl  Variance_ON_Utility  ETV
vector 23  RSUExampleScenario.rsu[0].appl  Total_exp_ON_Utility  ETV
vector 24  RSUExampleScenario.rsu[0].appl  Mean_exp_ON_Utility  ETV
vector 25  RSUExampleScenario.rsu[0].appl  StdDev_exp_ON_Utility  ETV
vector 26  RSUExampleScenario.rsu[0].appl  Variance_exp_ON_Utility  ETV
0	145781	240	8
0	171626	260	6
0	198861	280	6
0	226212	300	9
0	253535	320	8
0	281262	340	12
0	309210	360	11
0	337314	380	8
0	365743	400	5
0	395063	420	7
0	424817	440	11
0	455006	460	5
0	485990	480	9
0	517491	500	8
0	549741	520	5
0	582910	540	4
0	616664	560	10
0	651339	580	5
0	687091	600	8
0	724044	620	7
0	761919	640	3
0	801090	660	8
0	841214	680	13
0	882474	700	8
0	925057	720	8
0	969539	740	13
0	1014290	760	5
0	1060488	780	10
0	1108327	800	7
0	1156840	820	9
0	1206457	840	11
0	1256985	860	8
0	1308653	880	8
0	1361801	900	8
0	1416600	920	7
0	1472833	940	8
0	1529996	960	5
0	1588675	980	8
0	1649007	1000	6
0	1711032	1020	11
0	1774651	1040	13
0	1839929	1060	11
0	1906689	1080	13
0	1975770	1100	7
0	2046481	1120	6
0	2118379	1140	6
0	2191758	1160	10
0	2267332	1180	7
0	2345008	1200	8
0	2424871	1220	11
0	2506165	1240	14
0	2590391	1260	7
0	2676182	1280	8
0	2763512	1300	11
0	2853700	1320	14
0	2945589	1340	8
0	3039507	1360	12
0	3135353	1380	5
0	3233778	1400	7
0	3334182	1420	11
0	3437665	1440	8
0	3542221	1460	10
0	3649116	1480	7
0	3759238	1500	10
0	3871624	1520	10
0	3986131	1540	10
0	4102857	1560	9
0	4221945	1580	12
0	4343781	1600	11
0	4467325	1620	13
0	4592925	1640	11
0	4721045	1660	6
0	4851721	1680	14
0	4985042	1700	12
0	5121370	1720	17
0	5259589	1740	12
0	5400009	1760	9
0	5542918	1780	11
0	5689119	1800	11
0	5836959	1820	8
0	5987641	1840	16
0	6140345	1860	11
0	6295975	1880	12
0	6454602	1900	13
0	6615192	1920	8
0	6777795	1940	11
0	6943175	1960	10
0	7111155	1980	12
0	7281599	2000	12
1	145781	240	63
1	171626	260	59
1	198861	280	71
1	226212	300	82
1	253535	320	74
1	281262	340	62
1	309210	360	56
1	337314	380	80
1	365743	400	59
1	395063	420	63
1	424817	440	75
1	455006	460	53
1	485990	480	78
1	517491	500	73
1	549741	520	67
1	582910	540	50
1	616664	560	74
1	651339	580	57
1	687091	600	81
1	724044	620	72
1	761919	640	40
1	801090	660	63
1	841214	680	95
1	882474	700	76
1	925057	720	78
1	969539	740	86
1	1014290	760	54
1	1060488	780	90
1	1108327	800	85
1	1156840	820	82
1	1206457	840	76
1	1256985	860	92
1	1308653	880	83
1	1361801	900	73
1	1416600	920	82
1	1472833	940	81
1	1529996	960	54
1	1588675	980	85
1	1649007	1000	80
1	1711032	1020	116
1	1774651	1040	107
1	1839929	1060	107
1	1906689	1080	107
1	1975770	1100	94
1	2046481	1120	82
1	2118379	1140	81
1	2191758	1160	100
1	2267332	1180	88
1	2345008	1200	77
1	2424871	1220	118
1	2506165	1240	111
1	2590391	1260	79
1	2676182	1280	103
1	2763512	1300	113
1	2853700	1320	130
1	2945589	1340	84
1	3039507	1360	118
1	3135353	1380	53
1	3233778	1400	94
1	3334182	1420	109
1	3437665	1440	104
1	3542221	1460	94
1	3649116	1480	86
1	3759238	1500	116
1	3871624	1520	114
1	3986131	1540	97
1	4102857	1560	110
1	4221945	1580	112
1	4343781	1600	125
1	4467325	1620	146
1	4592925	1640	111
1	4721045	1660	80
1	4851721	1680	122
1	4985042	1700	141
1	5121370	1720	120
1	5259589	1740	134
1	5400009	1760	78
1	5542918	1780	127
1	5689119	1800	107
1	5836959	1820	107
1	5987641	1840	152
1	6140345	1860	136
1	6295975	1880	141
1	6454602	1900	133
1	6615192	1920	100
1	6777795	1940	129
1	6943175	1960	115
1	7111155	1980	141
1	7281599	2000	146
2	145781	240	9
2	171626	260	21
2	198861	280	16
2	226212	300	3
2	253535	320	12
2	281262	340	22
2	309210	360	29
2	337314	380	10
2	365743	400	33
2	395063	420	31
2	424817	440	13
2	455006	460	43
2	485990	480	16
2	517491	500	22
2	549741	520	33
2	582910	540	52
2	616664	560	23
2	651339	580	47
2	687091	600	20
2	724044	620	32
2	761919	640	69
2	801090	660	42
2	841214	680	7
2	882474	700	32
2	925057	720	31
2	969539	740	20
2	1014290	760	61
2	1060488	780	21
2	1108327	800	33
2	1156840	820	31
2	1206457	840	39
2	1256985	860	26
2	1308653	880	37
2	1361801	900	48
2	1416600	920	41
2	1472833	940	42
2	1529996	960	73
2	1588675	980	41
2	1649007	1000	50
2	1711032	1020	10
2	1774651	1040	17
2	1839929	1060	20
2	1906689	1080	19
2	1975770	1100	40
2	2046481	1120	55
2	2118379	1140	56
2	2191758	1160	36
2	2267332	1180	51
2	2345008	1200	61
2	2424871	1220	20
2	2506165	1240	26
2	2590391	1260	65
2	2676182	1280	39
2	2763512	1300	30
2	2853700	1320	12
2	2945589	1340	63
2	3039507	1360	28
2	3135353	1380	101
2	3233778	1400	58
2	3334182	1420	39
2	3437665	1440	49
2	3542221	1460	59
2	3649116	1480	72
2	3759238	1500	41
2	3871624	1520	42
2	3986131	1540	62
2	4102857	1560	52
2	4221945	1580	47
2	4343781	1600	36
2	4467325	1620	12
2	4592925	1640	53
2	4721045	1660	89
2	4851721	1680	42
2	4985042	1700	25
2	5121370	1720	42
2	5259589	1740	35
2	5400009	1760	95
2	5542918	1780	43
2	5689119	1800	67
2	5836959	1820	71
2	5987641	1840	19
2	6140345	1860	39
2	6295975	1880	36
2	6454602	1900	45
2	6615192	1920	84
2	6777795	1940	53
2	6943175	1960	70
2	7111155	1980	43
2	7281599	2000	40
3	145781	240	0
3	171626	260	1
3	198861	280	0
3	226212	300	0
3	253535	320	0
3	281262	340	1
3	309210	360	0
3	337314	380	1
3	365743	400	0
3	395063	420	0
3	424817	440	0
3	455006	460	0
3	485990	480	0
3	517491	500	0
3	549741	520	0
3	582910	540	0
3	616664	560	0
3	651339	580	0
3	687091	600	0
3	724044	620	0
3	761919	640	0
3	801090	660	0
3	841214	680	0
3	882474	700	0
3	925057	720	1
3	969539	740	0
3	1014290	760	0
3	1060488	780	1
3	1108327	800	0
3	1156840	820	0
3	1206457	840	0
3	1256985	860	0
3	1308653	880	1
3	1361801	900	0
3	1416600	920	0
3	1472833	940	1
3	1529996	960	0
3	1588675	980	1
3	1649007	1000	1
3	1711032	1020	0
3	1774651	1040	0
3	1839929	1060	0
3	1906689	1080	0
3	1975770	1100	0
3	2046481	1120	0
3	2118379	1140	0
3	2191758	1160	0
3	2267332	1180	0
3	2345008	1200	1
3	2424871	1220	1
3	2506165	1240	1
3	2590391	1260	1
3	2676182	1280	0
3	2763512	1300	0
3	2853700	1320	0
3	2945589	1340	2
3	3039507	1360	0
3	3135353	1380	0
3	3233778	1400	1
3	3334182	1420	0
3	3437665	1440	0
3	3542221	1460	0
3	3649116	1480	1
3	3759238	1500	0
3	3871624	1520	0
3	3986131	1540	0
3	4102857	1560	0
3	4221945	1580	0
3	4343781	1600	0
3	4467325	1620	0
3	4592925	1640	0
3	4721045	1660	0
3	4851721	1680	0
3	4985042	1700	0
3	5121370	1720	0
3	5259589	1740	0
3	5400009	1760	0
3	5542918	1780	0
3	5689119	1800	0
3	5836959	1820	0
3	5987641	1840	0
3	6140345	1860	0
3	6295975	1880	0
3	6454602	1900	0
3	6615192	1920	0
3	6777795	1940	0
3	6943175	1960	1
3	7111155	1980	0
3	7281599	2000	1
4	145781	240	9
4	171626	260	20
4	198861	280	16
4	226212	300	3
4	253535	320	12
4	281262	340	21
4	309210	360	28
4	337314	380	8
4	365743	400	32
4	395063	420	31
4	424817	440	13
4	455006	460	43
4	485990	480	16
4	517491	500	22
4	549741	520	33
4	582910	540	51
4	616664	560	22
4	651339	580	47
4	687091	600	20
4	724044	620	32
4	761919	640	69
4	801090	660	42
4	841214	680	7
4	882474	700	32
4	925057	720	30
4	969539	740	20
4	1014290	760	61
4	1060488	780	20
4	1108327	800	33
4	1156840	820	31
4	1206457	840	39
4	1256985	860	26
4	1308653	880	35
4	1361801	900	48
4	1416600	920	41
4	1472833	940	41
4	1529996	960	73
4	1588675	980	39
4	1649007	1000	49
4	1711032	1020	10
4	1774651	1040	17
4	1839929	1060	20
4	1906689	1080	19
4	1975770	1100	40
4	2046481	1120	54
4	2118379	1140	56
4	2191758	1160	34
4	2267332	1180	51
4	2345008	1200	60
4	2424871	1220	19
4	2506165	1240	25
4	2590391	1260	64
4	2676182	1280	39
4	2763512	1300	30
4	2853700	1320	12
4	2945589	1340	61
4	3039507	1360	28
4	3135353	1380	101
4	3233778	1400	57
4	3334182	1420	39
4	3437665	1440	49
4	3542221	1460	58
4	3649116	1480	71
4	3759238	1500	41
4	3871624	1520	42
4	3986131	1540	62
4	4102857	1560	52
4	4221945	1580	47
4	4343781	1600	35
4	4467325	1620	11
4	4592925	1640	53
4	4721045	1660	89
4	4851721	1680	41
4	4985042	1700	25
4	5121370	1720	42
4	5259589	1740	35
4	5400009	1760	94
4	5542918	1780	43
4	5689119	1800	67
4	5836959	1820	71
4	5987641	1840	18
4	6140345	1860	39
4	6295975	1880	36
4	6454602	1900	45
4	6615192	1920	84
4	6777795	1940	53
4	6943175	1960	68
4	7111155	1980	43
4	7281599	2000	39
5	145781	240	7.875
5	171626	260	9.8333333333333
5	198861	280	11.833333333333
5	226212	300	9.1111111111111
5	253535	320	9.25
5	281262	340	5.1666666666667
5	309210	360	5.0909090909091
5	337314	380	10
5	365743	400	11.8
5	395063	420	9
5	424817	440	6.8181818181818
5	455006	460	10.6
5	485990	480	8.6666666666667
5	517491	500	9.125
5	549741	520	13.4
5	582910	540	12.5
5	616664	560	7.4
5	651339	580	11.4
5	687091	600	10.125
5	724044	620	10.285714285714
5	761919	640	13.333333333333
5	801090	660	7.875
5	841214	680	7.3076923076923
5	882474	700	9.5
5	925057	720	9.75
5	969539	740	6.6153846153846
5	1014290	760	10.8
5	1060488	780	9
5	1108327	800	12.142857142857
5	1156840	820	9.1111111111111
5	1206457	840	6.9090909090909
5	1256985	860	11.5
5	1308653	880	10.375
5	1361801	900	9.125
5	1416600	920	11.714285714286
5	1472833	940	10.125
5	1529996	960	10.8
5	1588675	980	10.625
5	1649007	1000	13.333333333333
5	1711032	1020	10.545454545455
5	1774651	1040	8.2307692307692
5	1839929	1060	9.7272727272727
5	1906689	1080	8.2307692307692
5	1975770	1100	13.428571428571
5	2046481	1120	13.666666666667
5	2118379	1140	13.5
5	2191758	1160	10
5	2267332	1180	12.571428571429
5	2345008	1200	9.625
5	2424871	1220	10.727272727273
5	2506165	1240	7.9285714285714
5	2590391	1260	11.285714285714
5	2676182	1280	12.875
5	2763512	1300	10.272727272727
5	2853700	1320	9.2857142857143
5	2945589	1340	10.5
5	3039507	1360	9.8333333333333
5	3135353	1380	10.6
5	3233778	1400	13.428571428571
5	3334182	1420	9.9090909090909
5	3437665	1440	13
5	3542221	1460	9.4
5	3649116	1480	12.285714285714
5	3759238	1500	11.6
5	3871624	1520	11.4
5	3986131	1540	9.7
5	4102857	1560	12.222222222222
5	4221945	1580	9.3333333333333
5	4343781	1600	11.363636363636
5	4467325	1620	11.230769230769
5	4592925	1640	10.090909090909
5	4721045	1660	13.333333333333
5	4851721	1680	8.7142857142857
5	4985042	1700	11.75
5	5121370	1720	7.0588235294118
5	5259589	1740	11.166666666667
5	5400009	1760	8.6666666666667
5	5542918	1780	11.545454545455
5	5689119	1800	9.7272727272727
5	5836959	1820	13.375
5	5987641	1840	9.5
5	6140345	1860	12.363636363636
5	6295975	1880	11.75
5	6454602	1900	10.230769230769
5	6615192	1920	12.5
5	6777795	1940	11.727272727273
5	6943175	1960	11.5
5	7111155	1980	11.75
5	7281599	2000	12.166666666667
6	145781	240	4.0861263528467
6	171626	260	4.5350486950712
6	198861	280	2.7141603981096
6	226212	300	3.4075080500435
6	253535	320	2.6592157812838
6	281262	340	3.6886393976723
6	309210	360	3.6456699097572
6	337314	380	4.1403933560541
6	365743	400	1.6431676725155
6	395063	420	3.7416573867739
6	424817	440	3.5161962919661
6	455006	460	2.1908902300207
6	485990	480	3
6	517491	500	3.9798600118956
6	549741	520	0.89442719099992
6	582910	540	1.2909944487358
6	616664	560	4.9933288829531
6	651339	580	2.7018512172213
6	687091	600	3.6030740843262
6	724044	620	3.3523268393901
6	761919	640	1.1547005383793
6	801090	660	4.1209395599963
6	841214	680	3.8812501290309
6	882474	700	4.0355562548073
6	925057	720	4.8329228068678
6	969539	740	4.1740959408089
6	1014290	760	4.3243496620879
6	1060488	780	4.5946829173634
6	1108327	800	2.6726124191242
6	1156840	820	3.5862391318917
6	1206457	840	3.3303016516389
6	1256985	860	3.8172540616821
6	1308653	880	3.7392703642747
6	1361801	900	4.0155946010523
6	1416600	920	2.8702082220799
6	1472833	940	4.0155946010523
6	1529996	960	4.4384682042344
6	1588675	980	4.405759217855
6	1649007	1000	1.0327955589886
6	1711032	1020	3.2973818815429
6	1774651	1040	3.6321216516394
6	1839929	1060	3.7707004413215
6	1906689	1080	3.700311837171
6	1975770	1100	1.1338934190277
6	2046481	1120	0.81649658092773
6	2118379	1140	0.83666002653408
6	2191758	1160	4.3969686527576
6	2267332	1180	1.7182493859684
6	2345008	1200	4.0686080455816
6	2424871	1220	3.6080717590123
6	2506165	1240	5.0453982950847
6	2590391	1260	1.1126972805284
6	2676182	1280	0.64086994446166
6	2763512	1300	3.4085454109021
6	2853700	1320	4.0273788274485
6	2945589	1340	4.2426406871193
6	3039507	1360	3.6390141855212
6	3135353	1380	4.5607017003966
6	3233778	1400	0.78679579246944
6	3334182	1420	3.5903912169719
6	3437665	1440	1.0690449676497
6	3542221	1460	5.189733454941
6	3649116	1480	1.6035674514745
6	3759238	1500	4.2998707990926
6	3871624	1520	2.1186998109428
6	3986131	1540	4.6439925351648
6	4102857	1560	2.9059326290271
6	4221945	1580	4.2711151052652
6	4343781	1600	1.9116865471477
6	4467325	1620	2.8329562343321
6	4592925	1640	4.2533409328326
6	4721045	1660	0.51639777949432
6	4851721	1680	4.5813765386629
6	4985042	1700	2.7344602259446
6	5121370	1720	4.827921243083
6	5259589	1740	2.2495790852082
6	5400009	1760	3.8729833462074
6	5542918	1780	3.3871414603951
6	5689119	1800	3.9772077916777
6	5836959	1820	0.74402380914284
6	5987641	1840	4.3665394383501
6	6140345	1860	2.1105794120443
6	6295975	1880	3.0188799849673
6	6454602	1900	3.3204880703958
6	6615192	1920	0.92582009977255
6	6777795	1940	1.7372915179042
6	6943175	1960	3.4399612400917
6	7111155	1980	2.6328346286499
6	7281599	2000	1.749458790771
7	145781	240	16.696428571429
7	171626	260	20.566666666667
7	198861	280	7.3666666666667
7	226212	300	11.611111111111
7	253535	320	7.0714285714286
7	281262	340	13.606060606061
7	309210	360	13.290909090909
7	337314	380	17.142857142857
7	365743	400	2.7
7	395063	420	14
7	424817	440	12.363636363636
7	455006	460	4.8
7	485990	480	9
7	517491	500	15.839285714286
7	549741	520	0.8
7	582910	540	1.6666666666667
7	616664	560	24.933333333333
7	651339	580	7.3
7	687091	600	12.982142857143
7	724044	620	11.238095238095
7	761919	640	1.3333333333333
7	801090	660	16.982142857143
7	841214	680	15.064102564103
7	882474	700	16.285714285714
7	925057	720	23.357142857143
7	969539	740	17.423076923077
7	1014290	760	18.7
7	1060488	780	21.111111111111
7	1108327	800	7.1428571428571
7	1156840	820	12.861111111111
7	1206457	840	11.090909090909
7	1256985	860	14.571428571429
7	1308653	880	13.982142857143
7	1361801	900	16.125
7	1416600	920	8.2380952380952
7	1472833	940	16.125
7	1529996	960	19.7
7	1588675	980	19.410714285714
7	1649007	1000	1.0666666666667
7	1711032	1020	10.872727272727
7	1774651	1040	13.192307692308
7	1839929	1060	14.218181818182
7	1906689	1080	13.692307692308
7	1975770	1100	1.2857142857143
7	2046481	1120	0.66666666666667
7	2118379	1140	0.7
7	2191758	1160	19.333333333333
7	2267332	1180	2.952380952381
7	2345008	1200	16.553571428571
7	2424871	1220	13.018181818182
7	2506165	1240	25.456043956044
7	2590391	1260	1.2380952380952
7	2676182	1280	0.41071428571429
7	2763512	1300	11.618181818182
7	2853700	1320	16.21978021978
7	2945589	1340	18
7	3039507	1360	13.242424242424
7	3135353	1380	20.8
7	3233778	1400	0.61904761904762
7	3334182	1420	12.890909090909
7	3437665	1440	1.1428571428571
7	3542221	1460	26.933333333333
7	3649116	1480	2.5714285714286
7	3759238	1500	18.488888888889
7	3871624	1520	4.4888888888889
7	3986131	1540	21.566666666667
7	4102857	1560	8.4444444444444
7	4221945	1580	18.242424242424
7	4343781	1600	3.6545454545455
7	4467325	1620	8.025641025641
7	4592925	1640	18.090909090909
7	4721045	1660	0.26666666666667
7	4851721	1680	20.989010989011
7	4985042	1700	7.4772727272727
7	5121370	1720	23.308823529412
7	5259589	1740	5.0606060606061
7	5400009	1760	15
7	5542918	1780	11.472727272727
7	5689119	1800	15.818181818182
7	5836959	1820	0.55357142857143
7	5987641	1840	19.066666666667
7	6140345	1860	4.4545454545455
7	6295975	1880	9.1136363636364
7	6454602	1900	11.025641025641
7	6615192	1920	0.85714285714286
7	6777795	1940	3.0181818181818
7	6943175	1960	11.833333333333
7	7111155	1980	6.9318181818182
7	7281599	2000	3.0606060606061
8	145781	240	22.2875
8	171626	260	22.313953488372
8	198861	280	22.225806451613
8	226212	300	22.393617021277
8	253535	320	22.244680851064
8	281262	340	22
8	309210	360	22.505263157895
8	337314	380	22.092783505155
8	365743	400	21.822916666667
8	395063	420	21.960396039604
8	424817	440	22.292929292929
8	455006	460	22.069306930693
8	485990	480	22.446601941748
8	517491	500	22.436893203883
8	549741	520	22.866666666667
8	582910	540	23.447619047619
8	616664	560	23.603773584906
8	651339	580	23.889908256881
8	687091	600	24.348623853211
8	724044	620	25.045045045045
8	761919	640	25.3125
8	801090	660	26.017699115044
8	841214	680	26.44347826087
8	882474	700	26.784482758621
8	925057	720	27.025641025641
8	969539	740	27.915966386555
8	1014290	760	28.508333333333
8	1060488	780	28.553719008264
8	1108327	800	28.728
8	1156840	820	29.467213114754
8	1206457	840	29.230158730159
8	1256985	860	30.285714285714
8	1308653	880	30.346456692913
8	1361801	900	30.372093023256
8	1416600	920	31.184615384615
8	1472833	940	31.603053435115
8	1529996	960	31.931818181818
8	1588675	980	32.270676691729
8	1649007	1000	32.823529411765
8	1711032	1020	33.649635036496
8	1774651	1040	33.978102189781
8	1839929	1060	34.514492753623
8	1906689	1080	34.913669064748
8	1975770	1100	36
8	2046481	1120	36.471830985915
8	2118379	1140	37.125874125874
8	2191758	1160	37.423611111111
8	2267332	1180	38.054794520548
8	2345008	1200	38.890410958904
8	2424871	1220	39.355704697987
8	2506165	1240	39.854304635762
8	2590391	1260	41.331125827815
8	2676182	1280	41.793333333333
8	2763512	1300	42.233766233766
8	2853700	1320	42.685897435897
8	2945589	1340	43.793548387097
8	3039507	1360	44.544303797468
8	3135353	1380	44.955974842767
8	3233778	1400	45.666666666667
8	3334182	1420	46.522012578616
8	3437665	1440	47.273291925466
8	3542221	1460	47.932098765432
8	3649116	1480	47.890909090909
8	3759238	1500	48.916167664671
8	3871624	1520	49.78313253012
8	3986131	1540	50.242603550296
8	4102857	1560	50.66081871345
8	4221945	1580	51.374269005848
8	4343781	1600	52.111111111111
8	4467325	1620	52.835294117647
8	4592925	1640	52.657142857143
8	4721045	1660	53.205714285714
8	4851721	1680	54.062146892655
8	4985042	1700	54.438202247191
8	5121370	1720	54.938547486034
8	5259589	1740	55.370165745856
8	5400009	1760	56.187845303867
8	5542918	1780	57.060773480663
8	5689119	1800	57.216216216216
8	5836959	1820	57.295698924731
8	5987641	1840	58.123655913978
8	6140345	1860	59.182795698925
8	6295975	1880	59.439153439153
8	6454602	1900	60.115183246073
8	6615192	1920	60.427083333333
8	6777795	1940	61.020725388601
8	6943175	1960	61.809278350515
8	7111155	1980	61.785714285714
8	7281599	2000	62.515151515152
9	145781	240	5.2631841688218
9	171626	260	4.3175745585223
9	198861	280	5.1775624453188
9	226212	300	4.2254174193657
9	253535	320	4.3271738777193
9	281262	340	4.9246960900087
9	309210	360	4.1689676364078
9	337314	380	4.8284799070783
9	365743	400	4.6520958302721
9	395063	420	5.2534194427615
9	424817	440	3.6512578913064
9	455006	460	4.0724867728271
9	485990	480	4.0286429266184
9	517491	500	3.5828291562664
9	549741	520	3.5789627490342
9	582910	540	3.3454359046231
9	616664	560	3.1733390714725
9	651339	580	3.7892133688232
9	687091	600	3.4030926751048
9	724044	620	3.7084360520977
9	761919	640	4.7230148601682
9	801090	660	4.9623264649128
9	841214	680	5.626053592319
9	882474	700	6.1866701509149
9	925057	720	6.4773631534561
9	969539	740	7.5628214535214
9	1014290	760	7.4630696743087
9	1060488	780	7.7135707395291
9	1108327	800	8.4312934759395
9	1156840	820	8.1789736734447
9	1206457	840	8.574532242321
9	1256985	860	9.3130937011132
9	1308653	880	9.7438445793538
9	1361801	900	9.9624841338031
9	1416600	920	10.070129761667
9	1472833	940	10.618329137945
9	1529996	960	10.729991627821
9	1588675	980	11.369235348844
9	1649007	1000	11.89701634114
9	1711032	1020	12.72017344087
9	1774651	1040	13.487176454869
9	1839929	1060	13.463243016248
9	1906689	1080	14.034885115616
9	1975770	1100	14.495319441609
9	2046481	1120	15.216496116732
9	2118379	1140	15.256431168927
9	2191758	1160	15.89061378453
9	2267332	1180	16.304338674496
9	2345008	1200	17.298643872568
9	2424871	1220	17.786296663254
9	2506165	1240	18.139605784395
9	2590391	1260	18.992883528418
9	2676182	1280	19.003107010766
9	2763512	1300	20.10748639816
9	2853700	1320	20.350415542141
9	2945589	1340	21.268444027553
9	3039507	1360	21.485766266531
9	3135353	1380	21.773095089388
9	3233778	1400	22.687939880777
9	3334182	1420	22.554809888103
9	3437665	1440	23.65929721527
9	3542221	1460	24.152241397268
9	3649116	1480	24.913023869351
9	3759238	1500	25.173473601721
9	3871624	1520	24.891058729456
9	3986131	1540	25.882869547991
9	4102857	1560	26.061728474728
9	4221945	1580	26.183745157863
9	4343781	1600	26.716913445462
9	4467325	1620	26.190402984545
9	4592925	1640	27.142390454894
9	4721045	1660	27.563989739834
9	4851721	1680	27.713870459018
9	4985042	1700	27.737044130347
9	5121370	1720	28.016279779975
9	5259589	1740	28.112096931059
9	5400009	1760	28.833970441869
9	5542918	1780	28.680067748614
9	5689119	1800	29.279328602809
9	5836959	1820	29.729113636585
9	5987641	1840	29.851719667426
9	6140345	1860	29.738298625086
9	6295975	1880	30.283812671423
9	6454602	1900	30.670015012831
9	6615192	1920	30.287019593325
9	6777795	1940	30.826794106552
9	6943175	1960	31.229216367321
9	7111155	1980	31.845218616269
9	7281599	2000	32.132613423256
10	145781	240	27.701107594937
10	171626	260	18.641450068399
10	198861	280	26.807152875175
10	226212	300	17.854152367879
10	253535	320	18.724433768016
10	281262	340	24.252631578947
10	309210	360	17.380291153415
10	337314	380	23.314218213058
10	365743	400	21.641995614035
10	395063	420	27.598415841584
10	424817	440	13.331684188827
10	455006	460	16.585148514851
10	485990	480	16.229963830192
10	517491	500	12.836664762993
10	549741	520	12.808974358974
10	582910	540	11.191941391941
10	616664	560	10.070080862534
10	651339	580	14.358137954468
10	687091	600	11.581039755352
10	724044	620	13.752497952498
10	761919	640	22.306869369369
10	801090	660	24.624683944374
10	841214	680	31.652479023646
10	882474	700	38.274887556222
10	925057	720	41.956233421751
10	969539	740	57.196268337844
10	1014290	760	55.697408963585
10	1060488	780	59.499173553719
10	1108327	800	71.086709677419
10	1156840	820	66.895610350901
10	1206457	840	73.522603174603
10	1256985	860	86.733714285714
10	1308653	880	94.942507186602
10	1361801	900	99.251090116279
10	1416600	920	101.40751341682
10	1472833	940	112.74891368174
10	1529996	960	115.1327203331
10	1588675	980	129.25951241741
10	1649007	1000	141.53899782135
10	1711032	1020	161.80281236582
10	1774651	1040	181.90392872477
10	1839929	1060	181.25891251455
10	1906689	1080	196.97800020853
10	1975770	1100	210.11428571429
10	2046481	1120	231.54175407052
10	2118379	1140	232.75869201221
10	2191758	1160	252.51160644911
10	2267332	1180	265.83145961266
10	2345008	1200	299.24307982995
10	2424871	1220	316.35234899329
10	2506165	1240	329.04529801325
10	2590391	1260	360.72962472406
10	2676182	1280	361.11807606264
10	2763512	1300	404.31100925219
10	2853700	1320	414.1394127378
10	2945589	1340	452.34671135316
10	3039507	1360	461.63815205999
10	3135353	1380	474.06766977151
10	3233778	1400	514.74261603376
10	3334182	1420	508.71944908845
10	3437665	1440	559.7623447205
10	3542221	1460	583.33076451192
10	3649116	1480	620.65875831486
10	3759238	1500	633.70377317654
10	3871624	1520	619.56480467324
10	3986131	1540	669.92293603832
10	4102857	1560	679.21369109047
10	4221945	1580	685.58851049192
10	4343781	1600	713.79346405229
10	4467325	1620	685.93720849286
10	4592925	1640	736.70935960591
10	4721045	1660	759.77353037767
10	4851721	1680	768.05861581921
10	4985042	1700	769.34361708881
10	5121370	1720	784.91193270981
10	5259589	1740	790.28999386126
10	5400009	1760	831.3978514426
10	5542918	1780	822.54628606507
10	5689119	1800	857.27908343126
10	5836959	1820	883.82019761697
10	5987641	1840	891.12516710259
10	6140345	1860	884.36640511479
10	6295975	1880	917.10930991782
10	6454602	1900	940.6498208873
10	6615192	1920	917.30355584642
10	6777795	1940	950.29123488774
10	6943175	1960	975.26395491694
10	7111155	1980	1014.1179487179
10	7281599	2000	1032.5048454084
11	145781	240	370.45386888983
11	171626	260	277.02831233482
11	198861	280	278.87351678159
11	226212	300	418.3108217423
11	253535	320	369.50491375888
11	281262	340	565.47505377477
11	309210	360	527.08143991635
11	337314	380	377.33875555989
11	365743	400	233.3129294518
11	395063	420	325.35175794
11	424817	440	519.10944808189
11	455006	460	229.54396642417
11	485990	480	424.48145060891
11	517491	500	373.36253549597
11	549741	520	232.09707992063
11	582910	540	186.76917720517
11	616664	560	466.99970026267
11	651339	580	232.6378841562
11	687091	600	375.91564729733
11	724044	620	331.7649517614
11	761919	640	141.11988547237
11	801090	660	376.35499668934
11	841214	680	617.38552004685
11	882474	700	374.87397265994
11	925057	720	369.86378940618
11	969539	740	625.09958692632
11	1014290	760	235.53811002659
11	1060488	780	472.37116941565
11	1108327	800	331.27863048622
11	1156840	820	431.55019143176
11	1206457	840	534.98333626021
11	1256985	860	376.78232345507
11	1308653	880	376.54950359701
11	1361801	900	375.5517894311
11	1416600	920	333.57889504183
11	1472833	940	380.437100159
11	1529996	960	236.7680736827
11	1588675	980	378.03102636253
11	1649007	1000	284.66542149581
11	1711032	1020	519.56853826573
11	1774651	1040	637.45214417719
11	1839929	1060	517.57940576966
11	1906689	1080	617.65263180327
11	1975770	1100	337.21257764955
11	2046481	1120	280.37747479935
11	2118379	1140	282.14424823952
11	2191758	1160	480.60929108672
11	2267332	1180	329.81120770503
11	2345008	1200	391.35161822461
11	2424871	1220	524.49196702526
11	2506165	1240	677.55993582869
11	2590391	1260	331.26444381265
11	2676182	1280	379.56198723818
11	2763512	1300	520.30138328716
11	2853700	1320	670.21777127834
11	2945589	1340	375.27201607006
11	3039507	1360	564.72296032094
11	3135353	1380	237.32633258005
11	3233778	1400	333.51430680381
11	3334182	1420	526.91309709322
11	3437665	1440	384.80824250178
11	3542221	1460	478.60100421165
11	3649116	1480	327.86298358164
11	3759238	1500	473.06684086617
11	3871624	1520	476.39727845875
11	3986131	1540	476.78225025926
11	4102857	1560	435.26109062285
11	4221945	1580	568.29767912406
11	4343781	1600	520.77931689782
11	4467325	1620	621.71940696077
11	4592925	1640	523.86409809228
11	4721045	1660	283.26398914587
11	4851721	1680	658.62029230055
11	4985042	1700	565.27224249639
11	5121370	1720	829.2938273048
11	5259589	1740	574.22104688213
11	5400009	1760	434.50831119444
11	5542918	1780	526.78131226735
11	5689119	1800	527.56435573004
11	5836959	1820	383.50307510693
11	5987641	1840	765.8370128776
11	6140345	1860	530.31173427953
11	6295975	1880	575.76249200189
11	6454602	1900	625.97121477236
11	6615192	1920	384.92730529506
11	6777795	1940	528.95556724621
11	6943175	1960	478.43520913315
11	7111155	1980	574.27563853346
11	7281599	2000	571.40632759253
12	145781	240	46.306733611229
12	171626	260	46.171385389136
12	198861	280	46.478919463598
12	226212	300	46.478980193589
12	253535	320	46.18811421986
12	281262	340	47.122921147897
12	309210	360	47.91649453785
12	337314	380	47.167344444986
12	365743	400	46.662585890361
12	395063	420	46.478822562857
12	424817	440	47.191768007445
12	455006	460	45.908793284834
12	485990	480	47.164605623212
12	517491	500	46.670316936996
12	549741	520	46.419415984125
12	582910	540	46.692294301292
12	616664	560	46.699970026267
12	651339	580	46.527576831239
12	687091	600	46.989455912166
12	724044	620	47.394993108771
12	761919	640	47.039961824123
12	801090	660	47.044374586167
12	841214	680	47.491193849758
12	882474	700	46.859246582492
12	925057	720	46.232973675772
12	969539	740	48.084583609717
12	1014290	760	47.107622005318
12	1060488	780	47.237116941565
12	1108327	800	47.325518640889
12	1156840	820	47.950021270196
12	1206457	840	48.634848750928
12	1256985	860	47.097790431884
12	1308653	880	47.068687949626
12	1361801	900	46.943973678888
12	1416600	920	47.654127863119
12	1472833	940	47.554637519875
12	1529996	960	47.35361473654
12	1588675	980	47.253878295317
12	1649007	1000	47.444236915969
12	1711032	1020	47.233503478703
12	1774651	1040	49.034780321322
12	1839929	1060	47.052673251787
12	1906689	1080	47.511740907944
12	1975770	1100	48.173225378507
12	2046481	1120	46.729579133225
12	2118379	1140	47.024041373254
12	2191758	1160	48.060929108672
12	2267332	1180	47.115886815005
12	2345008	1200	48.918952278077
12	2424871	1220	47.681087911388
12	2506165	1240	48.397138273478
12	2590391	1260	47.323491973235
12	2676182	1280	47.445248404773
12	2763512	1300	47.300125753378
12	2853700	1320	47.872697948453
12	2945589	1340	46.909002008757
12	3039507	1360	47.060246693412
12	3135353	1380	47.465266516009
12	3233778	1400	47.644900971973
12	3334182	1420	47.901190644838
12	3437665	1440	48.101030312722
12	3542221	1460	47.860100421165
12	3649116	1480	46.837569083092
12	3759238	1500	47.306684086617
12	3871624	1520	47.639727845875
12	3986131	1540	47.678225025926
12	4102857	1560	48.362343402539
12	4221945	1580	47.358139927005
12	4343781	1600	47.343574263438
12	4467325	1620	47.824569766213
12	4592925	1640	47.62400891748
12	4721045	1660	47.210664857645
12	4851721	1680	47.044306592896
12	4985042	1700	47.106020208032
12	5121370	1720	48.781989841459
12	5259589	1740	47.851753906844
12	5400009	1760	48.278701243827
12	5542918	1780	47.889210206122
12	5689119	1800	47.960395975458
12	5836959	1820	47.937884388367
12	5987641	1840	47.86481330485
12	6140345	1860	48.210157661775
12	6295975	1880	47.980207666824
12	6454602	1900	48.151631905566
12	6615192	1920	48.115913161882
12	6777795	1940	48.086869749655
12	6943175	1960	47.843520913315
12	7111155	1980	47.856303211122
12	7281599	2000	47.617193966044
13	145781	240	1.3037783515649
13	171626	260	0.79444248355514
13	198861	280	1.3692237577425
13	226212	300	2.0328145481267
13	253535	320	0.89820202231822
13	281262	340	2.7114116767822
13	309210	360	1.8920089766069
13	337314	380	2.4644982853481
13	365743	400	1.6983257543502
13	395063	420	1.8501428530834
13	424817	440	3.1682003474478
13	455006	460	0.42469334180582
13	485990	480	1.6678148595548
13	517491	500	1.6653697934442
13	549741	520	1.735765462143
13	582910	540	1.615596807073
13	616664	560	1.3353918152886
13	651339	580	1.4333856438786
13	687091	600	1.6336355134726
13	724044	620	2.2013248795105
13	761919	640	1.7597536945555
13	801090	660	1.5921645357752
13	841214	680	2.7728548827092
13	882474	700	1.4456170283498
13	925057	720	1.8355553462708
13	969539	740	2.5848517465663
13	1014290	760	2.6481391000053
13	1060488	780	2.1143089951398
13	1108327	800	1.8683250041804
13	1156840	820	2.2696378374907
13	1206457	840	2.3719143737073
13	1256985	860	1.4383518468931
13	1308653	880	1.9463840000106
13	1361801	900	1.2752226113764
13	1416600	920	1.7827719877743
13	1472833	940	1.9176478420745
13	1529996	960	2.0325910413247
13	1588675	980	1.5997832487196
13	1649007	1000	1.912008245034
13	1711032	1020	1.6126084853782
13	1774651	1040	3.2530918184934
13	1839929	1060	1.7467955944616
13	1906689	1080	1.9597592366154
13	1975770	1100	1.9565009519797
13	2046481	1120	1.6073678313533
13	2118379	1140	1.8256875759215
13	2191758	1160	2.024142108316
13	2267332	1180	1.4820721698276
13	2345008	1200	1.3319604945837
13	2424871	1220	1.8341857233899
13	2506165	1240	2.2478623923787
13	2590391	1260	1.4888566532895
13	2676182	1280	2.1077273940625
13	2763512	1300	1.71917419278
13	2853700	1320	1.9933502393634
13	2945589	1340	1.631720817773
13	3039507	1360	1.6712683789727
13	3135353	1380	1.6510885338096
13	3233778	1400	1.8033255750294
13	3334182	1420	1.3346001244902
13	3437665	1440	1.4589588423655
13	3542221	1460	1.9423257259602
13	3649116	1480	1.4348181817383
13	3759238	1500	1.6255072597518
13	3871624	1520	1.7439494136214
13	3986131	1540	1.4575137716677
13	4102857	1560	1.8100108260133
13	4221945	1580	1.4646427561522
13	4343781	1600	1.7437629429387
13	4467325	1620	1.5922783597666
13	4592925	1640	1.7111227353005
13	4721045	1660	2.1553262285986
13	4851721	1680	1.640932521643
13	4985042	1700	2.0051183072186
13	5121370	1720	2.0219918155008
13	5259589	1740	2.0766403599839
13	5400009	1760	1.9275993707853
13	5542918	1780	2.0141653537154
13	5689119	1800	2.0575484578248
13	5836959	1820	1.6089526427641
13	5987641	1840	1.8128972811431
13	6140345	1860	1.2690831866911
13	6295975	1880	1.8396132081585
13	6454602	1900	1.7541611892975
13	6615192	1920	1.5849811287456
13	6777795	1940	1.5986833228402
13	6943175	1960	1.9430297836306
13	7111155	1980	2.2157515630588
13	7281599	2000	1.5592581674486
14	145781	240	1.6998379900092
14	171626	260	0.63113885967726
14	198861	280	1.8747736987665
14	226212	300	4.1323349870757
14	253535	320	0.80676687289655
14	281262	340	7.3517532809909
14	309210	360	3.579697967561
14	337314	380	6.0737517984836
14	365743	400	2.8843103678891
14	395063	420	3.4230285768154
14	424817	440	10.037493441568
14	455006	460	0.1803644345742
14	485990	480	2.7816064057516
14	517491	500	2.7734565489163
14	549741	520	3.0128817395687
14	582910	540	2.6101530430246
14	616664	560	1.7832713003397
14	651339	580	2.0545944040773
14	687091	600	2.6687649908788
14	724044	620	4.845831225152
14	761919	640	3.0967330655019
14	801090	660	2.5349879089801
14	841214	680	7.6887242005641
14	882474	700	2.089808592655
14	925057	720	3.3692634292233
14	969539	740	6.681458551727
14	1014290	760	7.0126406929768
14	1060488	780	4.4703025269291
14	1108327	800	3.4906383212457
14	1156840	820	5.1512559133692
14	1206457	840	5.6259777961991
14	1256985	860	2.0688560354608
14	1308653	880	3.7884106754972
14	1361801	900	1.6261927085655
14	1416600	920	3.1782759603928
14	1472833	940	3.677373246213
14	1529996	960	4.1314263412734
14	1588675	980	2.5593064428839
14	1649007	1000	3.655775529078
14	1711032	1020	2.6005061271136
14	1774651	1040	10.582606379549
14	1839929	1060	3.0512948488304
14	1906689	1080	3.8406562654993
14	1975770	1100	3.8278959750975
14	2046481	1120	2.5836313452693
14	2118379	1140	3.3331351248741
14	2191758	1160	4.097151274658
14	2267332	1180	2.1965379165774
14	2345008	1200	1.7741187591316
14	2424871	1220	3.3642372678874
14	2506165	1240	5.0528853350707
14	2590391	1260	2.2166941340443
14	2676182	1280	4.4425147676816
14	2763512	1300	2.9555599051209
14	2853700	1320	3.9734451767701
14	2945589	1340	2.6625128271536
14	3039507	1360	2.7931379945541
14	3135353	1380	2.7260933464777
14	3233778	1400	3.251983129555
14	3334182	1420	1.7811574922893
14	3437665	1440	2.1285609037163
14	3542221	1460	3.7726292257269
14	3649116	1480	2.0587032146468
14	3759238	1500	2.6422738515057
14	3871624	1520	3.0413595572705
14	3986131	1540	2.1243463946011
14	4102857	1560	3.2761391902854
14	4221945	1580	2.1451784031491
14	4343781	1600	3.0407092011663
14	4467325	1620	2.5353503749811
14	4592925	1640	2.9279410152624
14	4721045	1660	4.6454311516851
14	4851721	1680	2.6926595405856
14	4985042	1700	4.020499425943
14	5121370	1720	4.0884509019524
14	5259589	1740	4.3124351847141
14	5400009	1760	3.715639334252
14	5542918	1780	4.0568620721075
14	5689119	1800	4.2335056562971
14	5836959	1820	2.5887286066577
14	5987641	1840	3.2865965519761
14	6140345	1860	1.6105721347421
14	6295975	1880	3.3841767556313
14	6454602	1900	3.0770814780376
14	6615192	1920	2.5121651784798
14	6777795	1940	2.5557883667273
14	6943175	1960	3.7753647400754
14	7111155	1980	4.9095549891976
14	7281599	2000	2.4312860327553
15	145781	240	358.6588264138
15	171626	260	313.55702248068
15	198861	280	272.45786465956
15	226212	300	405.75436635543
15	253535	320	360.64242917658
15	281262	340	589.82455209261
15	309210	360	505.49525623439
15	337314	380	407.51871353295
15	365743	400	228.67835395153
15	395063	420	317.1111418689
15	424817	440	493.58992124082
15	455006	460	223.39471184677
15	485990	480	410.90827692033
15	517491	500	364.58864625585
15	549741	520	227.46616369794
15	582910	540	182.40476872037
15	616664	560	449.26165411973
15	651339	580	227.26642082867
15	687091	600	364.9747515834
15	724044	620	320.71535213488
15	761919	640	136.87050670804
15	801090	660	367.04984492558
15	841214	680	594.70742372833
15	882474	700	363.51833301657
15	925057	720	409.28812252649
15	969539	740	592.96219327895
15	1014290	760	226.47098174958
15	1060488	780	502.28969543732
15	1108327	800	320.16453529689
15	1156840	820	413.41542819173
15	1206457	840	508.52381907452
15	1256985	860	363.98311650055
15	1308653	880	407.77193295037
15	1361801	900	359.9103609022
15	1416600	920	323.75131904226
15	1472833	940	415.41270146339
15	1529996	960	227.78176327772
15	1588675	980	410.17196587211
15	1649007	1000	321.00326412533
15	1711032	1020	502.76647293953
15	1774651	1040	598.78388515141
15	1839929	1060	502.22185974359
15	1906689	1080	593.68839833253
15	1975770	1100	323.9694698699
15	2046481	1120	271.54219907686
15	2118379	1140	272.41926231261
15	2191758	1160	460.69497189142
15	2267332	1180	319.8945890227
15	2345008	1200	417.43885258917
15	2424871	1220	550.65025856269
15	2506165	1240	687.2145604833
15	2590391	1260	367.73709250111
15	2676182	1280	364.31042454083
15	2763512	1300	499.90315711941
15	2853700	1320	640.5780348468
15	2945589	1340	452.17918612323
15	3039507	1360	545.92590009357
15	3135353	1380	228.68101176314
15	3233778	1400	363.5236518666
15	3334182	1420	501.78228193711
15	3437665	1440	368.69931863728
15	3542221	1460	453.50058496543
15	3649116	1480	362.26426059544
15	3759238	1500	454.80143873842
15	3871624	1520	455.89902520818
15	3986131	1540	452.72661395033
15	4102857	1560	412.56016572477
15	4221945	1580	546.17882378735
15	4343781	1600	505.47443881924
15	4467325	1620	593.76026644971
15	4592925	1640	504.02631202228
15	4721045	1660	271.63975561985
15	4851721	1680	631.24931425134
15	4985042	1700	546.39105666394
15	5121370	1720	780.62767932229
15	5259589	1740	546.7774249093
15	5400009	1760	418.98782241746
15	5542918	1780	502.71740026088
15	5689119	1800	501.96570995119
15	5836959	1820	363.37560027796
15	5987641	1840	727.86669544444
15	6140345	1860	503.62079261974
15	6295975	1880	546.86902581847
15	6454602	1900	592.16369917292
15	6615192	1920	365.58821597045
15	6777795	1940	500.35738837304
15	6943175	1960	501.75156282003
15	7111155	1980	545.66926769073
15	7281599	2000	587.42238121488
16	145781	240	44.832353301725
16	171626	260	44.793860354383
16	198861	280	45.409644109927
16	226212	300	45.083818483937
16	253535	320	45.080303647072
16	281262	340	45.371119391739
16	309210	360	45.954114203126
16	337314	380	45.279857059216
16	365743	400	45.735670790306
16	395063	420	45.301591695557
16	424817	440	44.871811021892
16	455006	460	44.678942369354
16	485990	480	45.65647521337
16	517491	500	45.573580781981
16	549741	520	45.493232739588
16	582910	540	45.601192180092
16	616664	560	44.926165411973
16	651339	580	45.453284165734
16	687091	600	45.621843947925
16	724044	620	45.816478876412
16	761919	640	45.623502236015
16	801090	660	45.881230615698
16	841214	680	45.746724902179
16	882474	700	45.439791627071
16	925057	720	45.476458058499
16	969539	740	45.612476406073
16	1014290	760	45.294196349916
16	1060488	780	45.662699585211
16	1108327	800	45.737790756699
16	1156840	820	45.935047576859
16	1206457	840	46.229438097683
16	1256985	860	45.497889562569
16	1308653	880	45.307992550041
16	1361801	900	44.988795112775
16	1416600	920	46.250188434608
16	1472833	940	46.156966829265
16	1529996	960	45.556352655544
16	1588675	980	45.574662874678
16	1649007	1000	45.857609160761
16	1711032	1020	45.706042994503
16	1774651	1040	46.060298857801
16	1839929	1060	45.656532703962
16	1906689	1080	45.668338333272
16	1975770	1100	46.281352838557
16	2046481	1120	45.257033179477
16	2118379	1140	45.403210385435
16	2191758	1160	46.069497189142
16	2267332	1180	45.699227003242
16	2345008	1200	46.38209473213
16	2424871	1220	45.887521546891
16	2506165	1240	45.81430403222
16	2590391	1260	45.967136562638
16	2676182	1280	45.538803067603
16	2763512	1300	45.44574155631
16	2853700	1320	45.755573917629
16	2945589	1340	45.217918612323
16	3039507	1360	45.493825007797
16	3135353	1380	45.736202352629
16	3233778	1400	45.440456483325
16	3334182	1420	45.616571085192
16	3437665	1440	46.087414829661
16	3542221	1460	45.350058496543
16	3649116	1480	45.28303257443
16	3759238	1500	45.480143873842
16	3871624	1520	45.589902520818
16	3986131	1540	45.272661395033
16	4102857	1560	45.840018413863
16	4221945	1580	45.51490198228
16	4343781	1600	45.95222171084
16	4467325	1620	45.673866649978
16	4592925	1640	45.820573820208
16	4721045	1660	45.273292603308
16	4851721	1680	45.089236732238
16	4985042	1700	45.532588055328
16	5121370	1720	45.919275254253
16	5259589	1740	45.564785409108
16	5400009	1760	46.554202490829
16	5542918	1780	45.701581841898
16	5689119	1800	45.633246359199
16	5836959	1820	45.421950034745
16	5987641	1840	45.491668465278
16	6140345	1860	45.783708419977
16	6295975	1880	45.572418818206
16	6454602	1900	45.551053782533
16	6615192	1920	45.698526996307
16	6777795	1940	45.48703530664
16	6943175	1960	45.613778438185
16	7111155	1980	45.472438974227
16	7281599	2000	45.186337016529
17	145781	240	0.71886986046554
17	171626	260	0.29310365765775
17	198861	280	1.0670501687176
17	226212	300	0.74580875388747
17	253535	320	0.80758740829432
17	281262	340	1.3934916418273
17	309210	360	1.6944211254786
17	337314	380	1.3331368675046
17	365743	400	1.8150064398996
17	395063	420	1.2518995346954
17	424817	440	0.46570287086659
17	455006	460	0.26285364567231
17	485990	480	1.4097854541724
17	517491	500	1.4268138156595
17	549741	520	1.9026650436866
17	582910	540	1.7745387847586
17	616664	560	0.84689278414718
17	651339	580	1.503936646562
17	687091	600	1.099785559139
17	724044	620	1.2748415266681
17	761919	640	1.1109666482913
17	801090	660	1.4045879580373
17	841214	680	1.54526237095
17	882474	700	1.3583270775611
17	925057	720	1.0644196972909
17	969539	740	0.99827305196491
17	1014290	760	1.5584630240263
17	1060488	780	1.2193712411928
17	1108327	800	1.0836593978345
17	1156840	820	1.3978460968259
17	1206457	840	1.317373142839
17	1256985	860	1.2308145556431
17	1308653	880	1.2689038470088
17	1361801	900	1.0247863146542
17	1416600	920	1.1768636654434
17	1472833	940	1.2143795098552
17	1529996	960	1.5315518130069
17	1588675	980	1.1690943241832
17	1649007	1000	1.2077171370131
17	1711032	1020	1.248832685326
17	1774651	1040	1.1533118005439
17	1839929	1060	1.1446297007875
17	1906689	1080	1.0827155388702
17	1975770	1100	1.3317801614588
17	2046481	1120	0.94337274130491
17	2118379	1140	1.1758370035425
17	2191758	1160	1.0746913952948
17	2267332	1180	1.2959315510792
17	2345008	1200	0.66020999061495
17	2424871	1220	1.0411881057462
17	2506165	1240	1.34355385668
17	2590391	1260	0.85770727681905
17	2676182	1280	1.1503829467155
17	2763512	1300	0.86736263170409
17	2853700	1320	1.1648376848767
17	2945589	1340	1.2638744700741
17	3039507	1360	1.1524517390939
17	3135353	1380	1.2058655387291
17	3233778	1400	0.91276683306325
17	3334182	1420	0.70895519809829
17	3437665	1440	1.0295115745145
17	3542221	1460	0.84889664855523
17	3649116	1480	0.68987220777147
17	3759238	1500	1.2755396690203
17	3871624	1520	1.0192753225797
17	3986131	1540	0.6730109992253
17	4102857	1560	0.97161953718192
17	4221945	1580	1.2496902644877
17	4343781	1600	0.98240583197217
17	4467325	1620	0.71900695898318
17	4592925	1640	1.1884083780858
17	4721045	1660	0.70944904927489
17	4851721	1680	0.85149660880981
17	4985042	1700	0.93815989442618
17	5121370	1720	0.84342191198503
17	5259589	1740	0.84408886062075
17	5400009	1760	0.57169961621088
17	5542918	1780	1.0757270052376
17	5689119	1800	1.0418965550261
17	5836959	1820	0.7235298502056
17	5987641	1840	0.79018345447691
17	6140345	1860	0.75744884327924
17	6295975	1880	0.93260079395017
17	6454602	1900	0.74448332627092
17	6615192	1920	0.79921475133801
17	6777795	1940	0.5575267725709
17	6943175	1960	0.94177765851028
17	7111155	1980	0.92954689360184
17	7281599	2000	0.91045709805248
18	145781	240	0.51677387628575
18	171626	260	0.08590975413235
18	198861	280	1.1385960625603
18	226212	300	0.55623069737518
18	253535	320	0.65219742203553
18	281262	340	1.9418189558425
18	309210	360	2.8710629504681
18	337314	380	1.7772539074999
18	365743	400	3.2942483768771
18	395063	420	1.5672524449705
18	424817	440	0.21687916393339
18	455006	460	0.069092039043222
18	485990	480	1.987495026796
18	517491	500	2.0357976645569
18	549741	520	3.620134268467
18	582910	540	3.1489878986125
18	616664	560	0.71722738784055
18	651339	580	2.261825436872
18	687091	600	1.2095282760907
18	724044	620	1.6252209181173
18	761919	640	1.2342468936155
18	801090	660	1.9728673318635
18	841214	680	2.3878357950741
18	882474	700	1.8450524496357
18	925057	720	1.1329892919809
18	969539	740	0.99654908627934
18	1014290	760	2.4288069972572
18	1060488	780	1.486866223848
18	1108327	800	1.1743176905151
18	1156840	820	1.9539737104115
18	1206457	840	1.7354719974734
18	1256985	860	1.5149044703828
18	1308653	880	1.6101169729536
18	1361801	900	1.0501869907025
18	1416600	920	1.3850080870409
18	1472833	940	1.4747175939562
18	1529996	960	2.3456509559248
18	1588675	980	1.3667815388373
18	1649007	1000	1.4585806830351
18	1711032	1020	1.5595830759387
18	1774651	1040	1.3301281092738
18	1839929	1060	1.310177151925
18	1906689	1080	1.1722729381109
18	1975770	1100	1.7736383984553
18	2046481	1120	0.88995212903713
18	2118379	1140	1.3825926588997
18	2191758	1160	1.1549615951206
18	2267332	1180	1.6794385850824
18	2345008	1200	0.43587723170779
18	2424871	1220	1.0840726715474
18	2506165	1240	1.8051369657997
18	2590391	1260	0.73566177270834
18	2676182	1280	1.3233809240938
18	2763512	1300	0.75231793487665
18	2853700	1320	1.3568468321089
18	2945589	1340	1.5973786761051
18	3039507	1360	1.3281450109406
18	3135353	1380	1.4541116974945
18	3233778	1400	0.83314329154032
18	3334182	1420	0.50261747291059
18	3437665	1440	1.0598940820592
18	3542221	1460	0.72062551992831
18	3649116	1480	0.47592366305548
18	3759238	1500	1.6270014472445
18	3871624	1520	1.03892218322
18	3986131	1540	0.45294380507823
18	4102857	1560	0.9440445250336
18	4221945	1580	1.5617257571553
18	4343781	1600	0.96512121869293
18	4467325	1620	0.51697100706624
18	4592925	1640	1.4123144731046
18	4721045	1660	0.50331795351705
18	4851721	1680	0.72504647481461
18	4985042	1700	0.88014398750974
18	5121370	1720	0.71136052161648
18	5259589	1740	0.71248600462403
18	5400009	1760	0.32684045117566
18	5542918	1780	1.1571885897973
18	5689119	1800	1.0855484313752
18	5836959	1820	0.52349544413853
18	5987641	1840	0.62438989172906
18	6140345	1860	0.57372875018506
18	6295975	1880	0.86974424087649
18	6454602	1900	0.55425542309542
18	6615192	1920	0.63874421875628
18	6777795	1940	0.31083610213332
18	6943175	1960	0.8869451580691
18	7111155	1980	0.86405742740483
18	7281599	2000	0.82893212739415
19	145781	240	2905.120516178
19	171626	260	2709.1490841826
19	198861	280	3282.361018247
19	226212	300	3786.4318301835
19	253535	320	3404.661011241
19	281262	340	2859.260994781
19	309210	360	2633.5790750086
19	337314	380	3724.3687478279
19	365743	400	2746.7909502516
19	395063	420	2932.0819287707
19	424817	440	3467.7493673415
19	455006	460	2434.5749782965
19	485990	480	3656.9116897737
19	517491	500	3405.345688557
19	549741	520	3112.182231443
19	582910	540	2337.7383786053
19	616664	560	3435.9775142343
19	651339	580	2654.70251999
19	687091	600	3782.6030598316
19	724044	620	3410.1334555867
19	761919	640	1882.9655359729
19	801090	660	2976.2636058369
19	841214	680	4497.7350380191
19	882474	700	3576.3635569267
19	925057	720	3606.1842329893
19	969539	740	4075.3200026422
19	1014290	760	2549.1425019131
19	1060488	780	4218.5122079005
19	1108327	800	4012.0418060808
19	1156840	820	3921.2699850849
19	1206457	840	3649.3985566778
19	1256985	860	4343.1501868904
19	1308653	880	3931.6708692485
19	1361801	900	3426.5606717246
19	1416600	920	3886.4839134718
19	1472833	940	3842.3292565484
19	1529996	960	2556.7325355983
19	1588675	980	4014.6391601437
19	1649007	1000	3802.6355159975
19	1711032	1020	5485.8016119407
19	1774651	1040	5124.7165595887
19	1839929	1060	5012.0381812692
19	1906689	1080	5048.7387836679
19	1975770	1100	4519.4454034624
19	2046481	1120	3832.9781599966
19	2118379	1140	3810.383853321
19	2191758	1160	4768.3228791875
19	2267332	1180	4151.4401994231
19	2345008	1200	3746.5423183833
19	2424871	1220	5595.4937014596
19	2506165	1240	5278.3593487517
19	2590391	1260	3738.6476766125
19	2676182	1280	4888.6579123389
19	2763512	1300	5343.5004670449
19	2853700	1320	6163.3160331399
19	2945589	1340	3961.318034823
19	3039507	1360	5558.1291060857
19	3135353	1380	2520.4832847944
19	3233778	1400	4476.526928316
19	3334182	1420	5202.991840175
19	3437665	1440	4996.4677890401
19	3542221	1460	4450.4019713239
19	3649116	1480	4021.3853518735
19	3759238	1500	5475.1700042286
19	3871624	1520	5442.9481183981
19	3986131	1540	4645.0253779163
19	4102857	1560	5298.1743881135
19	4221945	1580	5310.239790127
19	4343781	1600	5916.0275905999
19	4467325	1620	6962.8501887999
19	4592925	1640	5280.9303449276
19	4721045	1660	3777.4521917236
19	4851721	1680	5753.9663018258
19	4985042	1700	6678.0744104943
19	5121370	1720	5762.8165101871
19	5259589	1740	6414.644041519
19	5400009	1760	3783.0923674159
19	5542918	1780	6061.1614319782
19	5689119	1800	5138.341173324
19	5836959	1820	5126.1053510262
19	5987641	1840	7295.3347596367
19	6140345	1860	6547.5347661582
19	6295975	1880	6792.743014334
19	6454602	1900	6389.5681451927
19	6615192	1920	4803.2019132489
19	6777795	1940	6200.2283094415
19	6943175	1960	5466.9066244702
19	7111155	1980	6764.43724077
19	7281599	2000	6966.1787359645
20	145781	240	46.113024066317
20	171626	260	45.917781087841
20	198861	280	46.230436876718
20	226212	300	46.175997929067
20	253535	320	46.008932584338
20	281262	340	46.117112819049
20	309210	360	47.028197768011
20	337314	380	46.554609347849
20	365743	400	46.555778817824
20	395063	420	46.540982996361
20	424817	440	46.23665823122
20	455006	460	45.935376948991
20	485990	480	46.883483202227
20	517491	500	46.648571076123
20	549741	520	46.450481066313
20	582910	540	46.754767572105
20	616664	560	46.432128570734
20	651339	580	46.573728420877
20	687091	600	46.698803207797
20	724044	620	47.362964660927
20	761919	640	47.074138399322
20	801090	660	47.242279457728
20	841214	680	47.34457934757
20	882474	700	47.05741522272
20	925057	720	46.233131192171
20	969539	740	47.387441891189
20	1014290	760	47.20634262802
20	1060488	780	46.872357865561
20	1108327	800	47.200491836245
20	1156840	820	47.820365671767
20	1206457	840	48.01840206155
20	1256985	860	47.208154205331
20	1308653	880	47.369528545163
20	1361801	900	46.939187283899
20	1416600	920	47.396145286241
20	1472833	940	47.436163661091
20	1529996	960	47.346898807376
20	1588675	980	47.231048942867
20	1649007	1000	47.532943949969
20	1711032	1020	47.291393206385
20	1774651	1040	47.894547285875
20	1839929	1060	46.841478329619
20	1906689	1080	47.184474613718
20	1975770	1100	48.079206419813
20	2046481	1120	46.743636097519
20	2118379	1140	47.041775966925
20	2191758	1160	47.683228791875
20	2267332	1180	47.175456811626
20	2345008	1200	48.656393745237
20	2424871	1220	47.419438147963
20	2506165	1240	47.552786925691
20	2590391	1260	47.324654134336
20	2676182	1280	47.462698178048
20	2763512	1300	47.287614752609
20	2853700	1320	47.410123331845
20	2945589	1340	47.158548033607
20	3039507	1360	47.102789034624
20	3135353	1380	47.556288392347
20	3233778	1400	47.622626896978
20	3334182	1420	47.733870093349
20	3437665	1440	48.042959510001
20	3542221	1460	47.344701822594
20	3649116	1480	46.760294789227
20	3759238	1500	47.199741415764
20	3871624	1520	47.745158933317
20	3986131	1540	47.886859566147
20	4102857	1560	48.165221710122
20	4221945	1580	47.412855268991
20	4343781	1600	47.328220724799
20	4467325	1620	47.690754717808
20	4592925	1640	47.575949053402
20	4721045	1660	47.218152396546
20	4851721	1680	47.163658211687
20	4985042	1700	47.362229861661
20	5121370	1720	48.023470918226
20	5259589	1740	47.870477921783
20	5400009	1760	48.50118419764
20	5542918	1780	47.725680566757
20	5689119	1800	48.021880124524
20	5836959	1820	47.907526645104
20	5987641	1840	47.995623418663
20	6140345	1860	48.143637986457
20	6295975	1880	48.175482371163
20	6454602	1900	48.041865753329
20	6615192	1920	48.032019132489
20	6777795	1940	48.063785344508
20	6943175	1960	47.538318473654
20	7111155	1980	47.974732204043
20	7281599	2000	47.713552986058
21	145781	240	2.0743313097196
21	171626	260	2.0873295332689
21	198861	280	2.2991203195102
21	226212	300	2.6050400706046
21	253535	320	1.7775910297225
21	281262	340	3.130997682548
21	309210	360	2.3920435509528
21	337314	380	2.7067170031638
21	365743	400	2.8460115546161
21	395063	420	3.0876351876735
21	424817	440	2.3205929072116
21	455006	460	1.7652194013968
21	485990	480	2.5451928910976
21	517491	500	2.3618603360614
21	549741	520	2.3509919620304
21	582910	540	2.22865100905
21	616664	560	2.0961791287609
21	651339	580	2.5013759427323
21	687091	600	2.5928860325953
21	724044	620	3.1465979529005
21	761919	640	2.3848921831482
21	801090	660	2.8714695092007
21	841214	680	3.6266116279266
21	882474	700	3.1332824073305
21	925057	720	2.9227620963807
21	969539	740	2.8859806107901
21	1014290	760	3.8874670324886
21	1060488	780	2.7790184665949
21	1108327	800	2.6436780507041
21	1156840	820	3.1008814647861
21	1206457	840	3.411276596073
21	1256985	860	2.5771782800199
21	1308653	880	3.0348155697174
21	1361801	900	2.3814919996809
21	1416600	920	2.4788023391799
21	1472833	940	2.6866586338588
21	1529996	960	2.679203897643
21	1588675	980	2.7822485337671
21	1649007	1000	2.5442601833862
21	1711032	1020	2.5883831387827
21	1774651	1040	3.4117803194441
21	1839929	1060	2.5028279556951
21	1906689	1080	3.0605722402564
21	1975770	1100	3.223759332938
21	2046481	1120	2.2506536624029
21	2118379	1140	2.490491975783
21	2191758	1160	2.6730167962937
21	2267332	1180	2.147948263239
21	2345008	1200	2.6780543312242
21	2424871	1220	3.0908699163467
21	2506165	1240	2.6923425580253
21	2590391	1260	2.5341682812266
21	2676182	1280	2.9948891392248
21	2763512	1300	2.7387452613667
21	2853700	1320	2.4792332046791
21	2945589	1340	2.431416575453
21	3039507	1360	2.66036400433
21	3135353	1380	2.5401272556183
21	3233778	1400	2.6095812887204
21	3334182	1420	2.1280978329205
21	3437665	1440	2.5563610460417
21	3542221	1460	2.8005358877251
21	3649116	1480	2.2688480747026
21	3759238	1500	2.450219858483
21	3871624	1520	2.803225598321
21	3986131	1540	2.5592460403753
21	4102857	1560	2.4587108258197
21	4221945	1580	2.4915963501408
21	4343781	1600	2.5278515153318
21	4467325	1620	2.5029024764259
21	4592925	1640	2.4954125758094
21	4721045	1660	2.5425616631622
21	4851721	1680	2.3113597597068
21	4985042	1700	2.5906697677823
21	5121370	1720	2.7949868678633
21	5259589	1740	2.9045701492774
21	5400009	1760	2.5382816968318
21	5542918	1780	3.3648243157087
21	5689119	1800	2.7483705055337
21	5836959	1820	2.3055386994685
21	5987641	1840	2.6512792113407
21	6140345	1860	2.4354652957011
21	6295975	1880	2.7485063482191
21	6454602	1900	2.6051054255734
21	6615192	1920	2.8116015792806
21	6777795	1940	2.7838099467515
21	6943175	1960	2.571054338771
21	7111155	1980	3.0310201819244
21	7281599	2000	2.4871120205403
22	145781	240	4.3028503824831
22	171626	260	4.3569445804566
22	198861	280	5.2859542435846
22	226212	300	6.7862337694556
22	253535	320	3.1598298689498
22	281262	340	9.8031464881209
22	309210	360	5.7218723496549
22	337314	380	7.3263169352161
22	365743	400	8.0997817690082
22	395063	420	9.5334910521597
22	424817	440	5.3851514410008
22	455006	460	3.1159995350677
22	485990	480	6.4780068528936
22	517491	500	5.57838424706
22	549741	520	5.5271632055313
22	582910	540	4.9668853201397
22	616664	560	4.3939669398529
22	651339	580	6.25688160688
22	687091	600	6.723057978028
22	724044	620	9.9010786771976
22	761919	640	5.6877107252412
22	801090	660	8.2453371422695
22	841214	680	13.152311899812
22	882474	700	9.8174586440866
22	925057	720	8.5425382720398
22	969539	740	8.3288840858562
22	1014290	760	15.112399928686
22	1060488	780	7.7229436376752
22	1108327	800	6.9890336357748
22	1156840	820	9.6154658586543
22	1206457	840	11.636808014915
22	1256985	860	6.6418478870064
22	1308653	880	9.210105542199
22	1361801	900	5.6715041445443
22	1416600	920	6.1444610367237
22	1472833	940	7.2181346148878
22	1529996	960	7.1781335251452
22	1588675	980	7.7409069036494
22	1649007	1000	6.4732598807645
22	1711032	1020	6.6997272731348
22	1774651	1040	11.640244948146
22	1839929	1060	6.2641477758088
22	1906689	1080	9.3671024378282
22	1975770	1100	10.392624236705
22	2046481	1120	5.0654419080878
22	2118379	1140	6.2025502814393
22	2191758	1160	7.1450187932682
22	2267332	1180	4.6136817415513
22	2345008	1200	7.1719750009884
22	2424871	1220	9.553476839777
22	2506165	1240	7.2487084497541
22	2590391	1260	6.4220088775749
22	2676182	1280	8.9693609562468
22	2763512	1300	7.5007256066588
22	2853700	1320	6.1465972831833
22	2945589	1340	5.9117865633877
22	3039507	1360	7.0775366355347
22	3135353	1380	6.4522464747349
22	3233778	1400	6.8099145024395
22	3334182	1420	4.5288003864811
22	3437665	1440	6.5349817977197
22	3542221	1460	7.8430012584362
22	3649116	1480	5.1476715860817
22	3759238	1500	6.0035773549043
22	3871624	1520	7.8580737550822
22	3986131	1540	6.5497402951769
22	4102857	1560	6.0452589250029
22	4221945	1580	6.2080523720352
22	4343781	1600	6.3900332835653
22	4467325	1620	6.2645208064991
22	4592925	1640	6.2270839235077
22	4721045	1660	6.464619810982
22	4851721	1680	5.3423839387917
22	4985042	1700	6.7115698457009
22	5121370	1720	7.8119515915283
22	5259589	1740	8.4365277520736
22	5400009	1760	6.4428739724712
22	5542918	1780	11.322042675584
22	5689119	1800	7.5535404356877
22	5836959	1820	5.3155086947471
22	5987641	1840	7.0292814564875
22	6140345	1860	5.9314912065646
22	6295975	1880	7.5542871462009
22	6454602	1900	6.7865742783518
22	6615192	1920	7.9051034406133
22	6777795	1940	7.7495978196326
22	6943175	1960	6.6103204129134
22	7111155	1980	9.1870833432332
22	7281599	2000	6.1857262027159
23	145781	240	3227.9476404907
23	171626	260	3545.6686619866
23	198861	280	3910.4038265218
23	226212	300	3830.4052252779
23	253535	320	3864.6794575567
23	281262	340	3739.93501574
23	309210	360	3786.8299820693
23	337314	380	3979.0022613536
23	365743	400	4109.7088221137
23	395063	420	4267.2956423315
23	424817	440	3990.161309263
23	455006	460	4359.3566838997
23	485990	480	4264.213870965
23	517491	500	4319.2934832906
23	549741	520	4548.3389249271
23	582910	540	4590.7777410922
23	616664	560	4371.2870635943
23	651339	580	4730.7041125231
23	687091	600	4594.3804742589
23	724044	620	4728.3297157657
23	761919	640	4958.989912638
23	801090	660	4772.4365523647
23	841214	680	4640.5588819245
23	882474	700	4916.2646913774
23	925057	720	4920.0206443898
23	969539	740	4823.3061730913
23	1014290	760	5240.3537179215
23	1060488	780	5007.8817333091
23	1108327	800	5380.2083645668
23	1156840	820	5145.2865858449
23	1206457	840	5240.6381542416
23	1256985	860	5385.8999119737
23	1308653	880	5386.2677921813
23	1361801	900	5522.5127676654
23	1416600	920	5617.2697558295
23	1472833	940	5568.3501068211
23	1529996	960	5806.4763949824
23	1588675	980	5670.0152435061
23	1649007	1000	5898.0886283698
23	1711032	1020	5760.4272509926
23	1774651	1040	5662.9907099947
23	1839929	1060	5803.9366585716
23	1906689	1080	5758.1027893198
23	1975770	1100	6116.0868477586
23	2046481	1120	6214.5643747281
23	2118379	1140	6260.0153254632
23	2191758	1160	6113.3490625208
23	2267332	1180	6348.5155926229
23	2345008	1200	6249.4524303143
23	2424871	1220	6250.8714063629
23	2506165	1240	6206.7315990128
23	2590391	1260	6528.2605996851
23	2676182	1280	6477.8976236817
23	2763512	1300	6530.5305559935
23	2853700	1320	6487.2296788196
23	2945589	1340	6618.323019343
23	3039507	1360	6666.9425016781
23	3135353	1380	7031.747675669
23	3233778	1400	6890.650363419
23	3334182	1420	6750.5280875159
23	3437665	1440	6978.3039459307
23	3542221	1460	6932.8451034135
23	3649116	1480	7160.6984669128
23	3759238	1500	7164.1360860734
23	3871624	1520	7111.1620506175
23	3986131	1540	7258.4197329775
23	4102857	1560	7393.3557410384
23	4221945	1580	7258.3788717913
23	4343781	1600	7290.5628074424
23	4467325	1620	7156.4734683326
23	4592925	1640	7486.3517047131
23	4721045	1660	7704.8049742895
23	4851721	1680	7441.4065966039
23	4985042	1700	7579.6705814671
23	5121370	1720	7388.7416650295
23	5259589	1740	7709.6667225979
23	5400009	1760	7828.080537679
23	5542918	1780	7747.8064507526
23	5689119	1800	7935.6570188687
23	5836959	1820	8110.9802708165
23	5987641	1840	7748.3992371856
23	6140345	1860	7973.1156967043
23	6295975	1880	8066.6344151482
23	6454602	1900	8114.977574155
23	6615192	1920	8383.7653762299
23	6777795	1940	8294.2692068458
23	6943175	1960	8340.4592232643
23	7111155	1980	8382.9631588405
23	7281599	2000	8427.6329903461
24	145781	240	44.832606117927
24	171626	260	44.881881797299
24	198861	280	44.947170419791
24	226212	300	45.063590885622
24	253535	320	44.938133227404
24	281262	340	45.059458020964
24	309210	360	45.081309310348
24	337314	380	45.215934788109
24	365743	400	45.161635407843
24	395063	420	45.396762152463
24	424817	440	45.342742150716
24	455006	460	45.409965457289
24	485990	480	45.363977350691
24	517491	500	45.466247192533
24	549741	520	45.483389249271
24	582910	540	45.453244961309
24	616664	560	45.534240245774
24	651339	580	45.487539543492
24	687091	600	45.488915586722
24	724044	620	45.46470880544
24	761919	640	45.495320299431
24	801090	660	45.451776689188
24	841214	680	45.495675312985
24	882474	700	45.520969364606
24	925057	720	45.555746707313
24	969539	740	45.50288842539
24	1014290	760	45.568293199318
24	1060488	780	45.526197575537
24	1108327	800	45.594986140397
24	1156840	820	45.533509609247
24	1206457	840	45.570766558622
24	1256985	860	45.643219592998
24	1308653	880	45.646337221875
24	1361801	900	45.640601385664
24	1416600	920	45.668859803492
24	1472833	940	45.642213990337
24	1529996	960	45.720286574665
24	1588675	980	45.725929383114
24	1649007	1000	45.721617274185
24	1711032	1020	45.717676595179
24	1774651	1040	45.669279919312
24	1839929	1060	45.70028865017
24	1906689	1080	45.699228486665
24	1975770	1100	45.642439162378
24	2046481	1120	45.695326284766
24	2118379	1140	45.693542521629
24	2191758	1160	45.622007929259
24	2267332	1180	45.672774047647
24	2345008	1200	45.616441097184
24	2424871	1220	45.626798586591
24	2506165	1240	45.637732345682
24	2590391	1260	45.65217202577
24	2676182	1280	45.618997349871
24	2763512	1300	45.668045846109
24	2853700	1320	45.684716048025
24	2945589	1340	45.643607029952
24	3039507	1360	45.663989737521
24	3135353	1380	45.660699192656
24	3233778	1400	45.633446115357
24	3334182	1420	45.611676266999
24	3437665	1440	45.609829711965
24	3542221	1460	45.610823048773
24	3649116	1480	45.609544375241
24	3759238	1500	45.631440038684
24	3871624	1520	45.584372119343
24	3986131	1540	45.650438572186
24	4102857	1560	45.637998401472
24	4221945	1580	45.650181583593
24	4343781	1600	45.566017546515
24	4467325	1620	45.582633556258
24	4592925	1640	45.648486004348
24	4721045	1660	45.590561978044
24	4851721	1680	45.652801206159
24	4985042	1700	45.660666153417
24	5121370	1720	45.609516450799
24	5259589	1740	45.619329719514
24	5400009	1760	45.512096149296
24	5542918	1780	45.57533206325
24	5689119	1800	45.607224246372
24	5836959	1820	45.567304892228
24	5987641	1840	45.578819042268
24	6140345	1860	45.560661124025
24	6295975	1880	45.574205735301
24	6454602	1900	45.589761652556
24	6615192	1920	45.563942262119
24	6777795	1940	45.572907729922
24	6943175	1960	45.576279908548
24	7111155	1980	45.559582385003
24	7281599	2000	45.55477292079
25	145781	240	0.46095615321731
25	171626	260	0.4214855853505
25	198861	280	0.6729619257977
25	226212	300	0.78552792405027
25	253535	320	0.50010349633702
25	281262	340	0.90091307888246
25	309210	360	0.97232324288942
25	337314	380	1.3003375989201
25	365743	400	1.1095853474429
25	395063	420	1.5298433270717
25	424817	440	1.3235368360387
25	455006	460	1.3708618742264
25	485990	480	1.3638346228513
25	517491	500	1.3988072186663
25	549741	520	1.4560938959238
25	582910	540	1.4226632840441
25	616664	560	1.3805526446825
25	651339	580	1.3405835385674
25	687091	600	1.2914191685699
25	724044	620	1.2467459429392
25	761919	640	1.2365375737792
25	801090	660	1.2375577328113
25	841214	680	1.2133412881416
25	882474	700	1.2403391380114
25	925057	720	1.2359784505729
25	969539	740	1.1713487305814
25	1014290	760	1.1870046792011
25	1060488	780	1.1950297212387
25	1108327	800	1.1752902865863
25	1156840	820	1.1404088075772
25	1206457	840	1.1940050410621
25	1256985	860	1.1901876060566
25	1308653	880	1.1949151690848
25	1361801	900	1.1773832894754
25	1416600	920	1.1958710894985
25	1472833	940	1.1832644588565
25	1529996	960	1.2003868938402
25	1588675	980	1.2159827012862
25	1649007	1000	1.1827971040244
25	1711032	1020	1.2108088575894
25	1774651	1040	1.1302050183752
25	1839929	1060	1.0915263498658
25	1906689	1080	1.1212427301184
25	1975770	1100	1.0924086755635
25	2046481	1120	1.0989012750862
25	2118379	1140	1.1074431061331
25	2191758	1160	1.1175019091946
25	2267332	1180	1.0827848376466
25	2345008	1200	1.0523123474383
25	2424871	1220	1.0763641466865
25	2506165	1240	0.99011839860808
25	2590391	1260	1.0543541997208
25	2676182	1280	0.98518165617753
25	2763512	1300	1.0660470825957
25	2853700	1320	1.1657653419165
25	2945589	1340	0.93274219587432
25	3039507	1360	0.98681837889629
25	3135353	1380	0.98006441731655
25	3233778	1400	0.95487297934781
25	3334182	1420	0.93595278147597
25	3437665	1440	0.92248847779998
25	3542221	1460	0.90230179858875
25	3649116	1480	0.93278860966276
25	3759238	1500	0.89572037015681
25	3871624	1520	0.83192519227741
25	3986131	1540	0.90388406417955
25	4102857	1560	0.93766425152773
25	4221945	1580	0.88290584714694
25	4343781	1600	0.81671414334174
25	4467325	1620	0.83947570630852
25	4592925	1640	0.8718040222098
25	4721045	1660	0.84772924748502
25	4851721	1680	0.85114162823773
25	4985042	1700	0.90001703474133
25	5121370	1720	0.84721394044684
25	5259589	1740	0.87017644630375
25	5400009	1760	0.76420836029321
25	5542918	1780	0.79988401331318
25	5689119	1800	0.83842908640852
25	5836959	1820	0.84135899574886
25	5987641	1840	0.80628260321435
25	6140345	1860	0.82908284048789
25	6295975	1880	0.83884312633985
25	6454602	1900	0.85092078403049
25	6615192	1920	0.86425342122851
25	6777795	1940	0.88213554282585
25	6943175	1960	0.85444717117721
25	7111155	1980	0.88304004869653
25	7281599	2000	0.85215301365376
26	145781	240	0.2124805751889
26	171626	260	0.17765009865825
26	198861	280	0.45287775357335
26	226212	300	0.61705411946273
26	253535	320	0.25010350704851
26	281262	340	0.81164437570147
26	309210	360	0.945412488663
26	337314	380	1.6908778711654
26	365743	400	1.2311796432601
26	395063	420	2.3404206053859
26	424817	440	1.7517497563512
26	455006	460	1.8792622782075
26	485990	480	1.860044878488
26	517491	500	1.9566616349929
26	549741	520	2.1202094337466
26	582910	540	2.023970819767
26	616664	560	1.9059256047399
26	651339	580	1.7971642238778
26	687091	600	1.6677634689497
26	724044	620	1.5543754462353
26	761919	640	1.5290251713677
26	801090	660	1.5315491420411
26	841214	680	1.4721970815092
26	882474	700	1.5384411772829
26	925057	720	1.5276427302807
26	969539	740	1.3720578486347
26	1014290	760	1.4089801084453
26	1060488	780	1.4280960346438
26	1108327	800	1.381307257744
26	1156840	820	1.3005322483996
26	1206457	840	1.4256480380817
26	1256985	860	1.4165465376107
26	1308653	880	1.427822261309
26	1361801	900	1.3862314103359
26	1416600	920	1.4301076626984
26	1472833	940	1.4001147795929
26	1529996	960	1.4409286949033
26	1588675	980	1.4786139298272
26	1649007	1000	1.3990089892884
26	1711032	1020	1.4660580896169
26	1774651	1040	1.2773633835606
26	1839929	1060	1.1914297724513
26	1906689	1080	1.2571852598434
26	1975770	1100	1.1933567144463
26	2046481	1120	1.2075840123861
26	2118379	1140	1.2264302333218
26	2191758	1160	1.2488105170536
26	2267332	1180	1.1724230046374
26	2345008	1200	1.1073612765711
26	2424871	1220	1.1585597762722
26	2506165	1240	0.98033444326223
26	2590391	1260	1.1116627784689
26	2676182	1280	0.97058289566869
26	2763512	1300	1.1364563823108
26	2853700	1320	1.3590088324137
26	2945589	1340	0.87000800396446
26	3039507	1360	0.97381051292751
26	3135353	1380	0.96052626209002
26	3233778	1400	0.91178240668857
26	3334182	1420	0.8760076091526
26	3437665	1440	0.85098499167372
26	3542221	1460	0.81414853573649
26	3649116	1480	0.87009459031659
26	3759238	1500	0.80231498151384
26	3871624	1520	0.6920995255458
26	3986131	1540	0.81700640147774
26	4102857	1560	0.87921424859305
26	4221945	1580	0.77952273492626
26	4343781	1600	0.66702199193443
26	4467325	1620	0.70471946148219
26	4592925	1640	0.76004225314118
26	4721045	1660	0.71864487704151
26	4851721	1680	0.72444207131918
26	4985042	1700	0.81003066282458
26	5121370	1720	0.71777146088746
26	5259589	1740	0.75720704770182
26	5400009	1760	0.58401441794204
26	5542918	1780	0.63981443475401
26	5689119	1800	0.70296333293582
26	5836959	1820	0.70788495972753
26	5987641	1840	0.65009163624612
26	6140345	1860	0.68737835639147
26	6295975	1880	0.70365779060762
26	6454602	1900	0.72406618069507
26	6615192	1920	0.74693397610519
26	6777795	1940	0.77816311591666
26	6943175	1960	0.73007996833274
26	7111155	1980	0.77975972760197
26	7281599	2000	0.72616475867919
