version 2
run statisticRVV-195-20150327-15:05:47-17804
attr c 8
attr configname statisticRVV
attr datetime 20150327-15:05:47
attr experiment statisticRVV
attr inifile omnetpp.ini
attr iterationvars "$sc=\"erlangen-medium.launchd.xml\", $p=1/8, $c=8"
attr iterationvars2 "$sc=\"erlangen-medium.launchd.xml\", $p=1/8, $c=8, $repetition=5"
attr measurement "$sc=\"erlangen-medium.launchd.xml\", $p=1/8, $c=8"
attr network RSUExampleScenario
attr p 1/8
attr processid 17804
attr repetition 5
attr replication #5
attr resultdir results
attr runnumber 195
attr sc "\"erlangen-medium.launchd.xml\""
attr seedset 195

vector 0  RSUExampleScenario.rsu[0].appl  Number_CH  ETV
vector 1  RSUExampleScenario.rsu[0].appl  Number_ON  ETV
vector 2  RSUExampleScenario.rsu[0].appl  Number_FN  ETV
vector 3  RSUExampleScenario.rsu[0].appl  Number_CH_Losts  ETV
vector 4  RSUExampleScenario.rsu[0].appl  Number_CH_Losts  ETV
vector 5  RSUExampleScenario.rsu[0].appl  Mean_Cluster_Size  ETV
vector 6  RSUExampleScenario.rsu[0].appl  StdDev_Cluster_Size  ETV
vector 7  RSUExampleScenario.rsu[0].appl  Variance_Cluster_Size  ETV
vector 8  RSUExampleScenario.rsu[0].appl  Mean_Neighbors  ETV
vector 9  RSUExampleScenario.rsu[0].appl  StdDev_Neighbors  ETV
vector 10  RSUExampleScenario.rsu[0].appl  Variance_Neighbors  ETV
vector 11  RSUExampleScenario.rsu[0].appl  Total_CH_Utility  ETV
vector 12  RSUExampleScenario.rsu[0].appl  Mean_CH_Utility  ETV
vector 13  RSUExampleScenario.rsu[0].appl  StdDev_CH_Utility  ETV
vector 14  RSUExampleScenario.rsu[0].appl  Variance_CH_Utility  ETV
vector 15  RSUExampleScenario.rsu[0].appl  Total_exp_CH_Utility  ETV
vector 16  RSUExampleScenario.rsu[0].appl  Mean_exp_CH_Utility  ETV
vector 17  RSUExampleScenario.rsu[0].appl  StdDev_exp_CH_Utility  ETV
vector 18  RSUExampleScenario.rsu[0].appl  Variance_exp_CH_Utility  ETV
vector 19  RSUExampleScenario.rsu[0].appl  Total_ON_Utility  ETV
vector 20  RSUExampleScenario.rsu[0].appl  Mean_ON_Utility  ETV
vector 21  RSUExampleScenario.rsu[0].appl  StdDev_ON_Utility  ETV
vector 22  RSUExampleScenario.rsu[0].appl  Variance_ON_Utility  ETV
vector 23  RSUExampleScenario.rsu[0].appl  Total_exp_ON_Utility  ETV
vector 24  RSUExampleScenario.rsu[0].appl  Mean_exp_ON_Utility  ETV
vector 25  RSUExampleScenario.rsu[0].appl  StdDev_exp_ON_Utility  ETV
vector 26  RSUExampleScenario.rsu[0].appl  Variance_exp_ON_Utility  ETV
0	145348	240	15
0	171227	260	7
0	198601	280	11
0	225879	300	9
0	253270	320	12
0	280635	340	8
0	308261	360	9
0	335768	380	7
0	363372	400	9
0	391250	420	9
0	419750	440	12
0	448425	460	10
0	477768	480	11
0	507629	500	12
0	538163	520	14
0	568989	540	8
0	600744	560	13
0	633661	580	9
0	667290	600	10
0	701465	620	16
0	736407	640	15
0	772051	660	17
0	809031	680	13
0	847171	700	14
0	886047	720	16
0	926423	740	16
0	967954	760	16
0	1010817	780	14
0	1055129	800	20
0	1100828	820	20
0	1147428	840	22
0	1195012	860	9
0	1243674	880	11
0	1293724	900	14
0	1344932	920	16
0	1397011	940	20
0	1450265	960	12
0	1504893	980	9
0	1560382	1000	16
0	1618263	1020	21
0	1676850	1040	19
0	1738004	1060	18
0	1800508	1080	21
0	1864310	1100	22
0	1929541	1120	15
0	1996784	1140	17
0	2066159	1160	11
0	2136885	1180	20
0	2209827	1200	16
0	2284183	1220	14
0	2359537	1240	17
0	2436665	1260	16
0	2517020	1280	20
0	2599373	1300	20
0	2683642	1320	18
0	2770483	1340	15
0	2858817	1360	14
0	2948967	1380	16
0	3041763	1400	12
0	3136015	1420	14
0	3233130	1440	21
0	3332038	1460	25
0	3432854	1480	20
0	3536449	1500	13
0	3643047	1520	25
0	3752105	1540	21
0	3863459	1560	22
0	3976516	1580	18
0	4091932	1600	21
0	4209872	1620	19
0	4329493	1640	21
0	4452239	1660	33
0	4576860	1680	19
1	145348	240	51
1	171227	260	47
1	198601	280	60
1	225879	300	58
1	253270	320	64
1	280635	340	59
1	308261	360	58
1	335768	380	48
1	363372	400	54
1	391250	420	46
1	419750	440	62
1	448425	460	62
1	477768	480	61
1	507629	500	75
1	538163	520	79
1	568989	540	58
1	600744	560	69
1	633661	580	56
1	667290	600	57
1	701465	620	75
1	736407	640	77
1	772051	660	65
1	809031	680	70
1	847171	700	74
1	886047	720	69
1	926423	740	86
1	967954	760	87
1	1010817	780	78
1	1055129	800	86
1	1100828	820	77
1	1147428	840	86
1	1195012	860	49
1	1243674	880	77
1	1293724	900	87
1	1344932	920	79
1	1397011	940	96
1	1450265	960	79
1	1504893	980	55
1	1560382	1000	83
1	1618263	1020	95
1	1676850	1040	99
1	1738004	1060	98
1	1800508	1080	97
1	1864310	1100	95
1	1929541	1120	92
1	1996784	1140	95
1	2066159	1160	76
1	2136885	1180	117
1	2209827	1200	95
1	2284183	1220	86
1	2359537	1240	102
1	2436665	1260	104
1	2517020	1280	102
1	2599373	1300	101
1	2683642	1320	101
1	2770483	1340	90
1	2858817	1360	93
1	2948967	1380	105
1	3041763	1400	77
1	3136015	1420	102
1	3233130	1440	108
1	3332038	1460	123
1	3432854	1480	107
1	3536449	1500	93
1	3643047	1520	95
1	3752105	1540	109
1	3863459	1560	115
1	3976516	1580	118
1	4091932	1600	116
1	4209872	1620	113
1	4329493	1640	124
1	4452239	1660	128
1	4576860	1680	118
2	145348	240	13
2	171227	260	32
2	198601	280	22
2	225879	300	27
2	253270	320	19
2	280635	340	27
2	308261	360	27
2	335768	380	40
2	363372	400	31
2	391250	420	40
2	419750	440	23
2	448425	460	25
2	477768	480	27
2	507629	500	13
2	538163	520	8
2	568989	540	37
2	600744	560	22
2	633661	580	42
2	667290	600	42
2	701465	620	18
2	736407	640	17
2	772051	660	29
2	809031	680	28
2	847171	700	24
2	886047	720	27
2	926423	740	12
2	967954	760	12
2	1010817	780	26
2	1055129	800	13
2	1100828	820	26
2	1147428	840	13
2	1195012	860	64
2	1243674	880	37
2	1293724	900	24
2	1344932	920	32
2	1397011	940	12
2	1450265	960	37
2	1504893	980	67
2	1560382	1000	33
2	1618263	1020	17
2	1676850	1040	15
2	1738004	1060	20
2	1800508	1080	21
2	1864310	1100	20
2	1929541	1120	32
2	1996784	1140	27
2	2066159	1160	56
2	2136885	1180	6
2	2209827	1200	33
2	2284183	1220	45
2	2359537	1240	27
2	2436665	1260	25
2	2517020	1280	28
2	2599373	1300	30
2	2683642	1320	33
2	2770483	1340	46
2	2858817	1360	49
2	2948967	1380	34
2	3041763	1400	68
2	3136015	1420	43
2	3233130	1440	28
2	3332038	1460	12
2	3432854	1480	34
2	3536449	1500	56
2	3643047	1520	43
2	3752105	1540	36
2	3863459	1560	31
2	3976516	1580	31
2	4091932	1600	34
2	4209872	1620	37
2	4329493	1640	24
2	4452239	1660	11
2	4576860	1680	38
3	145348	240	0
3	171227	260	0
3	198601	280	2
3	225879	300	3
3	253270	320	1
3	280635	340	0
3	308261	360	0
3	335768	380	0
3	363372	400	0
3	391250	420	1
3	419750	440	4
3	448425	460	0
3	477768	480	0
3	507629	500	0
3	538163	520	0
3	568989	540	0
3	600744	560	0
3	633661	580	0
3	667290	600	0
3	701465	620	0
3	736407	640	0
3	772051	660	3
3	809031	680	0
3	847171	700	0
3	886047	720	1
3	926423	740	0
3	967954	760	0
3	1010817	780	0
3	1055129	800	2
3	1100828	820	2
3	1147428	840	0
3	1195012	860	1
3	1243674	880	0
3	1293724	900	1
3	1344932	920	0
3	1397011	940	0
3	1450265	960	1
3	1504893	980	2
3	1560382	1000	1
3	1618263	1020	1
3	1676850	1040	0
3	1738004	1060	0
3	1800508	1080	2
3	1864310	1100	2
3	1929541	1120	1
3	1996784	1140	0
3	2066159	1160	0
3	2136885	1180	1
3	2209827	1200	1
3	2284183	1220	0
3	2359537	1240	2
3	2436665	1260	0
3	2517020	1280	0
3	2599373	1300	1
3	2683642	1320	1
3	2770483	1340	1
3	2858817	1360	1
3	2948967	1380	0
3	3041763	1400	0
3	3136015	1420	0
3	3233130	1440	2
3	3332038	1460	0
3	3432854	1480	0
3	3536449	1500	0
3	3643047	1520	1
3	3752105	1540	0
3	3863459	1560	0
3	3976516	1580	1
3	4091932	1600	2
3	4209872	1620	0
3	4329493	1640	0
3	4452239	1660	1
3	4576860	1680	0
4	145348	240	13
4	171227	260	32
4	198601	280	19
4	225879	300	24
4	253270	320	18
4	280635	340	27
4	308261	360	27
4	335768	380	40
4	363372	400	31
4	391250	420	39
4	419750	440	19
4	448425	460	25
4	477768	480	27
4	507629	500	13
4	538163	520	8
4	568989	540	37
4	600744	560	22
4	633661	580	42
4	667290	600	41
4	701465	620	18
4	736407	640	17
4	772051	660	25
4	809031	680	28
4	847171	700	24
4	886047	720	26
4	926423	740	12
4	967954	760	12
4	1010817	780	25
4	1055129	800	11
4	1100828	820	23
4	1147428	840	13
4	1195012	860	63
4	1243674	880	37
4	1293724	900	23
4	1344932	920	31
4	1397011	940	12
4	1450265	960	36
4	1504893	980	65
4	1560382	1000	31
4	1618263	1020	16
4	1676850	1040	15
4	1738004	1060	19
4	1800508	1080	19
4	1864310	1100	18
4	1929541	1120	31
4	1996784	1140	27
4	2066159	1160	56
4	2136885	1180	4
4	2209827	1200	32
4	2284183	1220	45
4	2359537	1240	25
4	2436665	1260	25
4	2517020	1280	28
4	2599373	1300	29
4	2683642	1320	32
4	2770483	1340	45
4	2858817	1360	48
4	2948967	1380	34
4	3041763	1400	68
4	3136015	1420	43
4	3233130	1440	26
4	3332038	1460	12
4	3432854	1480	34
4	3536449	1500	56
4	3643047	1520	42
4	3752105	1540	36
4	3863459	1560	31
4	3976516	1580	30
4	4091932	1600	32
4	4209872	1620	37
4	4329493	1640	24
4	4452239	1660	8
4	4576860	1680	38
5	145348	240	3.4
5	171227	260	6.7142857142857
5	198601	280	5.4545454545455
5	225879	300	6.4444444444444
5	253270	320	5.3333333333333
5	280635	340	7.375
5	308261	360	6.4444444444444
5	335768	380	6.8571428571429
5	363372	400	6
5	391250	420	5.1111111111111
5	419750	440	5.1666666666667
5	448425	460	6.2
5	477768	480	5.5454545454545
5	507629	500	6.25
5	538163	520	5.6428571428571
5	568989	540	7.25
5	600744	560	5.3076923076923
5	633661	580	6.2222222222222
5	667290	600	5.7
5	701465	620	4.6875
5	736407	640	5.1333333333333
5	772051	660	3.8235294117647
5	809031	680	5.3846153846154
5	847171	700	5.2857142857143
5	886047	720	4.3125
5	926423	740	5.375
5	967954	760	5.4375
5	1010817	780	5.5714285714286
5	1055129	800	4.3
5	1100828	820	3.85
5	1147428	840	3.9090909090909
5	1195012	860	5.4444444444444
5	1243674	880	7
5	1293724	900	6.2142857142857
5	1344932	920	4.9375
5	1397011	940	4.8
5	1450265	960	6.5833333333333
5	1504893	980	6.1111111111111
5	1560382	1000	5.1875
5	1618263	1020	4.5238095238095
5	1676850	1040	5.2105263157895
5	1738004	1060	5.4444444444444
5	1800508	1080	4.6190476190476
5	1864310	1100	4.3181818181818
5	1929541	1120	6.1333333333333
5	1996784	1140	5.5882352941176
5	2066159	1160	6.9090909090909
5	2136885	1180	5.85
5	2209827	1200	5.9375
5	2284183	1220	6.1428571428571
5	2359537	1240	6
5	2436665	1260	6.5
5	2517020	1280	5.1
5	2599373	1300	5.05
5	2683642	1320	5.6111111111111
5	2770483	1340	6
5	2858817	1360	6.6428571428571
5	2948967	1380	6.5625
5	3041763	1400	6.4166666666667
5	3136015	1420	7.2857142857143
5	3233130	1440	5.1428571428571
5	3332038	1460	4.92
5	3432854	1480	5.35
5	3536449	1500	7.1538461538462
5	3643047	1520	3.8
5	3752105	1540	5.1904761904762
5	3863459	1560	5.2272727272727
5	3976516	1580	6.5555555555556
5	4091932	1600	5.5238095238095
5	4209872	1620	5.9473684210526
5	4329493	1640	5.9047619047619
5	4452239	1660	3.8787878787879
5	4576860	1680	6.2105263157895
6	145348	240	2.1313979316067
6	171227	260	2.5634797778466
6	198601	280	2.0670576365276
6	225879	300	1.8782379449308
6	253270	320	1.9227505550564
6	280635	340	0.74402380914284
6	308261	360	1.2360330811826
6	335768	380	1.0690449676497
6	363372	400	2.0615528128088
6	391250	420	2.5712081034236
6	419750	440	2.3290003057626
6	448425	460	2.2010098692292
6	477768	480	2.3817487845546
6	507629	500	1.7122552910761
6	538163	520	1.945691210268
6	568989	540	1.3887301496588
6	600744	560	1.7974340685458
6	633661	580	1.7873008824606
6	667290	600	2.4966644414765
6	701465	620	1.7783419243779
6	736407	640	2.3864697976798
6	772051	660	2.4298995379863
6	809031	680	2.4337372337779
6	847171	700	2.2677868380554
6	886047	720	1.7783419243779
6	926423	740	2.3345235059858
6	967954	760	1.8962682651285
6	1010817	780	2.0648816585306
6	1055129	800	2.2964503501113
6	1100828	820	1.7252002172136
6	1147428	840	1.8493007921681
6	1195012	860	1.9436506316151
6	1243674	880	0.77459666924148
6	1293724	900	1.3114039117603
6	1344932	920	2.3228933107944
6	1397011	940	2.1423056934552
6	1450265	960	0.99620491989562
6	1504893	980	1.9649710204253
6	1560382	1000	2.5617376914899
6	1618263	1020	2.2049727349572
6	1676850	1040	2.2992498140921
6	1738004	1060	1.6880975098063
6	1800508	1080	2.1325147238927
6	1864310	1100	1.9120261912025
6	1929541	1120	2.1995670569672
6	1996784	1140	2.2654696954884
6	2066159	1160	0.83120941459363
6	2136885	1180	1.8715318802915
6	2209827	1200	1.7689450716929
6	2284183	1220	1.9158104473903
6	2359537	1240	1.870828693387
6	2436665	1260	1.549193338483
6	2517020	1280	2.0493901531919
6	2599373	1300	2.3502519461807
6	2683642	1320	2.0040808040798
6	2770483	1340	2.2677868380554
6	2858817	1360	1.0082080720186
6	2948967	1380	1.6720745597411
6	3041763	1400	1.7816403745544
6	3136015	1420	0.91387353346338
6	3233130	1440	2.2866069685391
6	3332038	1460	2.3259406699226
6	3432854	1480	1.7851728502482
6	3536449	1500	0.98709623358565
6	3643047	1520	2.8867513459481
6	3752105	1540	2.1591444513753
6	3863459	1560	1.9501359703955
6	3976516	1580	1.7895849739772
6	4091932	1600	1.8335497707738
6	4209872	1620	1.6490294859747
6	4329493	1640	1.7579750255553
6	4452239	1660	2.0118022976546
6	4576860	1680	1.5121341566152
7	145348	240	4.5428571428571
7	171227	260	6.5714285714286
7	198601	280	4.2727272727273
7	225879	300	3.5277777777778
7	253270	320	3.6969696969697
7	280635	340	0.55357142857143
7	308261	360	1.5277777777778
7	335768	380	1.1428571428571
7	363372	400	4.25
7	391250	420	6.6111111111111
7	419750	440	5.4242424242424
7	448425	460	4.8444444444444
7	477768	480	5.6727272727273
7	507629	500	2.9318181818182
7	538163	520	3.7857142857143
7	568989	540	1.9285714285714
7	600744	560	3.2307692307692
7	633661	580	3.1944444444444
7	667290	600	6.2333333333333
7	701465	620	3.1625
7	736407	640	5.6952380952381
7	772051	660	5.9044117647059
7	809031	680	5.9230769230769
7	847171	700	5.1428571428571
7	886047	720	3.1625
7	926423	740	5.45
7	967954	760	3.5958333333333
7	1010817	780	4.2637362637363
7	1055129	800	5.2736842105263
7	1100828	820	2.9763157894737
7	1147428	840	3.4199134199134
7	1195012	860	3.7777777777778
7	1243674	880	0.6
7	1293724	900	1.7197802197802
7	1344932	920	5.3958333333333
7	1397011	940	4.5894736842105
7	1450265	960	0.99242424242424
7	1504893	980	3.8611111111111
7	1560382	1000	6.5625
7	1618263	1020	4.8619047619048
7	1676850	1040	5.2865497076023
7	1738004	1060	2.8496732026144
7	1800508	1080	4.547619047619
7	1864310	1100	3.6558441558442
7	1929541	1120	4.8380952380952
7	1996784	1140	5.1323529411765
7	2066159	1160	0.69090909090909
7	2136885	1180	3.5026315789474
7	2209827	1200	3.1291666666667
7	2284183	1220	3.6703296703297
7	2359537	1240	3.5
7	2436665	1260	2.4
7	2517020	1280	4.2
7	2599373	1300	5.5236842105263
7	2683642	1320	4.016339869281
7	2770483	1340	5.1428571428571
7	2858817	1360	1.0164835164835
7	2948967	1380	2.7958333333333
7	3041763	1400	3.1742424242424
7	3136015	1420	0.83516483516484
7	3233130	1440	5.2285714285714
7	3332038	1460	5.41
7	3432854	1480	3.1868421052632
7	3536449	1500	0.97435897435897
7	3643047	1520	8.3333333333333
7	3752105	1540	4.6619047619048
7	3863459	1560	3.8030303030303
7	3976516	1580	3.202614379085
7	4091932	1600	3.3619047619048
7	4209872	1620	2.719298245614
7	4329493	1640	3.0904761904762
7	4452239	1660	4.0473484848485
7	4576860	1680	2.2865497076023
8	145348	240	22.721518987342
8	171227	260	22.313953488372
8	198601	280	22.70652173913
8	225879	300	22.365591397849
8	253270	320	22.210526315789
8	280635	340	22.276595744681
8	308261	360	22.425531914894
8	335768	380	22.273684210526
8	363372	400	22.702127659574
8	391250	420	22.063157894737
8	419750	440	22.329896907216
8	448425	460	22.103092783505
8	477768	480	22.080808080808
8	507629	500	22.23
8	538163	520	22.405940594059
8	568989	540	22.242718446602
8	600744	560	22.798076923077
8	633661	580	22.579439252336
8	667290	600	23.425925925926
8	701465	620	23.495412844037
8	736407	640	24.256880733945
8	772051	660	24.190909090909
8	809031	680	25.027027027027
8	847171	700	25
8	886047	720	26.017857142857
8	926423	740	26.254385964912
8	967954	760	26.765217391304
8	1010817	780	27.675213675214
8	1055129	800	28.579831932773
8	1100828	820	28.33606557377
8	1147428	840	28.97520661157
8	1195012	860	29.090163934426
8	1243674	880	29.072
8	1293724	900	29.616
8	1344932	920	29.960317460317
8	1397011	940	30.3984375
8	1450265	960	30.5078125
8	1504893	980	30.884615384615
8	1560382	1000	31.656488549618
8	1618263	1020	32.007518796992
8	1676850	1040	32.18045112782
8	1738004	1060	32.844444444444
8	1800508	1080	33.438848920863
8	1864310	1100	33.722627737226
8	1929541	1120	34.374100719424
8	1996784	1140	35.359712230216
8	2066159	1160	35.783216783217
8	2136885	1180	37.084507042254
8	2209827	1200	37.1875
8	2284183	1220	37.08275862069
8	2359537	1240	37.609589041096
8	2436665	1260	38.641379310345
8	2517020	1280	39.093333333333
8	2599373	1300	39.900662251656
8	2683642	1320	41.092105263158
8	2770483	1340	42.046357615894
8	2858817	1360	42.025641025641
8	2948967	1380	42.896774193548
8	3041763	1400	43.254777070064
8	3136015	1420	44.188679245283
8	3233130	1440	45.503184713376
8	3332038	1460	46.11875
8	3432854	1480	46.478260869565
8	3536449	1500	47.327160493827
8	3643047	1520	48.085889570552
8	3752105	1540	48.855421686747
8	3863459	1560	49.416666666667
8	3976516	1580	50.149700598802
8	4091932	1600	50.140350877193
8	4209872	1620	51.254437869822
8	4329493	1640	51.781065088757
8	4452239	1660	52.982352941176
8	4576860	1680	52.314285714286
9	145348	240	4.3704623614487
9	171227	260	4.7829639540819
9	198601	280	4.5634429923663
9	225879	300	4.2930301101765
9	253270	320	4.7800443709374
9	280635	340	3.8921046503163
9	308261	360	4.3415704053939
9	335768	380	5.2560848329871
9	363372	400	4.5219412218245
9	391250	420	4.9654348362557
9	419750	440	4.5339498266884
9	448425	460	4.2315396530166
9	477768	480	4.4462246486268
9	507629	500	3.9462422990521
9	538163	520	4.0501313998975
9	568989	540	4.2321505667864
9	600744	560	4.2663274210881
9	633661	580	4.4340819457317
9	667290	600	3.9511117652349
9	701465	620	3.1816134190615
9	736407	640	2.9919759039334
9	772051	660	3.2297227834157
9	809031	680	4.5135341110919
9	847171	700	4.9264866051041
9	886047	720	4.6653450049749
9	926423	740	5.319543868111
9	967954	760	6.180516123884
9	1010817	780	6.6951205338343
9	1055129	800	6.7415933819422
9	1100828	820	7.6337773279802
9	1147428	840	7.5348775813074
9	1195012	860	7.8687624893244
9	1243674	880	8.2336602608028
9	1293724	900	8.8288237626684
9	1344932	920	9.1182461415786
9	1397011	940	9.7998391789392
9	1450265	960	9.6734038287388
9	1504893	980	9.9810942335491
9	1560382	1000	10.393615638285
9	1618263	1020	10.875672212315
9	1676850	1040	11.301538234312
9	1738004	1060	11.976884868123
9	1800508	1080	13.253993167997
9	1864310	1100	12.878807219505
9	1929541	1120	13.842422392772
9	1996784	1140	14.160061816293
9	2066159	1160	14.863292462267
9	2136885	1180	15.732918445251
9	2209827	1200	15.409546015104
9	2284183	1220	16.315255066738
9	2359537	1240	16.159708638408
9	2436665	1260	16.356987914645
9	2517020	1280	17.092463375727
9	2599373	1300	17.828724002533
9	2683642	1320	18.682908314505
9	2770483	1340	19.439594559676
9	2858817	1360	19.874427958641
9	2948967	1380	20.322776613122
9	3041763	1400	21.025901138833
9	3136015	1420	21.682744061044
9	3233130	1440	21.932771465357
9	3332038	1460	22.803059453509
9	3432854	1480	23.016865272155
9	3536449	1500	23.832185098004
9	3643047	1520	24.369430043692
9	3752105	1540	24.949467732281
9	3863459	1560	25.148520906654
9	3976516	1580	25.673958664847
9	4091932	1600	26.257842702811
9	4209872	1620	26.302505218768
9	4329493	1640	26.242107589971
9	4452239	1660	26.415315964566
9	4576860	1680	27.114244706609
10	145348	240	19.10094125284
10	171227	260	22.876744186047
10	198601	280	20.825011944577
10	225879	300	18.430107526882
10	253270	320	22.84882418813
10	280635	340	15.148478609014
10	308261	360	18.849233584992
10	335768	380	27.626427771557
10	363372	400	20.447952413635
10	391250	420	24.655543113102
10	419750	440	20.556701030928
10	448425	460	17.905927835052
10	477768	480	19.768913626056
10	507629	500	15.572828282828
10	538163	520	16.403564356436
10	568989	540	17.911098419951
10	600744	560	18.201549663928
10	633661	580	19.661082701464
10	667290	600	15.611284181378
10	701465	620	10.122663948352
10	736407	640	8.951919809718
10	772051	660	10.431109257715
10	809031	680	20.37199017199
10	847171	700	24.27027027027
10	886047	720	21.765444015444
10	926423	740	28.297546964757
10	967954	760	38.19877955759
10	1010817	780	44.82463896257
10	1055129	800	45.449081327446
10	1100828	820	58.274556293185
10	1147428	840	56.774380165289
10	1195012	860	61.917423113399
10	1243674	880	67.793161290323
10	1293724	900	77.948129032258
10	1344932	920	83.142412698413
10	1397011	940	96.036847933071
10	1450265	960	93.574741633858
10	1504893	980	99.622242098986
10	1560382	1000	108.02724603641
10	1618263	1020	118.28024606972
10	1676850	1040	127.72476646161
10	1738004	1060	143.44577114428
10	1800508	1080	175.6683348973
10	1864310	1100	165.86367539717
10	1929541	1120	191.61265769993
10	1996784	1140	200.50735064123
10	2066159	1160	220.91746281887
10	2136885	1180	247.52472280491
10	2209827	1200	237.45410839161
10	2284183	1220	266.18754789272
10	2359537	1240	261.13618327822
10	2436665	1260	267.55105363985
10	2517020	1280	292.15230425056
10	2599373	1300	317.8633995585
10	2683642	1320	349.05106308818
10	2770483	1340	377.89783664459
10	2858817	1360	394.99288668321
10	2948967	1380	413.01524926686
10	3041763	1400	442.08851869998
10	3136015	1420	470.14139001672
10	3233130	1440	481.04646415156
10	3332038	1460	519.97952044025
10	3432854	1480	529.77608695652
10	3536449	1500	567.97304654551
10	3643047	1520	593.8691206544
10	3752105	1540	622.47594012413
10	3863459	1560	632.44810379242
10	3976516	1580	659.15215352428
10	4091932	1600	689.47430340557
10	4209872	1620	691.82178078332
10	4329493	1640	688.6482107636
10	4452239	1660	697.76891750783
10	4576860	1680	735.18226600985
11	145348	240	725.09075432687
11	171227	260	327.40575006064
11	198601	280	513.63018906112
11	225879	300	416.54273478349
11	253270	320	562.35127857373
11	280635	340	375.56974134101
11	308261	360	416.19769660236
11	335768	380	329.22759132079
11	363372	400	420.96422385572
11	391250	420	426.74456472699
11	419750	440	557.47733283656
11	448425	460	464.47391852953
11	477768	480	529.92850266233
11	507629	500	566.08559778145
11	538163	520	659.6800427309
11	568989	540	373.94568732021
11	600744	560	607.64153363076
11	633661	580	415.52352098101
11	667290	600	470.88333611986
11	701465	620	746.44364277372
11	736407	640	726.16623031096
11	772051	660	810.43507146879
11	809031	680	621.51278248979
11	847171	700	667.44737206875
11	886047	720	775.43265158316
11	926423	740	756.55037965447
11	967954	760	764.57603691109
11	1010817	780	676.9313808621
11	1055129	800	964.14547249747
11	1100828	820	976.83431773475
11	1147428	840	1058.6247464045
11	1195012	860	438.5352267003
11	1243674	880	531.47803374516
11	1293724	900	657.86859434355
11	1344932	920	774.39379945595
11	1397011	940	955.8010471529
11	1450265	960	566.67080516154
11	1504893	980	427.96766659584
11	1560382	1000	767.7934156559
11	1618263	1020	998.64352565107
11	1676850	1040	906.5488411369
11	1738004	1060	858.37556424347
11	1800508	1080	1021.3099476224
11	1864310	1100	1070.9954241521
11	1929541	1120	731.35717042107
11	1996784	1140	818.12206383145
11	2066159	1160	529.42089277993
11	2136885	1180	962.59784418663
11	2209827	1200	773.53629961224
11	2284183	1220	687.49256534793
11	2359537	1240	812.96457996032
11	2436665	1260	766.84591099408
11	2517020	1280	965.08388169985
11	2599373	1300	967.61402023393
11	2683642	1320	872.33947017109
11	2770483	1340	720.50645674679
11	2858817	1360	671.69969216967
11	2948967	1380	773.93170593408
11	3041763	1400	572.60726995698
11	3136015	1420	677.05375661041
11	3233130	1440	1007.7909071935
11	3332038	1460	1201.1601321827
11	3432854	1480	990.046776828
11	3536449	1500	622.94203095995
11	3643047	1520	1202.3515256927
11	3752105	1540	1013.2831235658
11	3863459	1560	1083.0097993881
11	3976516	1580	877.57416325126
11	4091932	1600	1033.2575984657
11	4209872	1620	914.95218222814
11	4329493	1640	1016.5909926318
11	4452239	1660	1631.0480639592
11	4576860	1680	926.57897632103
12	145348	240	48.339383621792
12	171227	260	46.772250008663
12	198601	280	46.693653551011
12	225879	300	46.282526087054
12	253270	320	46.862606547811
12	280635	340	46.946217667627
12	308261	360	46.244188511373
12	335768	380	47.032513045827
12	363372	400	46.773802650636
12	391250	420	47.416062747443
12	419750	440	46.456444403046
12	448425	460	46.447391852953
12	477768	480	48.175318423848
12	507629	500	47.173799815121
12	538163	520	47.120003052207
12	568989	540	46.743210915027
12	600744	560	46.741656433135
12	633661	580	46.169280109001
12	667290	600	47.088333611986
12	701465	620	46.652727673357
12	736407	640	48.411082020731
12	772051	660	47.67265126287
12	809031	680	47.808675576138
12	847171	700	47.674812290625
12	886047	720	48.464540723947
12	926423	740	47.284398728404
12	967954	760	47.786002306943
12	1010817	780	48.35224149015
12	1055129	800	48.207273624874
12	1100828	820	48.841715886737
12	1147428	840	48.119306654748
12	1195012	860	48.726136300033
12	1243674	880	48.316184885924
12	1293724	900	46.990613881682
12	1344932	920	48.399612465997
12	1397011	940	47.790052357645
12	1450265	960	47.222567096795
12	1504893	980	47.551962955093
12	1560382	1000	47.987088478494
12	1618263	1020	47.554453602432
12	1676850	1040	47.713096901942
12	1738004	1060	47.687531346859
12	1800508	1080	48.633807029636
12	1864310	1100	48.681610188733
12	1929541	1120	48.757144694738
12	1996784	1140	48.124827284203
12	2066159	1160	48.129172070903
12	2136885	1180	48.129892209332
12	2209827	1200	48.346018725765
12	2284183	1220	49.106611810566
12	2359537	1240	47.821445880019
12	2436665	1260	47.92786943713
12	2517020	1280	48.254194084992
12	2599373	1300	48.380701011696
12	2683642	1320	48.463303898394
12	2770483	1340	48.033763783119
12	2858817	1360	47.97854944069
12	2948967	1380	48.37073162088
12	3041763	1400	47.717272496415
12	3136015	1420	48.360982615029
12	3233130	1440	47.990043199693
12	3332038	1460	48.046405287306
12	3432854	1480	49.5023388414
12	3536449	1500	47.91861776615
12	3643047	1520	48.094061027708
12	3752105	1540	48.251577312658
12	3863459	1560	49.227718154003
12	3976516	1580	48.754120180626
12	4091932	1600	49.202742784081
12	4209872	1620	48.155378012008
12	4329493	1640	48.409094887231
12	4452239	1660	49.425698907854
12	4576860	1680	48.767314543212
13	145348	240	3.9007739520951
13	171227	260	1.4977028052853
13	198601	280	0.95425478302034
13	225879	300	0.69902508774778
13	253270	320	1.8937921037041
13	280635	340	0.77869051617782
13	308261	360	0.60092165935914
13	335768	380	1.6998472773678
13	363372	400	0.64171384769286
13	391250	420	1.5054203536322
13	419750	440	1.1306562567797
13	448425	460	1.14122095593
13	477768	480	2.6429119414295
13	507629	500	2.8685804020692
13	538163	520	1.8477371903766
13	568989	540	1.9939522327617
13	600744	560	0.90562095806565
13	633661	580	0.65980821627579
13	667290	600	1.6341860008337
13	701465	620	1.9735774164961
13	736407	640	2.1208536781622
13	772051	660	1.7817009454585
13	809031	680	1.750974249298
13	847171	700	1.8454314757005
13	886047	720	2.3836304715847
13	926423	740	1.690902683772
13	967954	760	2.5183551997995
13	1010817	780	2.0592028714344
13	1055129	800	1.8197728907669
13	1100828	820	2.7493753908432
13	1147428	840	2.23774775315
13	1195012	860	1.9491105582855
13	1243674	880	1.6986628026729
13	1293724	900	1.904048552226
13	1344932	920	2.565286248912
13	1397011	940	2.2409723683817
13	1450265	960	1.4465090922701
13	1504893	980	2.39238898645
13	1560382	1000	1.6551152119755
13	1618263	1020	1.8478647477247
13	1676850	1040	1.906860594768
13	1738004	1060	2.2447656143348
13	1800508	1080	2.3552995139727
13	1864310	1100	2.4168593395859
13	1929541	1120	2.1886604814166
13	1996784	1140	2.2281869529742
13	2066159	1160	2.0681647100516
13	2136885	1180	1.708404658458
13	2209827	1200	2.6491438861395
13	2284183	1220	1.8171092602035
13	2359537	1240	1.9357784944212
13	2436665	1260	1.9159583140322
13	2517020	1280	1.9874925104076
13	2599373	1300	2.1353035057404
13	2683642	1320	1.7736772327694
13	2770483	1340	2.048333425317
13	2858817	1360	2.411405919004
13	2948967	1380	1.8609618554324
13	3041763	1400	2.0036515233812
13	3136015	1420	1.5020500114979
13	3233130	1440	2.3775276255672
13	3332038	1460	1.6258263070019
13	3432854	1480	2.4325981893296
13	3536449	1500	2.0569967564289
13	3643047	1520	1.8917614618519
13	3752105	1540	2.2657646740966
13	3863459	1560	2.462994332288
13	3976516	1580	2.1928947472343
13	4091932	1600	2.0558956173659
13	4209872	1620	1.9376185005467
13	4329493	1640	1.9372041592187
13	4452239	1660	2.0746898969434
13	4576860	1680	2.0610815183964
14	145348	240	15.216037425344
14	171227	260	2.2431136929596
14	198601	280	0.91060219091719
14	225879	300	0.4886360733008
14	253270	320	3.5864485320521
14	280635	340	0.60635891998528
14	308261	360	0.36110684068695
14	335768	380	2.8894807663748
14	363372	400	0.41179666232077
14	391250	420	2.2662904411301
14	419750	440	1.2783835709952
14	448425	460	1.3023852702537
14	477768	480	6.9849835301508
14	507629	500	8.2287535231357
14	538163	520	3.4141327247009
14	568989	540	3.9758455065354
14	600744	560	0.82014931968774
14	633661	580	0.43534688226504
14	667290	600	2.6705638853208
14	701465	620	3.8950078189032
14	736407	640	4.4980203241742
14	772051	660	3.1744582590478
14	809031	680	3.0659108217046
14	847171	700	3.4056173315062
14	886047	720	5.6816942250671
14	926423	740	2.8591518859873
14	967954	760	6.3421129123574
14	1010817	780	4.2403164657237
14	1055129	800	3.3115733739701
14	1100828	820	7.559065039774
14	1147428	840	5.0075150067277
14	1195012	860	3.79903196842
14	1243674	880	2.8854553171845
14	1293724	900	3.625400889234
14	1344932	920	6.5806935388569
14	1397011	940	5.0219571558502
14	1450265	960	2.09238855402
14	1504893	980	5.7235250624872
14	1560382	1000	2.7394063649128
14	1618263	1020	3.4146041258836
14	1676850	1040	3.636117327879
14	1738004	1060	5.0389726632998
14	1800508	1080	5.54743580052
14	1864310	1100	5.8412090673437
14	1929541	1120	4.7902347029148
14	1996784	1140	4.9648170974045
14	2066159	1160	4.2773052679029
14	2136885	1180	2.918646477041
14	2209827	1200	7.0179633294704
14	2284183	1220	3.3018860635171
14	2359537	1240	3.7472383794637
14	2436665	1260	3.6708962611089
14	2517020	1280	3.9501264789262
14	2599373	1300	4.5595210616274
14	2683642	1320	3.1459309260445
14	2770483	1340	4.195669821271
14	2858817	1360	5.8148785062073
14	2948967	1380	3.4631790273743
14	3041763	1400	4.0146194271478
14	3136015	1420	2.2561542370409
14	3233130	1440	5.6526376103353
14	3332038	1460	2.6433111805395
14	3432854	1480	5.9175339507297
14	3536449	1500	4.2312356559588
14	3643047	1520	3.5787614285482
14	3752105	1540	5.1336895583842
14	3863459	1560	6.0663410808827
14	3976516	1580	4.8087873724476
14	4091932	1600	4.2267067895044
14	4209872	1620	3.7543654536608
14	4329493	1640	3.7527599544944
14	4452239	1660	4.3043381684792
14	4576860	1680	4.2480570254753
15	145348	240	671.65065707814
15	171227	260	314.7141049384
15	198601	280	582.52446102491
15	225879	300	493.34420744685
15	253270	320	587.34378265115
15	280635	340	360.97476057056
15	308261	360	402.69567313599
15	335768	380	315.9575682857
15	363372	400	402.80043761566
15	391250	420	455.52151922279
15	419750	440	715.94062528248
15	448425	460	450.65486011768
15	477768	480	507.08202083406
15	507629	500	546.67812375818
15	538163	520	635.37669472135
15	568989	540	362.1054754449
15	600744	560	583.32017695016
15	633661	580	403.80056492108
15	667290	600	461.03522669171
15	701465	620	720.72490501147
15	736407	640	692.83862414344
15	772051	660	899.6220904818
15	809031	680	590.03075720608
15	847171	700	640.625628632
15	886047	720	774.39730775729
15	926423	740	728.16390971904
15	967954	760	731.46476754079
15	1010817	780	643.93946556681
15	1055129	800	1000.16251002
15	1100828	820	1007.0794581144
15	1147428	840	993.8949456562
15	1195012	860	466.80818385301
15	1243674	880	505.99899627203
15	1293724	900	679.84555309996
15	1344932	920	734.02550951963
15	1397011	940	907.64954886733
15	1450265	960	588.06886086706
15	1504893	980	454.7346910293
15	1560382	1000	768.31837797366
15	1618263	1020	997.54145446228
15	1676850	1040	863.39057941102
15	1738004	1060	823.54452755873
15	1800508	1080	1048.2761145422
15	1864310	1100	1099.9482838048
15	1929541	1120	732.87120424826
15	1996784	1140	778.14230209155
15	2066159	1160	503.08342890927
15	2136885	1180	958.28813467086
15	2209827	1200	780.22948982122
15	2284183	1220	644.42649065424
15	2359537	1240	863.87251439557
15	2436665	1260	729.5116383293
15	2517020	1280	909.00999591547
15	2599373	1300	957.87358071664
15	2683642	1320	872.0280307529
15	2770483	1340	725.66164430605
15	2858817	1360	683.52686336836
15	2948967	1380	730.00878230653
15	3041763	1400	545.52890431265
15	3136015	1420	641.10024741769
15	3233130	1440	1043.5525349706
15	3332038	1460	1136.1756414193
15	3432854	1480	918.65262795175
15	3536449	1500	592.38250372072
15	3643047	1520	1175.7772357819
15	3752105	1540	954.02015082259
15	3863459	1560	1008.6086543611
15	3976516	1580	865.22735106023
15	4091932	1600	1050.1376119951
15	4209872	1620	862.81283533986
15	4329493	1640	953.73544827468
15	4452239	1660	1551.0760969962
15	4576860	1680	866.08266176535
16	145348	240	44.776710471876
16	171227	260	44.959157848343
16	198601	280	44.809573924993
16	225879	300	44.849473404259
16	253270	320	45.180290973165
16	280635	340	45.12184507132
16	308261	360	44.743963681777
16	335768	380	45.136795469386
16	363372	400	44.755604179518
16	391250	420	45.552151922279
16	419750	440	44.746289080155
16	448425	460	45.065486011768
16	477768	480	46.098365530369
16	507629	500	45.556510313182
16	538163	520	45.384049622954
16	568989	540	45.263184430613
16	600744	560	44.87078284232
16	633661	580	44.866729435675
16	667290	600	46.103522669171
16	701465	620	45.045306563217
16	736407	640	46.189241609563
16	772051	660	44.98110452409
16	809031	680	45.386981323545
16	847171	700	45.758973473714
16	886047	720	45.552782809252
16	926423	740	45.51024435744
16	967954	760	45.7165479713
16	1010817	780	45.995676111915
16	1055129	800	45.461932273638
16	1100828	820	45.776339005202
16	1147428	840	45.177042984373
16	1195012	860	46.680818385301
16	1243674	880	45.999908752003
16	1293724	900	45.323036873331
16	1344932	920	45.876594344977
16	1397011	940	45.382477443366
16	1450265	960	45.236066220543
16	1504893	980	45.47346910293
16	1560382	1000	45.195198704333
16	1618263	1020	45.342793384649
16	1676850	1040	45.441609442685
16	1738004	1060	45.752473753263
16	1800508	1080	45.5772223714
16	1864310	1100	45.831178491868
16	1929541	1120	45.804450265516
16	1996784	1140	45.773076593621
16	2066159	1160	45.73485717357
16	2136885	1180	45.63276831766
16	2209827	1200	45.895852342425
16	2284183	1220	46.03046361816
16	2359537	1240	45.466974441872
16	2436665	1260	45.594477395581
16	2517020	1280	45.450499795773
16	2599373	1300	45.613027653173
16	2683642	1320	45.896212144889
16	2770483	1340	45.353852769128
16	2858817	1360	45.56845755789
16	2948967	1380	45.625548894158
16	3041763	1400	45.460742026054
16	3136015	1420	45.792874815549
16	3233130	1440	45.37184934655
16	3332038	1460	45.447025656772
16	3432854	1480	45.932631397588
16	3536449	1500	45.567884901594
16	3643047	1520	45.222201376228
16	3752105	1540	45.429530991552
16	3863459	1560	45.845847925506
16	3976516	1580	45.538281634749
16	4091932	1600	45.658157043265
16	4209872	1620	45.411201859993
16	4329493	1640	45.415973727366
16	4452239	1660	45.61988520577
16	4576860	1680	45.58329798765
17	145348	240	0.27154583416203
17	171227	260	0.39072268428883
17	198601	280	0.32890955414385
17	225879	300	0.41198778794123
17	253270	320	0.5008132296291
17	280635	340	0.82675345300755
17	308261	360	0.2570253858266
17	335768	380	1.0605798049399
17	363372	400	0.38561121436059
17	391250	420	0.88554862862531
17	419750	440	0.60064440390522
17	448425	460	0.7415123946839
17	477768	480	1.8915096665844
17	507629	500	1.7065881209545
17	538163	520	1.5209522929928
17	568989	540	1.5124889726395
17	600744	560	0.44699976118755
17	633661	580	0.27379334669058
17	667290	600	1.668971040508
17	701465	620	1.1621104602958
17	736407	640	1.6750366977464
17	772051	660	0.73403933463756
17	809031	680	1.3142935407443
17	847171	700	1.4430622564374
17	886047	720	1.2264316642026
17	926423	740	1.1985716462141
17	967954	760	1.3456360953891
17	1010817	780	1.1779442010459
17	1055129	800	1.2043205721422
17	1100828	820	1.1919400090836
17	1147428	840	0.92661676797321
17	1195012	860	1.2512046516278
17	1243674	880	1.3347692429884
17	1293724	900	1.2024073491504
17	1344932	920	1.2762116952906
17	1397011	940	1.1868257846984
17	1450265	960	0.75636232114027
17	1504893	980	1.3165094237194
17	1560382	1000	0.88141210562237
17	1618263	1020	1.1906483431223
17	1676850	1040	1.2191273697029
17	1738004	1060	1.1567045837672
17	1800508	1080	1.3357287680002
17	1864310	1100	1.074222171346
17	1929541	1120	1.2455950301084
17	1996784	1140	1.2765390887592
17	2066159	1160	1.2250308465412
17	2136885	1180	1.0783674916445
17	2209827	1200	1.2378988582688
17	2284183	1220	1.003352880583
17	2359537	1240	0.95701102500866
17	2436665	1260	1.0034152492197
17	2517020	1280	1.0449650963862
17	2599373	1300	0.99827033532988
17	2683642	1320	0.95742373391483
17	2770483	1340	0.97455665095046
17	2858817	1360	0.91383195972949
17	2948967	1380	1.0406694880092
17	3041763	1400	0.71884104343533
17	3136015	1420	1.0284395389585
17	3233130	1440	0.8850528131502
17	3332038	1460	0.93115367383627
17	3432854	1480	0.83198087747732
17	3536449	1500	1.0205947236504
17	3643047	1520	1.0034875845182
17	3752105	1540	0.91891805811863
17	3863459	1560	1.04379427923
17	3976516	1580	1.0166787938636
17	4091932	1600	1.1300891578842
17	4209872	1620	0.66174321016199
17	4329493	1640	0.6629612494991
17	4452239	1660	0.97176496142293
17	4576860	1680	0.83072272379893
18	145348	240	0.073737140050753
18	171227	260	0.15266421601787
18	198601	280	0.10818149480711
18	225879	300	0.16973393741271
18	253270	320	0.25081389097153
18	280635	340	0.68352127205991
18	308261	360	0.066062048959311
18	335768	380	1.1248295226463
18	363372	400	0.14869600864065
18	391250	420	0.78419637366017
18	419750	440	0.36077369994266
18	448425	460	0.54984063146985
18	477768	480	3.5778088187821
18	507629	500	2.9124430145829
18	538163	520	2.31329587756
18	568989	540	2.287622892356
18	600744	560	0.19980878650173
18	633661	580	0.074962796692026
18	667290	600	2.7854643340544
18	701465	620	1.3505007219289
18	736407	640	2.805747938797
18	772051	660	0.53881374479515
18	809031	680	1.7273675112422
18	847171	700	2.0824286759543
18	886047	720	1.5041346269587
18	926423	740	1.4365739911083
18	967954	760	1.8107365012139
18	1010817	780	1.3875525407777
18	1055129	800	1.4503880404849
18	1100828	820	1.4207209852543
18	1147428	840	0.85861863468912
18	1195012	860	1.5655130802551
18	1243674	880	1.7816089320278
18	1293724	900	1.4457834332908
18	1344932	920	1.6287162911965
18	1397011	940	1.408555443225
18	1450265	960	0.5720839608407
18	1504893	980	1.733197062742
18	1560382	1000	0.77688729993766
18	1618263	1020	1.41764347698
18	1676850	1040	1.4862715435588
18	1738004	1060	1.3379654941081
18	1800508	1080	1.7841713416635
18	1864310	1100	1.1539532734114
18	1929541	1120	1.5515069790307
18	1996784	1140	1.6295520451301
18	2066159	1160	1.5007005749775
18	2136885	1180	1.1628764470356
18	2209827	1200	1.5323935833032
18	2284183	1220	1.0067170029742
18	2359537	1240	0.91587010198813
18	2436665	1260	1.0068421623666
18	2517020	1280	1.0919520526654
18	2599373	1300	0.99654366239964
18	2683642	1320	0.91666020626342
18	2770483	1340	0.94976066591178
18	2858817	1360	0.83508885062304
18	2948967	1380	1.0829929832733
18	3041763	1400	0.5167324457272
18	3136015	1420	1.0576878852932
18	3233130	1440	0.78331848206508
18	3332038	1460	0.86704716429878
18	3432854	1480	0.69219218048793
18	3536449	1500	1.0416135899431
18	3643047	1520	1.0069873322822
18	3752105	1540	0.84441039753651
18	3863459	1560	1.0895064973532
18	3976516	1580	1.0336357698919
18	4091932	1600	1.2771015047675
18	4209872	1620	0.4379040761955
18	4329493	1640	0.43951761833741
18	4452239	1660	0.94432714024931
18	4576860	1680	0.69010024383591
19	145348	240	2416.7708774337
19	171227	260	2219.7126014963
19	198601	280	2806.9148590288
19	225879	300	2681.1669755116
19	253270	320	2992.673700775
19	280635	340	2769.3575994418
19	308261	360	2684.4304598475
19	335768	380	2258.0621584878
19	363372	400	2522.6792911288
19	391250	420	2169.2826551878
19	419750	440	2876.103818889
19	448425	460	2878.7704237344
19	477768	480	2902.2665833657
19	507629	500	3517.9942269272
19	538163	520	3729.9357459512
19	568989	540	2719.5355545706
19	600744	560	3230.074321426
19	633661	580	2588.5628510139
19	667290	600	2686.9215433646
19	701465	620	3517.8224234546
19	736407	640	3675.7423318945
19	772051	660	3076.1923485921
19	809031	680	3342.2415157564
19	847171	700	3497.6314037133
19	886047	720	3333.6269438482
19	926423	740	4078.4128655442
19	967954	760	4128.0507346089
19	1010817	780	3760.5023345005
19	1055129	800	4120.4790580667
19	1100828	820	3746.5553306073
19	1147428	840	4136.5278699821
19	1195012	860	2386.1725413683
19	1243674	880	3719.3562255586
19	1293724	900	4099.5039882335
19	1344932	920	3827.4511101423
19	1397011	940	4592.7924465708
19	1450265	960	3735.5905206601
19	1504893	980	2639.7503108751
19	1560382	1000	3982.0671772547
19	1618263	1020	4551.7591359355
19	1676850	1040	4729.8646193102
19	1738004	1060	4666.777057764
19	1800508	1080	4657.5141263456
19	1864310	1100	4604.9076676366
19	1929541	1120	4482.1852422418
19	1996784	1140	4597.9045783652
19	2066159	1160	3670.9966544725
19	2136885	1180	5652.101961136
19	2209827	1200	4577.8611264353
19	2284183	1220	4208.2062698009
19	2359537	1240	4896.7997819707
19	2436665	1260	4999.5302153087
19	2517020	1280	4926.9368339689
19	2599373	1300	4888.4954619998
19	2683642	1320	4901.5140462639
19	2770483	1340	4362.09611281
19	2858817	1360	4467.7157985747
19	2948967	1380	5093.9529967667
19	3041763	1400	3689.8562618508
19	3136015	1420	4934.1490225387
19	3233130	1440	5217.5512138263
19	3332038	1460	5942.6453421506
19	3432854	1480	5260.2485871772
19	3536449	1500	4463.0247450603
19	3643047	1520	4614.9466742474
19	3752105	1540	5289.3782396649
19	3863459	1560	5648.9112980107
19	3976516	1580	5746.5503718236
19	4091932	1600	5681.2862345044
19	4209872	1620	5444.3708458867
19	4329493	1640	6022.1549362163
19	4452239	1660	6285.5834065077
19	4576860	1680	5736.0617720943
20	145348	240	47.387664263407
20	171227	260	47.227927691412
20	198601	280	46.781914317146
20	225879	300	46.227016819166
20	253270	320	46.760526574609
20	280635	340	46.938264397319
20	308261	360	46.283283790474
20	335768	380	47.042961635163
20	363372	400	46.716283169052
20	391250	420	47.158318591039
20	419750	440	46.388771272404
20	448425	460	46.431781027974
20	477768	480	47.578140710914
20	507629	500	46.906589692363
20	538163	520	47.214376531028
20	568989	540	46.888544044321
20	600744	560	46.812671325014
20	633661	580	46.224336625249
20	667290	600	47.138974444993
20	701465	620	46.904298979395
20	736407	640	47.736913401228
20	772051	660	47.326036132187
20	809031	680	47.746307367949
20	847171	700	47.265289239368
20	886047	720	48.313433968814
20	926423	740	47.423405413305
20	967954	760	47.448859018493
20	1010817	780	48.211568391032
20	1055129	800	47.912547186822
20	1100828	820	48.65656273516
20	1147428	840	48.099161278862
20	1195012	860	48.697398803435
20	1243674	880	48.303327604657
20	1293724	900	47.120735496937
20	1344932	920	48.448748229649
20	1397011	940	47.841587985112
20	1450265	960	47.285955957722
20	1504893	980	47.995460197729
20	1560382	1000	47.976712978973
20	1618263	1020	47.913254062479
20	1676850	1040	47.776410296063
20	1738004	1060	47.620174058816
20	1800508	1080	48.015609549955
20	1864310	1100	48.472712290911
20	1929541	1120	48.719404806976
20	1996784	1140	48.398995561739
20	2066159	1160	48.302587558848
20	2136885	1180	48.308563770393
20	2209827	1200	48.188011857213
20	2284183	1220	48.932631044197
20	2359537	1240	48.007840999713
20	2436665	1260	48.07240591643
20	2517020	1280	48.303302293813
20	2599373	1300	48.400945168315
20	2683642	1320	48.529842042217
20	2770483	1340	48.467734586778
20	2858817	1360	48.039954823384
20	2948967	1380	48.513838064445
20	3041763	1400	47.920211192867
20	3136015	1420	48.37401002489
20	3233130	1440	48.310659387281
20	3332038	1460	48.314189773582
20	3432854	1480	49.161201749319
20	3536449	1500	47.989513387746
20	3643047	1520	48.57838604471
20	3752105	1540	48.526405868485
20	3863459	1560	49.120967808789
20	3976516	1580	48.699579422234
20	4091932	1600	48.976605469866
20	4209872	1620	48.180272972449
20	4329493	1640	48.565765614648
20	4452239	1660	49.106120363341
20	4576860	1680	48.61069298385
21	145348	240	3.882407279979
21	171227	260	2.9376754174732
21	198601	280	2.3284092794348
21	225879	300	1.7444074669908
21	253270	320	3.2345133062033
21	280635	340	2.2986255688916
21	308261	360	2.0151584213824
21	335768	380	2.4092522819523
21	363372	400	2.0446276628261
21	391250	420	2.5895463836941
21	419750	440	1.6241406449579
21	448425	460	2.1310845857117
21	477768	480	2.9627719907502
21	507629	500	2.848850505045
21	538163	520	2.4240722178413
21	568989	540	2.5665268223038
21	600744	560	2.2307491139288
21	633661	580	1.5980391250904
21	667290	600	2.3392429761383
21	701465	620	2.3299366889889
21	736407	640	3.075836404872
21	772051	660	2.3107120921878
21	809031	680	2.6884108024958
21	847171	700	2.397297745179
21	886047	720	3.3175442741751
21	926423	740	2.5766081725636
21	967954	760	3.0101469182791
21	1010817	780	2.6379160031575
21	1055129	800	2.3655348951275
21	1100828	820	2.9819948417649
21	1147428	840	2.564349912611
21	1195012	860	2.4680221263129
21	1243674	880	2.9581445407654
21	1293724	900	2.8208116279882
21	1344932	920	3.2082234703991
21	1397011	940	2.9859276626638
21	1450265	960	2.6039465041038
21	1504893	980	3.1488338292002
21	1560382	1000	2.8384217554558
21	1618263	1020	2.655614816859
21	1676850	1040	2.7259828355016
21	1738004	1060	2.9078499457779
21	1800508	1080	2.7570075586298
21	1864310	1100	3.3465905652684
21	1929541	1120	2.5862638552853
21	1996784	1140	2.7825856149508
21	2066159	1160	3.1218311917484
21	2136885	1180	2.5489706307538
21	2209827	1200	3.0372060324741
21	2284183	1220	2.464363585459
21	2359537	1240	2.6558151125497
21	2436665	1260	2.9652226417253
21	2517020	1280	2.6272870020461
21	2599373	1300	2.9752897146092
21	2683642	1320	2.8527854506053
21	2770483	1340	2.8768169037167
21	2858817	1360	3.0548429097709
21	2948967	1380	2.8918791332604
21	3041763	1400	2.5445525677608
21	3136015	1420	2.3223578404022
21	3233130	1440	2.6774388276266
21	3332038	1460	2.3827398979462
21	3432854	1480	3.337593211772
21	3536449	1500	2.5823869842329
21	3643047	1520	2.6200412467783
21	3752105	1540	3.4002746789336
21	3863459	1560	3.2907440940834
21	3976516	1580	3.3379898872352
21	4091932	1600	2.8061032890624
21	4209872	1620	2.8843354168708
21	4329493	1640	2.8291766220644
21	4452239	1660	2.6649698202335
21	4576860	1680	2.9778689047794
22	145348	240	15.073086287634
22	171227	260	8.6299368584261
22	198601	280	5.4214897725583
22	225879	300	3.0429574108931
22	253270	320	10.462076328007
22	280635	340	5.283679505962
22	308261	360	4.0608634632686
22	335768	380	5.8044965580924
22	363372	400	4.1805022795936
22	391250	420	6.7057504733032
22	419750	440	2.6378328346042
22	448425	460	4.541521511458
22	477768	480	8.778017869174
22	507629	500	8.1159492000953
22	538163	520	5.8761261173101
22	568989	540	6.5870599296046
22	600744	560	4.9762416092941
22	633661	580	2.5537290453197
22	667290	600	5.4720577014121
22	701465	620	5.4286049746967
22	736407	640	9.4607695895359
22	772051	660	5.3393903729831
22	809031	680	7.2275526429759
22	847171	700	5.7470364790402
22	886047	720	11.006100011112
22	926423	740	6.6389096749218
22	967954	760	9.060984469625
22	1010817	780	6.9586008397142
22	1055129	800	5.5957553400659
22	1100828	820	8.8922932363125
22	1147428	840	6.575890474308
22	1195012	860	6.0911332159699
22	1243674	880	8.75061912406
22	1293724	900	7.9569782405936
22	1344932	920	10.292697836019
22	1397011	940	8.9157640066611
22	1450265	960	6.7805373962344
22	1504893	980	9.9151544839154
22	1560382	1000	8.0566380618446
22	1618263	1020	7.052290055521
22	1676850	1040	7.4309824194493
22	1738004	1060	8.4555913071606
22	1800508	1080	7.601090678342
22	1864310	1100	11.199668411543
22	1929541	1120	6.6887607291554
22	1996784	1140	7.7427827045314
22	2066159	1160	9.7458299897732
22	2136885	1180	6.4972512764453
22	2209827	1200	9.224620483697
22	2284183	1220	6.0730878813362
22	2359537	1240	7.0533539120473
22	2436665	1260	8.7925453150006
22	2517020	1280	6.9026369911203
22	2599373	1300	8.8523488858592
22	2683642	1320	8.1383848271854
22	2770483	1340	8.2760754975102
22	2858817	1360	9.3320652033777
22	2948967	1380	8.3629649213872
22	3041763	1400	6.4747477700982
22	3136015	1420	5.3933459388775
22	3233130	1440	7.1686786756822
22	3332038	1460	5.6774494212648
22	3432854	1480	11.139528447267
22	3536449	1500	6.6687225363357
22	3643047	1520	6.8646161348197
22	3752105	1540	11.561867892197
22	3863459	1560	10.828996692745
22	3976516	1580	11.142176487285
22	4091932	1600	7.874215668887
22	4209872	1620	8.3193907970151
22	4329493	1640	8.0042403588359
22	4452239	1660	7.1020641427554
22	4576860	1680	8.8677032140521
23	145348	240	2871.5130200059
23	171227	260	3545.6068342051
23	198601	280	3559.4385997447
23	225879	300	3697.8949711938
23	253270	320	3689.4079701559
23	280635	340	3873.1814135074
23	308261	360	3833.2589677976
23	335768	380	3959.9541355153
23	363372	400	3829.3036057799
23	391250	420	3825.5926995027
23	419750	440	3676.8643370193
23	448425	460	3936.8515263941
23	477768	480	3980.6025689031
23	507629	500	3989.5895969559
23	538163	520	3943.9377176764
23	568989	540	4312.2461069649
23	600744	560	4139.531382707
23	633661	580	4458.9980560032
23	667290	600	4451.8331897641
23	701465	620	4235.4467045728
23	736407	640	4269.1901232032
23	772051	660	4111.4614197443
23	809031	680	4457.29176272
23	847171	700	4453.097712184
23	886047	720	4323.5917850631
23	926423	740	4459.1848785892
23	967954	760	4494.886084711
23	1010817	780	4681.8786784271
23	1055129	800	4417.5662964045
23	1100828	820	4552.9440966423
23	1147428	840	4522.0640810864
23	1195012	860	5095.9955367668
23	1243674	880	5200.1363023113
23	1293724	900	5026.0925038891
23	1344932	920	5010.7386331623
23	1397011	940	4939.4124832665
23	1450265	960	5254.1745418433
23	1504893	980	5483.2298846394
23	1560382	1000	5224.6946610992
23	1618263	1020	5082.7025431945
23	1676850	1040	5215.2422429902
23	1738004	1060	5350.6318075724
23	1800508	1080	5308.0669177269
23	1864310	1100	5162.0294805268
23	1929541	1120	5622.8336535432
23	1996784	1140	5577.1030275787
23	2066159	1160	6030.6644790286
23	2136885	1180	5528.7216102618
23	2209827	1200	5802.6247291242
23	2284183	1220	5976.9133302672
23	2359537	1240	5811.1881831349
23	2436665	1260	5896.8770163655
23	2517020	1280	5945.2988215825
23	2599373	1300	5939.4871903222
23	2683642	1320	6072.4721179887
23	2770483	1340	6162.1624672575
23	2858817	1360	6441.0188400413
23	2948967	1380	6350.4900820794
23	3041763	1400	6624.6679545735
23	3136015	1420	6621.2590194602
23	3233130	1440	6119.6037866686
23	3332038	1460	6167.5762149151
23	3432854	1480	6427.9772247411
23	3536449	1500	6797.7687201696
23	3643047	1520	6262.0594064693
23	3752105	1540	6624.3048200682
23	3863459	1560	6664.6055519768
23	3976516	1580	6754.1396525955
23	4091932	1600	6746.6535561872
23	4209872	1620	6841.1410701248
23	4329493	1640	6753.420264885
23	4452239	1660	6199.8219556247
23	4576860	1680	7120.337404558
24	145348	240	44.867390937592
24	171227	260	44.881099167153
24	198601	280	45.056184806896
24	225879	300	45.09628013651
24	253270	320	44.992780123853
24	280635	340	45.036993180318
24	308261	360	45.097164327031
24	335768	380	44.999478812674
24	363372	400	45.050630656234
24	391250	420	45.006972935326
24	419750	440	45.393386876781
24	448425	460	45.251166970047
24	477768	480	45.234120101172
24	507629	500	45.336245419954
24	538163	520	45.332617444557
24	568989	540	45.392064283841
24	600744	560	45.489355853923
24	633661	580	45.499980163298
24	667290	600	45.426869283307
24	701465	620	45.542437683578
24	736407	640	45.41691620429
24	772051	660	45.682904663825
24	809031	680	45.482569007347
24	847171	700	45.439772573306
24	886047	720	45.511492474348
24	926423	740	45.501886516216
24	967954	760	45.402889744555
24	1010817	780	45.455132800263
24	1055129	800	45.54192058149
24	1100828	820	45.529440966423
24	1147428	840	45.677414960468
24	1195012	860	45.499960149704
24	1243674	880	45.615230722029
24	1293724	900	45.691750035356
24	1344932	920	45.552169392385
24	1397011	940	45.735300770986
24	1450265	960	45.688474276898
24	1504893	980	45.693582371995
24	1560382	1000	45.830654921923
24	1618263	1020	45.790113001752
24	1676850	1040	45.747738973599
24	1738004	1060	45.731895791217
24	1800508	1080	45.759197566611
24	1864310	1100	45.681676818822
24	1929541	1120	45.714094744253
24	1996784	1140	45.713959242448
24	2066159	1160	45.686852113853
24	2136885	1180	45.691914134395
24	2209827	1200	45.689958497041
24	2284183	1220	45.62529259746
24	2359537	1240	45.757387268779
24	2436665	1260	45.712224933066
24	2517020	1280	45.733067858327
24	2599373	1300	45.688363002478
24	2683642	1320	45.657685097659
24	2770483	1340	45.645647905611
24	2858817	1360	45.680984681144
24	2948967	1380	45.686979007765
24	3041763	1400	45.687365203955
24	3136015	1420	45.663855306622
24	3233130	1440	45.668684975139
24	3332038	1460	45.685749740112
24	3432854	1480	45.588490955611
24	3536449	1500	45.622608860199
24	3643047	1520	45.708462820943
24	3752105	1540	45.684860828056
24	3863459	1560	45.647983232718
24	3976516	1580	45.636078733754
24	4091932	1600	45.585497001265
24	4209872	1620	45.607607134165
24	4329493	1640	45.63121800598
24	4452239	1660	45.586926144299
24	4576860	1680	45.643188490757
25	145348	240	0.40363475732974
25	171227	260	0.46447872272078
25	198601	280	0.73973869452606
25	225879	300	0.8281795335364
25	253270	320	0.65202272369018
25	280635	340	0.6528286455046
25	308261	360	0.82938909295748
25	335768	380	0.76145945630237
25	363372	400	0.75664954811313
25	391250	420	0.79446183925433
25	419750	440	1.5340849083105
25	448425	460	1.2390215925183
25	477768	480	1.2934873237676
25	507629	500	1.3454093206457
25	538163	520	1.2350274585371
25	568989	540	1.3741112675606
25	600744	560	1.4540770951262
25	633661	580	1.3833295625827
25	667290	600	1.4225402028385
25	701465	620	1.3315597020765
25	736407	640	1.2660995024598
25	772051	660	1.4441323156378
25	809031	680	1.2207891602472
25	847171	700	1.1689233831572
25	886047	720	1.2026524218097
25	926423	740	1.1751006682969
25	967954	760	1.0850560908455
25	1010817	780	1.1354994356509
25	1055129	800	1.2191500020084
25	1100828	820	1.1991925301017
25	1147428	840	1.1950167605325
25	1195012	860	1.1470697275285
25	1243674	880	1.1924989120359
25	1293724	900	1.2031581288081
25	1344932	920	1.1530338330045
25	1397011	940	1.2000885135312
25	1450265	960	1.2182349558202
25	1504893	980	1.1901318294686
25	1560382	1000	1.2602129626558
25	1618263	1020	1.2128973375891
25	1676850	1040	1.1785681383058
25	1738004	1060	1.1825661614651
25	1800508	1080	1.1812429568995
25	1864310	1100	1.1370847210393
25	1929541	1120	1.1268724605611
25	1996784	1140	1.1071483316047
25	2066159	1160	1.0829874252783
25	2136885	1180	1.0912412681407
25	2209827	1200	1.1292934197898
25	2284183	1220	1.0798762868044
25	2359537	1240	1.1287459558432
25	2436665	1260	1.070852919969
25	2517020	1280	1.0753931481529
25	2599373	1300	1.0544378547483
25	2683642	1320	1.0097043898539
25	2770483	1340	0.94498517747185
25	2858817	1360	1.0055102822419
25	2948967	1380	1.0417726112114
25	3041763	1400	1.0364451858216
25	3136015	1420	1.0007016590359
25	3233130	1440	0.93067705802169
25	3332038	1460	0.95053089682782
25	3432854	1480	0.93484669276727
25	3536449	1500	0.92431661795039
25	3643047	1520	0.88879120155648
25	3752105	1540	0.95551981228567
25	3863459	1560	0.9746514897509
25	3976516	1580	0.86357788776598
25	4091932	1600	0.90381856526634
25	4209872	1620	0.89970429266427
25	4329493	1640	0.89040675881221
25	4452239	1660	0.84206937565758
25	4576860	1680	0.90749194853373
26	145348	240	0.16292101732464
26	171227	260	0.21574048386032
26	198601	280	0.54721333617911
26	225879	300	0.68588133976857
26	253270	320	0.42513363220836
26	280635	340	0.42618524039137
26	308261	360	0.68788626751683
26	335768	380	0.5798205035923
26	363372	400	0.57251853865981
26	391250	420	0.63116961403137
26	419750	440	2.3534165059061
26	448425	460	1.5351745067265
26	477768	480	1.6731094567474
26	507629	500	1.8101262400802
26	538163	520	1.5252928233407
26	568989	540	1.8881817756371
26	600744	560	2.1143401985706
26	633661	580	1.9136006787152
26	667290	600	2.0236206286919
26	701465	620	1.773051240194
26	736407	640	1.603007950129
26	772051	660	2.0855181450694
26	809031	680	1.4903261737771
26	847171	700	1.3663818756918
26	886047	720	1.4463728476846
26	926423	740	1.3808615806317
26	967954	760	1.1773467202808
26	1010817	780	1.2893589683634
26	1055129	800	1.486326727397
26	1100828	820	1.4380627242517
26	1147428	840	1.4280650579536
26	1195012	860	1.3157689598123
26	1243674	880	1.4220536552069
26	1293724	900	1.4475894829169
26	1344932	920	1.329487020053
26	1397011	940	1.4402124403095
26	1450265	960	1.4840964075821
26	1504893	980	1.4164137715144
26	1560382	1000	1.5881367112456
26	1618263	1020	1.4711199515307
26	1676850	1040	1.3890228566297
26	1738004	1060	1.3984627262423
26	1800508	1080	1.3953349232246
26	1864310	1100	1.2929616628211
26	1929541	1120	1.2698415423711
26	1996784	1140	1.225777428175
26	2066159	1160	1.172861763311
26	2136885	1180	1.1908075052933
26	2209827	1200	1.2753036279806
26	2284183	1220	1.1661327948024
26	2359537	1240	1.2740674328325
26	2436665	1260	1.1467259762061
26	2517020	1280	1.1564704230942
26	2599373	1300	1.1118391895262
26	2683642	1320	1.0195029548903
26	2770483	1340	0.8929969856415
26	2858817	1360	1.0110509276942
26	2948967	1380	1.0852901734701
26	3041763	1400	1.0742186232129
26	3136015	1420	1.0014038103972
26	3233130	1440	0.86615978632791
26	3332038	1460	0.9035089858243
26	3432854	1480	0.87393833897791
26	3536449	1500	0.85436121021925
26	3643047	1520	0.78994979996421
26	3752105	1540	0.91301811167044
26	3863459	1560	0.94994552647365
26	3976516	1580	0.74576676823835
26	4091932	1600	0.81688799892011
26	4209872	1620	0.80946781423852
26	4329493	1640	0.79282419613847
26	4452239	1660	0.70908083342035
26	4576860	1680	0.82354163665354
