version 2
run statisticRVV-67-20150327-02:19:11-3200
attr c 7
attr configname statisticRVV
attr datetime 20150327-02:19:11
attr experiment statisticRVV
attr inifile omnetpp.ini
attr iterationvars "$sc=\"erlangen-low.launchd.xml\", $p=1/8, $c=7"
attr iterationvars2 "$sc=\"erlangen-low.launchd.xml\", $p=1/8, $c=7, $repetition=7"
attr measurement "$sc=\"erlangen-low.launchd.xml\", $p=1/8, $c=7"
attr network RSUExampleScenario
attr p 1/8
attr processid 3200
attr repetition 7
attr replication #7
attr resultdir results
attr runnumber 67
attr sc "\"erlangen-low.launchd.xml\""
attr seedset 67

vector 0  RSUExampleScenario.rsu[0].appl  Number_CH  ETV
vector 1  RSUExampleScenario.rsu[0].appl  Number_ON  ETV
vector 2  RSUExampleScenario.rsu[0].appl  Number_FN  ETV
vector 3  RSUExampleScenario.rsu[0].appl  Number_CH_Losts  ETV
vector 4  RSUExampleScenario.rsu[0].appl  Number_CH_Losts  ETV
vector 5  RSUExampleScenario.rsu[0].appl  Mean_Cluster_Size  ETV
vector 6  RSUExampleScenario.rsu[0].appl  StdDev_Cluster_Size  ETV
vector 7  RSUExampleScenario.rsu[0].appl  Variance_Cluster_Size  ETV
vector 8  RSUExampleScenario.rsu[0].appl  Mean_Neighbors  ETV
vector 9  RSUExampleScenario.rsu[0].appl  StdDev_Neighbors  ETV
vector 10  RSUExampleScenario.rsu[0].appl  Variance_Neighbors  ETV
vector 11  RSUExampleScenario.rsu[0].appl  Total_CH_Utility  ETV
vector 12  RSUExampleScenario.rsu[0].appl  Mean_CH_Utility  ETV
vector 13  RSUExampleScenario.rsu[0].appl  StdDev_CH_Utility  ETV
vector 14  RSUExampleScenario.rsu[0].appl  Variance_CH_Utility  ETV
vector 15  RSUExampleScenario.rsu[0].appl  Total_exp_CH_Utility  ETV
vector 16  RSUExampleScenario.rsu[0].appl  Mean_exp_CH_Utility  ETV
vector 17  RSUExampleScenario.rsu[0].appl  StdDev_exp_CH_Utility  ETV
vector 18  RSUExampleScenario.rsu[0].appl  Variance_exp_CH_Utility  ETV
vector 19  RSUExampleScenario.rsu[0].appl  Total_ON_Utility  ETV
vector 20  RSUExampleScenario.rsu[0].appl  Mean_ON_Utility  ETV
vector 21  RSUExampleScenario.rsu[0].appl  StdDev_ON_Utility  ETV
vector 22  RSUExampleScenario.rsu[0].appl  Variance_ON_Utility  ETV
vector 23  RSUExampleScenario.rsu[0].appl  Total_exp_ON_Utility  ETV
vector 24  RSUExampleScenario.rsu[0].appl  Mean_exp_ON_Utility  ETV
vector 25  RSUExampleScenario.rsu[0].appl  StdDev_exp_ON_Utility  ETV
vector 26  RSUExampleScenario.rsu[0].appl  Variance_exp_ON_Utility  ETV
0	34404	240	3
0	39667	260	4
0	44982	280	6
0	50386	300	4
0	55759	320	5
0	61161	340	5
0	66498	360	7
0	71744	380	3
0	77048	400	2
0	82306	420	5
0	87601	440	5
0	92960	460	6
0	98344	480	3
0	103680	500	5
0	109014	520	5
0	114396	540	4
0	119682	560	4
0	124947	580	4
0	130287	600	7
0	135484	620	6
0	140832	640	4
0	146065	660	7
0	151300	680	2
0	156546	700	7
0	161777	720	5
0	167045	740	8
0	172257	760	9
0	177515	780	6
0	182852	800	5
0	188311	820	5
0	193522	840	5
0	198892	860	5
0	204263	880	6
0	209691	900	5
0	215090	920	4
0	220508	940	5
0	225839	960	8
0	231211	980	5
0	236536	1000	4
0	241808	1020	5
0	247147	1040	5
0	252484	1060	5
0	257957	1080	1
0	263301	1100	2
0	268492	1120	2
0	273821	1140	5
0	279241	1160	3
0	284589	1180	5
0	289863	1200	6
0	295167	1220	2
0	300405	1240	6
0	305616	1260	4
0	310955	1280	5
0	316383	1300	4
0	321689	1320	3
0	326972	1340	5
0	332365	1360	6
0	337550	1380	4
0	342831	1400	6
0	348142	1420	5
0	353628	1440	3
0	358851	1460	4
0	364163	1480	5
0	369458	1500	3
0	374841	1520	6
0	380156	1540	4
0	385557	1560	7
0	390922	1580	3
0	396207	1600	4
0	401470	1620	6
0	406848	1640	3
0	412163	1660	8
0	417404	1680	2
0	422785	1700	6
0	428126	1720	8
0	433410	1740	4
0	438701	1760	4
0	444099	1780	3
0	449448	1800	4
0	454294	1820	1
0	458522	1840	4
0	462252	1860	4
0	465619	1880	1
0	468524	1900	3
0	471043	1920	1
0	473108	1940	3
0	474651	1960	0
0	475706	1980	3
0	476315	2000	0
1	34404	240	8
1	39667	260	12
1	44982	280	17
1	50386	300	12
1	55759	320	8
1	61161	340	9
1	66498	360	14
1	71744	380	6
1	77048	400	4
1	82306	420	12
1	87601	440	15
1	92960	460	14
1	98344	480	4
1	103680	500	8
1	109014	520	14
1	114396	540	12
1	119682	560	9
1	124947	580	8
1	130287	600	14
1	135484	620	15
1	140832	640	12
1	146065	660	14
1	151300	680	4
1	156546	700	18
1	161777	720	14
1	167045	740	16
1	172257	760	18
1	177515	780	13
1	182852	800	9
1	188311	820	14
1	193522	840	8
1	198892	860	12
1	204263	880	16
1	209691	900	12
1	215090	920	9
1	220508	940	13
1	225839	960	15
1	231211	980	11
1	236536	1000	11
1	241808	1020	13
1	247147	1040	9
1	252484	1060	11
1	257957	1080	3
1	263301	1100	7
1	268492	1120	5
1	273821	1140	15
1	279241	1160	7
1	284589	1180	14
1	289863	1200	13
1	295167	1220	8
1	300405	1240	14
1	305616	1260	8
1	310955	1280	9
1	316383	1300	8
1	321689	1320	10
1	326972	1340	14
1	332365	1360	14
1	337550	1380	11
1	342831	1400	9
1	348142	1420	8
1	353628	1440	5
1	358851	1460	8
1	364163	1480	15
1	369458	1500	9
1	374841	1520	18
1	380156	1540	14
1	385557	1560	12
1	390922	1580	5
1	396207	1600	10
1	401470	1620	15
1	406848	1640	11
1	412163	1660	17
1	417404	1680	9
1	422785	1700	18
1	428126	1720	16
1	433410	1740	7
1	438701	1760	12
1	444099	1780	10
1	449448	1800	9
1	454294	1820	6
1	458522	1840	7
1	462252	1860	8
1	465619	1880	1
1	468524	1900	9
1	471043	1920	5
1	473108	1940	7
1	474651	1960	0
1	475706	1980	10
1	476315	2000	0
2	34404	240	28
2	39667	260	24
2	44982	280	18
2	50386	300	24
2	55759	320	27
2	61161	340	27
2	66498	360	18
2	71744	380	32
2	77048	400	34
2	82306	420	22
2	87601	440	20
2	92960	460	21
2	98344	480	34
2	103680	500	28
2	109014	520	21
2	114396	540	24
2	119682	560	28
2	124947	580	28
2	130287	600	20
2	135484	620	19
2	140832	640	24
2	146065	660	18
2	151300	680	33
2	156546	700	14
2	161777	720	21
2	167045	740	16
2	172257	760	13
2	177515	780	20
2	182852	800	27
2	188311	820	23
2	193522	840	27
2	198892	860	25
2	204263	880	18
2	209691	900	23
2	215090	920	27
2	220508	940	23
2	225839	960	17
2	231211	980	25
2	236536	1000	24
2	241808	1020	22
2	247147	1040	27
2	252484	1060	24
2	257957	1080	36
2	263301	1100	30
2	268492	1120	33
2	273821	1140	21
2	279241	1160	30
2	284589	1180	22
2	289863	1200	21
2	295167	1220	30
2	300405	1240	20
2	305616	1260	28
2	310955	1280	28
2	316383	1300	29
2	321689	1320	27
2	326972	1340	21
2	332365	1360	21
2	337550	1380	25
2	342831	1400	25
2	348142	1420	27
2	353628	1440	33
2	358851	1460	29
2	364163	1480	20
2	369458	1500	28
2	374841	1520	17
2	380156	1540	22
2	385557	1560	22
2	390922	1580	33
2	396207	1600	26
2	401470	1620	18
2	406848	1640	27
2	412163	1660	17
2	417404	1680	29
2	422785	1700	16
2	428126	1720	16
2	433410	1740	29
2	438701	1760	24
2	444099	1780	28
2	449448	1800	28
2	454294	1820	30
2	458522	1840	23
2	462252	1860	18
2	465619	1880	25
2	468524	1900	12
2	471043	1920	14
2	473108	1940	7
2	474651	1960	13
2	475706	1980	-2
2	476315	2000	7
3	34404	240	0
3	39667	260	0
3	44982	280	0
3	50386	300	0
3	55759	320	0
3	61161	340	1
3	66498	360	0
3	71744	380	1
3	77048	400	1
3	82306	420	0
3	87601	440	0
3	92960	460	1
3	98344	480	1
3	103680	500	1
3	109014	520	2
3	114396	540	0
3	119682	560	2
3	124947	580	0
3	130287	600	1
3	135484	620	0
3	140832	640	2
3	146065	660	0
3	151300	680	0
3	156546	700	0
3	161777	720	0
3	167045	740	2
3	172257	760	1
3	177515	780	1
3	182852	800	0
3	188311	820	0
3	193522	840	1
3	198892	860	3
3	204263	880	1
3	209691	900	0
3	215090	920	0
3	220508	940	0
3	225839	960	0
3	231211	980	0
3	236536	1000	0
3	241808	1020	0
3	247147	1040	0
3	252484	1060	0
3	257957	1080	0
3	263301	1100	0
3	268492	1120	0
3	273821	1140	0
3	279241	1160	0
3	284589	1180	0
3	289863	1200	1
3	295167	1220	1
3	300405	1240	0
3	305616	1260	2
3	310955	1280	0
3	316383	1300	0
3	321689	1320	0
3	326972	1340	0
3	332365	1360	1
3	337550	1380	0
3	342831	1400	0
3	348142	1420	0
3	353628	1440	1
3	358851	1460	0
3	364163	1480	0
3	369458	1500	1
3	374841	1520	0
3	380156	1540	0
3	385557	1560	0
3	390922	1580	0
3	396207	1600	0
3	401470	1620	0
3	406848	1640	0
3	412163	1660	3
3	417404	1680	0
3	422785	1700	0
3	428126	1720	0
3	433410	1740	1
3	438701	1760	0
3	444099	1780	1
3	449448	1800	0
3	454294	1820	1
3	458522	1840	0
3	462252	1860	0
3	465619	1880	0
3	468524	1900	0
3	471043	1920	0
3	473108	1940	1
3	474651	1960	0
3	475706	1980	0
3	476315	2000	0
4	34404	240	28
4	39667	260	23
4	44982	280	18
4	50386	300	24
4	55759	320	27
4	61161	340	26
4	66498	360	18
4	71744	380	30
4	77048	400	33
4	82306	420	22
4	87601	440	20
4	92960	460	19
4	98344	480	33
4	103680	500	26
4	109014	520	19
4	114396	540	24
4	119682	560	26
4	124947	580	28
4	130287	600	19
4	135484	620	19
4	140832	640	22
4	146065	660	18
4	151300	680	33
4	156546	700	14
4	161777	720	21
4	167045	740	14
4	172257	760	11
4	177515	780	19
4	182852	800	27
4	188311	820	23
4	193522	840	26
4	198892	860	22
4	204263	880	17
4	209691	900	23
4	215090	920	27
4	220508	940	22
4	225839	960	17
4	231211	980	24
4	236536	1000	24
4	241808	1020	22
4	247147	1040	27
4	252484	1060	24
4	257957	1080	36
4	263301	1100	30
4	268492	1120	33
4	273821	1140	21
4	279241	1160	30
4	284589	1180	21
4	289863	1200	20
4	295167	1220	29
4	300405	1240	20
4	305616	1260	26
4	310955	1280	28
4	316383	1300	29
4	321689	1320	27
4	326972	1340	21
4	332365	1360	19
4	337550	1380	25
4	342831	1400	25
4	348142	1420	27
4	353628	1440	32
4	358851	1460	29
4	364163	1480	20
4	369458	1500	27
4	374841	1520	17
4	380156	1540	21
4	385557	1560	22
4	390922	1580	33
4	396207	1600	26
4	401470	1620	18
4	406848	1640	27
4	412163	1660	14
4	417404	1680	29
4	422785	1700	16
4	428126	1720	16
4	433410	1740	28
4	438701	1760	24
4	444099	1780	27
4	449448	1800	28
4	454294	1820	29
4	458522	1840	23
4	462252	1860	18
4	465619	1880	25
4	468524	1900	12
4	471043	1920	14
4	473108	1940	6
4	474651	1960	13
4	475706	1980	-2
4	476315	2000	7
5	34404	240	2.6666666666667
5	39667	260	3
5	44982	280	2.8333333333333
5	50386	300	3
5	55759	320	1.6
5	61161	340	1.8
5	66498	360	2
5	71744	380	2
5	77048	400	2
5	82306	420	2.4
5	87601	440	3
5	92960	460	2.3333333333333
5	98344	480	1.3333333333333
5	103680	500	1.6
5	109014	520	2.8
5	114396	540	3
5	119682	560	2.25
5	124947	580	2
5	130287	600	2
5	135484	620	2.5
5	140832	640	3
5	146065	660	2
5	151300	680	2
5	156546	700	2.5714285714286
5	161777	720	2.8
5	167045	740	2
5	172257	760	2
5	177515	780	2.1666666666667
5	182852	800	1.8
5	188311	820	2.8
5	193522	840	1.6
5	198892	860	2.4
5	204263	880	2.6666666666667
5	209691	900	2.4
5	215090	920	2.25
5	220508	940	2.6
5	225839	960	1.875
5	231211	980	2.2
5	236536	1000	2.75
5	241808	1020	2.6
5	247147	1040	1.8
5	252484	1060	2.2
5	257957	1080	3
5	263301	1100	3.5
5	268492	1120	2.5
5	273821	1140	3
5	279241	1160	2.3333333333333
5	284589	1180	2.8
5	289863	1200	2.1666666666667
5	295167	1220	4
5	300405	1240	2.3333333333333
5	305616	1260	2
5	310955	1280	1.8
5	316383	1300	2
5	321689	1320	3.3333333333333
5	326972	1340	2.8
5	332365	1360	2.3333333333333
5	337550	1380	2.75
5	342831	1400	1.5
5	348142	1420	1.6
5	353628	1440	1.6666666666667
5	358851	1460	2
5	364163	1480	3
5	369458	1500	3
5	374841	1520	3
5	380156	1540	3.5
5	385557	1560	1.7142857142857
5	390922	1580	1.6666666666667
5	396207	1600	2.5
5	401470	1620	2.5
5	406848	1640	3.6666666666667
5	412163	1660	2.125
5	417404	1680	4.5
5	422785	1700	3
5	428126	1720	2
5	433410	1740	1.75
5	438701	1760	3
5	444099	1780	3.3333333333333
5	449448	1800	2.25
5	454294	1820	6
5	458522	1840	1.75
5	462252	1860	2
5	465619	1880	1
5	468524	1900	3
5	471043	1920	5
5	473108	1940	2.3333333333333
5	474651	1960	nan
5	475706	1980	3.3333333333333
5	476315	2000	nan
6	34404	240	0.57735026918963
6	39667	260	2.1602468994693
6	44982	280	0.98319208025018
6	50386	300	1.4142135623731
6	55759	320	0.54772255750517
6	61161	340	0.83666002653408
6	66498	360	1.1547005383793
6	71744	380	1.7320508075689
6	77048	400	0
6	82306	420	1.1401754250991
6	87601	440	1.870828693387
6	92960	460	1.9663841605004
6	98344	480	0.57735026918963
6	103680	500	0.89442719099992
6	109014	520	0.83666002653408
6	114396	540	1.4142135623731
6	119682	560	1.2583057392118
6	124947	580	0.81649658092773
6	130287	600	0.81649658092773
6	135484	620	1.7606816861659
6	140832	640	2
6	146065	660	0.57735026918963
6	151300	680	0
6	156546	700	2.0701966780271
6	161777	720	2.4899799195977
6	167045	740	0.75592894601845
6	172257	760	0.86602540378444
6	177515	780	1.471960144388
6	182852	800	0.83666002653408
6	188311	820	2.4899799195977
6	193522	840	0.54772255750517
6	198892	860	1.6733200530682
6	204263	880	0.81649658092773
6	209691	900	0.89442719099992
6	215090	920	0.95742710775634
6	220508	940	1.9493588689618
6	225839	960	0.64086994446166
6	231211	980	1.0954451150103
6	236536	1000	2.2173557826083
6	241808	1020	1.5165750888103
6	247147	1040	0.83666002653408
6	252484	1060	1.6431676725155
6	257957	1080	nan
6	263301	1100	3.5355339059327
6	268492	1120	0.70710678118655
6	273821	1140	2.5495097567964
6	279241	1160	1.5275252316519
6	284589	1180	1.6431676725155
6	289863	1200	1.6020819787597
6	295167	1220	1.4142135623731
6	300405	1240	1.0327955589886
6	305616	1260	0.81649658092773
6	310955	1280	0.83666002653408
6	316383	1300	0.81649658092773
6	321689	1320	2.3094010767585
6	326972	1340	2.4899799195977
6	332365	1360	1.3662601021279
6	337550	1380	1.5
6	342831	1400	0.54772255750517
6	348142	1420	0.54772255750517
6	353628	1440	0.57735026918963
6	358851	1460	1.4142135623731
6	364163	1480	1.870828693387
6	369458	1500	1
6	374841	1520	1.7888543819998
6	380156	1540	2.6457513110646
6	385557	1560	0.75592894601845
6	390922	1580	0.57735026918963
6	396207	1600	1.7320508075689
6	401470	1620	1.7606816861659
6	406848	1640	2.8867513459481
6	412163	1660	1.2464234547582
6	417404	1680	2.1213203435596
6	422785	1700	2
6	428126	1720	1.309307341416
6	433410	1740	0.95742710775634
6	438701	1760	2.7080128015453
6	444099	1780	2.3094010767585
6	449448	1800	1.8929694486001
6	454294	1820	nan
6	458522	1840	0.95742710775634
6	462252	1860	1.4142135623731
6	465619	1880	nan
6	468524	1900	1.7320508075689
6	471043	1920	nan
6	473108	1940	0.57735026918963
6	474651	1960	nan
6	475706	1980	0.57735026918963
6	476315	2000	nan
7	34404	240	0.33333333333333
7	39667	260	4.6666666666667
7	44982	280	0.96666666666667
7	50386	300	2
7	55759	320	0.3
7	61161	340	0.7
7	66498	360	1.3333333333333
7	71744	380	3
7	77048	400	0
7	82306	420	1.3
7	87601	440	3.5
7	92960	460	3.8666666666667
7	98344	480	0.33333333333333
7	103680	500	0.8
7	109014	520	0.7
7	114396	540	2
7	119682	560	1.5833333333333
7	124947	580	0.66666666666667
7	130287	600	0.66666666666667
7	135484	620	3.1
7	140832	640	4
7	146065	660	0.33333333333333
7	151300	680	0
7	156546	700	4.2857142857143
7	161777	720	6.2
7	167045	740	0.57142857142857
7	172257	760	0.75
7	177515	780	2.1666666666667
7	182852	800	0.7
7	188311	820	6.2
7	193522	840	0.3
7	198892	860	2.8
7	204263	880	0.66666666666667
7	209691	900	0.8
7	215090	920	0.91666666666667
7	220508	940	3.8
7	225839	960	0.41071428571429
7	231211	980	1.2
7	236536	1000	4.9166666666667
7	241808	1020	2.3
7	247147	1040	0.7
7	252484	1060	2.7
7	257957	1080	nan
7	263301	1100	12.5
7	268492	1120	0.5
7	273821	1140	6.5
7	279241	1160	2.3333333333333
7	284589	1180	2.7
7	289863	1200	2.5666666666667
7	295167	1220	2
7	300405	1240	1.0666666666667
7	305616	1260	0.66666666666667
7	310955	1280	0.7
7	316383	1300	0.66666666666667
7	321689	1320	5.3333333333333
7	326972	1340	6.2
7	332365	1360	1.8666666666667
7	337550	1380	2.25
7	342831	1400	0.3
7	348142	1420	0.3
7	353628	1440	0.33333333333333
7	358851	1460	2
7	364163	1480	3.5
7	369458	1500	1
7	374841	1520	3.2
7	380156	1540	7
7	385557	1560	0.57142857142857
7	390922	1580	0.33333333333333
7	396207	1600	3
7	401470	1620	3.1
7	406848	1640	8.3333333333333
7	412163	1660	1.5535714285714
7	417404	1680	4.5
7	422785	1700	4
7	428126	1720	1.7142857142857
7	433410	1740	0.91666666666667
7	438701	1760	7.3333333333333
7	444099	1780	5.3333333333333
7	449448	1800	3.5833333333333
7	454294	1820	nan
7	458522	1840	0.91666666666667
7	462252	1860	2
7	465619	1880	nan
7	468524	1900	3
7	471043	1920	nan
7	473108	1940	0.33333333333333
7	474651	1960	nan
7	475706	1980	0.33333333333333
7	476315	2000	nan
8	34404	240	9
8	39667	260	9.025641025641
8	44982	280	8.780487804878
8	50386	300	8.9
8	55759	320	9.05
8	61161	340	8.8780487804878
8	66498	360	9.1538461538462
8	71744	380	9.125
8	77048	400	9.075
8	82306	420	9.0512820512821
8	87601	440	9
8	92960	460	9.3
8	98344	480	8.8292682926829
8	103680	500	9
8	109014	520	9.025
8	114396	540	9.075
8	119682	560	9.0487804878049
8	124947	580	9.075
8	130287	600	8.8048780487805
8	135484	620	8.9
8	140832	640	8.925
8	146065	660	9.0512820512821
8	151300	680	9.025641025641
8	156546	700	9.1282051282051
8	161777	720	9.125
8	167045	740	8.825
8	172257	760	9.1025641025641
8	177515	780	8.974358974359
8	182852	800	8.9268292682927
8	188311	820	8.8571428571429
8	193522	840	9
8	198892	860	9.025
8	204263	880	9.1
8	209691	900	9
8	215090	920	9
8	220508	940	9.35
8	225839	960	8.95
8	231211	980	9.3
8	236536	1000	9.0512820512821
8	241808	1020	8.975
8	247147	1040	8.9268292682927
8	252484	1060	9.1
8	257957	1080	9.275
8	263301	1100	9.2820512820513
8	268492	1120	9.025
8	273821	1140	8.9512195121951
8	279241	1160	9.275
8	284589	1180	9.075
8	289863	1200	8.875
8	295167	1220	9
8	300405	1240	8.775
8	305616	1260	8.875
8	310955	1280	8.9047619047619
8	316383	1300	8.9756097560976
8	321689	1320	9.05
8	326972	1340	8.8
8	332365	1360	8.875
8	337550	1380	9
8	342831	1400	8.9
8	348142	1420	9.05
8	353628	1440	9.1219512195122
8	358851	1460	8.8780487804878
8	364163	1480	8.65
8	369458	1500	9.1538461538462
8	374841	1520	9.0731707317073
8	380156	1540	9.1538461538462
8	385557	1560	8.8780487804878
8	390922	1580	8.9512195121951
8	396207	1600	9.05
8	401470	1620	8.974358974359
8	406848	1640	9
8	412163	1660	8.8536585365854
8	417404	1680	9.025
8	422785	1700	9.125
8	428126	1720	9.175
8	433410	1740	8.85
8	438701	1760	9.2
8	444099	1780	8.9756097560976
8	449448	1800	8.9024390243902
8	454294	1820	8.7027027027027
8	458522	1840	8.2058823529412
8	462252	1860	8.4
8	465619	1880	8
8	468524	1900	8.2916666666667
8	471043	1920	8.3
8	473108	1940	8
8	474651	1960	7.0769230769231
8	475706	1980	6.4545454545455
8	476315	2000	4.8571428571429
9	34404	240	1.6701717529076
9	39667	260	1.4776791811767
9	44982	280	1.4406976629736
9	50386	300	2.4992306508511
9	55759	320	1.6938803881121
9	61161	340	2.0272533382784
9	66498	360	1.4055989833606
9	71744	380	1.7421987286921
9	77048	400	1.3279538916926
9	82306	420	1.8201896654892
9	87601	440	1.2194996872404
9	92960	460	1.3996336517012
9	98344	480	1.9352317564621
9	103680	500	2.0254787341673
9	109014	520	1.7169964831289
9	114396	540	1.8311758867474
9	119682	560	1.6271327467695
9	124947	580	1.4916433890176
9	130287	600	1.6158513575685
9	135484	620	1.5980757659905
9	140832	640	1.6074745282506
9	146065	660	1.5551056479379
9	151300	680	1.769436120219
9	156546	700	1.9490819320562
9	161777	720	1.3045777389344
9	167045	740	1.5002136599968
9	172257	760	1.4472273271923
9	177515	780	1.6138737230843
9	182852	800	1.8219528520579
9	188311	820	2.1135039519016
9	193522	840	1.8257418583506
9	198892	860	1.8465143878712
9	204263	880	1.918867187184
9	209691	900	1.9741924671713
9	215090	920	1.7394369852458
9	220508	940	1.6100644994247
9	225839	960	2.062485431184
9	231211	980	1.5055453054182
9	236536	1000	1.6050695664333
9	241808	1020	1.9280320776138
9	247147	1040	1.4033931007105
9	252484	1060	1.5157294934901
9	257957	1080	1.6170168798573
9	263301	1100	1.3755136447068
9	268492	1120	1.8325756009871
9	273821	1140	2.0609611776086
9	279241	1160	1.6170168798573
9	284589	1180	1.7742820866697
9	289863	1200	1.5719904090528
9	295167	1220	1.8673991236957
9	300405	1240	1.5273153923445
9	305616	1260	1.5053324021709
9	310955	1280	2.2065260612558
9	316383	1300	1.9935872802319
9	321689	1320	1.5350603429215
9	326972	1340	1.9374844912531
9	332365	1360	1.6822984887136
9	337550	1380	1.4142135623731
9	342831	1400	1.6763819404469
9	348142	1420	1.2393132920684
9	353628	1440	1.503248514904
9	358851	1460	1.3452717560259
9	364163	1480	1.9813230492883
9	369458	1500	1.8142485981002
9	374841	1520	1.5393219920218
9	380156	1540	1.4606858796012
9	385557	1560	1.8192735081787
9	390922	1580	2.0730559509115
9	396207	1600	1.4667249405673
9	401470	1620	1.6778303578883
9	406848	1640	1.5165750888103
9	412163	1660	1.4926649927187
9	417404	1680	1.5605308104156
9	422785	1700	2.0654359445467
9	428126	1720	1.8100502897108
9	433410	1740	1.7475257233718
9	438701	1760	1.5557997366348
9	444099	1780	2.0553321492894
9	449448	1800	1.7436295198347
9	454294	1820	1.5962606453985
9	458522	1840	1.6101837230898
9	462252	1860	1.6733200530682
9	465619	1880	1.6870547845739
9	468524	1900	1.9666605256598
9	471043	1920	1.7800059136507
9	473108	1940	1.7677669529664
9	474651	1960	2.0191391920626
9	475706	1980	1.2933395813657
9	476315	2000	1.5735915849389
10	34404	240	2.7894736842105
10	39667	260	2.1835357624831
10	44982	280	2.0756097560976
10	50386	300	6.2461538461538
10	55759	320	2.8692307692308
10	61161	340	4.109756097561
10	66498	360	1.9757085020243
10	71744	380	3.0352564102564
10	77048	400	1.7634615384615
10	82306	420	3.3130904183536
10	87601	440	1.4871794871795
10	92960	460	1.9589743589744
10	98344	480	3.7451219512195
10	103680	500	4.1025641025641
10	109014	520	2.9480769230769
10	114396	540	3.3532051282051
10	119682	560	2.6475609756098
10	124947	580	2.225
10	130287	600	2.6109756097561
10	135484	620	2.5538461538462
10	140832	640	2.5839743589744
10	146065	660	2.4183535762483
10	151300	680	3.1309041835358
10	156546	700	3.7989203778677
10	161777	720	1.7019230769231
10	167045	740	2.250641025641
10	172257	760	2.0944669365722
10	177515	780	2.6045883940621
10	182852	800	3.319512195122
10	188311	820	4.4668989547038
10	193522	840	3.3333333333333
10	198892	860	3.4096153846154
10	204263	880	3.6820512820513
10	209691	900	3.8974358974359
10	215090	920	3.025641025641
10	220508	940	2.5923076923077
10	225839	960	4.2538461538462
10	231211	980	2.2666666666667
10	236536	1000	2.5762483130904
10	241808	1020	3.7173076923077
10	247147	1040	1.969512195122
10	252484	1060	2.2974358974359
10	257957	1080	2.6147435897436
10	263301	1100	1.8920377867746
10	268492	1120	3.3583333333333
10	273821	1140	4.2475609756098
10	279241	1160	2.6147435897436
10	284589	1180	3.1480769230769
10	289863	1200	2.4711538461538
10	295167	1220	3.4871794871795
10	300405	1240	2.3326923076923
10	305616	1260	2.2660256410256
10	310955	1280	4.8687572590012
10	316383	1300	3.9743902439024
10	321689	1320	2.3564102564103
10	326972	1340	3.7538461538462
10	332365	1360	2.8301282051282
10	337550	1380	2
10	342831	1400	2.8102564102564
10	348142	1420	1.5358974358974
10	353628	1440	2.259756097561
10	358851	1460	1.809756097561
10	364163	1480	3.925641025641
10	369458	1500	3.2914979757085
10	374841	1520	2.369512195122
10	380156	1540	2.1336032388664
10	385557	1560	3.309756097561
10	390922	1580	4.2975609756098
10	396207	1600	2.1512820512821
10	401470	1620	2.8151147098516
10	406848	1640	2.3
10	412163	1660	2.2280487804878
10	417404	1680	2.4352564102564
10	422785	1700	4.2660256410256
10	428126	1720	3.2762820512821
10	433410	1740	3.0538461538462
10	438701	1760	2.4205128205128
10	444099	1780	4.2243902439024
10	449448	1800	3.040243902439
10	454294	1820	2.548048048048
10	458522	1840	2.5926916221034
10	462252	1860	2.8
10	465619	1880	2.8461538461538
10	468524	1900	3.8677536231884
10	471043	1920	3.1684210526316
10	473108	1940	3.125
10	474651	1960	4.0769230769231
10	475706	1980	1.6727272727273
10	476315	2000	2.4761904761905
11	34404	240	141.92407174732
11	39667	260	183.42438157652
11	44982	280	278.90585774655
11	50386	300	185.08520999102
11	55759	320	233.67857452186
11	61161	340	229.71360268887
11	66498	360	321.53174642703
11	71744	380	137.40395465481
11	77048	400	94.187130692311
11	82306	420	228.57504004028
11	87601	440	229.5602516635
11	92960	460	285.99737576793
11	98344	480	139.95856378922
11	103680	500	236.11992717383
11	109014	520	233.27655371385
11	114396	540	184.02603505827
11	119682	560	187.27550541029
11	124947	580	185.8245558506
11	130287	600	325.18340623306
11	135484	620	279.69084366524
11	140832	640	191.41498520375
11	146065	660	322.35733375404
11	151300	680	91.8533725908
11	156546	700	329.60735877349
11	161777	720	225.99107143311
11	167045	740	372.67145782972
11	172257	760	412.21722499803
11	177515	780	274.86603164176
11	182852	800	233.20115794646
11	188311	820	231.93227863286
11	193522	840	229.49493585847
11	198892	860	232.85343734409
11	204263	880	278.33502373136
11	209691	900	232.29795317373
11	215090	920	191.1196250892
11	220508	940	233.38998183373
11	225839	960	379.93762057811
11	231211	980	234.41660052448
11	236536	1000	185.55730070768
11	241808	1020	230.80418029718
11	247147	1040	246.63425179854
11	252484	1060	232.01149530979
11	257957	1080	44.719004073223
11	263301	1100	97.594315128897
11	268492	1120	92.264286461021
11	273821	1140	232.12554832771
11	279241	1160	144.0843722107
11	284589	1180	231.35700869913
11	289863	1200	275.76961058273
11	295167	1220	91.682296294844
11	300405	1240	278.61646797669
11	305616	1260	187.06533041357
11	310955	1280	240.21498600996
11	316383	1300	186.40353034838
11	321689	1320	137.36150876496
11	326972	1340	238.29534701864
11	332365	1360	287.5111595597
11	337550	1380	186.44875689494
11	342831	1400	280.7822733568
11	348142	1420	233.17070465471
11	353628	1440	144.82849635368
11	358851	1460	183.83262286792
11	364163	1480	227.87330288646
11	369458	1500	138.63598851449
11	374841	1520	288.6009698785
11	380156	1540	184.10338820433
11	385557	1560	334.81120639051
11	390922	1580	144.60585919171
11	396207	1600	191.34294750212
11	401470	1620	282.61307977788
11	406848	1640	138.99953909012
11	412163	1660	370.26087619343
11	417404	1680	90.701013188627
11	422785	1700	277.52171207851
11	428126	1720	372.79901152929
11	433410	1740	185.17473866624
11	438701	1760	184.15319684874
11	444099	1780	136.00604234655
11	449448	1800	188.6818257107
11	454294	1820	44.833116341791
11	458522	1840	185.97140543102
11	462252	1860	188.83472170437
11	465619	1880	46.831912293287
11	468524	1900	142.38750994701
11	471043	1920	46.218383816114
11	473108	1940	149.81047234973
11	474651	1960	0
11	475706	1980	143.19596756724
11	476315	2000	0
12	34404	240	47.308023915774
12	39667	260	45.85609539413
12	44982	280	46.484309624424
12	50386	300	46.271302497756
12	55759	320	46.735714904372
12	61161	340	45.942720537775
12	66498	360	45.933106632433
12	71744	380	45.80131821827
12	77048	400	47.093565346156
12	82306	420	45.715008008055
12	87601	440	45.9120503327
12	92960	460	47.666229294656
12	98344	480	46.652854596405
12	103680	500	47.223985434767
12	109014	520	46.65531074277
12	114396	540	46.006508764568
12	119682	560	46.818876352573
12	124947	580	46.45613896265
12	130287	600	46.454772319008
12	135484	620	46.615140610873
12	140832	640	47.853746300936
12	146065	660	46.051047679149
12	151300	680	45.9266862954
12	156546	700	47.08676553907
12	161777	720	45.198214286622
12	167045	740	46.583932228715
12	172257	760	45.80191388867
12	177515	780	45.811005273627
12	182852	800	46.640231589291
12	188311	820	46.386455726572
12	193522	840	45.898987171695
12	198892	860	46.570687468819
12	204263	880	46.389170621893
12	209691	900	46.459590634745
12	215090	920	47.7799062723
12	220508	940	46.677996366746
12	225839	960	47.492202572264
12	231211	980	46.883320104895
12	236536	1000	46.38932517692
12	241808	1020	46.160836059436
12	247147	1040	49.326850359708
12	252484	1060	46.402299061959
12	257957	1080	44.719004073223
12	263301	1100	48.797157564449
12	268492	1120	46.132143230511
12	273821	1140	46.425109665542
12	279241	1160	48.028124070233
12	284589	1180	46.271401739826
12	289863	1200	45.961601763789
12	295167	1220	45.841148147422
12	300405	1240	46.436077996115
12	305616	1260	46.766332603394
12	310955	1280	48.042997201992
12	316383	1300	46.600882587096
12	321689	1320	45.787169588319
12	326972	1340	47.659069403727
12	332365	1360	47.918526593284
12	337550	1380	46.612189223734
12	342831	1400	46.797045559466
12	348142	1420	46.634140930942
12	353628	1440	48.276165451226
12	358851	1460	45.958155716979
12	364163	1480	45.574660577291
12	369458	1500	46.211996171498
12	374841	1520	48.100161646417
12	380156	1540	46.025847051082
12	385557	1560	47.830172341502
12	390922	1580	48.201953063903
12	396207	1600	47.835736875531
12	401470	1620	47.10217996298
12	406848	1640	46.333179696707
12	412163	1660	46.282609524178
12	417404	1680	45.350506594314
12	422785	1700	46.253618679752
12	428126	1720	46.599876441161
12	433410	1740	46.293684666561
12	438701	1760	46.038299212184
12	444099	1780	45.335347448849
12	449448	1800	47.170456427675
12	454294	1820	44.833116341791
12	458522	1840	46.492851357754
12	462252	1860	47.208680426093
12	465619	1880	46.831912293287
12	468524	1900	47.462503315669
12	471043	1920	46.218383816114
12	473108	1940	49.936824116576
12	474651	1960	nan
12	475706	1980	47.731989189081
12	476315	2000	nan
13	34404	240	3.7981431545837
13	39667	260	0.94181961092831
13	44982	280	0.69958648882725
13	50386	300	0.59429528180064
13	55759	320	1.1088166713465
13	61161	340	1.2655024166989
13	66498	360	1.296060423423
13	71744	380	1.3087378289553
13	77048	400	0.67288796995809
13	82306	420	1.6640542986604
13	87601	440	0.48638526485079
13	92960	460	2.5251719649089
13	98344	480	1.3105287092567
13	103680	500	1.236245693575
13	109014	520	1.2079537063917
13	114396	540	0.60594436658906
13	119682	560	1.3376966548737
13	124947	580	1.4216205772998
13	130287	600	2.1372608066642
13	135484	620	2.1949415491356
13	140832	640	3.827788570519
13	146065	660	1.6301769409995
13	151300	680	0.92342984476341
13	156546	700	2.7132230935433
13	161777	720	2.8632695611089
13	167045	740	1.1059839732226
13	172257	760	0.89066311554904
13	177515	780	0.93270070860971
13	182852	800	1.3919151507033
13	188311	820	1.3851351229699
13	193522	840	0.9652753073504
13	198892	860	2.3859500507961
13	204263	880	1.5360790731583
13	209691	900	2.2945904413522
13	215090	920	2.2548023933011
13	220508	940	1.7730808395845
13	225839	960	1.8819012277082
13	231211	980	1.6737946959898
13	236536	1000	2.1216519757035
13	241808	1020	1.2776759848756
13	247147	1040	2.9242759292601
13	252484	1060	1.6304550475784
13	257957	1080	nan
13	263301	1100	3.5037636864207
13	268492	1120	1.7357504560685
13	273821	1140	1.835880983594
13	279241	1160	4.2460796241629
13	284589	1180	1.1005313077173
13	289863	1200	1.080394677948
13	295167	1220	0.95087548921032
13	300405	1240	1.3848487867985
13	305616	1260	0.77765989863398
13	310955	1280	1.3471601422809
13	316383	1300	3.5256590131462
13	321689	1320	1.7981422280506
13	326972	1340	3.8273021979247
13	332365	1360	2.209516342258
13	337550	1380	2.4156238845122
13	342831	1400	1.1932560214938
13	348142	1420	2.0070674088029
13	353628	1440	3.0946128939292
13	358851	1460	3.8389170952768
13	364163	1480	0.87075317386037
13	369458	1500	0.8133948388962
13	374841	1520	2.9946806942181
13	380156	1540	1.1408825984669
13	385557	1560	2.9529749906341
13	390922	1580	2.2499477857215
13	396207	1600	2.6155819138539
13	401470	1620	2.2319883715201
13	406848	1640	2.0879390026598
13	412163	1660	2.1368482758868
13	417404	1680	1.2482517785455
13	422785	1700	1.6773277409575
13	428126	1720	2.4061063353891
13	433410	1740	1.7327217767405
13	438701	1760	0.8702218193072
13	444099	1780	0.47748728987838
13	449448	1800	2.3864552569147
13	454294	1820	nan
13	458522	1840	0.93553004012497
13	462252	1860	2.2255036143627
13	465619	1880	nan
13	468524	1900	1.342124965702
13	471043	1920	nan
13	473108	1940	5.5270219237547
13	474651	1960	nan
13	475706	1980	1.6411478880917
13	476315	2000	nan
14	34404	240	14.425891422711
14	39667	260	0.88702417952915
14	44982	280	0.48942125534964
14	50386	300	0.3531868819705
14	55759	320	1.2294744106559
14	61161	340	1.6014963666707
14	66498	360	1.6797726211634
14	71744	380	1.7127947049387
14	77048	400	0.45277822011432
14	82306	420	2.7690767088902
14	87601	440	0.23657062586397
14	92960	460	6.3764934523618
14	98344	480	1.7174854977861
14	103680	500	1.5283034148826
14	109014	520	1.4591521567855
14	114396	540	0.36716857540102
14	119682	560	1.7894323404604
14	124947	580	2.0210050658021
14	130287	600	4.5678837557029
14	135484	620	4.817768404122
14	140832	640	14.651965340596
14	146065	660	2.6574768589666
14	151300	680	0.85272267819978
14	156546	700	7.3615795553365
14	161777	720	8.1983125795725
14	167045	740	1.2232005490253
14	172257	760	0.79328078539952
14	177515	780	0.86993061184105
14	182852	800	1.9374277867573
14	188311	820	1.9185993088847
14	193522	840	0.9317564189804
14	198892	860	5.6927576448941
14	204263	880	2.3595389189949
14	209691	900	5.2651452935451
14	215090	920	5.0841338328365
14	220508	940	3.1438156637018
14	225839	960	3.5415522308495
14	231211	980	2.8015886843236
14	236536	1000	4.5014071060067
14	241808	1020	1.6324559223278
14	247147	1040	8.5513897104498
14	252484	1060	2.6583836621738
14	257957	1080	nan
14	263301	1100	12.276359970281
14	268492	1120	3.0128296457421
14	273821	1140	3.3704589859219
14	279241	1160	18.029192174731
14	284589	1180	1.2111691592658
14	289863	1200	1.1672526601383
14	295167	1220	0.90416419598096
14	300405	1240	1.9178061622973
14	305616	1260	0.60475491794341
14	310955	1280	1.8148404489503
14	316383	1300	12.430271476979
14	321689	1320	3.233315472299
14	326972	1340	14.648242114239
14	332365	1360	4.8819624667052
14	337550	1380	5.835238751426
14	342831	1400	1.4238599328312
14	348142	1420	4.0283195834786
14	353628	1440	9.5766289632727
14	358851	1460	14.737284464409
14	364163	1480	0.7582110897879
14	369458	1500	0.66161116394298
14	374841	1520	8.9681124603227
14	380156	1540	1.3016131034845
14	385557	1560	8.7200612953106
14	390922	1580	5.0622650384731
14	396207	1600	6.8412687480794
14	401470	1620	4.9817720906007
14	406848	1640	4.3594892788281
14	412163	1660	4.5661205541604
14	417404	1680	1.5581325026419
14	422785	1700	2.8134283505856
14	428126	1720	5.7893476971994
14	433410	1740	3.0023247555909
14	438701	1760	0.75728601479833
14	444099	1780	0.2279941119954
14	449448	1800	5.6951686932556
14	454294	1820	nan
14	458522	1840	0.87521645597622
14	462252	1860	4.9528663375416
14	465619	1880	nan
14	468524	1900	1.8012994235606
14	471043	1920	nan
14	473108	1940	30.547971345665
14	474651	1960	nan
14	475706	1980	2.693366390588
14	476315	2000	nan
15	34404	240	137.71742371395
15	39667	260	178.67024124182
15	44982	280	269.66111870833
15	50386	300	179.52726390796
15	55759	320	222.50804626823
15	61161	340	270.21142613724
15	66498	360	311.17726740695
15	71744	380	179.37127930621
15	77048	400	135.98223982304
15	82306	420	223.22647545526
15	87601	440	222.36198142975
15	92960	460	316.73645788671
15	98344	480	178.89972662359
15	103680	500	267.99579573911
15	109014	520	314.86984380573
15	114396	540	179.22762428875
15	119682	560	269.30750422536
15	124947	580	178.61422364022
15	130287	600	359.87085335588
15	135484	620	268.32557850955
15	140832	640	272.13184151704
15	146065	660	315.17042971799
15	151300	680	88.427068801638
15	156546	700	313.69911582533
15	161777	720	224.96755870928
15	167045	740	451.0398610121
15	172257	760	445.9878210542
15	177515	780	310.72231946757
15	182852	800	224.19628375822
15	188311	820	223.79523849388
15	193522	840	267.59649269572
15	198892	860	271.67810969259
15	204263	880	312.65504452073
15	209691	900	225.3280575828
15	215090	920	182.18349520184
15	220508	940	223.99583868904
15	225839	960	358.6358827081
15	231211	980	223.8400686847
15	236536	1000	178.51638002809
15	241808	1020	224.41973992935
15	247147	1040	229.37304995366
15	252484	1060	223.80597795829
15	257957	1080	44.096561391019
15	263301	1100	92.21810019911
15	268492	1120	88.657275730392
15	273821	1140	223.68239366462
15	279241	1160	135.77763576391
15	284589	1180	224.3443151031
15	289863	1200	314.02819209512
15	295167	1220	133.68427294547
15	300405	1240	267.55187701782
15	305616	1260	267.89866347517
15	310955	1280	227.51175924892
15	316383	1300	181.73209315169
15	321689	1320	135.06562926378
15	326972	1340	224.96754771786
15	332365	1360	313.33020687161
15	337550	1380	180.68281625424
15	342831	1400	266.5078603652
15	348142	1420	223.3649183143
15	353628	1440	179.91613965179
15	358851	1460	181.35380119038
15	364163	1480	223.89237249098
15	369458	1500	134.23853562584
15	374841	1520	271.1267968059
15	380156	1540	179.32577770888
15	385557	1560	317.22824124825
15	390922	1580	135.16133677964
15	396207	1600	181.94645587324
15	401470	1620	270.01165797577
15	406848	1640	135.30737966214
15	412163	1660	449.46942883946
15	417404	1680	88.913204715885
15	422785	1700	270.78233824305
15	428126	1720	356.71043512042
15	433410	1740	222.79533536191
15	438701	1760	177.04059046398
15	444099	1780	177.75415827747
15	449448	1800	181.59632977453
15	454294	1820	89.480965992498
15	458522	1840	177.43260270283
15	462252	1860	179.08448113418
15	465619	1880	45.208169707476
15	468524	1900	136.53933006166
15	471043	1920	44.978940404474
15	473108	1940	183.22536059571
15	474651	1960	0
15	475706	1980	138.79487926717
15	476315	2000	0
16	34404	240	45.905807904649
16	39667	260	44.667560310454
16	44982	280	44.943519784722
16	50386	300	44.88181597699
16	55759	320	44.501609253647
16	61161	340	45.035237689539
16	66498	360	44.453895343849
16	71744	380	44.842819826553
16	77048	400	45.327413274346
16	82306	420	44.645295091053
16	87601	440	44.472396285951
16	92960	460	45.248065412387
16	98344	480	44.724931655898
16	103680	500	44.665965956518
16	109014	520	44.981406257962
16	114396	540	44.806906072188
16	119682	560	44.884584037559
16	124947	580	44.653555910054
16	130287	600	44.983856669486
16	135484	620	44.720929751592
16	140832	640	45.355306919507
16	146065	660	45.02434710257
16	151300	680	44.213534400819
16	156546	700	44.814159403619
16	161777	720	44.993511741856
16	167045	740	45.10398610121
16	172257	760	44.59878210542
16	177515	780	44.388902781082
16	182852	800	44.839256751644
16	188311	820	44.759047698775
16	193522	840	44.599415449286
16	198892	860	45.279684948765
16	204263	880	44.665006360104
16	209691	900	45.06561151656
16	215090	920	45.545873800461
16	220508	940	44.799167737808
16	225839	960	44.829485338513
16	231211	980	44.76801373694
16	236536	1000	44.629095007023
16	241808	1020	44.88394798587
16	247147	1040	45.874609990732
16	252484	1060	44.761195591658
16	257957	1080	44.096561391019
16	263301	1100	46.109050099555
16	268492	1120	44.328637865196
16	273821	1140	44.736478732923
16	279241	1160	45.259211921303
16	284589	1180	44.868863020621
16	289863	1200	44.861170299302
16	295167	1220	44.561424315157
16	300405	1240	44.591979502971
16	305616	1260	44.649777245862
16	310955	1280	45.502351849784
16	316383	1300	45.433023287922
16	321689	1320	45.02187642126
16	326972	1340	44.993509543573
16	332365	1360	44.761458124516
16	337550	1380	45.17070406356
16	342831	1400	44.417976727533
16	348142	1420	44.67298366286
16	353628	1440	44.979034912947
16	358851	1460	45.338450297595
16	364163	1480	44.778474498195
16	369458	1500	44.746178541947
16	374841	1520	45.187799467649
16	380156	1540	44.831444427219
16	385557	1560	45.318320178322
16	390922	1580	45.053778926547
16	396207	1600	45.486613968309
16	401470	1620	45.001942995962
16	406848	1640	45.102459887381
16	412163	1660	44.946942883946
16	417404	1680	44.456602357943
16	422785	1700	45.130389707176
16	428126	1720	44.588804390052
16	433410	1740	44.559067072381
16	438701	1760	44.260147615994
16	444099	1780	44.438539569367
16	449448	1800	45.399082443633
16	454294	1820	44.740482996249
16	458522	1840	44.358150675709
16	462252	1860	44.771120283545
16	465619	1880	45.208169707476
16	468524	1900	45.513110020554
16	471043	1920	44.978940404474
16	473108	1940	45.806340148927
16	474651	1960	nan
16	475706	1980	46.264959755724
16	476315	2000	nan
17	34404	240	2.6744284334302
17	39667	260	0.37149728956843
17	44982	280	0.71755547051444
17	50386	300	0.87709229237748
17	55759	320	0.23286909028526
17	61161	340	1.0726039587975
17	66498	360	0.46376410336225
17	71744	380	0.94804641812181
17	77048	400	0.39556217662361
17	82306	420	0.4192749934711
17	87601	440	0.27426631369371
17	92960	460	1.559054797797
17	98344	480	0.29370602776214
17	103680	500	0.59173336551719
17	109014	520	0.79575632841605
17	114396	540	0.57823152044714
17	119682	560	0.51450163095167
17	124947	580	0.36600919875334
17	130287	600	1.0933247410755
17	135484	620	0.49251272630905
17	140832	640	1.4680925109043
17	146065	660	1.3132359472526
17	151300	680	0.16683222477174
17	156546	700	0.80727536681314
17	161777	720	0.80661181615996
17	167045	740	1.1120567745067
17	172257	760	0.61156347763427
17	177515	780	0.4597012959529
17	182852	800	0.57402602826231
17	188311	820	0.46666248651047
17	193522	840	0.36738148071029
17	198892	860	1.4175241779846
17	204263	880	0.55976091335601
17	209691	900	0.67164538541489
17	215090	920	0.98366505698454
17	220508	940	0.24040136528948
17	225839	960	0.52326473162921
17	231211	980	0.44422723652679
17	236536	1000	0.75254732826429
17	241808	1020	0.56524299859184
17	247147	1040	1.8226062310618
17	252484	1060	0.63918354115442
17	257957	1080	nan
17	263301	1100	1.3154971466351
17	268492	1120	0.19788763494417
17	273821	1140	0.86050285120222
17	279241	1160	1.8183358051586
17	284589	1180	0.73134211073179
17	289863	1200	1.1623975374192
17	295167	1220	0.26296902607945
17	300405	1240	0.30568910317875
17	305616	1260	0.50395781062911
17	310955	1280	1.1555110815848
17	316383	1300	2.3080341901176
17	321689	1320	0.29103645678596
17	326972	1340	0.55369946737422
17	332365	1360	0.50637961488628
17	337550	1380	0.73377419686952
17	342831	1400	0.41088896010694
17	348142	1420	0.34312484279735
17	353628	1440	1.2423537759411
17	358851	1460	1.2960830667511
17	364163	1480	0.56477745504625
17	369458	1500	0.58681883104706
17	374841	1520	1.5765497670994
17	380156	1540	0.67094076027762
17	385557	1560	1.3253626527065
17	390922	1580	0.37338059793702
17	396207	1600	1.4686140136464
17	401470	1620	0.57067179821243
17	406848	1640	0.36642234901414
17	412163	1660	0.82222682457603
17	417404	1680	0.091554526709424
17	422785	1700	0.96079694461596
17	428126	1720	0.4041066369246
17	433410	1740	0.60976592051172
17	438701	1760	0.25746580454492
17	444099	1780	0.30038989764947
17	449448	1800	2.1454615421875
17	454294	1820	0.64061937730461
17	458522	1840	0.22984797629604
17	462252	1860	0.53396714633788
17	465619	1880	nan
17	468524	1900	0.37896284277447
17	471043	1920	nan
17	473108	1940	1.4250471751494
17	474651	1960	nan
17	475706	1980	0.54939501032066
17	476315	2000	nan
18	34404	240	7.1525674455402
18	39667	260	0.13801023615669
18	44982	280	0.51488585326521
18	50386	300	0.76929088934798
18	55759	320	0.054228013210284
18	61161	340	1.1504792524281
18	66498	360	0.21507714356739
18	71744	380	0.89879201091359
18	77048	400	0.15646943557521
18	82306	420	0.17579152015019
18	87601	440	0.075222010827137
18	92960	460	2.430651862534
18	98344	480	0.086263230743818
18	103680	500	0.3501483758663
18	109014	520	0.63322813421419
18	114396	540	0.33435169123861
18	119682	560	0.26471192825193
18	124947	580	0.13396273357206
18	130287	600	1.1953589894477
18	135484	620	0.24256878557637
18	140832	640	2.1552956205733
18	146065	660	1.7245886531565
18	151300	680	0.027832991222288
18	156546	700	0.6516935178633
18	161777	720	0.65062262196886
18	167045	740	1.2366702697262
18	172257	760	0.37400988717613
18	177515	780	0.21132528150078
18	182852	800	0.32950588112261
18	188311	820	0.21777387631613
18	193522	840	0.13496915236889
18	198892	860	2.009374795171
18	204263	880	0.31333228012115
18	209691	900	0.45110752374911
18	215090	920	0.9675969443324
18	220508	940	0.057792816433044
18	225839	960	0.27380597936698
18	231211	980	0.19733783767223
18	236536	1000	0.56632748127772
18	241808	1020	0.3194996474571
18	247147	1040	3.3218934735052
18	252484	1060	0.40855559928271
18	257957	1080	nan
18	263301	1100	1.730532742805
18	268492	1120	0.039159516063796
18	273821	1140	0.74046515692714
18	279241	1160	3.3063451003219
18	284589	1180	0.53486128292963
18	289863	1200	1.3511680349983
18	295167	1220	0.069152708677173
18	300405	1240	0.093445827802229
18	305616	1260	0.25397347489409
18	310955	1280	1.3352058596654
18	316383	1300	5.3270218227517
18	321689	1320	0.084702219178525
18	326972	1340	0.30658310017049
18	332365	1360	0.25642031437238
18	337550	1380	0.53842457199151
18	342831	1400	0.16882973753776
18	348142	1420	0.11773465774471
18	353628	1440	1.5434429045951
18	358851	1460	1.679831315919
18	364163	1480	0.31897357372852
18	369458	1500	0.34435634047144
18	374841	1520	2.4855091681413
18	380156	1540	0.45016150380191
18	385557	1560	1.7565861611891
18	390922	1580	0.1394130709158
18	396207	1600	2.1568271210786
18	401470	1620	0.32566630127501
18	406848	1640	0.13426533785704
18	412163	1660	0.67605695105238
18	417404	1680	0.0083822313609867
18	422785	1700	0.92313076878337
18	428126	1720	0.16330217400651
18	433410	1740	0.3718144778175
18	438701	1760	0.066288640509961
18	444099	1780	0.090234090609857
18	449448	1800	4.6030052290057
18	454294	1820	0.41039318657814
18	458522	1840	0.052830092207386
18	462252	1860	0.28512091336822
18	465619	1880	nan
18	468524	1900	0.14361283620371
18	471043	1920	nan
18	473108	1940	2.0307594514012
18	474651	1960	nan
18	475706	1980	0.30183487736524
18	476315	2000	nan
19	34404	240	1539.053191688
19	39667	260	1475.0993657341
19	44982	280	1532.5298231421
19	50386	300	1634.1627005012
19	55759	320	1537.8755940294
19	61161	340	1535.0947209262
19	66498	360	1495.3145278915
19	71744	380	1566.5037408773
19	77048	400	1387.5173057805
19	82306	420	1276.3711239166
19	87601	440	1457.8444283798
19	92960	460	1538.0314500737
19	98344	480	1651.6424713089
19	103680	500	1540.7099221407
19	109014	520	1526.595304747
19	114396	540	1636.0517524029
19	119682	560	1458.4394331337
19	124947	580	1501.4533162982
19	130287	600	1258.4773956152
19	135484	620	1502.6015082723
19	140832	640	1453.6205729992
19	146065	660	1462.6062688677
19	151300	680	1455.8009481971
19	156546	700	1345.7442946804
19	161777	720	1592.4176910061
19	167045	740	1386.479758749
19	172257	760	1338.0034482436
19	177515	780	1427.348890838
19	182852	800	1429.7294117759
19	188311	820	1574.2437794263
19	193522	840	1286.9515638788
19	198892	860	1365.0338649419
19	204263	880	1468.5715504927
19	209691	900	1519.393119699
19	215090	920	1438.695327817
19	220508	940	1588.870074109
19	225839	960	1419.5214569832
19	231211	980	1474.5175371508
19	236536	1000	1608.0718257472
19	241808	1020	1546.3016668017
19	247147	1040	1476.1446054898
19	252484	1060	1584.3461596453
19	257957	1080	1498.8286857063
19	263301	1100	1626.2444594768
19	268492	1120	1524.7103306946
19	273821	1140	1552.1446505667
19	279241	1160	1495.9659578257
19	284589	1180	1575.6328405051
19	289863	1200	1364.0100849129
19	295167	1220	1666.5835872397
19	300405	1240	1540.6868456591
19	305616	1260	1567.9963243102
19	310955	1280	1630.7143280783
19	316383	1300	1485.4881176579
19	321689	1320	1667.6103091568
19	326972	1340	1438.8470128369
19	332365	1360	1454.2426783548
19	337550	1380	1633.9361822408
19	342831	1400	1507.1145821067
19	348142	1420	1500.7886486927
19	353628	1440	1350.8669195787
19	358851	1460	1352.4726341248
19	364163	1480	1386.7009365729
19	369458	1500	1430.0010172771
19	374841	1520	1304.1756138318
19	380156	1540	1620.3058901919
19	385557	1560	1469.9882840038
19	390922	1580	1440.3518863575
19	396207	1600	1289.4300866999
19	401470	1620	1387.1993337208
19	406848	1640	1681.4324190843
19	412163	1660	1384.907057681
19	417404	1680	1683.3427473841
19	422785	1700	1552.4646048834
19	428126	1720	1448.3629626043
19	433410	1740	1413.0093468485
19	438701	1760	1693.6492604224
19	444099	1780	1643.5277469298
19	449448	1800	1587.8313645103
19	454294	1820	1474.1127823972
19	458522	1840	1264.7882835118
19	462252	1860	1165.223921822
19	465619	1880	1165.2517706981
19	468524	1900	929.58835054704
19	471043	1920	846.50339853286
19	473108	1940	574.16283257436
19	474651	1960	554.33461554153
19	475706	1980	375.2535772516
19	476315	2000	334.24599703594
20	34404	240	46.637975505698
20	39667	260	46.096855179191
20	44982	280	46.440297670972
20	50386	300	46.690362871464
20	55759	320	46.602290728165
20	61161	340	46.518021846249
20	66498	360	46.728578996609
20	71744	380	46.073639437569
20	77048	400	46.250576859349
20	82306	420	45.584682997023
20	87601	440	45.557638386868
20	92960	460	46.607013638596
20	98344	480	45.878957536359
20	103680	500	46.688179458809
20	109014	520	46.260463780211
20	114396	540	46.74433578294
20	119682	560	47.046433326892
20	124947	580	46.920416134318
20	130287	600	46.610273911673
20	135484	620	46.956297133509
20	140832	640	46.89098622578
20	146065	660	47.180847382829
20	151300	680	46.961320909585
20	156546	700	46.404975678634
20	161777	720	46.835814441355
20	167045	740	46.215991958299
20	172257	760	46.138049939433
20	177515	780	46.043512607679
20	182852	800	46.120303605675
20	188311	820	46.301287630185
20	193522	840	45.962555852813
20	198892	860	45.501128831398
20	204263	880	45.892860952896
20	209691	900	46.042215748453
20	215090	920	46.409526703775
20	220508	940	46.731472767911
20	225839	960	47.317381899439
20	231211	980	47.565081843573
20	236536	1000	47.296230169034
20	241808	1020	46.857626266719
20	247147	1040	47.617567919027
20	252484	1060	46.598416460157
20	257957	1080	46.838396428322
20	263301	1100	46.464127413622
20	268492	1120	46.203343354383
20	273821	1140	47.034686380808
20	279241	1160	46.748936182054
20	284589	1180	46.342142367798
20	289863	1200	47.034830514237
20	295167	1220	46.293988534436
20	300405	1240	46.687480171489
20	305616	1260	46.117538950299
20	310955	1280	46.591837945095
20	316383	1300	46.421503676811
20	321689	1320	46.322508587689
20	326972	1340	46.414419768932
20	332365	1360	46.911054140477
20	337550	1380	46.683890921167
20	342831	1400	47.097330690834
20	348142	1420	46.899645271645
20	353628	1440	46.581617916507
20	358851	1460	46.636987383613
20	364163	1480	46.223364552431
20	369458	1500	46.129065073455
20	374841	1520	46.577700493993
20	380156	1540	46.294454005483
20	385557	1560	47.418976903349
20	390922	1580	46.462964076047
20	396207	1600	46.051074524995
20	401470	1620	46.239977790694
20	406848	1640	46.706456085674
20	412163	1660	46.163568589368
20	417404	1680	46.75952076067
20	422785	1700	47.044381966163
20	428126	1720	46.721385890461
20	433410	1740	47.100311561616
20	438701	1760	47.045812789512
20	444099	1780	46.957935626565
20	449448	1800	46.700922485598
20	454294	1820	46.066024449911
20	458522	1840	46.844010500437
20	462252	1860	46.608956872879
20	465619	1880	46.610070827923
20	468524	1900	46.479417527352
20	471043	1920	47.027966585159
20	473108	1940	47.84690271453
20	474651	1960	46.194551295127
20	475706	1980	46.90669715645
20	476315	2000	47.749428147991
21	34404	240	2.3132289699144
21	39667	260	1.8385826747388
21	44982	280	1.8639242581588
21	50386	300	1.9765534563154
21	55759	320	1.6248098790461
21	61161	340	1.5839952932331
21	66498	360	1.6212589906504
21	71744	380	1.9384210636773
21	77048	400	1.9305943501452
21	82306	420	1.8166193252537
21	87601	440	1.8370509297427
21	92960	460	2.2685243961818
21	98344	480	1.9851399002762
21	103680	500	2.5786560326058
21	109014	520	2.3341140903292
21	114396	540	2.0491279612964
21	119682	560	2.5078429730176
21	124947	580	2.6746081954477
21	130287	600	2.7465737193027
21	135484	620	2.4061103664791
21	140832	640	2.8795519114718
21	146065	660	2.9367569654285
21	151300	680	2.9423459486713
21	156546	700	3.8635423341378
21	161777	720	3.3646217597475
21	167045	740	1.5323090995454
21	172257	760	1.9143069826841
21	177515	780	1.3650642438236
21	182852	800	1.4750821242765
21	188311	820	2.0451617552263
21	193522	840	1.9400354420689
21	198892	860	1.8158312512152
21	204263	880	1.6277362324555
21	209691	900	2.0777748677447
21	215090	920	2.9685832908321
21	220508	940	2.8180153809171
21	225839	960	3.20138912744
21	231211	980	3.4248873617061
21	236536	1000	3.4103285375412
21	241808	1020	3.1034238157077
21	247147	1040	3.4228023210073
21	252484	1060	3.1580316012104
21	257957	1080	2.4342785241366
21	263301	1100	2.8072471974867
21	268492	1120	2.6574386368942
21	273821	1140	3.0177988607467
21	279241	1160	3.0683833086736
21	284589	1180	2.6451246879944
21	289863	1200	2.8266167034029
21	295167	1220	2.6060977315019
21	300405	1240	2.5973738628783
21	305616	1260	2.6960606140005
21	310955	1280	2.7239882828788
21	316383	1300	2.6320376588011
21	321689	1320	2.3419729759422
21	326972	1340	2.9803703148018
21	332365	1360	2.882862823604
21	337550	1380	2.8293432517676
21	342831	1400	3.2184829163776
21	348142	1420	2.7000701937103
21	353628	1440	3.0711639352703
21	358851	1460	2.5353779534304
21	364163	1480	1.9862948696552
21	369458	1500	1.9972508931894
21	374841	1520	2.8667857638698
21	380156	1540	2.6994353551255
21	385557	1560	3.0317351067202
21	390922	1580	2.5917507973714
21	396207	1600	2.6105438647285
21	401470	1620	2.8880901827153
21	406848	1640	2.6967290207995
21	412163	1660	2.7257107402485
21	417404	1680	2.8050716476399
21	422785	1700	2.9376114236814
21	428126	1720	3.2288741574665
21	433410	1740	3.0151547586229
21	438701	1760	2.8710777443192
21	444099	1780	2.8478948719273
21	449448	1800	2.0053407653125
21	454294	1820	1.6054023960181
21	458522	1840	2.3722889807212
21	462252	1860	2.2712770234865
21	465619	1880	2.2317997710795
21	468524	1900	2.3903898716077
21	471043	1920	2.8323927722391
21	473108	1940	4.8723506273216
21	474651	1960	3.1838487258304
21	475706	1980	4.0775477550206
21	476315	2000	5.2959954305197
22	34404	240	5.3510282672511
22	39667	260	3.3803862518498
22	44982	280	3.474213640153
22	50386	300	3.9067635656724
22	55759	320	2.6400071430457
22	61161	340	2.5090410889846
22	66498	360	2.6284807147649
22	71744	380	3.7574762201079
22	77048	400	3.7271945448124
22	82306	420	3.3001057728853
22	87601	440	3.3747561184686
22	92960	460	5.1462029360721
22	98344	480	3.9407804236688
22	103680	500	6.649466934494
22	109014	520	5.4480885866733
22	114396	540	4.1989254017666
22	119682	560	6.2892763773138
22	124947	580	7.153528999156
22	130287	600	7.5436671955645
22	135484	620	5.789367095678
22	140832	640	8.2918192108609
22	146065	660	8.6245414739926
22	151300	680	8.6573996816625
22	156546	700	14.926959367675
22	161777	720	11.320679586166
22	167045	740	2.3479711765496
22	172257	760	3.6645712239532
22	177515	780	1.8634003897657
22	182852	800	2.1758672733601
22	188311	820	4.1826866050402
22	193522	840	3.7637375164834
22	198892	860	3.2972431328896
22	204263	880	2.6495252424485
22	209691	900	4.3171484010314
22	215090	920	8.8124867546074
22	220508	940	7.9412106870854
22	225839	960	10.248892345291
22	231211	980	11.729853440374
22	236536	1000	11.630340733968
22	241808	1020	9.631239379902
22	247147	1040	11.715575728693
22	252484	1060	9.9731635942438
22	257957	1080	5.9257119330726
22	263301	1100	7.8806368277971
22	268492	1120	7.061980108858
22	273821	1140	9.1071099639239
22	279241	1160	9.4149761289469
22	284589	1180	6.9966846150373
22	289863	1200	7.9897619879561
22	295167	1220	6.7917453861392
22	300405	1240	6.7463509835636
22	305616	1260	7.2687428343649
22	310955	1280	7.4201121652608
22	316383	1300	6.9276222373472
22	321689	1320	5.4848374200436
22	326972	1340	8.8826072133517
22	332365	1360	8.3108980597178
22	337550	1380	8.0051832363229
22	342831	1400	10.358632283014
22	348142	1420	7.290379050963
22	353628	1440	9.4320479173047
22	358851	1460	6.4281413667409
22	364163	1480	3.9453673092185
22	369458	1500	3.989011130346
22	374841	1520	8.2184606159266
22	380156	1540	7.2869512365017
22	385557	1560	9.1914177573196
22	390922	1580	6.7171721956751
22	396207	1600	6.8149392696717
22	401470	1620	8.3410649034963
22	406848	1640	7.2723474116225
22	412163	1660	7.429499039506
22	417404	1680	7.868426948393
22	422785	1700	8.6295608765437
22	428126	1720	10.425628324755
22	433410	1740	9.0911582184461
22	438701	1760	8.2430874139251
22	444099	1780	8.1105052015498
22	449448	1800	4.021391585024
22	454294	1820	2.5773168531406
22	458522	1840	5.6277550080511
22	462252	1860	5.1586993174178
22	465619	1880	4.9809302181903
22	468524	1900	5.7139637382845
22	471043	1920	8.0224488162325
22	473108	1940	23.739800635561
22	474651	1960	10.136892708972
22	475706	1980	16.626395694474
22	476315	2000	28.047567600085
23	34404	240	1613.6732648814
23	39667	260	1565.3577660638
23	44982	280	1569.6377318631
23	50386	300	1609.1770237387
23	55759	320	1564.174429692
23	61161	340	1567.6727575578
23	66498	360	1435.9093489249
23	71744	380	1612.0213663531
23	77048	400	1658.5878464891
23	82306	420	1518.5124277432
23	87601	440	1566.471507508
23	92960	460	1480.5789208192
23	98344	480	1658.0372608212
23	103680	500	1528.8176273169
23	109014	520	1484.6650913106
23	114396	540	1613.4736317166
23	119682	560	1575.3350782111
23	124947	580	1615.3293442747
23	130287	600	1477.8383533781
23	135484	620	1527.1524606152
23	140832	640	1524.830765707
23	146065	660	1432.4980697429
23	151300	680	1657.8709753541
23	156546	700	1430.8604585353
23	161777	720	1569.2706124634
23	167045	740	1339.828019461
23	172257	760	1296.2316865757
23	177515	780	1433.8350881939
23	182852	800	1610.7518526742
23	188311	820	1661.6435769166
23	193522	840	1520.6554878444
23	198892	860	1527.3326016856
23	204263	880	1475.5092962804
23	209691	900	1568.4161815157
23	215090	920	1612.0450387936
23	220508	940	1566.5250737185
23	225839	960	1431.2638883993
23	231211	980	1574.9738437404
23	236536	1000	1569.5856209389
23	241808	1020	1566.0609824678
23	247147	1040	1623.2824540123
23	252484	1060	1573.4370964112
23	257957	1080	1747.68881825
23	263301	1100	1655.883728381
23	268492	1120	1703.1225809291
23	273821	1140	1627.5906385901
23	279241	1160	1661.0913783382
23	284589	1180	1572.3907101314
23	289863	1200	1488.0721688972
23	295167	1220	1658.503809387
23	300405	1240	1529.6374512478
23	305616	1260	1526.3004434042
23	310955	1280	1664.8949584698
23	316383	1300	1661.6711060839
23	321689	1320	1658.9714135085
23	326972	1340	1571.1430341859
23	332365	1360	1487.5044794951
23	337550	1380	1615.4005214006
23	342831	1400	1529.3982930705
23	348142	1420	1568.8001142105
23	353628	1440	1660.291891287
23	358851	1460	1660.4300500707
23	364163	1480	1569.9431710569
23	369458	1500	1616.9968013195
23	374841	1520	1573.7078786548
23	380156	1540	1571.806643882
23	385557	1560	1529.4277529003
23	390922	1580	1704.696501615
23	396207	1600	1614.4759309009
23	401470	1620	1478.5712524618
23	406848	1640	1705.5510129286
23	412163	1660	1392.341776142
23	417404	1680	1706.6861613216
23	422785	1700	1522.4960266869
23	428126	1720	1437.442240075
23	433410	1740	1567.3686289225
23	438701	1760	1620.3100741409
23	444099	1780	1656.8825732432
23	449448	1800	1661.1827467618
23	454294	1820	1566.407981077
23	458522	1840	1347.3938092606
23	462252	1860	1165.0100253454
23	465619	1880	1169.8662330268
23	468524	1900	943.55771513558
23	471043	1920	856.77935870317
23	473108	1940	589.17898312375
23	474651	1960	591.65127362423
23	475706	1980	370.55782403732
23	476315	2000	329.45040315591
24	34404	240	44.824257357817
24	39667	260	44.724507601824
24	44982	280	44.846792338945
24	50386	300	44.69936177052
24	55759	320	44.6906979912
24	61161	340	44.790650215937
24	66498	360	44.872167153902
24	71744	380	44.778371287587
24	77048	400	44.82669855376
24	82306	420	44.662130227743
24	87601	440	44.756328785944
24	92960	460	44.866027903612
24	98344	480	44.811817860032
24	103680	500	44.965224332849
24	109014	520	44.989851251837
24	114396	540	44.818711992129
24	119682	560	45.009573663175
24	124947	580	44.870259563185
24	130287	600	44.782980405398
24	135484	620	44.916248841623
24	140832	640	44.847963697265
24	146065	660	44.765564679467
24	151300	680	44.807323658218
24	156546	700	44.714389329229
24	161777	720	44.83630321324
24	167045	740	44.660933982034
24	172257	760	44.697644364681
24	177515	780	44.807346506059
24	182852	800	44.743107018727
24	188311	820	44.909285862611
24	193522	840	44.725161407188
24	198892	860	44.921547108399
24	204263	880	44.712402917588
24	209691	900	44.81189090045
24	215090	920	44.779028855379
24	220508	940	44.757859249101
24	225839	960	44.726996512477
24	231211	980	44.999252678296
24	236536	1000	44.845303455397
24	241808	1020	44.744599499079
24	247147	1040	45.09117927812
24	252484	1060	44.95534561175
24	257957	1080	44.812533801281
24	263301	1100	44.753614280568
24	268492	1120	44.819015287609
24	273821	1140	45.210851071946
24	279241	1160	44.894361576709
24	284589	1180	44.925448860896
24	289863	1200	45.093096027188
24	295167	1220	44.824427280729
24	300405	1240	44.989336801405
24	305616	1260	44.89118951189
24	310955	1280	44.997161039725
24	316383	1300	44.91002989416
24	321689	1320	44.837065229961
24	326972	1340	44.889800976741
24	332365	1360	45.075893318033
24	337550	1380	44.872236705572
24	342831	1400	44.982302737367
24	348142	1420	44.822860406014
24	353628	1440	44.872753818568
24	358851	1460	44.876487839749
24	364163	1480	44.855519173053
24	369458	1500	44.91657781443
24	374841	1520	44.963082247279
24	380156	1540	44.90876125377
24	385557	1560	44.98316920295
24	390922	1580	44.860434253025
24	396207	1600	44.846553636136
24	401470	1620	44.805189468539
24	406848	1640	44.882921392857
24	412163	1660	44.91425084329
24	417404	1680	44.912793718988
24	422785	1700	44.779294902557
24	428126	1720	44.920070002343
24	433410	1740	44.781960826357
24	438701	1760	45.00861317058
24	444099	1780	44.780610087653
24	449448	1800	44.896830993563
24	454294	1820	44.754513745058
24	458522	1840	44.913126975353
24	462252	1860	44.8080778979
24	465619	1880	44.994855116416
24	468524	1900	44.931319768361
24	471043	1920	45.093650458061
24	473108	1940	45.321460240289
24	474651	1960	45.511636432633
24	475706	1980	46.319728004665
24	476315	2000	47.064343307987
25	34404	240	1.0912480787518
25	39667	260	0.66178358778576
25	44982	280	0.85708582452597
25	50386	300	0.86038198694077
25	55759	320	0.65228411359495
25	61161	340	0.70601094066711
25	66498	360	0.78512634671824
25	71744	380	0.89599579657126
25	77048	400	0.77234958374457
25	82306	420	0.6372804160317
25	87601	440	0.5317952099579
25	92960	460	0.67316569507131
25	98344	480	0.75527410284609
25	103680	500	0.91465608811135
25	109014	520	1.0811166651718
25	114396	540	0.65105879257438
25	119682	560	1.1221643413626
25	124947	580	0.76059142175059
25	130287	600	0.67074030259995
25	135484	620	0.67310036687723
25	140832	640	0.769654263368
25	146065	660	0.60613124787316
25	151300	680	0.74738412966794
25	156546	700	0.83377675588869
25	161777	720	0.90592715863081
25	167045	740	0.61325092784304
25	172257	760	0.71299771628124
25	177515	780	0.62018475398939
25	182852	800	0.6655674668043
25	188311	820	1.1483054496136
25	193522	840	0.67079079613254
25	198892	860	1.2120867559057
25	204263	880	0.50424171233877
25	209691	900	0.62981162780666
25	215090	920	0.68067615882832
25	220508	940	0.60542943946707
25	225839	960	0.7475223242761
25	231211	980	0.92620514520318
25	236536	1000	0.63074446945487
25	241808	1020	0.70691326463905
25	247147	1040	1.3497401904136
25	252484	1060	0.98627517093426
25	257957	1080	0.73398805403719
25	263301	1100	0.72778433903437
25	268492	1120	0.72290863147567
25	273821	1140	1.5273895082332
25	279241	1160	0.93254839611574
25	284589	1180	1.0546934928259
25	289863	1200	1.2286150117932
25	295167	1220	0.80078790931049
25	300405	1240	1.009248009552
25	305616	1260	0.76699544308137
25	310955	1280	1.0836559880707
25	316383	1300	0.72448471407472
25	321689	1320	0.68252727394879
25	326972	1340	0.8611477410322
25	332365	1360	1.0390373674914
25	337550	1380	0.75157787512698
25	342831	1400	0.96998967320129
25	348142	1420	0.67485474732461
25	353628	1440	0.77807231886707
25	358851	1460	0.82460920984898
25	364163	1480	0.77917546707984
25	369458	1500	0.96326586607358
25	374841	1520	0.93893999687813
25	380156	1540	0.87712075597385
25	385557	1560	1.2034570133256
25	390922	1580	0.90754576783906
25	396207	1600	0.76633287541395
25	401470	1620	0.87938527487651
25	406848	1640	0.74486949200391
25	412163	1660	0.92076920208678
25	417404	1680	0.88504662534093
25	422785	1700	0.66171981165387
25	428126	1720	0.94025824263596
25	433410	1740	0.62202538146831
25	438701	1760	1.0811093529818
25	444099	1780	0.68036168889273
25	449448	1800	0.86219273367461
25	454294	1820	0.75312480151483
25	458522	1840	0.8797864467481
25	462252	1860	0.63345911478632
25	465619	1880	0.97557226056793
25	468524	1900	0.77509544126735
25	471043	1920	0.74066439565605
25	473108	1940	1.1216157752311
25	474651	1960	0.58912952870745
25	475706	1980	0.78913528206675
25	476315	2000	1.0146966934109
26	34404	240	1.1908223693795
26	39667	260	0.4379575170626
26	44982	280	0.73459611060336
26	50386	300	0.74025716345214
26	55759	320	0.42547456484835
26	61161	340	0.49845144834165
26	66498	360	0.61642338031112
26	71744	380	0.80280846747336
26	77048	400	0.59652387951041
26	82306	420	0.40612632865754
26	87601	440	0.28280614533417
26	92960	460	0.45315205302084
26	98344	480	0.57043897042996
26	103680	500	0.83659575951916
26	109014	520	1.1688132437121
26	114396	540	0.42387755138841
26	119682	560	1.2592528090257
26	124947	580	0.57849931084058
26	130287	600	0.44989255353188
26	135484	620	0.45306410389027
26	140832	640	0.59236768512055
26	146065	660	0.36739508964827
26	151300	680	0.55858303727951
26	156546	700	0.69518367866027
26	161777	720	0.8207040167449
26	167045	740	0.37607670050035
26	172257	760	0.50836574342227
26	177515	780	0.38462912908088
26	182852	800	0.44298005286829
26	188311	820	1.3186054056123
26	193522	840	0.44996029217613
26	198892	860	1.4691543038421
26	204263	880	0.25425970446234
26	209691	900	0.39666268652047
26	215090	920	0.46332003319728
26	220508	940	0.36654480617342
26	225839	960	0.55878962529114
26	231211	980	0.85785597100084
26	236536	1000	0.3978385857479
26	241808	1020	0.49972636372263
26	247147	1040	1.8217985816177
26	252484	1060	0.9727387128014
26	257957	1080	0.5387384634693
26	263301	1100	0.5296700441437
26	268492	1120	0.52259688946203
26	273821	1140	2.3329187098608
26	279241	1160	0.86964651109805
26	284589	1180	1.1123783638094
26	289863	1200	1.5094948472035
26	295167	1220	0.64126127569787
26	300405	1240	1.0185815447848
26	305616	1260	0.58828200970759
26	310955	1280	1.1743103004815
26	316383	1300	0.52487810092793
26	321689	1320	0.46584347968397
26	326972	1340	0.74157543188486
26	332365	1360	1.0795986510435
26	337550	1380	0.56486930238039
26	342831	1400	0.94087996611714
26	348142	1420	0.45542892998656
26	353628	1440	0.60539653338718
26	358851	1460	0.67998034896775
26	364163	1480	0.60711440849909
26	369458	1500	0.92788112874249
26	374841	1520	0.8816083177375
26	380156	1540	0.76934082056014
26	385557	1560	1.4483087829226
26	390922	1580	0.82363932072258
26	396207	1600	0.58726607594021
26	401470	1620	0.77331846166963
26	406848	1640	0.55483056011817
26	412163	1660	0.84781592351153
26	417404	1680	0.78330752902738
26	422785	1700	0.43787310913524
26	428126	1720	0.88408556284487
26	433410	1740	0.3869155751908
26	438701	1760	1.1687974331047
26	444099	1780	0.46289202771297
26	449448	1800	0.74337631000131
26	454294	1820	0.56719696665675
26	458522	1840	0.77402419188165
26	462252	1860	0.40127045010587
26	465619	1880	0.95174123558961
26	468524	1900	0.60077294307342
26	471043	1920	0.54858374699253
26	473108	1940	1.2580219472472
26	474651	1960	0.34707360159506
26	475706	1980	0.62273449340258
26	476315	2000	1.0296093796191
