version 2
run statisticRVV-94-20150325-04:10:16-8240
attr c 4
attr configname statisticRVV
attr datetime 20150325-04:10:16
attr experiment statisticRVV
attr inifile omnetpp.ini
attr iterationvars "$sc=\"erlangen-low.launchd.xml\", $p=1/5, $c=4"
attr iterationvars2 "$sc=\"erlangen-low.launchd.xml\", $p=1/5, $c=4, $repetition=4"
attr measurement "$sc=\"erlangen-low.launchd.xml\", $p=1/5, $c=4"
attr network RSUExampleScenario
attr p 1/5
attr processid 8240
attr repetition 4
attr replication #4
attr resultdir results
attr runnumber 94
attr sc "\"erlangen-low.launchd.xml\""
attr seedset 94

vector 0  RSUExampleScenario.rsu[0].appl  Number_CH  ETV
vector 1  RSUExampleScenario.rsu[0].appl  Number_ON  ETV
vector 2  RSUExampleScenario.rsu[0].appl  Number_FN  ETV
vector 3  RSUExampleScenario.rsu[0].appl  Number_CH_Losts  ETV
vector 4  RSUExampleScenario.rsu[0].appl  Mean_Cluster_Size  ETV
vector 5  RSUExampleScenario.rsu[0].appl  StdDev_Cluster_Size  ETV
vector 6  RSUExampleScenario.rsu[0].appl  Variance_Cluster_Size  ETV
vector 7  RSUExampleScenario.rsu[0].appl  Mean_Neighbors  ETV
vector 8  RSUExampleScenario.rsu[0].appl  StdDev_Neighbors  ETV
vector 9  RSUExampleScenario.rsu[0].appl  Variance_Neighbors  ETV
vector 10  RSUExampleScenario.rsu[0].appl  Total_CH_Utility  ETV
vector 11  RSUExampleScenario.rsu[0].appl  Mean_CH_Utility  ETV
vector 12  RSUExampleScenario.rsu[0].appl  StdDev_CH_Utility  ETV
vector 13  RSUExampleScenario.rsu[0].appl  Variance_CH_Utility  ETV
vector 14  RSUExampleScenario.rsu[0].appl  Total_exp_CH_Utility  ETV
vector 15  RSUExampleScenario.rsu[0].appl  Mean_exp_CH_Utility  ETV
vector 16  RSUExampleScenario.rsu[0].appl  StdDev_exp_CH_Utility  ETV
vector 17  RSUExampleScenario.rsu[0].appl  Variance_exp_CH_Utility  ETV
vector 18  RSUExampleScenario.rsu[0].appl  Total_ON_Utility  ETV
vector 19  RSUExampleScenario.rsu[0].appl  Mean_ON_Utility  ETV
vector 20  RSUExampleScenario.rsu[0].appl  StdDev_ON_Utility  ETV
vector 21  RSUExampleScenario.rsu[0].appl  Variance_ON_Utility  ETV
vector 22  RSUExampleScenario.rsu[0].appl  Total_exp_ON_Utility  ETV
vector 23  RSUExampleScenario.rsu[0].appl  Mean_exp_ON_Utility  ETV
vector 24  RSUExampleScenario.rsu[0].appl  StdDev_exp_ON_Utility  ETV
vector 25  RSUExampleScenario.rsu[0].appl  Variance_exp_ON_Utility  ETV
0	34463	240	2
0	39848	260	8
0	45193	280	6
0	50514	300	8
0	55799	320	8
0	61130	340	5
0	66481	360	8
0	71720	380	4
0	76993	400	6
0	82308	420	6
0	87732	440	10
0	92986	460	5
0	98115	480	6
0	103417	500	6
0	108790	520	5
0	113938	540	6
0	119261	560	5
0	124606	580	8
0	129858	600	10
0	135112	620	5
0	140573	640	3
0	145907	660	7
0	151189	680	5
0	156618	700	3
0	161994	720	4
0	167337	740	5
0	172672	760	5
0	178108	780	11
0	183485	800	4
0	188804	820	7
0	194158	840	9
0	199493	860	4
0	204830	880	4
0	210067	900	6
0	215413	920	7
0	220717	940	5
0	225977	960	5
0	231323	980	6
0	236593	1000	5
0	241712	1020	7
0	246960	1040	7
0	252337	1060	4
0	257648	1080	6
0	262936	1100	9
0	268299	1120	5
0	273610	1140	2
0	278868	1160	6
0	284180	1180	3
0	289512	1200	10
0	294822	1220	2
0	300199	1240	3
0	305517	1260	5
0	310846	1280	7
0	316128	1300	7
0	321434	1320	7
0	326773	1340	6
0	332247	1360	6
0	337522	1380	5
0	342861	1400	7
0	348161	1420	9
0	353409	1440	6
0	358767	1460	7
0	364104	1480	5
0	369277	1500	6
0	374681	1520	7
0	380028	1540	5
0	385332	1560	6
0	390673	1580	3
0	395932	1600	7
0	401099	1620	5
0	406441	1640	6
0	411886	1660	7
0	417290	1680	6
0	422699	1700	5
0	428026	1720	7
0	433367	1740	6
0	438653	1760	6
0	444040	1780	4
0	449326	1800	7
0	454158	1820	6
0	458452	1840	3
0	462151	1860	4
0	465502	1880	4
0	468381	1900	2
0	470860	1920	5
0	472931	1940	3
0	474476	1960	0
0	475533	1980	0
0	476095	2000	1
1	34463	240	2
1	39848	260	9
1	45193	280	8
1	50514	300	8
1	55799	320	11
1	61130	340	6
1	66481	360	11
1	71720	380	7
1	76993	400	8
1	82308	420	6
1	87732	440	11
1	92986	460	7
1	98115	480	9
1	103417	500	8
1	108790	520	6
1	113938	540	9
1	119261	560	7
1	124606	580	9
1	129858	600	15
1	135112	620	7
1	140573	640	3
1	145907	660	9
1	151189	680	7
1	156618	700	5
1	161994	720	5
1	167337	740	9
1	172672	760	5
1	178108	780	14
1	183485	800	5
1	188804	820	11
1	194158	840	12
1	199493	860	5
1	204830	880	5
1	210067	900	8
1	215413	920	9
1	220717	940	8
1	225977	960	8
1	231323	980	8
1	236593	1000	7
1	241712	1020	7
1	246960	1040	11
1	252337	1060	5
1	257648	1080	8
1	262936	1100	13
1	268299	1120	7
1	273610	1140	3
1	278868	1160	8
1	284180	1180	4
1	289512	1200	13
1	294822	1220	3
1	300199	1240	4
1	305517	1260	7
1	310846	1280	9
1	316128	1300	11
1	321434	1320	8
1	326773	1340	9
1	332247	1360	7
1	337522	1380	7
1	342861	1400	9
1	348161	1420	13
1	353409	1440	8
1	358767	1460	8
1	364104	1480	6
1	369277	1500	8
1	374681	1520	8
1	380028	1540	7
1	385332	1560	9
1	390673	1580	4
1	395932	1600	9
1	401099	1620	5
1	406441	1640	7
1	411886	1660	11
1	417290	1680	7
1	422699	1700	6
1	428026	1720	10
1	433367	1740	8
1	438653	1760	9
1	444040	1780	5
1	449326	1800	9
1	454158	1820	7
1	458452	1840	4
1	462151	1860	6
1	465502	1880	7
1	468381	1900	2
1	470860	1920	6
1	472931	1940	3
1	474476	1960	0
1	475533	1980	0
1	476095	2000	2
2	34463	240	36
2	39848	260	24
2	45193	280	26
2	50514	300	25
2	55799	320	21
2	61130	340	29
2	66481	360	21
2	71720	380	28
2	76993	400	25
2	82308	420	29
2	87732	440	20
2	92986	460	27
2	98115	480	25
2	103417	500	26
2	108790	520	30
2	113938	540	25
2	119261	560	28
2	124606	580	23
2	129858	600	15
2	135112	620	28
2	140573	640	35
2	145907	660	25
2	151189	680	28
2	156618	700	33
2	161994	720	32
2	167337	740	27
2	172672	760	30
2	178108	780	15
2	183485	800	32
2	188804	820	21
2	194158	840	19
2	199493	860	31
2	204830	880	32
2	210067	900	26
2	215413	920	25
2	220717	940	28
2	225977	960	27
2	231323	980	26
2	236593	1000	28
2	241712	1020	26
2	246960	1040	22
2	252337	1060	32
2	257648	1080	27
2	262936	1100	19
2	268299	1120	28
2	273610	1140	35
2	278868	1160	27
2	284180	1180	33
2	289512	1200	17
2	294822	1220	36
2	300199	1240	34
2	305517	1260	28
2	310846	1280	26
2	316128	1300	23
2	321434	1320	26
2	326773	1340	26
2	332247	1360	27
2	337522	1380	29
2	342861	1400	24
2	348161	1420	17
2	353409	1440	25
2	358767	1460	25
2	364104	1480	30
2	369277	1500	27
2	374681	1520	26
2	380028	1540	29
2	385332	1560	26
2	390673	1580	33
2	395932	1600	24
2	401099	1620	30
2	406441	1640	28
2	411886	1660	23
2	417290	1680	27
2	422699	1700	30
2	428026	1720	24
2	433367	1740	25
2	438653	1760	25
2	444040	1780	32
2	449326	1800	25
2	454158	1820	25
2	458452	1840	26
2	462151	1860	20
2	465502	1880	16
2	468381	1900	20
2	470860	1920	10
2	472931	1940	12
2	474476	1960	14
2	475533	1980	10
2	476095	2000	5
3	34463	240	5
3	39848	260	2
3	45193	280	5
3	50514	300	5
3	55799	320	1
3	61130	340	2
3	66481	360	1
3	71720	380	0
3	76993	400	3
3	82308	420	1
3	87732	440	2
3	92986	460	1
3	98115	480	3
3	103417	500	3
3	108790	520	2
3	113938	540	2
3	119261	560	3
3	124606	580	7
3	129858	600	2
3	135112	620	1
3	140573	640	1
3	145907	660	1
3	151189	680	4
3	156618	700	9
3	161994	720	3
3	167337	740	2
3	172672	760	2
3	178108	780	4
3	183485	800	3
3	188804	820	5
3	194158	840	1
3	199493	860	0
3	204830	880	2
3	210067	900	1
3	215413	920	4
3	220717	940	4
3	225977	960	3
3	231323	980	3
3	236593	1000	4
3	241712	1020	2
3	246960	1040	5
3	252337	1060	5
3	257648	1080	2
3	262936	1100	4
3	268299	1120	3
3	273610	1140	3
3	278868	1160	3
3	284180	1180	2
3	289512	1200	3
3	294822	1220	4
3	300199	1240	4
3	305517	1260	3
3	310846	1280	3
3	316128	1300	4
3	321434	1320	3
3	326773	1340	1
3	332247	1360	4
3	337522	1380	3
3	342861	1400	3
3	348161	1420	0
3	353409	1440	2
3	358767	1460	2
3	364104	1480	2
3	369277	1500	2
3	374681	1520	4
3	380028	1540	3
3	385332	1560	2
3	390673	1580	2
3	395932	1600	3
3	401099	1620	1
3	406441	1640	0
3	411886	1660	1
3	417290	1680	1
3	422699	1700	2
3	428026	1720	0
3	433367	1740	2
3	438653	1760	2
3	444040	1780	3
3	449326	1800	3
3	454158	1820	3
3	458452	1840	0
3	462151	1860	3
3	465502	1880	0
3	468381	1900	0
3	470860	1920	1
3	472931	1940	0
3	474476	1960	0
3	475533	1980	2
3	476095	2000	0
4	34463	240	1
4	39848	260	1.125
4	45193	280	1.3333333333333
4	50514	300	1
4	55799	320	1.375
4	61130	340	1.2
4	66481	360	1.375
4	71720	380	1.75
4	76993	400	1.3333333333333
4	82308	420	1
4	87732	440	1.1
4	92986	460	1.4
4	98115	480	1.5
4	103417	500	1.3333333333333
4	108790	520	1.2
4	113938	540	1.5
4	119261	560	1.4
4	124606	580	1.125
4	129858	600	1.5
4	135112	620	1.4
4	140573	640	1
4	145907	660	1.2857142857143
4	151189	680	1.4
4	156618	700	1.6666666666667
4	161994	720	1.25
4	167337	740	1.8
4	172672	760	1
4	178108	780	1.2727272727273
4	183485	800	1.25
4	188804	820	1.5714285714286
4	194158	840	1.3333333333333
4	199493	860	1.25
4	204830	880	1.25
4	210067	900	1.3333333333333
4	215413	920	1.2857142857143
4	220717	940	1.6
4	225977	960	1.6
4	231323	980	1.3333333333333
4	236593	1000	1.4
4	241712	1020	1
4	246960	1040	1.5714285714286
4	252337	1060	1.25
4	257648	1080	1.3333333333333
4	262936	1100	1.4444444444444
4	268299	1120	1.4
4	273610	1140	1.5
4	278868	1160	1.3333333333333
4	284180	1180	1.3333333333333
4	289512	1200	1.3
4	294822	1220	1.5
4	300199	1240	1.3333333333333
4	305517	1260	1.4
4	310846	1280	1.2857142857143
4	316128	1300	1.5714285714286
4	321434	1320	1.1428571428571
4	326773	1340	1.5
4	332247	1360	1.1666666666667
4	337522	1380	1.4
4	342861	1400	1.2857142857143
4	348161	1420	1.4444444444444
4	353409	1440	1.3333333333333
4	358767	1460	1.1428571428571
4	364104	1480	1.2
4	369277	1500	1.3333333333333
4	374681	1520	1.1428571428571
4	380028	1540	1.4
4	385332	1560	1.5
4	390673	1580	1.3333333333333
4	395932	1600	1.2857142857143
4	401099	1620	1
4	406441	1640	1.1666666666667
4	411886	1660	1.5714285714286
4	417290	1680	1.1666666666667
4	422699	1700	1.2
4	428026	1720	1.4285714285714
4	433367	1740	1.3333333333333
4	438653	1760	1.5
4	444040	1780	1.25
4	449326	1800	1.2857142857143
4	454158	1820	1.1666666666667
4	458452	1840	1.3333333333333
4	462151	1860	1.5
4	465502	1880	1.75
4	468381	1900	1
4	470860	1920	1.2
4	472931	1940	1
4	474476	1960	nan
4	475533	1980	nan
4	476095	2000	2
5	34463	240	0
5	39848	260	0.35355339059327
5	45193	280	0.51639777949432
5	50514	300	0
5	55799	320	0.51754916950677
5	61130	340	0.44721359549996
5	66481	360	0.51754916950677
5	71720	380	0.5
5	76993	400	0.51639777949432
5	82308	420	0
5	87732	440	0.31622776601684
5	92986	460	0.54772255750517
5	98115	480	0.54772255750517
5	103417	500	0.51639777949432
5	108790	520	0.44721359549996
5	113938	540	0.54772255750517
5	119261	560	0.54772255750517
5	124606	580	0.35355339059327
5	129858	600	0.52704627669473
5	135112	620	0.54772255750517
5	140573	640	0
5	145907	660	0.48795003647427
5	151189	680	0.54772255750517
5	156618	700	0.57735026918963
5	161994	720	0.5
5	167337	740	0.44721359549996
5	172672	760	0
5	178108	780	0.46709936649691
5	183485	800	0.5
5	188804	820	0.53452248382485
5	194158	840	0.5
5	199493	860	0.5
5	204830	880	0.5
5	210067	900	0.51639777949432
5	215413	920	0.48795003647427
5	220717	940	0.54772255750517
5	225977	960	0.54772255750517
5	231323	980	0.51639777949432
5	236593	1000	0.54772255750517
5	241712	1020	0
5	246960	1040	0.53452248382485
5	252337	1060	0.5
5	257648	1080	0.51639777949432
5	262936	1100	0.52704627669473
5	268299	1120	0.54772255750517
5	273610	1140	0.70710678118655
5	278868	1160	0.51639777949432
5	284180	1180	0.57735026918963
5	289512	1200	0.48304589153965
5	294822	1220	0.70710678118655
5	300199	1240	0.57735026918963
5	305517	1260	0.54772255750517
5	310846	1280	0.48795003647427
5	316128	1300	0.53452248382485
5	321434	1320	0.37796447300923
5	326773	1340	0.54772255750517
5	332247	1360	0.40824829046386
5	337522	1380	0.54772255750517
5	342861	1400	0.48795003647427
5	348161	1420	0.52704627669473
5	353409	1440	0.51639777949432
5	358767	1460	0.37796447300923
5	364104	1480	0.44721359549996
5	369277	1500	0.51639777949432
5	374681	1520	0.37796447300923
5	380028	1540	0.54772255750517
5	385332	1560	0.54772255750517
5	390673	1580	0.57735026918963
5	395932	1600	0.48795003647427
5	401099	1620	0
5	406441	1640	0.40824829046386
5	411886	1660	0.53452248382485
5	417290	1680	0.40824829046386
5	422699	1700	0.44721359549996
5	428026	1720	0.53452248382485
5	433367	1740	0.51639777949432
5	438653	1760	0.54772255750517
5	444040	1780	0.5
5	449326	1800	0.48795003647427
5	454158	1820	0.40824829046386
5	458452	1840	0.57735026918963
5	462151	1860	0.57735026918963
5	465502	1880	0.5
5	468381	1900	0
5	470860	1920	0.44721359549996
5	472931	1940	0
5	474476	1960	nan
5	475533	1980	nan
5	476095	2000	nan
6	34463	240	0
6	39848	260	0.125
6	45193	280	0.26666666666667
6	50514	300	0
6	55799	320	0.26785714285714
6	61130	340	0.2
6	66481	360	0.26785714285714
6	71720	380	0.25
6	76993	400	0.26666666666667
6	82308	420	0
6	87732	440	0.1
6	92986	460	0.3
6	98115	480	0.3
6	103417	500	0.26666666666667
6	108790	520	0.2
6	113938	540	0.3
6	119261	560	0.3
6	124606	580	0.125
6	129858	600	0.27777777777778
6	135112	620	0.3
6	140573	640	0
6	145907	660	0.23809523809524
6	151189	680	0.3
6	156618	700	0.33333333333333
6	161994	720	0.25
6	167337	740	0.2
6	172672	760	0
6	178108	780	0.21818181818182
6	183485	800	0.25
6	188804	820	0.28571428571429
6	194158	840	0.25
6	199493	860	0.25
6	204830	880	0.25
6	210067	900	0.26666666666667
6	215413	920	0.23809523809524
6	220717	940	0.3
6	225977	960	0.3
6	231323	980	0.26666666666667
6	236593	1000	0.3
6	241712	1020	0
6	246960	1040	0.28571428571429
6	252337	1060	0.25
6	257648	1080	0.26666666666667
6	262936	1100	0.27777777777778
6	268299	1120	0.3
6	273610	1140	0.5
6	278868	1160	0.26666666666667
6	284180	1180	0.33333333333333
6	289512	1200	0.23333333333333
6	294822	1220	0.5
6	300199	1240	0.33333333333333
6	305517	1260	0.3
6	310846	1280	0.23809523809524
6	316128	1300	0.28571428571429
6	321434	1320	0.14285714285714
6	326773	1340	0.3
6	332247	1360	0.16666666666667
6	337522	1380	0.3
6	342861	1400	0.23809523809524
6	348161	1420	0.27777777777778
6	353409	1440	0.26666666666667
6	358767	1460	0.14285714285714
6	364104	1480	0.2
6	369277	1500	0.26666666666667
6	374681	1520	0.14285714285714
6	380028	1540	0.3
6	385332	1560	0.3
6	390673	1580	0.33333333333333
6	395932	1600	0.23809523809524
6	401099	1620	0
6	406441	1640	0.16666666666667
6	411886	1660	0.28571428571429
6	417290	1680	0.16666666666667
6	422699	1700	0.2
6	428026	1720	0.28571428571429
6	433367	1740	0.26666666666667
6	438653	1760	0.3
6	444040	1780	0.25
6	449326	1800	0.23809523809524
6	454158	1820	0.16666666666667
6	458452	1840	0.33333333333333
6	462151	1860	0.33333333333333
6	465502	1880	0.25
6	468381	1900	0
6	470860	1920	0.2
6	472931	1940	0
6	474476	1960	nan
6	475533	1980	nan
6	476095	2000	nan
7	34463	240	9.025641025641
7	39848	260	9.025
7	45193	280	8.975
7	50514	300	8.8536585365854
7	55799	320	8.9
7	61130	340	9.175
7	66481	360	8.975
7	71720	380	9.025641025641
7	76993	400	8.8717948717949
7	82308	420	8.8780487804878
7	87732	440	9.219512195122
7	92986	460	9
7	98115	480	8.95
7	103417	500	8.925
7	108790	520	9.1
7	113938	540	8.825
7	119261	560	9.2051282051282
7	124606	580	8.8
7	129858	600	9.2307692307692
7	135112	620	9
7	140573	640	9.35
7	145907	660	9.0731707317073
7	151189	680	9.075
7	156618	700	8.9512195121951
7	161994	720	9
7	167337	740	9
7	172672	760	9
7	178108	780	9.25
7	183485	800	9.05
7	188804	820	9.4210526315789
7	194158	840	9.2564102564103
7	199493	860	8.85
7	204830	880	8.9024390243902
7	210067	900	8.825
7	215413	920	9.0243902439024
7	220717	940	8.780487804878
7	225977	960	9.25
7	231323	980	9.025
7	236593	1000	9.3589743589744
7	241712	1020	8.825
7	246960	1040	8.9
7	252337	1060	8.8048780487805
7	257648	1080	8.8048780487805
7	262936	1100	9.0243902439024
7	268299	1120	8.95
7	273610	1140	9
7	278868	1160	8.7560975609756
7	284180	1180	9.075
7	289512	1200	9.1794871794872
7	294822	1220	9.05
7	300199	1240	9.125
7	305517	1260	9.025
7	310846	1280	8.6904761904762
7	316128	1300	8.780487804878
7	321434	1320	8.8048780487805
7	326773	1340	9.1951219512195
7	332247	1360	9.05
7	337522	1380	9.0243902439024
7	342861	1400	8.925
7	348161	1420	9.2631578947368
7	353409	1440	9.0769230769231
7	358767	1460	9.15
7	364104	1480	8.925
7	369277	1500	8.875
7	374681	1520	9.1025641025641
7	380028	1540	8.9268292682927
7	385332	1560	8.780487804878
7	390673	1580	8.95
7	395932	1600	9
7	401099	1620	8.825
7	406441	1640	8.7317073170732
7	411886	1660	9.075
7	417290	1680	9.175
7	422699	1700	8.8292682926829
7	428026	1720	8.8292682926829
7	433367	1740	9.1282051282051
7	438653	1760	9.075
7	444040	1780	8.8536585365854
7	449326	1800	8.8780487804878
7	454158	1820	8.7894736842105
7	458452	1840	8.3939393939394
7	462151	1860	8.4333333333333
7	465502	1880	8.2962962962963
7	468381	1900	8.125
7	470860	1920	8.0952380952381
7	472931	1940	7.8888888888889
7	474476	1960	7.6428571428571
7	475533	1980	6.4
7	476095	2000	5.5
8	34463	240	1.8706483464744
8	39848	260	1.7169964831289
8	45193	280	1.5768761719103
8	50514	300	1.5899838931536
8	55799	320	1.9454087962727
8	61130	340	1.852060529553
8	66481	360	2.2359246352145
8	71720	380	1.5974845273475
8	76993	400	1.5590058772295
8	82308	420	2.3151147050548
8	87732	440	1.4918477657246
8	92986	460	1.7320508075689
8	98115	480	1.5350603429215
8	103417	500	1.8451252476423
8	108790	520	2.1339742626953
8	113938	540	1.7958284996068
8	119261	560	1.592407762833
8	124606	580	1.5884196306634
8	129858	600	1.4227759830612
8	135112	620	1.7471781760735
8	140573	640	1.4060309658479
8	145907	660	1.8760362989884
8	151189	680	1.9133471812239
8	156618	700	1.6424253333439
8	161994	720	1.870828693387
8	167337	740	1.5
8	172672	760	1.320450583547
8	178108	780	1.7938641860377
8	183485	800	1.5182648665922
8	188804	820	1.3682021928057
8	194158	840	1.6970244658775
8	199493	860	1.9020906177017
8	204830	880	1.4799472633979
8	210067	900	1.5833670711655
8	215413	920	1.619996988856
8	220717	940	1.837283254182
8	225977	960	1.4978617237882
8	231323	980	1.440930966869
8	236593	1000	1.4416215191889
8	241712	1020	1.7814931795317
8	246960	1040	1.7945787306532
8	252337	1060	1.8332963780459
8	257648	1080	2.2385208530983
8	262936	1100	1.9298679343163
8	268299	1120	1.3387709633495
8	273610	1140	2.0647416048351
8	278868	1160	1.6549998157836
8	284180	1180	1.439150390388
8	289512	1200	1.6201331146057
8	294822	1220	1.484103804511
8	300199	1240	1.8562092609705
8	305517	1260	1.6715952767434
8	310846	1280	1.9316124344651
8	316128	1300	1.9938931155149
8	321434	1320	1.9393234928078
8	326773	1340	1.9521720236076
8	332247	1360	2.0872015370851
8	337522	1380	1.739077411705
8	342861	1400	1.9662211577098
8	348161	1420	1.408165579298
8	353409	1440	1.7378846092246
8	358767	1460	1.7327908421284
8	364104	1480	1.8998987827291
8	369277	1500	1.620185174602
8	374681	1520	1.7289313979095
8	380028	1540	1.7942999178292
8	385332	1560	1.9813151581961
8	390673	1580	1.8390354216413
8	395932	1600	1.8673991236957
8	401099	1620	1.7229595884958
8	406441	1640	1.5495868843647
8	411886	1660	1.7155024680684
8	417290	1680	1.9066348392538
8	422699	1700	1.6109382207954
8	428026	1720	2.2902231225842
8	433367	1740	1.6088486759414
8	438653	1760	1.6074745282506
8	444040	1780	1.7544368841562
8	449326	1800	1.503248514904
8	454158	1820	1.1427301290932
8	458452	1840	1.712808255822
8	462151	1860	1.590561239774
8	465502	1880	1.7934670937946
8	468381	1900	1.8953604681822
8	470860	1920	1.8948551898433
8	472931	1940	1.8751906221185
8	474476	1960	1.0082080720186
8	475533	1980	1.1737877907773
8	476095	2000	1.309307341416
9	34463	240	3.4993252361673
9	39848	260	2.9480769230769
9	45193	280	2.4865384615385
9	50514	300	2.5280487804878
9	55799	320	3.7846153846154
9	61130	340	3.4301282051282
9	66481	360	4.999358974359
9	71720	380	2.5519568151147
9	76993	400	2.4304993252362
9	82308	420	5.359756097561
9	87732	440	2.2256097560976
9	92986	460	3
9	98115	480	2.3564102564103
9	103417	500	3.4044871794872
9	108790	520	4.5538461538462
9	113938	540	3.225
9	119261	560	2.5357624831309
9	124606	580	2.5230769230769
9	129858	600	2.0242914979757
9	135112	620	3.0526315789474
9	140573	640	1.9769230769231
9	145907	660	3.519512195122
9	151189	680	3.6608974358974
9	156618	700	2.6975609756098
9	161994	720	3.5
9	167337	740	2.25
9	172672	760	1.7435897435897
9	178108	780	3.2179487179487
9	183485	800	2.3051282051282
9	188804	820	1.8719772403983
9	194158	840	2.8798920377868
9	199493	860	3.6179487179487
9	204830	880	2.190243902439
9	210067	900	2.5070512820513
9	215413	920	2.6243902439024
9	220717	940	3.3756097560976
9	225977	960	2.2435897435897
9	231323	980	2.0762820512821
9	236593	1000	2.0782726045884
9	241712	1020	3.1737179487179
9	246960	1040	3.2205128205128
9	252337	1060	3.3609756097561
9	257648	1080	5.0109756097561
9	262936	1100	3.7243902439024
9	268299	1120	1.7923076923077
9	273610	1140	4.2631578947368
9	278868	1160	2.7390243902439
9	284180	1180	2.0711538461538
9	289512	1200	2.6248313090418
9	294822	1220	2.2025641025641
9	300199	1240	3.4455128205128
9	305517	1260	2.7942307692308
9	310846	1280	3.7311265969803
9	316128	1300	3.9756097560976
9	321434	1320	3.7609756097561
9	326773	1340	3.8109756097561
9	332247	1360	4.3564102564103
9	337522	1380	3.0243902439024
9	342861	1400	3.8660256410256
9	348161	1420	1.9829302987198
9	353409	1440	3.0202429149798
9	358767	1460	3.0025641025641
9	364104	1480	3.6096153846154
9	369277	1500	2.625
9	374681	1520	2.9892037786775
9	380028	1540	3.219512195122
9	385332	1560	3.9256097560976
9	390673	1580	3.3820512820513
9	395932	1600	3.4871794871795
9	401099	1620	2.9685897435897
9	406441	1640	2.4012195121951
9	411886	1660	2.9429487179487
9	417290	1680	3.6352564102564
9	422699	1700	2.5951219512195
9	428026	1720	5.2451219512195
9	433367	1740	2.5883940620783
9	438653	1760	2.5839743589744
9	444040	1780	3.0780487804878
9	449326	1800	2.259756097561
9	454158	1820	1.3058321479374
9	458452	1840	2.9337121212121
9	462151	1860	2.5298850574713
9	465502	1880	3.2165242165242
9	468381	1900	3.5923913043478
9	470860	1920	3.5904761904762
9	472931	1940	3.516339869281
9	474476	1960	1.0164835164835
9	475533	1980	1.3777777777778
9	476095	2000	1.7142857142857
10	34463	240	96.69881541588
10	39848	260	385.52987112521
10	45193	280	286.43905348162
10	50514	300	363.47774740502
10	55799	320	378.35063515162
10	61130	340	244.46784132003
10	66481	360	378.88521538594
10	71720	380	190.67833914142
10	76993	400	283.14780048991
10	82308	420	278.25647036856
10	87732	440	487.63428960258
10	92986	460	241.60605919572
10	98115	480	281.75514728085
10	103417	500	281.73691926144
10	108790	520	232.89547117565
10	113938	540	281.88584656509
10	119261	560	240.82208623956
10	124606	580	375.223258389
10	129858	600	478.35101777183
10	135112	620	231.8069517373
10	140573	640	144.95213755806
10	145907	660	325.53463122521
10	151189	680	237.72233505894
10	156618	700	138.8659493311
10	161994	720	187.50165647052
10	167337	740	231.3321520147
10	172672	760	232.15078491442
10	178108	780	523.63708154022
10	183485	800	192.18113698967
10	188804	820	324.99919226949
10	194158	840	432.80022060382
10	199493	860	187.71105898566
10	204830	880	191.79269187401
10	210067	900	279.17401389723
10	215413	920	333.63770949676
10	220717	940	242.66676977525
10	225977	960	235.69024834535
10	231323	980	276.45940077639
10	236593	1000	240.05108188631
10	241712	1020	319.32688884224
10	246960	1040	333.05937530733
10	252337	1060	183.40429731141
10	257648	1080	287.42879457676
10	262936	1100	422.48223537609
10	268299	1120	235.99431581731
10	273610	1140	96.397009351013
10	278868	1160	281.09210099859
10	284180	1180	139.02052722588
10	289512	1200	459.51595663313
10	294822	1220	96.384724836116
10	300199	1240	137.13587535093
10	305517	1260	234.9503902398
10	310846	1280	336.09349402503
10	316128	1300	326.65021855084
10	321434	1320	334.17005344007
10	326773	1340	287.27980614732
10	332247	1360	288.91961439984
10	337522	1380	243.53358171889
10	342861	1400	324.71280441297
10	348161	1420	425.96113444534
10	353409	1440	286.95562784648
10	358767	1460	339.23404094986
10	364104	1480	238.97010287639
10	369277	1500	279.6256881287
10	374681	1520	325.97024327146
10	380028	1540	230.26097783288
10	385332	1560	275.49376645015
10	390673	1580	138.84246044916
10	395932	1600	329.0187860029
10	401099	1620	232.38058554018
10	406441	1640	284.1316766132
10	411886	1660	329.36558726048
10	417290	1680	274.86079542353
10	422699	1700	240.19155967621
10	428026	1720	340.54694545345
10	433367	1740	282.02555195737
10	438653	1760	284.09889174984
10	444040	1780	192.65346637824
10	449326	1800	329.43713685037
10	454158	1820	286.06129674833
10	458452	1840	140.54808009898
10	462151	1860	187.79801562036
10	465502	1880	194.69421175479
10	468381	1900	98.757465835793
10	470860	1920	241.29258326526
10	472931	1940	139.41760917982
10	474476	1960	0
10	475533	1980	0
10	476095	2000	46.393440195133
11	34463	240	48.34940770794
11	39848	260	48.191233890652
11	45193	280	47.739842246937
11	50514	300	45.434718425628
11	55799	320	47.293829393953
11	61130	340	48.893568264006
11	66481	360	47.360651923242
11	71720	380	47.669584785354
11	76993	400	47.191300081651
11	82308	420	46.37607839476
11	87732	440	48.763428960258
11	92986	460	48.321211839143
11	98115	480	46.959191213475
11	103417	500	46.95615321024
11	108790	520	46.579094235129
11	113938	540	46.980974427515
11	119261	560	48.164417247912
11	124606	580	46.902907298625
11	129858	600	47.835101777183
11	135112	620	46.361390347459
11	140573	640	48.317379186021
11	145907	660	46.504947317887
11	151189	680	47.544467011787
11	156618	700	46.288649777032
11	161994	720	46.87541411763
11	167337	740	46.26643040294
11	172672	760	46.430156982884
11	178108	780	47.603371049111
11	183485	800	48.045284247417
11	188804	820	46.428456038498
11	194158	840	48.088913400424
11	199493	860	46.927764746416
11	204830	880	47.948172968502
11	210067	900	46.529002316205
11	215413	920	47.662529928108
11	220717	940	48.533353955051
11	225977	960	47.138049669071
11	231323	980	46.076566796066
11	236593	1000	48.010216377262
11	241712	1020	45.618126977463
11	246960	1040	47.57991075819
11	252337	1060	45.851074327852
11	257648	1080	47.904799096127
11	262936	1100	46.942470597344
11	268299	1120	47.198863163461
11	273610	1140	48.198504675506
11	278868	1160	46.848683499765
11	284180	1180	46.340175741958
11	289512	1200	45.951595663313
11	294822	1220	48.192362418058
11	300199	1240	45.71195845031
11	305517	1260	46.99007804796
11	310846	1280	48.01335628929
11	316128	1300	46.664316935834
11	321434	1320	47.738579062867
11	326773	1340	47.87996769122
11	332247	1360	48.153269066639
11	337522	1380	48.706716343778
11	342861	1400	46.387543487567
11	348161	1420	47.329014938372
11	353409	1440	47.825937974414
11	358767	1460	48.46200584998
11	364104	1480	47.794020575277
11	369277	1500	46.604281354783
11	374681	1520	46.567177610208
11	380028	1540	46.052195566576
11	385332	1560	45.915627741691
11	390673	1580	46.28082014972
11	395932	1600	47.0026837147
11	401099	1620	46.476117108037
11	406441	1640	47.355279435533
11	411886	1660	47.052226751497
11	417290	1680	45.810132570588
11	422699	1700	48.038311935243
11	428026	1720	48.649563636207
11	433367	1740	47.004258659562
11	438653	1760	47.34981529164
11	444040	1780	48.16336659456
11	449326	1800	47.062448121482
11	454158	1820	47.676882791389
11	458452	1840	46.849360032992
11	462151	1860	46.94950390509
11	465502	1880	48.673552938699
11	468381	1900	49.378732917896
11	470860	1920	48.258516653051
11	472931	1940	46.472536393275
11	474476	1960	nan
11	475533	1980	nan
11	476095	2000	46.393440195133
12	34463	240	4.7193516930064
12	39848	260	2.3080717548169
12	45193	280	1.9228414133178
12	50514	300	2.2261376711514
12	55799	320	1.4073179592247
12	61130	340	3.1339856836618
12	66481	360	2.3828298927874
12	71720	380	1.9194353049966
12	76993	400	1.4501246789879
12	82308	420	0.60452187631201
12	87732	440	2.9869590120618
12	92986	460	2.8397968502008
12	98115	480	0.89674227325055
12	103417	500	1.7365347044657
12	108790	520	1.1189537716348
12	113938	540	0.91618828658211
12	119261	560	3.0391919119504
12	124606	580	1.3122378339378
12	129858	600	1.8261712697364
12	135112	620	1.116639318233
12	140573	640	1.0007722069039
12	145907	660	1.4882303148559
12	151189	680	1.3754661976167
12	156618	700	0.7551804336224
12	161994	720	2.0309772550056
12	167337	740	1.2468456562809
12	172672	760	2.1234489713158
12	178108	780	2.3550614278711
12	183485	800	3.0803279278348
12	188804	820	1.484685177249
12	194158	840	2.0799308015192
12	199493	860	1.9995653040573
12	204830	880	1.6626748910793
12	210067	900	2.0956278781935
12	215413	920	1.9887155093044
12	220717	940	1.7356034255626
12	225977	960	1.504788627696
12	231323	980	0.64542344959306
12	236593	1000	3.0203720550263
12	241712	1020	0.8167641519487
12	246960	1040	2.5167490302172
12	252337	1060	0.57744437254177
12	257648	1080	2.8442866084592
12	262936	1100	2.6067302879352
12	268299	1120	3.2917181111825
12	273610	1140	0.75051564665399
12	278868	1160	1.6607946674178
12	284180	1180	1.9325621972095
12	289512	1200	1.5614273757412
12	294822	1220	2.5545047039097
12	300199	1240	0.81647187673674
12	305517	1260	2.7384998162641
12	310846	1280	1.9608298137409
12	316128	1300	1.868300662572
12	321434	1320	2.7455878337733
12	326773	1340	2.1807686850729
12	332247	1360	3.3935121549493
12	337522	1380	3.5931620559679
12	342861	1400	2.0665892133738
12	348161	1420	2.9042831620606
12	353409	1440	3.8240143061873
12	358767	1460	2.880699651252
12	364104	1480	2.7544282187021
12	369277	1500	1.433847107721
12	374681	1520	1.5531161794252
12	380028	1540	1.7778985269104
12	385332	1560	0.84143652331464
12	390673	1580	2.5701492705457
12	395932	1600	2.1354150665771
12	401099	1620	2.0584511538164
12	406441	1640	3.4285170686041
12	411886	1660	1.4509727613699
12	417290	1680	2.9928966517298
12	422699	1700	2.5014277913656
12	428026	1720	2.437386918006
12	433367	1740	2.1055137008495
12	438653	1760	2.9660764015681
12	444040	1780	4.5201270956568
12	449326	1800	3.659816470644
12	454158	1820	1.6468605837188
12	458452	1840	2.3520161550149
12	462151	1860	1.9338391644041
12	465502	1880	2.2706082803033
12	468381	1900	0.72914145356917
12	470860	1920	2.0150996781889
12	472931	1940	0.76033118339483
12	474476	1960	nan
12	475533	1980	nan
12	476095	2000	nan
13	34463	240	22.272280402283
13	39848	260	5.3271952253834
13	45193	280	3.6973191007701
13	50514	300	4.9556889309196
13	55799	320	1.9805438383564
13	61130	340	9.8218662653974
13	66481	360	5.6778782979613
13	71720	380	3.6842318900672
13	76993	400	2.1028615846099
13	82308	420	0.36544669893979
13	87732	440	8.9219241397375
13	92986	460	8.0644461504103
13	98115	480	0.80414670463457
13	103417	500	3.0155527798137
13	108790	520	1.2520575430557
13	113938	540	0.83940097647026
13	119261	560	9.2366874776646
13	124606	580	1.7219681328178
13	129858	600	3.3349015064105
13	135112	620	1.2468833670238
13	140573	640	1.0015450101113
13	145907	660	2.214829470056
13	151189	680	1.891907260786
13	156618	700	0.57029748732612
13	161994	720	4.1248686103501
13	167337	740	1.5546240905867
13	172672	760	4.5090355337822
13	178108	780	5.546314329046
13	183485	800	9.4884201429993
13	188804	820	2.2042900755428
13	194158	840	4.3261121391082
13	199493	860	3.9982614051899
13	204830	880	2.7644877934256
13	210067	900	4.3916562038617
13	215413	920	3.9549893769477
13	220717	940	3.0123192508245
13	225977	960	2.2643888140431
13	231323	980	0.41657142928461
13	236593	1000	9.122647350784
13	241712	1020	0.66710367990847
13	246960	1040	6.3340256810992
13	252337	1060	0.33344200338016
13	257648	1080	8.0899663110606
13	262936	1100	6.7950427940388
13	268299	1120	10.835408123487
13	273610	1140	0.56327373587245
13	278868	1160	2.7582389273233
13	284180	1180	3.7347966460833
13	289512	1200	2.4380554497141
13	294822	1220	6.5254942822968
13	300199	1240	0.66662632550201
13	305517	1260	7.4993812436784
13	310846	1280	3.8448535584553
13	316128	1300	3.4905473657669
13	321434	1320	7.538252552964
13	326773	1340	4.7557520577945
13	332247	1360	11.515924745789
13	337522	1380	12.910813560447
13	342861	1400	4.2707909768331
13	348161	1420	8.4348606854287
13	353409	1440	14.623085413925
13	358767	1460	8.2984304807236
13	364104	1480	7.5868748119823
13	369277	1500	2.0559175283199
13	374681	1520	2.4121698667924
13	380028	1540	3.1609231719901
13	385332	1560	0.70801542276783
13	390673	1580	6.6056672728868
13	395932	1600	4.5599975065643
13	401099	1620	4.2372211526481
13	406441	1640	11.754729289709
13	411886	1660	2.1053219542374
13	417290	1680	8.9574303679356
13	422699	1700	6.2571409954162
13	428026	1720	5.9408549880668
13	433367	1740	4.4331879444651
13	438653	1760	8.7976092199393
13	444040	1780	20.431548960891
13	449326	1800	13.394256598797
13	454158	1820	2.7121497822065
13	458452	1840	5.5319799934509
13	462151	1860	3.7397339137833
13	465502	1880	5.1556619625819
13	468381	1900	0.53164725931296
13	470860	1920	4.0606267130369
13	472931	1940	0.57810350844258
13	474476	1960	nan
13	475533	1980	nan
13	476095	2000	nan
14	34463	240	310.64750680507
14	39848	260	453.61856547508
14	45193	280	495.61204475181
14	50514	300	590.63703575448
14	55799	320	406.41101420076
14	61130	340	317.45321594183
14	66481	360	404.81533926932
14	71720	380	181.50400142156
14	76993	400	404.50250205206
14	82308	420	313.1660322297
14	87732	440	544.64588658958
14	92986	460	271.23112506089
14	98115	480	403.96754534144
14	103417	500	403.70373266604
14	108790	520	310.25657011203
14	113938	540	357.96922895006
14	119261	560	317.63764839488
14	124606	580	669.54058530388
14	129858	600	540.14213475045
14	135112	620	267.8863584771
14	140573	640	135.23922855062
14	145907	660	359.19028888209
14	151189	680	402.12152274895
14	156618	700	536.10251699323
14	161994	720	315.03334632377
14	167337	740	312.09796123452
14	172672	760	312.77015947791
14	178108	780	672.14793312492
14	183485	800	314.02492732727
14	188804	820	490.52774577628
14	194158	840	448.25960033068
14	199493	860	177.99101304925
14	204830	880	266.73374895888
14	210067	900	311.97811925633
14	215413	920	490.94264768425
14	220717	940	407.23894659821
14	225977	960	359.24250315394
14	231323	980	401.34473267791
14	236593	1000	403.28829816517
14	241712	1020	401.53072525249
14	246960	1040	545.51188334505
14	252337	1060	407.9173695847
14	257648	1080	358.23172592458
14	262936	1100	580.7993786266
14	268299	1120	356.2486737142
14	273610	1140	223.75279539444
14	278868	1160	401.64629448883
14	284180	1180	226.33668504252
14	289512	1200	580.63703620343
14	294822	1220	226.96533117277
14	300199	1240	313.11866530554
14	305517	1260	360.39955958711
14	310846	1280	449.87695485627
14	316128	1300	494.34256463564
14	321434	1320	453.33815801475
14	326773	1340	315.78157272449
14	332247	1360	448.12447760882
14	337522	1380	358.16278170412
14	342861	1400	448.77433277083
14	348161	1420	402.04549748757
14	353409	1440	355.91633514129
14	358767	1460	404.01965764881
14	364104	1480	312.74894435658
14	369277	1500	357.40373347002
14	374681	1520	444.61764729229
14	380028	1540	355.6547173549
14	385332	1560	356.03085372235
14	390673	1580	227.37581460582
14	395932	1600	453.83807543213
14	401099	1620	268.72682284257
14	406441	1640	269.04215946387
14	411886	1660	357.38774606931
14	417290	1680	316.80699228804
14	422699	1700	312.79062281948
14	428026	1720	315.34306868833
14	433367	1740	356.58689853299
14	438653	1760	358.16967130907
14	444040	1780	314.52332447547
14	449326	1800	446.92956043463
14	454158	1820	402.31253236917
14	458452	1840	133.540172038
14	462151	1860	317.72965113419
14	465502	1880	180.99237378779
14	468381	1900	90.176083782517
14	470860	1920	271.87786548053
14	472931	1940	134.72677756138
14	474476	1960	0
14	475533	1980	91.712352290896
14	476095	2000	46.229575954813
15	34463	240	44.378215257868
15	39848	260	45.361856547508
15	45193	280	45.055640431983
15	50514	300	45.43361813496
15	55799	320	45.156779355639
15	61130	340	45.350459420261
15	66481	360	44.979482141036
15	71720	380	45.37600035539
15	76993	400	44.944722450229
15	82308	420	44.738004604242
15	87732	440	45.387157215798
15	92986	460	45.205187510149
15	98115	480	44.885282815716
15	103417	500	44.855970296227
15	108790	520	44.322367158862
15	113938	540	44.746153618758
15	119261	560	45.376806913554
15	124606	580	44.636039020259
15	129858	600	45.011844562538
15	135112	620	44.647726412851
15	140573	640	45.079742850206
15	145907	660	44.898786110261
15	151189	680	44.680169194327
15	156618	700	44.675209749436
15	161994	720	45.004763760539
15	167337	740	44.585423033502
15	172672	760	44.681451353986
15	178108	780	44.809862208328
15	183485	800	44.860703903895
15	188804	820	44.593431434207
15	194158	840	44.825960033068
15	199493	860	44.497753262312
15	204830	880	44.45562482648
15	210067	900	44.568302750905
15	215413	920	44.631149789477
15	220717	940	45.248771844245
15	225977	960	44.905312894242
15	231323	980	44.593859186434
15	236593	1000	44.809810907241
15	241712	1020	44.614525028055
15	246960	1040	45.459323612087
15	252337	1060	45.324152176078
15	257648	1080	44.778965740573
15	262936	1100	44.676875278969
15	268299	1120	44.531084214275
15	273610	1140	44.750559078887
15	278868	1160	44.627366054315
15	284180	1180	45.267337008504
15	289512	1200	44.664387400264
15	294822	1220	45.393066234555
15	300199	1240	44.731237900791
15	305517	1260	45.049944948388
15	310846	1280	44.987695485627
15	316128	1300	44.940233148695
15	321434	1320	45.333815801475
15	326773	1340	45.111653246356
15	332247	1360	44.812447760882
15	337522	1380	44.770347713015
15	342861	1400	44.877433277083
15	348161	1420	44.671721943064
15	353409	1440	44.489541892662
15	358767	1460	44.89107307209
15	364104	1480	44.678420622368
15	369277	1500	44.675466683753
15	374681	1520	44.461764729229
15	380028	1540	44.456839669363
15	385332	1560	44.503856715294
15	390673	1580	45.475162921163
15	395932	1600	45.383807543213
15	401099	1620	44.787803807095
15	406441	1640	44.840359910644
15	411886	1660	44.673468258664
15	417290	1680	45.258141755434
15	422699	1700	44.684374688497
15	428026	1720	45.049009812618
15	433367	1740	44.573362316624
15	438653	1760	44.771208913634
15	444040	1780	44.931903496495
15	449326	1800	44.692956043463
15	454158	1820	44.701392485464
15	458452	1840	44.513390679333
15	462151	1860	45.389950162028
15	465502	1880	45.248093446947
15	468381	1900	45.088041891259
15	470860	1920	45.312977580089
15	472931	1940	44.908925853794
15	474476	1960	nan
15	475533	1980	45.856176145448
15	476095	2000	46.229575954813
16	34463	240	0.417235044278
16	39848	260	1.2287251927171
16	45193	280	1.0963800819783
16	50514	300	1.3652313261732
16	55799	320	0.62626338676084
16	61130	340	0.79792389965524
16	66481	360	0.63631094271931
16	71720	380	1.4546123623866
16	76993	400	0.64489589649451
16	82308	420	0.71333063798437
16	87732	440	1.3378968800312
16	92986	460	1.6172158085818
16	98115	480	1.1398743503384
16	103417	500	0.48365210863081
16	108790	520	0.25072080171288
16	113938	540	0.65514955704079
16	119261	560	1.7221663558724
16	124606	580	0.56953518739017
16	129858	600	1.0743083978094
16	135112	620	0.29102058443197
16	140573	640	0.35334503822383
16	145907	660	1.1002082909339
16	151189	680	0.96109713454556
16	156618	700	0.4309360693983
16	161994	720	1.0850541363815
16	167337	740	0.40023632390241
16	172672	760	0.47592735696792
16	178108	780	0.69443275178662
16	183485	800	1.0453448251199
16	188804	820	0.45205361775884
16	194158	840	0.90813685800628
16	199493	860	0.23759782113974
16	204830	880	0.26845391089008
16	210067	900	0.40127795418003
16	215413	920	0.30809156160455
16	220717	940	0.71030468634832
16	225977	960	0.37003376391279
16	231323	980	0.43547665533032
16	236593	1000	0.66468571179842
16	241712	1020	0.31709805010952
16	246960	1040	1.301701995112
16	252337	1060	1.2546986406587
16	257648	1080	1.1861282462521
16	262936	1100	0.995233363378
16	268299	1120	0.51326636275007
16	273610	1140	0.70576744318106
16	278868	1160	0.31043409281544
16	284180	1180	1.0510997790598
16	289512	1200	0.43392828867268
16	294822	1220	0.65204851525098
16	300199	1240	0.51080616767606
16	305517	1260	1.0319306541335
16	310846	1280	0.94685525029073
16	316128	1300	0.89255585369321
16	321434	1320	0.82576583134587
16	326773	1340	0.72375594117123
16	332247	1360	1.0624967288197
16	337522	1380	0.71289741870378
16	342861	1400	1.1739736079476
16	348161	1420	0.56767156180072
16	353409	1440	0.47796917862213
16	358767	1460	1.0354597057227
16	364104	1480	0.60516594544746
16	369277	1500	0.54298062912993
16	374681	1520	0.47126502254996
16	380028	1540	0.52342467742103
16	385332	1560	0.45444970319456
16	390673	1580	1.2904716141747
16	395932	1600	1.3629378224385
16	401099	1620	0.86493402218814
16	406441	1640	0.66522795344765
16	411886	1660	0.48959955076898
16	417290	1680	1.3699059818091
16	422699	1700	0.52427252186071
16	428026	1720	1.1672842284237
16	433367	1740	0.46032975416045
16	438653	1760	0.64774862741525
16	444040	1780	0.60081926415205
16	449326	1800	0.64966535834156
16	454158	1820	0.32211476029528
16	458452	1840	0.50826113654379
16	462151	1860	1.0640579814622
16	465502	1880	0.98680547945471
16	468381	1900	0.35031417586995
16	470860	1920	0.90503823910241
16	472931	1940	0.33046949568406
16	474476	1960	nan
16	475533	1980	0.63969302032743
16	476095	2000	nan
17	34463	240	0.17408508217366
17	39848	260	1.5097655992176
17	45193	280	1.2020492841587
17	50514	300	1.8638565739645
17	55799	320	0.39220582959716
17	61130	340	0.63668254964102
17	66481	360	0.40489161582434
17	71720	380	2.1158971248078
17	76993	400	0.41589071731546
17	82308	420	0.50884059908719
17	87732	440	1.7899680615972
17	92986	460	2.615386971527
17	98115	480	1.2993135345593
17	103417	500	0.23391936218303
17	108790	520	0.062860920411551
17	113938	540	0.42922094209075
17	119261	560	2.9658569572989
17	124606	580	0.32437032967556
17	129858	600	1.1541385336037
17	135112	620	0.084692980563123
17	140573	640	0.1248527160374
17	145907	660	1.2104582834397
17	151189	680	0.92370770203169
17	156618	700	0.18570589590845
17	161994	720	1.1773424788785
17	167337	740	0.16018911497091
17	172672	760	0.22650684911047
17	178108	780	0.48223684675394
17	183485	800	1.092745803405
17	188804	820	0.20435247332886
17	194158	840	0.82471255286952
17	199493	860	0.05645272461035
17	204830	880	0.072067502272177
17	210067	900	0.16102399651091
17	215413	920	0.094920410331927
17	220717	940	0.50453274744839
17	225977	960	0.13692498643547
17	231323	980	0.18963991733768
17	236593	1000	0.44180709546897
17	241712	1020	0.10055117338326
17	246960	1040	1.6944280840784
17	252337	1060	1.5742686788708
17	257648	1080	1.4069002165572
17	262936	1100	0.99048944758069
17	268299	1120	0.26344235913069
17	273610	1140	0.49810768385433
17	278868	1160	0.096369325982147
17	284180	1180	1.1048107455395
17	289512	1200	0.1882937597104
17	294822	1220	0.425167266241
17	300199	1240	0.26092294093591
17	305517	1260	1.0648808749404
17	310846	1280	0.89653486500312
17	316128	1300	0.79665595196202
17	321434	1320	0.68188920821834
17	326773	1340	0.52382266238065
17	332247	1360	1.1288992987526
17	337522	1380	0.50822272959452
17	342861	1400	1.3782140321575
17	348161	1420	0.32225100207727
17	353409	1440	0.22845453571271
17	358767	1460	1.0721768021754
17	364104	1480	0.36622582152931
17	369277	1500	0.29482796361034
17	374681	1520	0.22209072147901
17	380028	1540	0.27397339293331
17	385332	1560	0.20652453273362
17	390673	1580	1.6653169869906
17	395932	1600	1.8575995078335
17	401099	1620	0.74811086273856
17	406441	1640	0.44252823004815
17	411886	1660	0.23970772011319
17	417290	1680	1.8766423989964
17	422699	1700	0.27486167717819
17	428026	1720	1.3625524699268
17	433367	1740	0.21190348256542
17	438653	1760	0.41957828431834
17	444040	1780	0.36098378817621
17	449326	1800	0.42206507782907
17	454158	1820	0.10375791880008
17	458452	1840	0.25832938292078
17	462151	1860	1.1322193879135
17	465502	1880	0.97378505428185
17	468381	1900	0.12272002181544
17	470860	1920	0.8190942142376
17	472931	1940	0.10921008757768
17	474476	1960	nan
17	475533	1980	0.40920716025563
17	476095	2000	nan
18	34463	240	757.05435783609
18	39848	260	935.41042122696
18	45193	280	801.97287721528
18	50514	300	794.30279865321
18	55799	320	1085.1986190285
18	61130	340	1133.7720021103
18	66481	360	843.42115823227
18	71720	380	1229.7674014138
18	76993	400	1108.0883402946
18	82308	420	1183.9876231496
18	87732	440	993.54345503517
18	92986	460	1097.6904685203
18	98115	480	984.73499811521
18	103417	500	1077.6045999424
18	108790	520	1128.3994317728
18	113938	540	1110.8525230298
18	119261	560	986.61126955585
18	124606	580	982.25553226211
18	129858	600	842.99822085706
18	135112	620	1172.7587959399
18	140573	640	982.06661087141
18	145907	660	1063.5809969271
18	151189	680	842.76801885344
18	156618	700	887.12100606123
18	161994	720	986.520073427
18	167337	740	987.37402033093
18	172672	760	974.49507542179
18	178108	780	801.67815201768
18	183485	800	985.9706034931
18	188804	820	807.88388303423
18	194158	840	896.34587525713
18	199493	860	1103.2684626283
18	204830	880	1007.3212919683
18	210067	900	944.99521190632
18	215413	920	760.82714405657
18	220717	940	850.21376678533
18	225977	960	960.17326886217
18	231323	980	899.46311239968
18	236593	1000	1091.8489496024
18	241712	1020	1102.3554306107
18	246960	1040	797.33477064485
18	252337	1060	1080.4583241495
18	257648	1080	953.98256374351
18	262936	1100	937.77185533051
18	268299	1120	998.01015246496
18	273610	1140	939.96836239391
18	278868	1160	1139.681640325
18	284180	1180	1019.5363028091
18	289512	1200	884.48966101518
18	294822	1220	1057.772798182
18	300199	1240	834.15640118808
18	305517	1260	834.12306566647
18	310846	1280	849.55522284368
18	316128	1300	711.20331862918
18	321434	1320	700.16284030933
18	326773	1340	908.27721968192
18	332247	1360	795.42150504497
18	337522	1380	1008.2921928257
18	342861	1400	888.54383359978
18	348161	1420	989.30619584403
18	353409	1440	1098.9328520664
18	358767	1460	1060.6643893305
18	364104	1480	1127.3053359682
18	369277	1500	1138.2563589315
18	374681	1520	1084.7429489338
18	380028	1540	1083.0268691977
18	385332	1560	1026.1825588765
18	390673	1580	926.52896658677
18	395932	1600	748.40432992285
18	401099	1620	883.65748958071
18	406441	1640	888.09723515865
18	411886	1660	986.19918206347
18	417290	1680	936.24029429268
18	422699	1700	994.21768247507
18	428026	1720	953.53887529357
18	433367	1740	948.58162067106
18	438653	1760	940.19326412295
18	444040	1780	841.94299364484
18	449326	1800	936.68872315176
18	454158	1820	947.78122890937
18	458452	1840	934.50235629716
18	462151	1860	703.1580003929
18	465502	1880	855.7405453694
18	468381	1900	807.7098403094
18	470860	1920	520.09373231455
18	472931	1940	621.68949158835
18	474476	1960	568.69171968896
18	475533	1980	337.25203303036
18	476095	2000	280.51837406757
19	34463	240	47.315897364756
19	39848	260	46.770521061348
19	45193	280	47.174875130311
19	50514	300	46.723694038424
19	55799	320	47.182548653415
19	61130	340	47.240500087931
19	66481	360	46.856731012904
19	71720	380	47.298746208222
19	76993	400	48.17775392585
19	82308	420	47.359504925986
19	87732	440	47.311593096913
19	92986	460	47.725672544359
19	98115	480	46.892142767391
19	103417	500	46.852373910539
19	108790	520	47.016642990534
19	113938	540	46.285521792909
19	119261	560	46.981489026469
19	124606	580	46.774072964863
19	129858	600	46.833234492059
19	135112	620	46.910351837594
19	140573	640	46.765076708162
19	145907	660	46.242652040311
19	151189	680	46.820445491858
19	156618	700	46.69057926638
19	161994	720	46.977146353667
19	167337	740	47.017810491949
19	172672	760	46.404527401038
19	178108	780	47.157538353981
19	183485	800	46.950981118719
19	188804	820	47.522581354955
19	194158	840	47.176098697744
19	199493	860	47.968194027315
19	204830	880	47.967680569918
19	210067	900	47.249760595316
19	215413	920	47.551696503536
19	220717	940	47.23409815474
19	225977	960	48.008663443109
19	231323	980	47.340163810509
19	236593	1000	47.471693460975
19	241712	1020	47.928496983074
19	246960	1040	46.90204533205
19	252337	1060	46.976448876067
19	257648	1080	47.699128187175
19	262936	1100	46.888592766526
19	268299	1120	47.524292974522
19	273610	1140	46.998418119695
19	278868	1160	47.486735013542
19	284180	1180	46.342559218597
19	289512	1200	46.552087421851
19	294822	1220	45.990121660085
19	300199	1240	46.342022288227
19	305517	1260	46.340170314804
19	310846	1280	47.197512380205
19	316128	1300	47.413554575279
19	321434	1320	46.677522687288
19	326773	1340	47.804064193785
19	332247	1360	46.789500296763
19	337522	1380	48.013913944079
19	342861	1400	46.765464926304
19	348161	1420	47.109818849715
19	353409	1440	47.779689220278
19	358767	1460	48.21201769684
19	364104	1480	46.971055665342
19	369277	1500	47.427348288811
19	374681	1520	47.162736910164
19	380028	1540	47.088124747728
19	385332	1560	46.644661767113
19	390673	1580	46.326448329338
19	395932	1600	46.775270620178
19	401099	1620	46.508288925301
19	406441	1640	46.741959745192
19	411886	1660	46.961865812546
19	417290	1680	46.812014714634
19	422699	1700	47.343699165479
19	428026	1720	47.676943764679
19	433367	1740	47.429081033553
19	438653	1760	47.009663206147
19	444040	1780	46.774610758047
19	449326	1800	46.834436157588
19	454158	1820	47.389061445468
19	458452	1840	46.725117814858
19	462151	1860	46.877200026194
19	465502	1880	47.541141409411
19	468381	1900	47.512343547612
19	470860	1920	47.281248392231
19	472931	1940	47.822268583719
19	474476	1960	47.390976640747
19	475533	1980	48.178861861481
19	476095	2000	46.753062344595
20	34463	240	3.0885959357166
20	39848	260	2.1392231450026
20	45193	280	2.6544342359946
20	50514	300	2.1839881884015
20	55799	320	2.1871610173992
20	61130	340	3.066851068872
20	66481	360	1.8261649600137
20	71720	380	2.9818820987221
20	76993	400	2.8885983589393
20	82308	420	2.2595269952868
20	87732	440	2.6627394791453
20	92986	460	2.2534892090749
20	98115	480	2.4014253360711
20	103417	500	1.7417921979773
20	108790	520	1.6872152403131
20	113938	540	1.9932632205996
20	119261	560	2.3966171046329
20	124606	580	1.5618747269699
20	129858	600	2.7077506994045
20	135112	620	1.5668137005359
20	140573	640	1.7184552100368
20	145907	660	1.6984998133302
20	151189	680	1.2619977633306
20	156618	700	1.8734867894749
20	161994	720	1.7244524911581
20	167337	740	1.9846825133929
20	172672	760	1.5410776481075
20	178108	780	2.2672504633536
20	183485	800	2.2904440458872
20	188804	820	2.2915620232843
20	194158	840	2.8981748688477
20	199493	860	3.2313173010975
20	204830	880	2.9631439159024
20	210067	900	3.1095850728875
20	215413	920	2.7678530088394
20	220717	940	2.9169024300135
20	225977	960	2.6576847885106
20	231323	980	3.1511939465733
20	236593	1000	2.3634045697739
20	241712	1020	3.3576963379228
20	246960	1040	3.034269764623
20	252337	1060	3.2385849404264
20	257648	1080	3.2160935618132
20	262936	1100	2.1464945758122
20	268299	1120	3.5538546058849
20	273610	1140	2.6400203516832
20	278868	1160	2.4710730928115
20	284180	1180	2.4064705122248
20	289512	1200	1.6676056539853
20	294822	1220	2.3317628344391
20	300199	1240	2.8369759292592
20	305517	1260	1.8773606673293
20	310846	1280	2.154038781744
20	316128	1300	2.0527406689779
20	321434	1320	2.8436812408807
20	326773	1340	2.6837092558377
20	332247	1360	2.9408977957779
20	337522	1380	2.624184992054
20	342861	1400	2.2720745208227
20	348161	1420	2.5256285365313
20	353409	1440	2.9214385107798
20	358767	1460	3.2224286180094
20	364104	1480	3.0195120276905
20	369277	1500	2.9559912259127
20	374681	1520	2.0901032919394
20	380028	1540	2.000793761959
20	385332	1560	1.8015183859189
20	390673	1580	1.8087580472993
20	395932	1600	1.8675369337123
20	401099	1620	1.5691772992293
20	406441	1640	2.1962866519245
20	411886	1660	2.9428493847292
20	417290	1680	1.9612011254229
20	422699	1700	2.6376279243608
20	428026	1720	2.5162625381507
20	433367	1740	3.2332520169612
20	438653	1760	2.0284638256694
20	444040	1780	2.9450720578987
20	449326	1800	2.4272669926198
20	454158	1820	3.3581662621132
20	458452	1840	2.1748220503363
20	462151	1860	2.533847903187
20	465502	1880	2.0504832668613
20	468381	1900	3.2860555605085
20	470860	1920	2.9793164693942
20	472931	1940	3.0496897505915
20	474476	1960	3.0150134737027
20	475533	1980	2.3592260030253
20	476095	2000	3.4161123356242
21	34463	240	9.5394248541252
21	39848	260	4.576275664115
21	45193	280	7.0460211132202
21	50514	300	4.7698044070771
21	55799	320	4.7836733160309
21	61130	340	9.4055754786412
21	66481	360	3.334878461182
21	71720	380	8.8916208506795
21	76993	400	8.344000479267
21	82308	420	5.1054622424298
21	87732	440	7.0901815337988
21	92986	460	5.078213615417
21	98115	480	5.766843644724
21	103417	500	3.0338400609348
21	108790	520	2.846695267145
21	113938	540	3.9730982665951
21	119261	560	5.7437735462192
21	124606	580	2.4394526627473
21	129858	600	7.3319138501257
21	135112	620	2.454905172187
21	140573	640	2.9530883089026
21	145907	660	2.8849016158827
21	151189	680	1.5926383546514
21	156618	700	3.5099527503371
21	161994	720	2.9737363942613
21	167337	740	3.9389646789675
21	172672	760	2.3749203174964
21	178108	780	5.1404246635771
21	183485	800	5.2461339273403
21	188804	820	5.2512565065587
21	194158	840	8.3994175704205
21	199493	860	10.441411500372
21	204830	880	8.7802218663494
21	210067	900	9.6695193255248
21	215413	920	7.6610102785412
21	220717	940	8.5083197862188
21	225977	960	7.0632884350808
21	231323	980	9.9300232889204
21	236593	1000	5.5856811604283
21	241712	1020	11.274124697701
21	246960	1040	9.2067930045052
21	252337	1060	10.488432416357
21	257648	1080	10.343257798336
21	262936	1100	4.6074389639912
21	268299	1120	12.629882559769
21	273610	1140	6.9697074573013
21	278868	1160	6.1062022300171
21	284180	1180	5.7911003262074
21	289512	1200	2.7809086172038
21	294822	1220	5.4371179160716
21	300199	1240	8.048432423196
21	305517	1260	3.524483075235
21	310846	1280	4.6398830732574
21	316128	1300	4.2137442540757
21	321434	1320	8.0865229997368
21	326773	1340	7.2022953698691
21	332247	1360	8.648879845211
21	337522	1380	6.8863468725212
21	342861	1400	5.1623226281716
21	348161	1420	6.3787995045413
21	353409	1440	8.534802972267
21	358767	1460	10.384046198166
21	364104	1480	9.1174528853673
21	369277	1500	8.7378841276727
21	374681	1520	4.368531770976
21	380028	1540	4.003175677894
21	385332	1560	3.245468494804
21	390673	1580	3.2716056736699
21	395932	1600	3.4876941987796
21	401099	1620	2.4623173964165
21	406441	1640	4.8236750574215
21	411886	1660	8.6603625012009
21	417290	1680	3.8463098543599
21	422699	1700	6.9570810673677
21	428026	1720	6.3315771609008
21	433367	1740	10.453918605184
21	438653	1760	4.1146654920492
21	444040	1780	8.6734494262156
21	449326	1800	5.8916250534615
21	454158	1820	11.277280643995
21	458452	1840	4.7298509506288
21	462151	1860	6.420385196485
21	465502	1880	4.2044816276783
21	468381	1900	10.798161146749
21	470860	1920	8.8763266248036
21	472931	1940	9.300607574863
21	474476	1960	9.0903062466086
21	475533	1980	5.5659473333509
21	476095	2000	11.669823489604
22	34463	240	1437.3901069409
22	39848	260	1344.0272529499
22	45193	280	1298.1849264731
22	50514	300	1251.1736130974
22	55799	320	1389.8903977959
22	61130	340	1477.7003503062
22	66481	360	1382.91186322
22	71720	380	1567.834062311
22	76993	400	1344.5917083447
22	82308	420	1522.2295284629
22	87732	440	1297.9446682354
22	92986	460	1477.3700271455
22	98115	480	1387.3199125911
22	103417	500	1392.4911447668
22	108790	520	1479.1411278787
22	113938	540	1431.943253355
22	119261	560	1435.6778108399
22	124606	580	1123.1727635471
22	129858	600	1210.1938133162
22	135112	620	1477.0403021879
22	140573	640	1655.9865226844
22	145907	660	1477.9906131349
22	151189	680	1386.513455223
22	156618	700	1302.6392509424
22	161994	720	1522.3360247565
22	167337	740	1527.3228155529
22	172672	760	1477.4995008881
22	178108	780	1117.0623134851
22	183485	800	1480.4919341493
22	188804	820	1210.115422772
22	194158	840	1298.6723910824
22	199493	860	1618.4948993337
22	204830	880	1580.7276738105
22	210067	900	1484.066798528
22	215413	920	1353.7805313233
22	220717	940	1433.0980812627
22	225977	960	1438.9225979247
22	231323	980	1393.579842032
22	236593	1000	1348.7342229089
22	241712	1020	1394.3784805887
22	246960	1040	1255.0518699492
22	252337	1060	1439.010240738
22	257648	1080	1483.533607078
22	262936	1100	1260.6656334236
22	268299	1120	1442.3119472036
22	273610	1140	1521.8954429799
22	278868	1160	1441.1526382659
22	284180	1180	1572.6961394237
22	289512	1200	1166.1319114212
22	294822	1220	1567.7976079005
22	300199	1240	1483.5086290772
22	305517	1260	1429.9582157115
22	310846	1280	1438.8045618913
22	316128	1300	1344.6999611386
22	321434	1320	1386.5628632631
22	326773	1340	1524.9693000323
22	332247	1360	1343.0774793676
22	337522	1380	1481.1176331342
22	342861	1400	1344.4674272
22	348161	1420	1301.788962112
22	353409	1440	1390.1398709122
22	358767	1460	1393.3134792849
22	364104	1480	1483.6355812834
22	369277	1500	1438.601283644
22	374681	1520	1305.6151246612
22	380028	1540	1487.4755263704
22	385332	1560	1482.8626764482
22	390673	1580	1572.0787040876
22	395932	1600	1343.4969298059
22	401099	1620	1529.2908130104
22	406441	1640	1574.7553959433
22	411886	1660	1438.6539489208
22	417290	1680	1478.8390509689
22	422699	1700	1534.1612646422
22	428026	1720	1527.7223861409
22	433367	1740	1394.3745589661
22	438653	1760	1433.9367549528
22	444040	1780	1526.5900617873
22	449326	1800	1394.3730438453
22	454158	1820	1302.4724522183
22	458452	1840	1351.0143972879
22	462151	1860	1033.3602382215
22	465502	1880	1034.4110953438
22	468381	1900	997.23189656734
22	470860	1920	679.07078086095
22	472931	1940	690.15913607666
22	474476	1960	640.00778026531
22	475533	1980	369.55624221614
22	476095	2000	329.41354091833
23	34463	240	44.918440841903
23	39848	260	44.800908431662
23	45193	280	44.764997464591
23	50514	300	44.684771896335
23	55799	320	44.835174122448
23	61130	340	44.778798494127
23	66481	360	44.610060103872
23	71720	380	44.795258923173
23	76993	400	44.819723611491
23	82308	420	44.771456719497
23	87732	440	44.756712697772
23	92986	460	44.768788701378
23	98115	480	44.752255244873
23	103417	500	44.919069186025
23	108790	520	44.822458420566
23	113938	540	44.748226667344
23	119261	560	44.864931588746
23	124606	580	44.926910541883
23	129858	600	44.821993085783
23	135112	620	44.758797035997
23	140573	640	44.756392504984
23	145907	660	44.787594337422
23	151189	680	44.726240491064
23	156618	700	44.918594860084
23	161994	720	44.774588963428
23	167337	740	44.921259280968
23	172672	760	44.772712148125
23	178108	780	44.682492539402
23	183485	800	44.863391943918
23	188804	820	44.819089732296
23	194158	840	44.78180658905
23	199493	860	44.95819164816
23	204830	880	45.163647823157
23	210067	900	44.971721167514
23	215413	920	45.126017710777
23	220717	940	44.78431503946
23	225977	960	44.966331185147
23	231323	980	44.954188452644
23	236593	1000	44.957807430298
23	241712	1020	44.979950986731
23	246960	1040	44.823281069614
23	252337	1060	44.969070023061
23	257648	1080	44.95556385085
23	262936	1100	45.023772622273
23	268299	1120	45.072248350114
23	273610	1140	44.76163067588
23	278868	1160	45.036019945809
23	284180	1180	44.934175412106
23	289512	1200	44.851227362354
23	294822	1220	44.794217368585
23	300199	1240	44.954806941733
23	305517	1260	44.686194240985
23	310846	1280	44.962642559102
23	316128	1300	44.823332037953
23	321434	1320	44.727834298811
23	326773	1340	44.852038236243
23	332247	1360	44.769249312252
23	337522	1380	44.882352519219
23	342861	1400	44.815580906668
23	348161	1420	44.889274555588
23	353409	1440	44.843221642329
23	358767	1460	44.945596105966
23	364104	1480	44.958653978286
23	369277	1500	44.956290113876
23	374681	1520	45.021211195213
23	380028	1540	45.075015950619
23	385332	1560	44.935232619641
23	390673	1580	44.916534402502
23	395932	1600	44.783230993531
23	401099	1620	44.97914155913
23	406441	1640	44.993011312667
23	411886	1660	44.957935903775
23	417290	1680	44.813304574816
23	422699	1700	45.122390136535
23	428026	1720	44.933011357085
23	433367	1740	44.979824482776
23	438653	1760	44.810523592276
23	444040	1780	44.899707699625
23	449326	1800	44.979775607913
23	454158	1820	44.91284317994
23	458452	1840	45.03381324293
23	462151	1860	44.92870600963
23	465502	1880	44.974395449729
23	468381	1900	45.328722571243
23	470860	1920	45.27138539073
23	472931	1940	46.010609071777
23	474476	1960	45.714841447522
23	475533	1980	46.194530277017
23	476095	2000	47.059077274048
24	34463	240	0.81658372151892
24	39848	260	0.64878794748714
24	45193	280	0.51222479224007
24	50514	300	0.57868715953164
24	55799	320	0.75318075678359
24	61130	340	0.7455272644247
24	66481	360	0.67627917279085
24	71720	380	0.78695188097715
24	76993	400	0.83092156151717
24	82308	420	0.74321954580453
24	87732	440	0.85170288068727
24	92986	460	0.83651065811895
24	98115	480	0.69405411227397
24	103417	500	0.89638061382966
24	108790	520	0.79229405987173
24	113938	540	0.65177402873726
24	119261	560	1.0309913651451
24	124606	580	0.94314638289994
24	129858	600	0.96448603066813
24	135112	620	0.70180531126649
24	140573	640	0.87138479648037
24	145907	660	0.84473226296347
24	151189	680	0.65844269272173
24	156618	700	0.91071059673787
24	161994	720	0.76274352781904
24	167337	740	0.99934476405045
24	172672	760	0.61971129066576
24	178108	780	0.5524514156803
24	183485	800	0.75257774161282
24	188804	820	0.61656939605962
24	194158	840	0.71620947423408
24	199493	860	0.97335057052641
24	204830	880	1.1294336130466
24	210067	900	0.82883154141396
24	215413	920	1.3591808548115
24	220717	940	0.67399164218796
24	225977	960	1.036743021938
24	231323	980	0.67689019703757
24	236593	1000	0.92622488760701
24	241712	1020	1.0247015613874
24	246960	1040	0.7992179754718
24	252337	1060	0.95948528102012
24	257648	1080	0.88717396181094
24	262936	1100	0.77448969950127
24	268299	1120	1.1063885526064
24	273610	1140	0.65628723617428
24	278868	1160	1.0238030559084
24	284180	1180	0.98836626687034
24	289512	1200	0.85055637525404
24	294822	1220	0.76666397730758
24	300199	1240	0.9572321147902
24	305517	1260	0.56126470537653
24	310846	1280	1.0930038417282
24	316128	1300	0.74438103878593
24	321434	1320	0.69016036828674
24	326773	1340	0.90040788098063
24	332247	1360	0.75931907374461
24	337522	1380	0.91108598156774
24	342861	1400	0.82844051286309
24	348161	1420	0.72933910160782
24	353409	1440	0.61368677479927
24	358767	1460	0.83497063901618
24	364104	1480	0.85692516716851
24	369277	1500	0.97631101325697
24	374681	1520	0.78405232363071
24	380028	1540	1.0490051522016
24	385332	1560	0.9015115143708
24	390673	1580	0.85898686806469
24	395932	1600	0.82035974468786
24	401099	1620	1.0155519542017
24	406441	1640	0.82227190038407
24	411886	1660	0.92091983445675
24	417290	1680	0.66592753635112
24	422699	1700	1.063164184177
24	428026	1720	0.98834985777194
24	433367	1740	0.93207828154825
24	438653	1760	0.62479539066652
24	444040	1780	0.93596915432645
24	449326	1800	0.86224914730568
24	454158	1820	0.93920402985052
24	458452	1840	0.79027545262827
24	462151	1860	0.83189887177721
24	465502	1880	0.82524207945323
24	468381	1900	1.1651885254794
24	470860	1920	0.72605957071244
24	472931	1940	1.5601460209728
24	474476	1960	0.70187673711135
24	475533	1980	0.81745047500445
24	476095	2000	0.52788839315437
25	34463	240	0.66680897424969
25	39848	260	0.42092580080458
25	45193	280	0.26237423778539
25	50514	300	0.3348788286068
25	55799	320	0.56728125238911
25	61130	340	0.55581090200057
25	66481	360	0.45735351955068
25	71720	380	0.61929326297348
25	76993	400	0.69043064139414
25	82308	420	0.5523752932659
25	87732	440	0.72539779697099
25	92986	460	0.69975008114659
25	98115	480	0.48171111076441
25	103417	500	0.80349820484963
25	108790	520	0.62772987730803
25	113938	540	0.4248093845364
25	119261	560	1.0629431950038
25	124606	580	0.88952509957725
25	129858	600	0.93023330335396
25	135112	620	0.49253069492186
25	140573	640	0.75931146353714
25	145907	660	0.71357259609139
25	151189	680	0.43354677959864
25	156618	700	0.82939379101064
25	161994	720	0.58177768922983
25	167337	740	0.99868995743505
25	172672	760	0.38404208377862
25	178108	780	0.30520256668717
25	183485	800	0.56637325717105
25	188804	820	0.38015782015732
25	194158	840	0.51295601098266
25	199493	860	0.94741133314409
25	204830	880	1.2756202862794
25	210067	900	0.68696172404264
25	215413	920	1.8473725960862
25	220717	940	0.45426473373922
25	225977	960	1.074836093537
25	231323	980	0.45818033884556
25	236593	1000	0.85789254242262
25	241712	1020	1.0500132899098
25	246960	1040	0.63874937231724
25	252337	1060	0.92061200449427
25	257648	1080	0.78707763851532
25	262936	1100	0.59983429463357
25	268299	1120	1.2240956293384
25	273610	1140	0.43071293636528
25	278868	1160	1.0481726972873
25	284180	1180	0.97686787748721
25	289512	1200	0.72344614748529
25	294822	1220	0.58777365410108
25	300199	1240	0.91629332158572
25	305517	1260	0.31501806950141
25	310846	1280	1.1946573980325
25	316128	1300	0.55410313090403
25	321434	1320	0.4763213339537
25	326773	1340	0.81073435213203
25	332247	1360	0.57656545575237
25	337522	1380	0.83007766580925
25	342861	1400	0.68631368335286
25	348161	1420	0.5319355251341
25	353409	1440	0.37661145756353
25	358767	1460	0.69717596801908
25	364104	1480	0.73432074212678
25	369277	1500	0.95318319460686
25	374681	1520	0.61473804619072
25	380028	1540	1.1004118093454
25	385332	1560	0.81272301054313
25	390673	1580	0.73785843950759
25	395932	1600	0.67299011070433
25	401099	1620	1.0313457716829
25	406441	1640	0.67613107816124
25	411886	1660	0.84809334149585
25	417290	1680	0.44345948367067
25	422699	1700	1.1303180825168
25	428026	1720	0.97683544135782
25	433367	1740	0.86876992293393
25	438653	1760	0.39036928019813
25	444040	1780	0.87603825785057
25	449326	1800	0.74347359202937
25	454158	1820	0.88210420968746
25	458452	1840	0.62453529102682
25	462151	1860	0.6920557328642
25	465502	1880	0.68102448970029
25	468381	1900	1.3576642999089
25	470860	1920	0.52716250022313
25	472931	1940	2.4340556067572
25	474476	1960	0.49263095409807
25	475533	1980	0.66822527908501
25	476095	2000	0.27866615562711
