version 2
run statisticRVV-186-20150327-13:45:21-14572
attr c 7
attr configname statisticRVV
attr datetime 20150327-13:45:21
attr experiment statisticRVV
attr inifile omnetpp.ini
attr iterationvars "$sc=\"erlangen-medium.launchd.xml\", $p=1/8, $c=7"
attr iterationvars2 "$sc=\"erlangen-medium.launchd.xml\", $p=1/8, $c=7, $repetition=6"
attr measurement "$sc=\"erlangen-medium.launchd.xml\", $p=1/8, $c=7"
attr network RSUExampleScenario
attr p 1/8
attr processid 14572
attr repetition 6
attr replication #6
attr resultdir results
attr runnumber 186
attr sc "\"erlangen-medium.launchd.xml\""
attr seedset 186

vector 0  RSUExampleScenario.rsu[0].appl  Number_CH  ETV
vector 1  RSUExampleScenario.rsu[0].appl  Number_ON  ETV
vector 2  RSUExampleScenario.rsu[0].appl  Number_FN  ETV
vector 3  RSUExampleScenario.rsu[0].appl  Number_CH_Losts  ETV
vector 4  RSUExampleScenario.rsu[0].appl  Number_CH_Losts  ETV
vector 5  RSUExampleScenario.rsu[0].appl  Mean_Cluster_Size  ETV
vector 6  RSUExampleScenario.rsu[0].appl  StdDev_Cluster_Size  ETV
vector 7  RSUExampleScenario.rsu[0].appl  Variance_Cluster_Size  ETV
vector 8  RSUExampleScenario.rsu[0].appl  Mean_Neighbors  ETV
vector 9  RSUExampleScenario.rsu[0].appl  StdDev_Neighbors  ETV
vector 10  RSUExampleScenario.rsu[0].appl  Variance_Neighbors  ETV
vector 11  RSUExampleScenario.rsu[0].appl  Total_CH_Utility  ETV
vector 12  RSUExampleScenario.rsu[0].appl  Mean_CH_Utility  ETV
vector 13  RSUExampleScenario.rsu[0].appl  StdDev_CH_Utility  ETV
vector 14  RSUExampleScenario.rsu[0].appl  Variance_CH_Utility  ETV
vector 15  RSUExampleScenario.rsu[0].appl  Total_exp_CH_Utility  ETV
vector 16  RSUExampleScenario.rsu[0].appl  Mean_exp_CH_Utility  ETV
vector 17  RSUExampleScenario.rsu[0].appl  StdDev_exp_CH_Utility  ETV
vector 18  RSUExampleScenario.rsu[0].appl  Variance_exp_CH_Utility  ETV
vector 19  RSUExampleScenario.rsu[0].appl  Total_ON_Utility  ETV
vector 20  RSUExampleScenario.rsu[0].appl  Mean_ON_Utility  ETV
vector 21  RSUExampleScenario.rsu[0].appl  StdDev_ON_Utility  ETV
vector 22  RSUExampleScenario.rsu[0].appl  Variance_ON_Utility  ETV
vector 23  RSUExampleScenario.rsu[0].appl  Total_exp_ON_Utility  ETV
vector 24  RSUExampleScenario.rsu[0].appl  Mean_exp_ON_Utility  ETV
vector 25  RSUExampleScenario.rsu[0].appl  StdDev_exp_ON_Utility  ETV
vector 26  RSUExampleScenario.rsu[0].appl  Variance_exp_ON_Utility  ETV
0	145622	240	6
0	171563	260	12
0	198645	280	7
0	226113	300	9
0	253347	320	11
0	280446	340	10
0	307846	360	7
0	335060	380	5
0	362369	400	10
0	389622	420	14
0	417278	440	12
0	445487	460	14
0	474058	480	11
0	503329	500	7
0	532983	520	10
0	563288	540	14
0	594378	560	9
0	625399	580	13
0	657457	600	13
0	690263	620	18
0	724118	640	18
0	758445	660	13
0	793768	680	11
0	830960	700	16
0	868757	720	16
0	907628	740	13
0	947840	760	12
0	989354	780	13
0	1031780	800	12
0	1075138	820	17
0	1119994	840	11
0	1166133	860	10
0	1213626	880	10
0	1261432	900	14
0	1310400	920	14
0	1360787	940	22
0	1412557	960	15
0	1465405	980	11
0	1519169	1000	20
0	1574442	1020	21
0	1631603	1040	16
0	1689882	1060	14
0	1749301	1080	13
0	1810063	1100	8
0	1872935	1120	16
0	1936821	1140	16
0	2003052	1160	18
0	2070371	1180	13
0	2139847	1200	13
0	2210900	1220	24
0	2284604	1240	26
0	2359593	1260	24
0	2436585	1280	15
0	2515858	1300	21
0	2597294	1320	21
0	2680427	1340	17
0	2765868	1360	19
0	2853611	1380	20
0	2941721	1400	15
0	3032862	1420	16
0	3125602	1440	17
0	3220123	1460	18
0	3316772	1480	21
0	3415577	1500	27
0	3517142	1520	23
0	3620667	1540	19
0	3727670	1560	11
0	3836261	1580	21
0	3946987	1600	18
0	4061211	1620	23
0	4177336	1640	18
0	4294758	1660	25
0	4414188	1680	21
0	4536677	1700	21
0	4662219	1720	22
0	4790290	1740	21
0	4919676	1760	24
0	5050929	1780	20
0	5184756	1800	21
0	5321797	1820	23
0	5460538	1840	27
0	5601963	1860	18
0	5745639	1880	28
0	5892510	1900	26
0	6041529	1920	21
0	6193350	1940	20
0	6347680	1960	19
0	6504338	1980	17
0	6663422	2000	16
1	145622	240	38
1	171563	260	58
1	198645	280	44
1	226113	300	53
1	253347	320	63
1	280446	340	56
1	307846	360	33
1	335060	380	33
1	362369	400	60
1	389622	420	58
1	417278	440	63
1	445487	460	67
1	474058	480	55
1	503329	500	37
1	532983	520	61
1	563288	540	61
1	594378	560	51
1	625399	580	72
1	657457	600	67
1	690263	620	72
1	724118	640	69
1	758445	660	64
1	793768	680	46
1	830960	700	86
1	868757	720	67
1	907628	740	81
1	947840	760	56
1	989354	780	72
1	1031780	800	61
1	1075138	820	83
1	1119994	840	55
1	1166133	860	53
1	1213626	880	60
1	1261432	900	77
1	1310400	920	79
1	1360787	940	93
1	1412557	960	85
1	1465405	980	57
1	1519169	1000	80
1	1574442	1020	94
1	1631603	1040	64
1	1689882	1060	74
1	1749301	1080	79
1	1810063	1100	50
1	1872935	1120	69
1	1936821	1140	80
1	2003052	1160	81
1	2070371	1180	70
1	2139847	1200	76
1	2210900	1220	106
1	2284604	1240	94
1	2359593	1260	95
1	2436585	1280	85
1	2515858	1300	96
1	2597294	1320	110
1	2680427	1340	90
1	2765868	1360	100
1	2853611	1380	118
1	2941721	1400	86
1	3032862	1420	96
1	3125602	1440	86
1	3220123	1460	94
1	3316772	1480	109
1	3415577	1500	110
1	3517142	1520	108
1	3620667	1540	95
1	3727670	1560	59
1	3836261	1580	115
1	3946987	1600	91
1	4061211	1620	106
1	4177336	1640	99
1	4294758	1660	103
1	4414188	1680	119
1	4536677	1700	97
1	4662219	1720	101
1	4790290	1740	96
1	4919676	1760	118
1	5050929	1780	82
1	5184756	1800	118
1	5321797	1820	110
1	5460538	1840	112
1	5601963	1860	99
1	5745639	1880	118
1	5892510	1900	142
1	6041529	1920	121
1	6193350	1940	112
1	6347680	1960	102
1	6504338	1980	103
1	6663422	2000	97
2	145622	240	35
2	171563	260	16
2	198645	280	41
2	226113	300	33
2	253347	320	19
2	280446	340	29
2	307846	360	54
2	335060	380	55
2	362369	400	22
2	389622	420	20
2	417278	440	20
2	445487	460	16
2	474058	480	33
2	503329	500	54
2	532983	520	29
2	563288	540	28
2	594378	560	42
2	625399	580	18
2	657457	600	25
2	690263	620	17
2	724118	640	20
2	758445	660	30
2	793768	680	54
2	830960	700	10
2	868757	720	29
2	907628	740	19
2	947840	760	49
2	989354	780	31
2	1031780	800	44
2	1075138	820	19
2	1119994	840	53
2	1166133	860	57
2	1213626	880	51
2	1261432	900	32
2	1310400	920	30
2	1360787	940	11
2	1412557	960	26
2	1465405	980	61
2	1519169	1000	29
2	1574442	1020	16
2	1631603	1040	51
2	1689882	1060	45
2	1749301	1080	42
2	1810063	1100	79
2	1872935	1120	53
2	1936821	1140	41
2	2003052	1160	41
2	2070371	1180	57
2	2139847	1200	51
2	2210900	1220	11
2	2284604	1240	25
2	2359593	1260	26
2	2436585	1280	47
2	2515858	1300	31
2	2597294	1320	18
2	2680427	1340	45
2	2765868	1360	33
2	2853611	1380	15
2	2941721	1400	52
2	3032862	1420	45
2	3125602	1440	53
2	3220123	1460	45
2	3316772	1480	28
2	3415577	1500	24
2	3517142	1520	30
2	3620667	1540	50
2	3727670	1560	95
2	3836261	1580	29
2	3946987	1600	57
2	4061211	1620	40
2	4177336	1640	53
2	4294758	1660	43
2	4414188	1680	31
2	4536677	1700	54
2	4662219	1720	50
2	4790290	1740	60
2	4919676	1760	36
2	5050929	1780	76
2	5184756	1800	38
2	5321797	1820	47
2	5460538	1840	42
2	5601963	1860	68
2	5745639	1880	37
2	5892510	1900	17
2	6041529	1920	44
2	6193350	1940	56
2	6347680	1960	69
2	6504338	1980	71
2	6663422	2000	77
3	145622	240	0
3	171563	260	1
3	198645	280	1
3	226113	300	0
3	253347	320	0
3	280446	340	0
3	307846	360	0
3	335060	380	0
3	362369	400	1
3	389622	420	2
3	417278	440	1
3	445487	460	1
3	474058	480	0
3	503329	500	0
3	532983	520	0
3	563288	540	2
3	594378	560	0
3	625399	580	1
3	657457	600	1
3	690263	620	0
3	724118	640	0
3	758445	660	0
3	793768	680	1
3	830960	700	0
3	868757	720	1
3	907628	740	0
3	947840	760	0
3	989354	780	1
3	1031780	800	2
3	1075138	820	1
3	1119994	840	0
3	1166133	860	0
3	1213626	880	0
3	1261432	900	0
3	1310400	920	1
3	1360787	940	0
3	1412557	960	0
3	1465405	980	0
3	1519169	1000	1
3	1574442	1020	0
3	1631603	1040	2
3	1689882	1060	0
3	1749301	1080	1
3	1810063	1100	0
3	1872935	1120	1
3	1936821	1140	0
3	2003052	1160	1
3	2070371	1180	0
3	2139847	1200	1
3	2210900	1220	2
3	2284604	1240	2
3	2359593	1260	3
3	2436585	1280	0
3	2515858	1300	0
3	2597294	1320	0
3	2680427	1340	1
3	2765868	1360	0
3	2853611	1380	0
3	2941721	1400	0
3	3032862	1420	1
3	3125602	1440	1
3	3220123	1460	0
3	3316772	1480	0
3	3415577	1500	1
3	3517142	1520	1
3	3620667	1540	1
3	3727670	1560	0
3	3836261	1580	1
3	3946987	1600	1
3	4061211	1620	2
3	4177336	1640	0
3	4294758	1660	2
3	4414188	1680	0
3	4536677	1700	1
3	4662219	1720	0
3	4790290	1740	1
3	4919676	1760	1
3	5050929	1780	1
3	5184756	1800	1
3	5321797	1820	2
3	5460538	1840	0
3	5601963	1860	0
3	5745639	1880	0
3	5892510	1900	0
3	6041529	1920	0
3	6193350	1940	1
3	6347680	1960	0
3	6504338	1980	0
3	6663422	2000	0
4	145622	240	35
4	171563	260	15
4	198645	280	40
4	226113	300	32
4	253347	320	19
4	280446	340	28
4	307846	360	54
4	335060	380	55
4	362369	400	21
4	389622	420	18
4	417278	440	19
4	445487	460	14
4	474058	480	32
4	503329	500	54
4	532983	520	29
4	563288	540	25
4	594378	560	42
4	625399	580	17
4	657457	600	24
4	690263	620	17
4	724118	640	20
4	758445	660	30
4	793768	680	53
4	830960	700	10
4	868757	720	28
4	907628	740	19
4	947840	760	48
4	989354	780	30
4	1031780	800	42
4	1075138	820	18
4	1119994	840	53
4	1166133	860	57
4	1213626	880	51
4	1261432	900	32
4	1310400	920	28
4	1360787	940	9
4	1412557	960	26
4	1465405	980	60
4	1519169	1000	28
4	1574442	1020	16
4	1631603	1040	49
4	1689882	1060	45
4	1749301	1080	41
4	1810063	1100	79
4	1872935	1120	51
4	1936821	1140	41
4	2003052	1160	40
4	2070371	1180	57
4	2139847	1200	50
4	2210900	1220	9
4	2284604	1240	23
4	2359593	1260	22
4	2436585	1280	47
4	2515858	1300	31
4	2597294	1320	18
4	2680427	1340	44
4	2765868	1360	33
4	2853611	1380	14
4	2941721	1400	52
4	3032862	1420	44
4	3125602	1440	52
4	3220123	1460	45
4	3316772	1480	28
4	3415577	1500	22
4	3517142	1520	29
4	3620667	1540	49
4	3727670	1560	95
4	3836261	1580	27
4	3946987	1600	56
4	4061211	1620	38
4	4177336	1640	53
4	4294758	1660	40
4	4414188	1680	31
4	4536677	1700	53
4	4662219	1720	49
4	4790290	1740	59
4	4919676	1760	35
4	5050929	1780	75
4	5184756	1800	36
4	5321797	1820	45
4	5460538	1840	42
4	5601963	1860	68
4	5745639	1880	37
4	5892510	1900	16
4	6041529	1920	44
4	6193350	1940	55
4	6347680	1960	69
4	6504338	1980	71
4	6663422	2000	77
5	145622	240	6.3333333333333
5	171563	260	4.8333333333333
5	198645	280	6.2857142857143
5	226113	300	5.8888888888889
5	253347	320	5.7272727272727
5	280446	340	5.6
5	307846	360	4.7142857142857
5	335060	380	6.6
5	362369	400	6
5	389622	420	4.1428571428571
5	417278	440	5.25
5	445487	460	4.7857142857143
5	474058	480	5
5	503329	500	5.2857142857143
5	532983	520	6.1
5	563288	540	4.3571428571429
5	594378	560	5.6666666666667
5	625399	580	5.5384615384615
5	657457	600	5.1538461538462
5	690263	620	4
5	724118	640	3.8333333333333
5	758445	660	4.9230769230769
5	793768	680	4.1818181818182
5	830960	700	5.375
5	868757	720	4.1875
5	907628	740	6.2307692307692
5	947840	760	4.6666666666667
5	989354	780	5.5384615384615
5	1031780	800	5.0833333333333
5	1075138	820	4.8823529411765
5	1119994	840	5
5	1166133	860	5.3
5	1213626	880	6
5	1261432	900	5.5
5	1310400	920	5.6428571428571
5	1360787	940	4.2272727272727
5	1412557	960	5.6666666666667
5	1465405	980	5.1818181818182
5	1519169	1000	4
5	1574442	1020	4.4761904761905
5	1631603	1040	4
5	1689882	1060	5.2857142857143
5	1749301	1080	6.0769230769231
5	1810063	1100	6.25
5	1872935	1120	4.3125
5	1936821	1140	5
5	2003052	1160	4.5
5	2070371	1180	5.3846153846154
5	2139847	1200	5.8461538461538
5	2210900	1220	4.4166666666667
5	2284604	1240	3.6153846153846
5	2359593	1260	3.9583333333333
5	2436585	1280	5.6666666666667
5	2515858	1300	4.5714285714286
5	2597294	1320	5.2380952380952
5	2680427	1340	5.2941176470588
5	2765868	1360	5.2631578947368
5	2853611	1380	5.9
5	2941721	1400	5.7333333333333
5	3032862	1420	6
5	3125602	1440	5.0588235294118
5	3220123	1460	5.2222222222222
5	3316772	1480	5.1904761904762
5	3415577	1500	4.0740740740741
5	3517142	1520	4.695652173913
5	3620667	1540	5
5	3727670	1560	5.3636363636364
5	3836261	1580	5.4761904761905
5	3946987	1600	5.0555555555556
5	4061211	1620	4.6086956521739
5	4177336	1640	5.5
5	4294758	1660	4.12
5	4414188	1680	5.6666666666667
5	4536677	1700	4.6190476190476
5	4662219	1720	4.5909090909091
5	4790290	1740	4.5714285714286
5	4919676	1760	4.9166666666667
5	5050929	1780	4.1
5	5184756	1800	5.6190476190476
5	5321797	1820	4.7826086956522
5	5460538	1840	4.1481481481481
5	5601963	1860	5.5
5	5745639	1880	4.2142857142857
5	5892510	1900	5.4615384615385
5	6041529	1920	5.7619047619048
5	6193350	1940	5.6
5	6347680	1960	5.3684210526316
5	6504338	1980	6.0588235294118
5	6663422	2000	6.0625
6	145622	240	0.51639777949432
6	171563	260	1.6966991126266
6	198645	280	0.75592894601845
6	226113	300	0.78173595997057
6	253347	320	1.7372915179042
6	280446	340	1.9550504398154
6	307846	360	1.7043362064927
6	335060	380	0.54772255750517
6	362369	400	1.1547005383793
6	389622	420	1.7913099142223
6	417278	440	1.815338686156
6	445487	460	1.9286731759892
6	474058	480	2.2360679774998
6	503329	500	2.1380899352994
6	532983	520	1.1972189997379
6	563288	540	1.3363062095621
6	594378	560	1.802775637732
6	625399	580	1.6132464481796
6	657457	600	1.5191090506255
6	690263	620	2.4253562503633
6	724118	640	1.7904977947323
6	758445	660	2.0191391920626
6	793768	680	2.600699206682
6	830960	700	1.3601470508735
6	868757	720	2.1045585443666
6	907628	740	1.2351684199497
6	947840	760	1.3026778945579
6	989354	780	1.5063966175051
6	1031780	800	1.6764862244009
6	1075138	820	2.0881317289977
6	1119994	840	2.1447610589527
6	1166133	860	1.5670212364724
6	1213626	880	0.94280904158206
6	1261432	900	1.4544361847068
6	1310400	920	1.0818177620698
6	1360787	940	1.8239626714491
6	1412557	960	1.3972762620115
6	1465405	980	1.9400093720486
6	1519169	1000	1.654340383737
6	1574442	1020	2.0644381225662
6	1631603	1040	2.0655911179773
6	1689882	1060	1.58980266935
6	1749301	1080	0.95407358744303
6	1810063	1100	0.70710678118655
6	1872935	1120	2.3300572239039
6	1936821	1140	1.5055453054182
6	2003052	1160	2.1760730956581
6	2070371	1180	1.6092680291808
6	2139847	1200	1.0681880176381
6	2210900	1220	1.8630658852423
6	2284604	1240	1.8989875845181
6	2359593	1260	1.8761469921709
6	2436585	1280	1.7994708216849
6	2515858	1300	2.0632844828435
6	2597294	1320	1.4458479140201
6	2680427	1340	1.9610171430393
6	2765868	1360	1.6276126096272
6	2853611	1380	0.91190950612899
6	2941721	1400	1.4375905768565
6	3032862	1420	1.3165611772088
6	3125602	1440	1.5996323106926
6	3220123	1460	2.0162736612683
6	3316772	1480	1.2891488517253
6	3415577	1500	1.9597081008293
6	3517142	1520	2.054590926077
6	3620667	1540	2.0816659994661
6	3727670	1560	1.5666989036013
6	3836261	1580	1.4359334113756
6	3946987	1600	1.9545489090602
6	4061211	1620	1.8766297265137
6	4177336	1640	1.8230549667426
6	4294758	1660	2.0880613017821
6	4414188	1680	1.4259499757472
6	4536677	1700	1.8021151593666
6	4662219	1720	2.1080139809126
6	4790290	1740	1.8047556225547
6	4919676	1760	2.2825741888351
6	5050929	1780	1.5861240410776
6	5184756	1800	1.2031704150365
6	5321797	1820	1.9530051840719
6	5460538	1840	2.2136587135972
6	5601963	1860	1.6179144164088
6	5745639	1880	1.8126539343499
6	5892510	1900	1.6788274296251
6	6041529	1920	1.578124263319
6	6193350	1940	1.1876558069531
6	6347680	1960	1.3420765964144
6	6504338	1980	1.0880365478291
6	6663422	2000	0.85391256382997
7	145622	240	0.26666666666667
7	171563	260	2.8787878787879
7	198645	280	0.57142857142857
7	226113	300	0.61111111111111
7	253347	320	3.0181818181818
7	280446	340	3.8222222222222
7	307846	360	2.9047619047619
7	335060	380	0.3
7	362369	400	1.3333333333333
7	389622	420	3.2087912087912
7	417278	440	3.2954545454545
7	445487	460	3.7197802197802
7	474058	480	5
7	503329	500	4.5714285714286
7	532983	520	1.4333333333333
7	563288	540	1.7857142857143
7	594378	560	3.25
7	625399	580	2.6025641025641
7	657457	600	2.3076923076923
7	690263	620	5.8823529411765
7	724118	640	3.2058823529412
7	758445	660	4.0769230769231
7	793768	680	6.7636363636364
7	830960	700	1.85
7	868757	720	4.4291666666667
7	907628	740	1.525641025641
7	947840	760	1.6969696969697
7	989354	780	2.2692307692308
7	1031780	800	2.8106060606061
7	1075138	820	4.3602941176471
7	1119994	840	4.6
7	1166133	860	2.4555555555556
7	1213626	880	0.88888888888889
7	1261432	900	2.1153846153846
7	1310400	920	1.1703296703297
7	1360787	940	3.3268398268398
7	1412557	960	1.952380952381
7	1465405	980	3.7636363636364
7	1519169	1000	2.7368421052632
7	1574442	1020	4.2619047619048
7	1631603	1040	4.2666666666667
7	1689882	1060	2.5274725274725
7	1749301	1080	0.91025641025641
7	1810063	1100	0.5
7	1872935	1120	5.4291666666667
7	1936821	1140	2.2666666666667
7	2003052	1160	4.7352941176471
7	2070371	1180	2.5897435897436
7	2139847	1200	1.1410256410256
7	2210900	1220	3.4710144927536
7	2284604	1240	3.6061538461538
7	2359593	1260	3.5199275362319
7	2436585	1280	3.2380952380952
7	2515858	1300	4.2571428571429
7	2597294	1320	2.0904761904762
7	2680427	1340	3.8455882352941
7	2765868	1360	2.6491228070175
7	2853611	1380	0.83157894736842
7	2941721	1400	2.0666666666667
7	3032862	1420	1.7333333333333
7	3125602	1440	2.5588235294118
7	3220123	1460	4.0653594771242
7	3316772	1480	1.6619047619048
7	3415577	1500	3.8404558404558
7	3517142	1520	4.2213438735178
7	3620667	1540	4.3333333333333
7	3727670	1560	2.4545454545455
7	3836261	1580	2.0619047619048
7	3946987	1600	3.8202614379085
7	4061211	1620	3.5217391304348
7	4177336	1640	3.3235294117647
7	4294758	1660	4.36
7	4414188	1680	2.0333333333333
7	4536677	1700	3.247619047619
7	4662219	1720	4.4437229437229
7	4790290	1740	3.2571428571429
7	4919676	1760	5.2101449275362
7	5050929	1780	2.5157894736842
7	5184756	1800	1.447619047619
7	5321797	1820	3.8142292490119
7	5460538	1840	4.9002849002849
7	5601963	1860	2.6176470588235
7	5745639	1880	3.2857142857143
7	5892510	1900	2.8184615384615
7	6041529	1920	2.4904761904762
7	6193350	1940	1.4105263157895
7	6347680	1960	1.8011695906433
7	6504338	1980	1.1838235294118
7	6663422	2000	0.72916666666667
8	145622	240	22.506329113924
8	171563	260	22.651162790698
8	198645	280	22.78021978022
8	226113	300	22.468085106383
8	253347	320	22.344086021505
8	280446	340	22.31914893617
8	307846	360	22.234042553191
8	335060	380	22.344086021505
8	362369	400	22.586956521739
8	389622	420	22.510869565217
8	417278	440	22.021052631579
8	445487	460	22.177083333333
8	474058	480	22.173469387755
8	503329	500	22.244897959184
8	532983	520	22.1
8	563288	540	22.401960784314
8	594378	560	22.460784313725
8	625399	580	22.368932038835
8	657457	600	22.638095238095
8	690263	620	23
8	724118	640	23.140186915888
8	758445	660	23.766355140187
8	793768	680	24.189189189189
8	830960	700	24.589285714286
8	868757	720	25.205357142857
8	907628	740	25.58407079646
8	947840	760	26.48275862069
8	989354	780	26.886956521739
8	1031780	800	27.34188034188
8	1075138	820	27.521008403361
8	1119994	840	28.36974789916
8	1166133	860	28.541666666667
8	1213626	880	29.404958677686
8	1261432	900	29.211382113821
8	1310400	920	29.688524590164
8	1360787	940	29.927419354839
8	1412557	960	30.595238095238
8	1465405	980	30.46875
8	1519169	1000	30.976744186047
8	1574442	1020	30.732824427481
8	1631603	1040	31.770992366412
8	1689882	1060	32.210526315789
8	1749301	1080	32.671641791045
8	1810063	1100	32.817518248175
8	1872935	1120	33.605839416058
8	1936821	1140	33.802919708029
8	2003052	1160	34.578571428571
8	2070371	1180	35.721428571429
8	2139847	1200	35.835714285714
8	2210900	1220	36.822695035461
8	2284604	1240	37.503448275862
8	2359593	1260	38.076388888889
8	2436585	1280	39.278911564626
8	2515858	1300	39.445945945946
8	2597294	1320	40.328859060403
8	2680427	1340	40.342105263158
8	2765868	1360	41.605263157895
8	2853611	1380	42.605263157895
8	2941721	1400	42.673202614379
8	3032862	1420	43.03821656051
8	3125602	1440	44.00641025641
8	3220123	1460	44.477707006369
8	3316772	1480	45.341772151899
8	3415577	1500	46.325
8	3517142	1520	46.931677018634
8	3620667	1540	47.280487804878
8	3727670	1560	47.763636363636
8	3836261	1580	49.15243902439
8	3946987	1600	49.313253012048
8	4061211	1620	49.739644970414
8	4177336	1640	50.611764705882
8	4294758	1660	51.564705882353
8	4414188	1680	51.228070175439
8	4536677	1700	52.046511627907
8	4662219	1720	53.127906976744
8	4790290	1740	53.062146892655
8	4919676	1760	53.483146067416
8	5050929	1780	53.668539325843
8	5184756	1800	55.073863636364
8	5321797	1820	55.167597765363
8	5460538	1840	55.75138121547
8	5601963	1860	55.854054054054
8	5745639	1880	56.972677595628
8	5892510	1900	57.440217391304
8	6041529	1920	57.962365591398
8	6193350	1940	58.255319148936
8	6347680	1960	58.752631578947
8	6504338	1980	59.570680628272
8	6663422	2000	60.326315789474
9	145622	240	4.846022470824
9	171563	260	5.3242341440104
9	198645	280	4.6327390453458
9	226113	300	4.4424688661923
9	253347	320	4.6144730342504
9	280446	340	4.8730392052454
9	307846	360	4.3833152178739
9	335060	380	4.2310822535136
9	362369	400	4.1830431477706
9	389622	420	3.8013721213238
9	417278	440	5.3534219467322
9	445487	460	5.2775488562234
9	474058	480	4.1592661679381
9	503329	500	4.1840670405467
9	532983	520	4.8461168459756
9	563288	540	4.1892360983306
9	594378	560	3.9342909047649
9	625399	580	3.4894527107881
9	657457	600	3.9299731099193
9	690263	620	3.8972656113335
9	724118	640	3.5139844560251
9	758445	660	3.1995855841689
9	793768	680	3.5866254423737
9	830960	700	4.1666924066129
9	868757	720	4.9358741804623
9	907628	740	4.7466636096857
9	947840	760	5.8391225645501
9	989354	780	5.423737976566
9	1031780	800	6.8306641182174
9	1075138	820	6.7971189553479
9	1119994	840	7.1412688734109
9	1166133	860	7.3848537172899
9	1213626	880	8.6086957126662
9	1261432	900	8.1805968283217
9	1310400	920	8.2222053376873
9	1360787	940	8.6147664748505
9	1412557	960	9.2703213074228
9	1465405	980	9.6096551676397
9	1519169	1000	10.037791960479
9	1574442	1020	9.8869178735422
9	1631603	1040	10.554302721199
9	1689882	1060	11.904959898103
9	1749301	1080	11.756793665122
9	1810063	1100	12.085613091425
9	1872935	1120	12.61614142573
9	1936821	1140	13.014041859863
9	2003052	1160	13.484372973604
9	2070371	1180	14.197511108836
9	2139847	1200	13.964297082607
9	2210900	1220	15.115405428116
9	2284604	1240	16.288255882491
9	2359593	1260	16.158775078684
9	2436585	1280	16.898886367185
9	2515858	1300	17.593785151861
9	2597294	1320	18.277679103737
9	2680427	1340	18.947856389673
9	2765868	1360	19.51231836923
9	2853611	1380	20.091234916254
9	2941721	1400	20.317813698614
9	3032862	1420	20.801222027193
9	3125602	1440	20.854177826926
9	3220123	1460	21.408896421594
9	3316772	1480	22.324980196823
9	3415577	1500	23.001927728894
9	3517142	1520	23.28226906457
9	3620667	1540	23.732028726821
9	3727670	1560	24.733923310021
9	3836261	1580	24.739773127148
9	3946987	1600	25.323567995455
9	4061211	1620	25.731736979233
9	4177336	1640	26.365700381949
9	4294758	1660	26.216642737427
9	4414188	1680	26.30679908348
9	4536677	1700	26.532957317597
9	4662219	1720	26.816158396556
9	4790290	1740	27.491146961772
9	4919676	1760	27.297942787723
9	5050929	1780	27.292871093816
9	5184756	1800	27.578256421912
9	5321797	1820	28.261317914497
9	5460538	1840	28.228414777657
9	5601963	1860	28.980790063669
9	5745639	1880	29.041166630743
9	5892510	1900	28.817813099974
9	6041529	1920	29.047280801158
9	6193350	1940	29.88764564046
9	6347680	1960	30.021277611725
9	6504338	1980	30.542360213792
9	6663422	2000	30.667336812989
10	145622	240	23.483933787731
10	171563	260	28.347469220246
10	198645	280	21.462271062271
10	226113	300	19.735529627088
10	253347	320	21.293361383824
10	280446	340	23.746511095859
10	307846	360	19.213452299245
10	335060	380	17.902057035998
10	362369	400	17.497849976111
10	389622	420	14.450430004778
10	417278	440	28.659126539754
10	445487	460	27.852521929825
10	474058	480	17.299495055754
10	503329	500	17.50641699979
10	532983	520	23.484848484848
10	563288	540	17.549699087556
10	594378	560	15.478644923316
10	625399	580	12.176280220826
10	657457	600	15.444688644689
10	690263	620	15.188679245283
10	724118	640	12.348086757186
10	758445	660	10.237347910421
10	793768	680	12.863882063882
10	830960	700	17.361325611326
10	868757	720	24.362853925354
10	907628	740	22.530815423515
10	947840	760	34.095352323838
10	989354	780	29.416933638444
10	1031780	800	46.657972295903
10	1075138	820	46.200826093149
10	1119994	840	50.997721122347
10	1166133	860	54.53606442577
10	1213626	880	74.109641873278
10	1261432	900	66.922164467546
10	1310400	920	67.604660615093
10	1360787	940	74.214201416208
10	1412557	960	85.938857142857
10	1465405	980	92.345472440945
10	1519169	1000	100.75726744186
10	1574442	1020	97.751145038168
10	1631603	1040	111.39330593071
10	1689882	1060	141.72807017544
10	1749301	1080	138.22219728426
10	1810063	1100	146.06204379562
10	1872935	1120	159.16702447402
10	1936821	1140	169.36528553027
10	2003052	1160	181.82831449126
10	2070371	1180	201.56932168551
10	2139847	1200	195.00159301131
10	2210900	1220	228.47548125633
10	2284604	1240	265.30727969349
10	2359593	1260	261.10601204351
10	2436585	1280	285.57236045103
10	2515858	1300	309.54127596985
10	2597294	1320	334.07355341919
10	2680427	1340	359.02126176368
10	2765868	1360	380.73056814221
10	2853611	1380	403.65772046009
10	2941721	1400	412.81355349157
10	3032862	1420	432.6908378246
10	3125602	1440	434.89673283706
10	3220123	1460	458.34084599053
10	3316772	1480	498.40474078852
10	3415577	1500	529.08867924528
10	3517142	1520	542.06405279503
10	3620667	1540	563.20918749065
10	3727670	1560	611.76696230599
10	3836261	1580	612.05637438276
10	3946987	1600	641.28309602045
10	4061211	1620	662.12228796844
10	4177336	1640	695.1501566307
10	4294758	1660	687.31235642186
10	4414188	1680	692.04767801858
10	4536677	1700	703.99782401741
10	4662219	1720	719.10635114919
10	4790290	1740	755.76316127375
10	4919676	1760	745.17768044182
10	5050929	1780	744.90081254364
10	5184756	1800	760.56022727273
10	5321797	1820	798.70209026426
10	5460538	1840	796.84340085942
10	5601963	1860	839.88619271445
10	5745639	1880	843.38935927461
10	5892510	1900	830.46635186505
10	6041529	1920	843.7445219413
10	6193350	1940	893.27136192968
10	6347680	1960	901.27710944027
10	6504338	1980	932.83576742904
10	6663422	2000	940.48554720134
11	145622	240	279.54451877185
11	171563	260	560.45523895934
11	198645	280	324.69830446523
11	226113	300	416.48097975912
11	253347	320	506.86533353419
11	280446	340	473.97938714357
11	307846	360	335.3403378576
11	335060	380	231.35765172859
11	362369	400	467.5160401316
11	389622	420	666.7153146048
11	417278	440	566.78595687979
11	445487	460	662.57827259699
11	474058	480	529.27769431875
11	503329	500	332.79486614125
11	532983	520	471.21496913478
11	563288	540	651.38671366715
11	594378	560	423.82897619975
11	625399	580	614.44857056184
11	657457	600	620.61835023997
11	690263	620	871.06874823817
11	724118	640	868.0831581977
11	758445	660	623.48246971
11	793768	680	516.69452905193
11	830960	700	757.61199003073
11	868757	720	780.85360318153
11	907628	740	623.54011594965
11	947840	760	567.44515846885
11	989354	780	609.91890849687
11	1031780	800	568.44743018538
11	1075138	820	810.38962768844
11	1119994	840	527.68214194714
11	1166133	860	481.13601268724
11	1213626	880	471.65584090761
11	1261432	900	673.77949189735
11	1310400	920	672.42638138936
11	1360787	940	1056.9670505369
11	1412557	960	726.94714473768
11	1465405	980	542.26209092949
11	1519169	1000	961.81966739081
11	1574442	1020	1018.4354874585
11	1631603	1040	783.83684185271
11	1689882	1060	679.97154812591
11	1749301	1080	631.39308720705
11	1810063	1100	392.84507061887
11	1872935	1120	761.27576014388
11	1936821	1140	761.23347343083
11	2003052	1160	882.60194190921
11	2070371	1180	617.75891975824
11	2139847	1200	619.82986155436
11	2210900	1220	1179.0674946499
11	2284604	1240	1280.9870988538
11	2359593	1260	1175.4175094487
11	2436585	1280	729.43196989417
11	2515858	1300	1026.873903716
11	2597294	1320	1016.355603724
11	2680427	1340	816.26658724871
11	2765868	1360	923.87886987335
11	2853611	1380	963.58260349145
11	2941721	1400	725.69335086497
11	3032862	1420	785.60579784682
11	3125602	1440	825.41129462218
11	3220123	1460	878.88312018636
11	3316772	1480	1017.4716459118
11	3415577	1500	1323.049481275
11	3517142	1520	1131.2567645965
11	3620667	1540	931.62114311269
11	3727670	1560	520.41795071265
11	3836261	1580	1018.403501449
11	3946987	1600	882.72483614535
11	4061211	1620	1139.9941136846
11	4177336	1640	878.56543008685
11	4294758	1660	1208.5322729578
11	4414188	1680	1022.0442494083
11	4536677	1700	1044.5161593912
11	4662219	1720	1092.9808003115
11	4790290	1740	1025.4501836383
11	4919676	1760	1173.981222819
11	5050929	1780	1012.3416689985
11	5184756	1800	1013.2380173683
11	5321797	1820	1134.3273855746
11	5460538	1840	1319.9097599681
11	5601963	1860	881.65027804276
11	5745639	1880	1365.7024409513
11	5892510	1900	1273.8407468072
11	6041529	1920	1031.8552780985
11	6193350	1940	973.05087961896
11	6347680	1960	921.26363482554
11	6504338	1980	838.29796382634
11	6663422	2000	777.32435203131
12	145622	240	46.590753128642
12	171563	260	46.704603246612
12	198645	280	46.385472066462
12	226113	300	46.27566441768
12	253347	320	46.078666684927
12	280446	340	47.397938714357
12	307846	360	47.905762551086
12	335060	380	46.271530345718
12	362369	400	46.75160401316
12	389622	420	47.622522471771
12	417278	440	47.232163073316
12	445487	460	47.327019471214
12	474058	480	48.116154028977
12	503329	500	47.542123734465
12	532983	520	47.121496913478
12	563288	540	46.527622404796
12	594378	560	47.092108466639
12	625399	580	47.265274658603
12	657457	600	47.739873095382
12	690263	620	48.392708235454
12	724118	640	48.226842122094
12	758445	660	47.960189977692
12	793768	680	46.972229913811
12	830960	700	47.35074937692
12	868757	720	48.803350198845
12	907628	740	47.964624303819
12	947840	760	47.287096539071
12	989354	780	46.916839115144
12	1031780	800	47.370619182115
12	1075138	820	47.66997809932
12	1119994	840	47.971103813376
12	1166133	860	48.113601268724
12	1213626	880	47.165584090761
12	1261432	900	48.127106564097
12	1310400	920	48.030455813526
12	1360787	940	48.043956842588
12	1412557	960	48.463142982512
12	1465405	980	49.296553720863
12	1519169	1000	48.09098336954
12	1574442	1020	48.496927974215
12	1631603	1040	48.989802615795
12	1689882	1060	48.569396294708
12	1749301	1080	48.568699015927
12	1810063	1100	49.105633827359
12	1872935	1120	47.579735008993
12	1936821	1140	47.577092089427
12	2003052	1160	49.033441217178
12	2070371	1180	47.51991690448
12	2139847	1200	47.679220119566
12	2210900	1220	49.127812277078
12	2284604	1240	49.268734571302
12	2359593	1260	48.975729560364
12	2436585	1280	48.628797992945
12	2515858	1300	48.898757319809
12	2597294	1320	48.397885891619
12	2680427	1340	48.015681602865
12	2765868	1360	48.625203677545
12	2853611	1380	48.179130174573
12	2941721	1400	48.379556724331
12	3032862	1420	49.100362365426
12	3125602	1440	48.55360556601
12	3220123	1460	48.826840010354
12	3316772	1480	48.451030757706
12	3415577	1500	49.001832639815
12	3517142	1520	49.185076721586
12	3620667	1540	49.032691742773
12	3727670	1560	47.310722792059
12	3836261	1580	48.495404830905
12	3946987	1600	49.040268674742
12	4061211	1620	49.564961464548
12	4177336	1640	48.809190560381
12	4294758	1660	48.341290918312
12	4414188	1680	48.668773781349
12	4536677	1700	49.738864732913
12	4662219	1720	49.680945468703
12	4790290	1740	48.830961125631
12	4919676	1760	48.915884284127
12	5050929	1780	50.617083449927
12	5184756	1800	48.249429398489
12	5321797	1820	49.318581981506
12	5460538	1840	48.885546665486
12	5601963	1860	48.980571002375
12	5745639	1880	48.775087176833
12	5892510	1900	48.993874877199
12	6041529	1920	49.135965623739
12	6193350	1940	48.652543980948
12	6347680	1960	48.48755972766
12	6504338	1980	49.311644930961
12	6663422	2000	48.582772001957
13	145622	240	0.2884365010743
13	171563	260	1.69682742221
13	198645	280	0.35414231317342
13	226113	300	0.95924833917949
13	253347	320	1.0578116584219
13	280446	340	1.2235894312151
13	307846	360	2.0107527646454
13	335060	380	0.5129526928291
13	362369	400	1.3216034165655
13	389622	420	1.893482176717
13	417278	440	1.441863355352
13	445487	460	1.456329470432
13	474058	480	1.4640349213812
13	503329	500	1.6186957287916
13	532983	520	1.1407649769014
13	563288	540	1.1446986725236
13	594378	560	2.0733386862756
13	625399	580	2.1179603353367
13	657457	600	1.3719971156365
13	690263	620	2.2466356108398
13	724118	640	2.8382963829737
13	758445	660	2.0885378440958
13	793768	680	1.5756625368074
13	830960	700	2.0619907015114
13	868757	720	2.5021352114611
13	907628	740	2.2061510360489
13	947840	760	1.4718995403187
13	989354	780	1.3006188466575
13	1031780	800	1.564805485888
13	1075138	820	1.9619716038489
13	1119994	840	1.1902712895886
13	1166133	860	2.3782991300211
13	1213626	880	1.6591131201253
13	1261432	900	1.995497587844
13	1310400	920	1.7090408061207
13	1360787	940	1.6844990458546
13	1412557	960	1.8772026031435
13	1465405	980	1.7629844253704
13	1519169	1000	1.9714667428426
13	1574442	1020	2.9419091618686
13	1631603	1040	2.3222835159043
13	1689882	1060	2.0923602064969
13	1749301	1080	1.884333636694
13	1810063	1100	2.390679830257
13	1872935	1120	2.5110548564891
13	1936821	1140	2.4191419429986
13	2003052	1160	2.8270477034397
13	2070371	1180	2.1654414729295
13	2139847	1200	2.0413403753787
13	2210900	1220	2.5029581993531
13	2284604	1240	2.0446104966872
13	2359593	1260	2.1099477609295
13	2436585	1280	1.8953798078795
13	2515858	1300	2.4510133542822
13	2597294	1320	2.110861173655
13	2680427	1340	1.753915262009
13	2765868	1360	1.9264761881115
13	2853611	1380	1.9849680747804
13	2941721	1400	1.864995828657
13	3032862	1420	2.3148604322403
13	3125602	1440	2.4304890750631
13	3220123	1460	2.4100452681353
13	3316772	1480	2.3788150216814
13	3415577	1500	2.3172393054567
13	3517142	1520	2.624739391211
13	3620667	1540	2.467346937917
13	3727670	1560	1.4811504794836
13	3836261	1580	2.5358216932638
13	3946987	1600	2.7252446564839
13	4061211	1620	2.4653299722651
13	4177336	1640	2.1285156940159
13	4294758	1660	2.5512072034662
13	4414188	1680	1.9519253293116
13	4536677	1700	2.1565374448443
13	4662219	1720	2.312790861233
13	4790290	1740	1.9518538275437
13	4919676	1760	1.6623539496882
13	5050929	1780	1.685741695973
13	5184756	1800	1.5945525771881
13	5321797	1820	2.8882434609173
13	5460538	1840	1.9573854165718
13	5601963	1860	1.5431539670932
13	5745639	1880	2.444444034683
13	5892510	1900	1.8860051039014
13	6041529	1920	1.8484986057593
13	6193350	1940	1.6900125475586
13	6347680	1960	2.0571231121237
13	6504338	1980	2.0129123710393
13	6663422	2000	2.0421064340222
14	145622	240	0.083195615151986
14	171563	260	2.8792233007639
14	198645	280	0.12541677797982
14	226113	300	0.9201573762186
14	253347	320	1.1189655046933
14	280446	340	1.4971710961813
14	307846	360	4.0431266805292
14	335060	380	0.26312046508063
14	362369	400	1.7466355906777
14	389622	420	3.5852747535449
14	417278	440	2.0789699355071
14	445487	460	2.1208955264487
14	474058	480	2.1433982510237
14	503329	500	2.6201758624082
14	532983	520	1.3013447325248
14	563288	540	1.3103350508772
14	594378	560	4.298733308007
14	625399	580	4.4857559820596
14	657457	600	1.8823760853149
14	690263	620	5.0473715678937
14	724118	640	8.0559263576016
14	758445	660	4.3619903262203
14	793768	680	2.4827124298985
14	830960	700	4.2518056531195
14	868757	720	6.2606806164336
14	907628	740	4.8671023938594
14	947840	760	2.1664882567904
14	989354	780	1.6916093842806
14	1031780	800	2.4486162086653
14	1075138	820	3.8493325743092
14	1119994	840	1.4167457428188
14	1166133	860	5.6563067518589
14	1213626	880	2.7526563453719
14	1261432	900	3.9820106230912
14	1310400	920	2.9208204769858
14	1360787	940	2.8375370354851
14	1412557	960	3.5238896132486
14	1465405	980	3.1081140840985
14	1519169	1000	3.8866811181342
14	1574442	1020	8.6548295166865
14	1631603	1040	5.393000728241
14	1689882	1060	4.3779712337319
14	1749301	1080	3.5507132543765
14	1810063	1100	5.7153500507975
14	1872935	1120	6.3053964922974
14	1936821	1140	5.8522477403749
14	2003052	1160	7.9921987175237
14	2070371	1180	4.6891367726831
14	2139847	1200	4.1670705281513
14	2210900	1220	6.2647997477088
14	2284604	1240	4.1804320831637
14	2359593	1260	4.4518795538515
14	2436585	1280	3.5924646161174
14	2515858	1300	6.0074664628699
14	2597294	1320	4.4557348944441
14	2680427	1340	3.0762187463081
14	2765868	1360	3.7113105033605
14	2853611	1380	3.9400982578974
14	2941721	1400	3.4782094409081
14	3032862	1420	5.3585788207519
14	3125602	1440	5.9072771440011
14	3220123	1460	5.8083181944611
14	3316772	1480	5.6587609073772
14	3415577	1500	5.3695979987534
14	3517142	1520	6.8892568717745
14	3620667	1540	6.0878009120483
14	3727670	1560	2.1938067428744
14	3836261	1580	6.4303916600273
14	3946987	1600	7.4269584376939
14	4061211	1620	6.0778518721489
14	4177336	1640	4.5305790596719
14	4294758	1660	6.5086581950179
14	4414188	1680	3.8100124912082
14	4536677	1700	4.6506537510158
14	4662219	1720	5.3490015678028
14	4790290	1740	3.8097333640971
14	4919676	1760	2.763420654044
14	5050929	1780	2.8417250655421
14	5184756	1800	2.5425979214172
14	5321797	1820	8.3419502895316
14	5460538	1840	3.831357669008
14	5601963	1860	2.3813241661555
14	5745639	1880	5.9753066386971
14	5892510	1900	3.5570152519422
14	6041529	1920	3.4169470954941
14	6193350	1940	2.8561424109055
14	6347680	1960	4.2317554984333
14	6504338	1980	4.051816213483
14	6663422	2000	4.1701986878748
15	145622	240	268.53996696228
15	171563	260	582.9666577448
15	198645	280	313.28837048772
15	226113	300	403.02060391448
15	253347	320	493.43463841259
15	280446	340	449.67648147926
15	307846	360	314.78436248804
15	335060	380	224.53831469506
15	362369	400	492.28860093229
15	389622	420	717.82948677537
15	417278	440	585.11583563589
15	445487	460	681.29579288984
15	474058	480	499.31456125802
15	503329	500	317.61801535136
15	532983	520	454.45335862476
15	563288	540	720.28943198718
15	594378	560	405.93313966592
15	625399	580	634.80111942931
15	657457	600	631.32320661167
15	690263	620	826.36409300725
15	724118	640	825.19446652522
15	758445	660	595.0726919046
15	793768	680	540.9703341169
15	830960	700	727.19602614687
15	868757	720	781.81762228315
15	907628	740	592.11939655539
15	947840	760	542.38625793297
15	989354	780	586.06721229375
15	1031780	800	631.46465507593
15	1075138	820	814.43660699929
15	1119994	840	497.03824074414
15	1166133	860	459.23452913156
15	1213626	880	451.13411360873
15	1261432	900	639.17382003075
15	1310400	920	683.73232487887
15	1360787	940	1007.554407959
15	1412557	960	688.14045685653
15	1465405	980	509.81904183104
15	1519169	1000	956.92579618063
15	1574442	1020	959.41250637205
15	1631603	1040	830.4006950918
15	1689882	1060	641.75679792326
15	1749301	1080	643.37858858342
15	1810063	1100	368.51155909331
15	1872935	1120	767.25640650616
15	1936821	1140	722.50204821242
15	2003052	1160	878.5383003344
15	2070371	1180	592.37307074936
15	2139847	1200	633.68585261071
15	2210900	1220	1190.8211448887
15	2284604	1240	1285.9197755088
15	2359593	1260	1234.8119405809
15	2436585	1280	684.86162625301
15	2515858	1300	955.91821301367
15	2597294	1320	956.81687016076
15	2680427	1340	817.59842388237
15	2765868	1360	871.31115212772
15	2853611	1380	912.0807966365
15	2941721	1400	686.00045002576
15	3032862	1420	782.16167294638
15	3125602	1440	822.68689778875
15	3220123	1460	824.69838002025
15	3316772	1480	957.34097065873
15	3415577	1500	1269.7982824004
15	3517142	1520	1096.9231503168
15	3620667	1540	917.42519430504
15	3727670	1560	496.43341906545
15	3836261	1580	1002.6505816638
15	3946987	1600	865.45041602178
15	4061211	1620	1138.2568141757
15	4177336	1640	821.524438452
15	4294758	1660	1224.9641622559
15	4414188	1680	960.31840047859
15	4536677	1700	1005.3300079994
15	4662219	1720	1008.7684533199
15	4790290	1740	1003.970655071
15	4919676	1760	1134.4686247439
15	5050929	1780	970.87052783375
15	5184756	1800	999.51486410067
15	5321797	1820	1091.5841824594
15	5460538	1840	1227.4683160067
15	5601963	1860	820.97893216722
15	5745639	1880	1273.9293172039
15	5892510	1900	1183.1777954768
15	6041529	1920	960.36018076291
15	6193350	1940	954.85374072646
15	6347680	1960	865.4722865394
15	6504338	1980	779.15434408954
15	6663422	2000	727.37174311335
16	145622	240	44.756661160381
16	171563	260	44.843589057292
16	198645	280	44.755481498246
16	226113	300	44.780067101608
16	253347	320	44.857694401144
16	280446	340	44.967648147926
16	307846	360	44.969194641149
16	335060	380	44.907662939012
16	362369	400	44.753509175663
16	389622	420	44.86434292346
16	417278	440	45.00891043353
16	445487	460	45.419719525989
16	474058	480	45.392232841638
16	503329	500	45.374002193052
16	532983	520	45.445335862476
16	563288	540	45.018089499199
16	594378	560	45.103682185102
16	625399	580	45.342937102093
16	657457	600	45.094514757976
16	690263	620	45.909116278181
16	724118	640	45.844137029179
16	758445	660	45.7748224542
16	793768	680	45.080861176408
16	830960	700	45.44975163418
16	868757	720	45.989271899009
16	907628	740	45.547645888876
16	947840	760	45.198854827748
16	989354	780	45.082093253366
16	1031780	800	45.104618219709
16	1075138	820	45.246478166627
16	1119994	840	45.185294613104
16	1166133	860	45.923452913156
16	1213626	880	45.113411360873
16	1261432	900	45.655272859339
16	1310400	920	45.582154991925
16	1360787	940	45.7979276345
16	1412557	960	45.876030457102
16	1465405	980	46.347185621004
16	1519169	1000	45.56789505622
16	1574442	1020	45.68630982724
16	1631603	1040	46.133371949544
16	1689882	1060	45.839771280233
16	1749301	1080	45.955613470244
16	1810063	1100	46.063944886664
16	1872935	1120	45.13272979448
16	1936821	1140	45.156378013276
16	2003052	1160	46.238857912337
16	2070371	1180	45.567159288412
16	2139847	1200	45.263275186479
16	2210900	1220	45.800813264951
16	2284604	1240	45.925706268172
16	2359593	1260	45.733775577072
16	2436585	1280	45.6574417502
16	2515858	1300	45.519914905413
16	2597294	1320	45.562708102893
16	2680427	1340	45.422134660132
16	2765868	1360	45.858481690933
16	2853611	1380	45.604039831825
16	2941721	1400	45.73336333505
16	3032862	1420	46.009510173317
16	3125602	1440	45.70482765493
16	3220123	1460	45.816576667792
16	3316772	1480	45.587665269463
16	3415577	1500	45.349938657156
16	3517142	1520	45.7051312632
16	3620667	1540	45.871259715252
16	3727670	1560	45.130310824131
16	3836261	1580	45.575026439262
16	3946987	1600	45.550021895883
16	4061211	1620	45.530272567027
16	4177336	1640	45.640246580667
16	4294758	1660	45.369043046515
16	4414188	1680	45.729447641838
16	4536677	1700	45.696818545426
16	4662219	1720	45.853111514542
16	4790290	1740	45.635029775956
16	4919676	1760	45.378744989757
16	5050929	1780	46.231929896845
16	5184756	1800	45.432493822758
16	5321797	1820	45.48267426914
16	5460538	1840	45.461789481729
16	5601963	1860	45.609940675957
16	5745639	1880	45.497475614425
16	5892510	1900	45.506838287571
16	6041529	1920	45.731437179186
16	6193350	1940	45.469225748879
16	6347680	1960	45.551172975758
16	6504338	1980	45.832608475855
16	6663422	2000	45.460733944584
17	145622	240	0.3586103761188
17	171563	260	0.3666362783082
17	198645	280	0.43033302838695
17	226113	300	0.30173298568185
17	253347	320	0.24569118161742
17	280446	340	0.85987128683517
17	307846	360	0.45316033490674
17	335060	380	0.54808716131237
17	362369	400	0.33732564426545
17	389622	420	0.53469099429566
17	417278	440	1.0064152835371
17	445487	460	1.3904784027682
17	474058	480	0.77332359460977
17	503329	500	1.1293501697712
17	532983	520	1.3747950048862
17	563288	540	0.60334099114562
17	594378	560	1.2304096108314
17	625399	580	1.4503066856059
17	657457	600	0.7743269228441
17	690263	620	1.5390998754308
17	724118	640	1.7380817851225
17	758445	660	1.3107163828215
17	793768	680	0.83381911903162
17	830960	700	1.4083599773178
17	868757	720	1.4684556212858
17	907628	740	1.2149967342545
17	947840	760	1.1364410648113
17	989354	780	0.83679693649075
17	1031780	800	1.112182167801
17	1075138	820	1.1579511598009
17	1119994	840	1.0627110341143
17	1166133	860	1.2860298383448
17	1213626	880	0.63622658778552
17	1261432	900	1.1530575881216
17	1310400	920	1.1923395931064
17	1360787	940	1.3085089815803
17	1412557	960	1.2250380194147
17	1465405	980	0.99906060189194
17	1519169	1000	1.1600672416731
17	1574442	1020	1.3182607355811
17	1631603	1040	1.4177645315513
17	1689882	1060	1.1635747693676
17	1749301	1080	1.272762871274
17	1810063	1100	1.3226248041286
17	1872935	1120	0.97010791042228
17	1936821	1140	0.9543220272094
17	2003052	1160	1.1932584756481
17	2070371	1180	1.1629190994747
17	2139847	1200	0.92933173046358
17	2210900	1220	1.0642674534342
17	2284604	1240	0.98344269915117
17	2359593	1260	1.1500553679361
17	2436585	1280	1.0083935106409
17	2515858	1300	0.99543361873222
17	2597294	1320	1.0051520787912
17	2680427	1340	0.83068442415631
17	2765868	1360	1.1968176092353
17	2853611	1380	0.97426932733616
17	2941721	1400	1.2300266241837
17	3032862	1420	1.2421325888898
17	3125602	1440	1.2698239295936
17	3220123	1460	1.0280749294572
17	3316772	1480	1.1584345612157
17	3415577	1500	0.81481669388267
17	3517142	1520	1.0674522689492
17	3620667	1540	0.97792058919696
17	3727670	1560	0.86873413528524
17	3836261	1580	0.92507941850999
17	3946987	1600	0.66899445467453
17	4061211	1620	0.95902375040593
17	4177336	1640	0.98462050457296
17	4294758	1660	0.80575418968231
17	4414188	1680	0.93841742037394
17	4536677	1700	0.70877279609802
17	4662219	1720	0.74742585238753
17	4790290	1740	0.83501887108413
17	4919676	1760	0.88873372786962
17	5050929	1780	0.79224414233763
17	5184756	1800	0.8703881805621
17	5321797	1820	0.69987681392008
17	5460538	1840	0.77728822365077
17	5601963	1860	0.91834293074933
17	5745639	1880	1.0269383283966
17	5892510	1900	0.83603360315583
17	6041529	1920	1.0406705193174
17	6193350	1940	1.0092715477663
17	6347680	1960	0.96209289678864
17	6504338	1980	0.98344262498888
17	6663422	2000	0.77156821315413
18	145622	240	0.12860140186006
18	171563	260	0.13442216057169
18	198645	280	0.18518651532068
18	226113	300	0.091042794648486
18	253347	320	0.060364156724563
18	280446	340	0.73937862992357
18	307846	360	0.20535428913279
18	335060	380	0.30039953639546
18	362369	400	0.1137885902791
18	389622	420	0.28589445938088
18	417278	440	1.0128717229371
18	445487	460	1.9334301885648
18	474058	480	0.59802938198017
18	503329	500	1.2754318059621
18	532983	520	1.89006130546
18	563288	540	0.36402035159658
18	594378	560	1.5139078104262
18	625399	580	2.103389482313
18	657457	600	0.59958218344121
18	690263	620	2.3688284265513
18	724118	640	3.0209282917746
18	758445	660	1.7179774361968
18	793768	680	0.69525432326267
18	830960	700	1.9834778257105
18	868757	720	2.1563619116859
18	907628	740	1.4762170642491
18	947840	760	1.2914982937894
18	989354	780	0.70022911292031
18	1031780	800	1.2369491743746
18	1075138	820	1.3408508884842
18	1119994	840	1.1293547420282
18	1166133	860	1.6538727451132
18	1213626	880	0.40478427100521
18	1261432	900	1.3295418015248
18	1310400	920	1.4216737052892
18	1360787	940	1.7121957548762
18	1412557	960	1.5007181490114
18	1465405	980	0.99812208625269
18	1519169	1000	1.3457560052031
18	1574442	1020	1.7378113669749
18	1631603	1040	2.010056266925
18	1689882	1060	1.3539062439088
18	1749301	1080	1.6199253264937
18	1810063	1100	1.7493363724961
18	1872935	1120	0.94110935786389
18	1936821	1140	0.91073053161706
18	2003052	1160	1.423865789706
18	2070371	1180	1.3523808319231
18	2139847	1200	0.86365746524644
18	2210900	1220	1.1326652124393
18	2284604	1240	0.96715954251373
18	2359593	1260	1.3226273493186
18	2436585	1280	1.0168574723027
18	2515858	1300	0.99088808930233
18	2597294	1320	1.0103307014982
18	2680427	1340	0.6900366125359
18	2765868	1360	1.4323723897758
18	2853611	1380	0.94920072218805
18	2941721	1400	1.5129654962007
18	3032862	1420	1.5428933683821
18	3125602	1440	1.6124528121685
18	3220123	1460	1.0569380605783
18	3316772	1480	1.3419706326191
18	3415577	1500	0.66392624462988
18	3517142	1520	1.1394543464847
18	3620667	1540	0.95632867877534
18	3727670	1560	0.7546989978098
18	3836261	1580	0.85577193055078
18	3946987	1600	0.44755358038527
18	4061211	1620	0.91972655384265
18	4177336	1640	0.96947753802551
18	4294758	1660	0.6492398141906
18	4414188	1680	0.88062725486128
18	4536677	1700	0.50235887648861
18	4662219	1720	0.55864540481723
18	4790290	1740	0.69725651506661
18	4919676	1760	0.78984763905303
18	5050929	1780	0.62765078106829
18	5184756	1800	0.7575755848622
18	5321797	1820	0.48982755466292
18	5460538	1840	0.60417698262616
18	5601963	1860	0.84335373845727
18	5745639	1880	1.05460233033
18	5892510	1900	0.69895218560571
18	6041529	1920	1.0829951297764
18	6193350	1940	1.0186290571305
18	6347680	1960	0.92562274205115
18	6504338	1980	0.96715939664501
18	6663422	2000	0.59531750754985
19	145622	240	1769.9946910985
19	171563	260	2702.9935361209
19	198645	280	2040.6401834743
19	226113	300	2455.1723700385
19	253347	320	2914.40318905
19	280446	340	2647.5998080455
19	307846	360	1565.6058349872
19	335060	380	1527.7135107044
19	362369	400	2799.8012511461
19	389622	420	2731.7577426938
19	417278	440	2973.2695571591
19	445487	460	3157.0468891037
19	474058	480	2634.3644937527
19	503329	500	1767.0560553706
19	532983	520	2873.9419336181
19	563288	540	2851.4927140131
19	594378	560	2414.5672285821
19	625399	580	3423.6781757508
19	657457	600	3183.9741766148
19	690263	620	3444.2364511997
19	724118	640	3292.3199356783
19	758445	660	3060.7219563162
19	793768	680	2165.1848988091
19	830960	700	4081.0051878761
19	868757	720	3222.5129827447
19	907628	740	3875.9778728791
19	947840	760	2655.0254393447
19	989354	780	3386.1186274589
19	1031780	800	2885.7549266647
19	1075138	820	3957.3602244376
19	1119994	840	2648.9789760477
19	1166133	860	2554.042553641
19	1213626	880	2837.7481322779
19	1261432	900	3701.9761093706
19	1310400	920	3788.559814611
19	1360787	940	4451.8940577977
19	1412557	960	4100.7247524131
19	1465405	980	2800.5250173859
19	1519169	1000	3834.1950821178
19	1574442	1020	4524.22995003
19	1631603	1040	3092.8614338687
19	1689882	1060	3563.4413616103
19	1749301	1080	3838.5594163084
19	1810063	1100	2457.6672485948
19	1872935	1120	3301.8456922765
19	1936821	1140	3826.9895311723
19	2003052	1160	3934.5932595322
19	2070371	1180	3349.5742195362
19	2139847	1200	3638.7899874857
19	2210900	1220	5171.3559237056
19	2284604	1240	4599.6997125337
19	2359593	1260	4640.9855682672
19	2436585	1280	4111.3364644333
19	2515858	1300	4671.8159954352
19	2597294	1320	5333.7470769782
19	2680427	1340	4351.4369102124
19	2765868	1360	4845.8553490242
19	2853611	1380	5699.4893988555
19	2941721	1400	4169.0829458505
19	3032862	1420	4699.6275464562
19	3125602	1440	4200.9338876778
19	3220123	1460	4573.9775999316
19	3316772	1480	5272.1275270653
19	3415577	1500	5340.3667510905
19	3517142	1520	5280.4947494084
19	3620667	1540	4621.190789275
19	3727670	1560	2790.406645284
19	3836261	1580	5597.6335891678
19	3946987	1600	4427.6447425524
19	4061211	1620	5218.9321955141
19	4177336	1640	4845.4533299775
19	4294758	1660	5030.4330288154
19	4414188	1680	5776.0697283118
19	4536677	1700	4784.5362369113
19	4662219	1720	4970.1434099239
19	4790290	1740	4709.5268318573
19	4919676	1760	5796.6578832964
19	5050929	1780	4125.4328422668
19	5184756	1800	5701.33904338
19	5321797	1820	5370.7319121046
19	5460538	1840	5463.3084882124
19	5601963	1860	4867.3885174023
19	5745639	1880	5726.2900734041
19	5892510	1900	6958.9334705867
19	6041529	1920	5945.390618375
19	6193350	1940	5444.8946398644
19	6347680	1960	4950.6571960689
19	6504338	1980	5072.5394696189
19	6663422	2000	4714.4308893259
20	145622	240	46.578807660486
20	171563	260	46.603336829672
20	198645	280	46.378185988052
20	226113	300	46.324006981858
20	253347	320	46.260368080159
20	280446	340	47.278568000812
20	307846	360	47.442601060218
20	335060	380	46.294348809224
20	362369	400	46.663354185768
20	389622	420	47.099271425756
20	417278	440	47.194754875541
20	445487	460	47.120102822443
20	474058	480	47.89753625005
20	503329	500	47.758271766774
20	532983	520	47.11380219046
20	563288	540	46.745782196936
20	594378	560	47.344455462395
20	625399	580	47.551085774317
20	657457	600	47.522002636042
20	690263	620	47.836617377774
20	724118	640	47.714781676497
20	758445	660	47.823780567441
20	793768	680	47.069236930633
20	830960	700	47.453548696234
20	868757	720	48.097208697682
20	907628	740	47.851578677519
20	947840	760	47.411168559726
20	989354	780	47.029425381374
20	1031780	800	47.307457814176
20	1075138	820	47.679038848646
20	1119994	840	48.163254109957
20	1166133	860	48.18948214417
20	1213626	880	47.295802204631
20	1261432	900	48.077611810008
20	1310400	920	47.956453349507
20	1360787	940	47.86982857847
20	1412557	960	48.243820616625
20	1465405	980	49.132017848876
20	1519169	1000	47.927438526473
20	1574442	1020	48.130105851383
20	1631603	1040	48.325959904199
20	1689882	1060	48.154612994734
20	1749301	1080	48.589359700107
20	1810063	1100	49.153344971896
20	1872935	1120	47.852836119949
20	1936821	1140	47.837369139653
20	2003052	1160	48.575225426323
20	2070371	1180	47.851060279089
20	2139847	1200	47.878815624812
20	2210900	1220	48.786376638732
20	2284604	1240	48.932975665253
20	2359593	1260	48.852479665971
20	2436585	1280	48.36866428745
20	2515858	1300	48.66474995245
20	2597294	1320	48.488609790711
20	2680427	1340	48.34929900236
20	2765868	1360	48.458553490242
20	2853611	1380	48.30075761742
20	2941721	1400	48.477708672681
20	3032862	1420	48.954453608919
20	3125602	1440	48.84806846137
20	3220123	1460	48.659336169485
20	3316772	1480	48.36814245014
20	3415577	1500	48.548788646277
20	3517142	1520	48.893469901929
20	3620667	1540	48.644113571316
20	3727670	1560	47.295027886169
20	3836261	1580	48.675074688416
20	3946987	1600	48.655436731346
20	4061211	1620	49.235209391642
20	4177336	1640	48.943973030076
20	4294758	1660	48.839155619567
20	4414188	1680	48.538401078251
20	4536677	1700	49.325115844446
20	4662219	1720	49.209340692315
20	4790290	1740	49.05757116518
20	4919676	1760	49.124219349969
20	5050929	1780	50.31015661301
20	5184756	1800	48.316432571017
20	5321797	1820	48.824835564587
20	5460538	1840	48.779540073325
20	5601963	1860	49.165540579821
20	5745639	1880	48.527881978001
20	5892510	1900	49.006573736526
20	6041529	1920	49.135459655992
20	6193350	1940	48.615130713075
20	6347680	1960	48.535854863421
20	6504338	1980	49.247956015717
20	6663422	2000	48.602380302329
21	145622	240	1.7053038443468
21	171563	260	2.1345518553288
21	198645	280	1.4505446941224
21	226113	300	1.9878889445462
21	253347	320	1.9400222247293
21	280446	340	2.2369576091534
21	307846	360	2.1869827024392
21	335060	380	1.6622548742757
21	362369	400	1.869844393117
21	389622	420	2.1526907677123
21	417278	440	2.5377474354695
21	445487	460	2.1836826322183
21	474058	480	2.8721428669911
21	503329	500	2.8334513486882
21	532983	520	2.3195887137064
21	563288	540	2.2992209529044
21	594378	560	3.3879394460684
21	625399	580	2.8896103773508
21	657457	600	2.3885737199419
21	690263	620	2.7566951148601
21	724118	640	3.3953243982279
21	758445	660	2.7475412023313
21	793768	680	2.0120541387511
21	830960	700	2.4982993893601
21	868757	720	2.8813416019195
21	907628	740	2.7153147715338
21	947840	760	2.1958492372373
21	989354	780	2.4108407841438
21	1031780	800	2.2547936838226
21	1075138	820	2.5379135794044
21	1119994	840	2.0137224764104
21	1166133	860	2.7381885331243
21	1213626	880	2.5481268625764
21	1261432	900	2.9039447270073
21	1310400	920	2.8814779617121
21	1360787	940	2.7191905341625
21	1412557	960	3.0950280533023
21	1465405	980	2.6549852077195
21	1519169	1000	2.8117681265546
21	1574442	1020	3.1276367800656
21	1631603	1040	2.7116120502686
21	1689882	1060	2.8223916359348
21	1749301	1080	2.9825534465445
21	1810063	1100	3.2457636951715
21	1872935	1120	2.5686677972053
21	1936821	1140	3.4882856526058
21	2003052	1160	2.8858486432591
21	2070371	1180	2.5629484687252
21	2139847	1200	2.6620532241172
21	2210900	1220	2.7208928807525
21	2284604	1240	2.9849924265628
21	2359593	1260	2.6342668185994
21	2436585	1280	2.7939287892385
21	2515858	1300	2.8240337339157
21	2597294	1320	2.9774556178314
21	2680427	1340	2.6975361884796
21	2765868	1360	2.7505198619566
21	2853611	1380	2.6514093910865
21	2941721	1400	2.7773534007556
21	3032862	1420	2.9033649319425
21	3125602	1440	2.9637525469445
21	3220123	1460	2.9006386570277
21	3316772	1480	2.8626368336595
21	3415577	1500	2.6514932939765
21	3517142	1520	3.0579305995298
21	3620667	1540	2.9117980665601
21	3727670	1560	1.7672329343388
21	3836261	1580	3.447417450014
21	3946987	1600	3.17580050059
21	4061211	1620	2.848726599148
21	4177336	1640	2.979772462911
21	4294758	1660	2.778499671073
21	4414188	1680	2.57626618143
21	4536677	1700	2.6592343206819
21	4662219	1720	2.5649604574134
21	4790290	1740	2.3727767263041
21	4919676	1760	2.5228477299708
21	5050929	1780	2.3341111854779
21	5184756	1800	2.3330852503436
21	5321797	1820	2.7318702498242
21	5460538	1840	2.6202289445882
21	5601963	1860	2.2605892893957
21	5745639	1880	2.6922732108557
21	5892510	1900	2.5963490754395
21	6041529	1920	2.9346008774913
21	6193350	1940	2.7892369898028
21	6347680	1960	2.5920683529488
21	6504338	1980	2.5835163382435
21	6663422	2000	2.7197100110957
22	145622	240	2.908061201544
22	171563	260	4.5563116230875
22	198645	280	2.1040799096465
22	226113	300	3.9517024558488
22	253347	320	3.7636862324437
22	280446	340	5.0039793451491
22	307846	360	4.7828933407684
22	335060	380	2.7630912670534
22	362369	400	3.4963180544709
22	389622	420	4.634077541394
22	417278	440	6.4401620462321
22	445487	460	4.7684698382517
22	474058	480	8.2492046484076
22	503329	500	8.0284465453827
22	532983	520	5.380491800754
22	563288	540	5.2864169902745
22	594378	560	11.478133690226
22	625399	580	8.3498481328937
22	657457	600	5.7052844155972
22	690263	620	7.5993679562934
22	724118	640	11.528227769202
22	758445	660	7.548982658508
22	793768	680	4.0483618572654
22	830960	700	6.2414998388768
22	868757	720	8.302129426952
22	907628	740	7.3729343085096
22	947840	760	4.8217538726755
22	989354	780	5.812153286491
22	1031780	800	5.0840945566062
22	1075138	820	6.4410053365254
22	1119994	840	4.0550782120004
22	1166133	860	7.4976764429337
22	1213626	880	6.4929505077832
22	1261432	900	8.4328949775133
22	1310400	920	8.3029152438324
22	1360787	940	7.393997161079
22	1412557	960	9.5791986507279
22	1465405	980	7.0489464532096
22	1519169	1000	7.9060399975082
22	1574442	1020	9.7821118280189
22	1631603	1040	7.3528399111617
22	1689882	1060	7.9658945465947
22	1749301	1080	8.8956250614943
22	1810063	1100	10.534981964893
22	1872935	1120	6.5980542523996
22	1936821	1140	12.168136794176
22	2003052	1160	8.3281223918002
22	2070371	1180	6.5687048533409
22	2139847	1200	7.086527368033
22	2210900	1220	7.4032580685294
22	2284604	1240	8.910179786637
22	2359593	1260	6.9393616715736
22	2436585	1280	7.8060380793358
22	2515858	1300	7.9751665302939
22	2597294	1320	8.8652419561558
22	2680427	1340	7.2767014881571
22	2765868	1360	7.5653595110177
22	2853611	1380	7.0299717591418
22	2941721	1400	7.7136919126888
22	3032862	1420	8.4295279280338
22	3125602	1440	8.7838291595199
22	3220123	1460	8.4137046186434
22	3316772	1480	8.194689641424
22	3415577	1500	7.0304166880021
22	3517142	1520	9.3509395515406
22	3620667	1540	8.4785679804234
22	3727670	1560	3.1231122442116
22	3836261	1580	11.884687074661
22	3946987	1600	10.085708819548
22	4061211	1620	8.1152432366936
22	4177336	1640	8.8790439307229
22	4294758	1660	7.7200604221526
22	4414188	1680	6.6371474375799
22	4536677	1700	7.0715271722927
22	4662219	1720	6.5790221480946
22	4790290	1740	5.6300693928904
22	4919676	1760	6.3647606686188
22	5050929	1780	5.448075026173
22	5184756	1800	5.4432867853709
22	5321797	1820	7.4631150618743
22	5460538	1840	6.865599722058
22	5601963	1860	5.1102639353304
22	5745639	1880	7.2483350418914
22	5892510	1900	6.7410285215353
22	6041529	1920	8.611882310173
22	6193350	1940	7.7798429852841
22	6347680	1960	6.7188183463585
22	6504338	1980	6.674556669971
22	6663422	2000	7.396822544454
23	145622	240	3270.0695162595
23	171563	260	3269.2577106442
23	198645	280	3780.7997192344
23	226113	300	3832.5102485355
23	253347	320	3684.8896642538
23	280446	340	3783.1853094527
23	307846	360	3921.0439842088
23	335060	380	3957.3928046718
23	362369	400	3645.8613839863
23	389622	420	3419.5931033701
23	417278	440	3697.2730697889
23	445487	460	3652.4088403359
23	474058	480	3944.464716232
23	503329	500	4126.6147963018
23	532983	520	4081.6480285356
23	563288	540	3911.7820552497
23	594378	560	4225.4347586314
23	625399	580	4051.1920485106
23	657457	600	4137.4860260245
23	690263	620	4037.7874703488
23	724118	640	4045.4289667784
23	758445	660	4267.0373218619
23	793768	680	4515.3559294877
23	830960	700	4371.8545764275
23	868757	720	4309.8281249626
23	907628	740	4546.2522236269
23	947840	760	4737.255734888
23	989354	780	4645.1758779344
23	1031780	800	4689.5401037811
23	1075138	820	4608.8389507785
23	1119994	840	4916.2633937956
23	1166133	860	5005.1805128337
23	1213626	880	5052.2650639598
23	1261432	900	4969.5941736967
23	1310400	920	4875.4144455284
23	1360787	940	4649.8834583547
23	1412557	960	5062.8076695033
23	1465405	980	5333.2176611069
23	1519169	1000	4936.3332722614
23	1574442	1020	5029.612143726
23	1631603	1040	5159.6895859217
23	1689882	1060	5432.7666186172
23	1749301	1080	5482.6986188372
23	1810063	1100	5894.6237320022
23	1872935	1120	5495.2028139215
23	1936821	1140	5540.6754611309
23	2003052	1160	5522.621856796
23	2070371	1180	5808.9479140671
23	2139847	1200	5760.0292167551
23	2210900	1220	5247.0400338881
23	2284604	1240	5343.772018749
23	2359593	1260	5342.6924030672
23	2436585	1280	6033.1853242465
23	2515858	1300	5802.9375259173
23	2597294	1320	5845.0796349883
23	2680427	1340	6119.9368470208
23	2765868	1360	6070.4531627349
23	2853611	1380	6024.5680343833
23	2941721	1400	6297.3653666171
23	3032862	1420	6392.7010206181
23	3125602	1440	6303.4665054413
23	3220123	1460	6339.1771856078
23	3316772	1480	6251.0902050696
23	3415577	1500	6028.1982001399
23	3517142	1520	6250.378940386
23	3620667	1540	6567.5863512508
23	3727670	1560	7030.0999743275
23	3836261	1580	6474.0553605948
23	3946987	1600	6700.9255339519
23	4061211	1620	6569.7543512301
23	4177336	1640	6933.4197514047
23	4294758	1660	6533.0406719667
23	4414188	1680	6847.2314550015
23	4536677	1700	6838.2570782059
23	4662219	1720	6829.1139260124
23	4790290	1740	7067.6996819147
23	4919676	1760	6987.6417339294
23	5050929	1780	7148.2284816331
23	5184756	1800	7024.2669851009
23	5321797	1820	7068.5974062251
23	5460538	1840	7027.9967014013
23	5601963	1860	7615.1324511595
23	5745639	1880	7062.6298246939
23	5892510	1900	7206.2724280233
23	6041529	1920	7520.0609721532
23	6193350	1940	7614.7271962507
23	6347680	1960	7795.8196046213
23	6504338	1980	7931.4221128059
23	6663422	2000	7927.3353110717
24	145622	240	44.795472825473
24	171563	260	44.784352200605
24	198645	280	45.009520467076
24	226113	300	45.088355865124
24	253347	320	44.937678832363
24	280446	340	45.037920350628
24	307846	360	45.06947108286
24	335060	380	44.970372780362
24	362369	400	45.010634370201
24	389622	420	44.994646096975
24	417278	440	45.088695973035
24	445487	460	45.091467164641
24	474058	480	45.338674899219
24	503329	500	45.347415343975
24	532983	520	45.351644761507
24	563288	540	45.485837851741
24	594378	560	45.434782350875
24	625399	580	45.519011781018
24	657457	600	45.466879406863
24	690263	620	45.368398543245
24	724118	640	45.45425805369
24	758445	660	45.39401406236
24	793768	680	45.609655853411
24	830960	700	45.540151837786
24	868757	720	45.366611841712
24	907628	740	45.462522236269
24	947840	760	45.550535912384
24	989354	780	45.540939979749
24	1031780	800	45.529515570691
24	1075138	820	45.632068819589
24	1119994	840	45.520957349959
24	1166133	860	45.50164102576
24	1213626	880	45.515901477115
24	1261432	900	45.592607098135
24	1310400	920	45.564620986247
24	1360787	940	45.587092728967
24	1412557	960	45.610879905435
24	1465405	980	45.583056932538
24	1519169	1000	45.706789557976
24	1574442	1020	45.723746761145
24	1631603	1040	45.660969786918
24	1689882	1060	45.653500996783
24	1749301	1080	45.689155156977
24	1810063	1100	45.69475761242
24	1872935	1120	45.793356782679
24	1936821	1140	45.790706290338
24	2003052	1160	45.641502948727
24	2070371	1180	45.739747354859
24	2139847	1200	45.714517593294
24	2210900	1220	45.626435077288
24	2284604	1240	45.673265117513
24	2359593	1260	45.664037633053
24	2436585	1280	45.70594942611
24	2515858	1300	45.692421463916
24	2597294	1320	45.664684648346
24	2680427	1340	45.671170500155
24	2765868	1360	45.64250498297
24	2853611	1380	45.640666927147
24	2941721	1400	45.633082366791
24	3032862	1420	45.662150147272
24	3125602	1440	45.677293517691
24	3220123	1460	45.605591263366
24	3316772	1480	45.628395657442
24	3415577	1500	45.668168182878
24	3517142	1520	45.623203944423
24	3620667	1540	45.608238550353
24	3727670	1560	45.649999833295
24	3836261	1580	45.591939159119
24	3946987	1600	45.58452744185
24	4061211	1620	45.623294105765
24	4177336	1640	45.614603627662
24	4294758	1660	45.685599104663
24	4414188	1680	45.64820970001
24	4536677	1700	45.588380521372
24	4662219	1720	45.527426173416
24	4790290	1740	45.598062463966
24	4919676	1760	45.670861006074
24	5050929	1780	45.530117717408
24	5184756	1800	45.612123279876
24	5321797	1820	45.60385423371
24	5460538	1840	45.636342216892
24	5601963	1860	45.599595515925
24	5745639	1880	45.565353707703
24	5892510	1900	45.609319164704
24	6041529	1920	45.576127103958
24	6193350	1940	45.597168839825
24	6347680	1960	45.589588331119
24	6504338	1980	45.582885705781
24	6663422	2000	45.559398339493
25	145622	240	0.37580049443855
25	171563	260	0.43454570953181
25	198645	280	0.78622765126313
25	226113	300	0.85127398389613
25	253347	320	0.55821672674101
25	280446	340	0.77745525271843
25	307846	360	0.76372246430428
25	335060	380	0.53565295508996
25	362369	400	0.63830348925791
25	389622	420	0.60510140570692
25	417278	440	0.84048989533111
25	445487	460	0.92203043183158
25	474058	480	1.4434951919253
25	503329	500	1.366398235849
25	532983	520	1.3938428676321
25	563288	540	1.5005453711758
25	594378	560	1.3673897639604
25	625399	580	1.5061300974908
25	657457	600	1.3571272029523
25	690263	620	1.2749433674878
25	724118	640	1.2871993237547
25	758445	660	1.2681401216152
25	793768	680	1.4635475974843
25	830960	700	1.2877887072859
25	868757	720	1.1991481355483
25	907628	740	1.2764373378252
25	947840	760	1.270254299147
25	989354	780	1.2294130349146
25	1031780	800	1.2320266740318
25	1075138	820	1.2296802593347
25	1119994	840	1.1198567799553
25	1166133	860	1.1474173296546
25	1213626	880	1.1529151721427
25	1261432	900	1.1713394815826
25	1310400	920	1.1758393294098
25	1360787	940	1.197372867982
25	1412557	960	1.1668081127645
25	1465405	980	1.1399803638409
25	1519169	1000	1.2334653870303
25	1574442	1020	1.1962351717589
25	1631603	1040	1.1739795903741
25	1689882	1060	1.1518839071817
25	1749301	1080	1.1959293417019
25	1810063	1100	1.1953174416333
25	1872935	1120	1.1958106044944
25	1936821	1140	1.1954769915462
25	2003052	1160	1.1715096947887
25	2070371	1180	1.1513737797425
25	2139847	1200	1.1355512721334
25	2210900	1220	1.119204403677
25	2284604	1240	1.1499147288441
25	2359593	1260	1.0439397140457
25	2436585	1280	1.1140123756698
25	2515858	1300	1.042905924327
25	2597294	1320	1.008351088682
25	2680427	1340	1.033475250107
25	2765868	1360	1.0211816018631
25	2853611	1380	1.0055866599741
25	2941721	1400	0.96750539640402
25	3032862	1420	1.0799817283273
25	3125602	1440	1.0087806570296
25	3220123	1460	0.97458157675153
25	3316772	1480	0.92791718499683
25	3415577	1500	1.0170371808197
25	3517142	1520	0.97441844944054
25	3620667	1540	0.97943254065607
25	3727670	1560	0.94349083076593
25	3836261	1580	0.89772924251971
25	3946987	1600	0.92321637634513
25	4061211	1620	0.92846132096477
25	4177336	1640	0.8845128030367
25	4294758	1660	0.94217951634751
25	4414188	1680	0.96455425635866
25	4536677	1700	0.90972296173654
25	4662219	1720	0.85384116283993
25	4790290	1740	0.88404425057534
25	4919676	1760	0.89711789574679
25	5050929	1780	0.89881296842137
25	5184756	1800	0.87061698460307
25	5321797	1820	0.87919057085715
25	5460538	1840	0.89222795758417
25	5601963	1860	0.86656250345864
25	5745639	1880	0.77689535504419
25	5892510	1900	0.85596157654861
25	6041529	1920	0.84552779248973
25	6193350	1940	0.84135659266509
25	6347680	1960	0.81311220287953
25	6504338	1980	0.83771098346843
25	6663422	2000	0.80378861849164
26	145622	240	0.14122601162026
26	171563	260	0.1888299736725
26	198645	280	0.61815391961074
26	226113	300	0.72466739565839
26	253347	320	0.31160591401345
26	280446	340	0.60443666997948
26	307846	360	0.583272002483
26	335060	380	0.28692408829661
26	362369	400	0.40743134439882
26	389622	420	0.3661477111885
26	417278	440	0.7064232641537
26	445487	460	0.85014011722353
26	474058	480	2.0836783691114
26	503329	500	1.8670441389313
26	532983	520	1.9427979396488
26	563288	540	2.251636410957
26	594378	560	1.8697547665837
26	625399	580	2.2684278705677
26	657457	600	1.8417942449931
26	690263	620	1.625480590301
26	724118	640	1.6568820990745
26	758445	660	1.6081793680502
26	793768	680	2.1419715701019
26	830960	700	1.6583997546131
26	868757	720	1.437956250989
26	907628	740	1.6292922773942
26	947840	760	1.6135459845013
26	989354	780	1.511456410418
26	1031780	800	1.5178897255259
26	1075138	820	1.5121135401974
26	1119994	840	1.2540792076119
26	1166133	860	1.3165665283917
26	1213626	880	1.3292133941567
26	1261432	900	1.3720361811143
26	1310400	920	1.3825981285868
26	1360787	940	1.4337017849794
26	1412557	960	1.3614411720131
26	1465405	980	1.2995552299429
26	1519169	1000	1.5214368610017
26	1574442	1020	1.4309785861531
26	1631603	1040	1.3782280786149
26	1689882	1060	1.3268365356241
26	1749301	1080	1.4302469903435
26	1810063	1100	1.4287837862729
26	1872935	1120	1.4299630018214
26	1936821	1140	1.4291652373164
26	2003052	1160	1.3724349649839
26	2070371	1180	1.3256615806785
26	2139847	1200	1.2894766916438
26	2210900	1220	1.25261849721
26	2284604	1240	1.3223038836125
26	2359593	1260	1.0898101265618
26	2436585	1280	1.2410235731455
26	2515858	1300	1.0876527669964
26	2597294	1320	1.0167719180461
26	2680427	1340	1.0680710925838
26	2765868	1360	1.0428118639838
26	2853611	1380	1.011204530718
26	2941721	1400	0.93606669207089
26	3032862	1420	1.1663605335208
26	3125602	1440	1.017638413997
26	3220123	1460	0.94980924974349
26	3316772	1480	0.86103030221243
26	3415577	1500	1.0343646271696
26	3517142	1520	0.94949131461011
26	3620667	1540	0.95928810169601
26	3727670	1560	0.89017494773938
26	3836261	1580	0.80591779287501
26	3946987	1600	0.85232847755184
26	4061211	1620	0.86204042452764
26	4177336	1640	0.78236289873584
26	4294758	1660	0.88770224102484
26	4414188	1680	0.93036491345961
26	4536677	1700	0.8275958671107
26	4662219	1720	0.72904473135984
26	4790290	1740	0.78153423697531
26	4919676	1760	0.80482051886914
26	5050929	1780	0.80786475220243
26	5184756	1800	0.75797393387935
26	5321797	1820	0.77297605988412
26	5460538	1840	0.79607072829482
26	5601963	1860	0.7509305724005
26	5745639	1880	0.60356639268924
26	5892510	1900	0.73267022052758
26	6041529	1920	0.71491724787255
26	6193350	1940	0.70788091602101
26	6347680	1960	0.6611514544716
26	6504338	1980	0.70175969182365
26	6663422	2000	0.64607614321671
