version 2
run statisticRVV-91-20150325-03:59:00-5932
attr c 4
attr configname statisticRVV
attr datetime 20150325-03:59:00
attr experiment statisticRVV
attr inifile omnetpp.ini
attr iterationvars "$sc=\"erlangen-low.launchd.xml\", $p=1/5, $c=4"
attr iterationvars2 "$sc=\"erlangen-low.launchd.xml\", $p=1/5, $c=4, $repetition=1"
attr measurement "$sc=\"erlangen-low.launchd.xml\", $p=1/5, $c=4"
attr network RSUExampleScenario
attr p 1/5
attr processid 5932
attr repetition 1
attr replication #1
attr resultdir results
attr runnumber 91
attr sc "\"erlangen-low.launchd.xml\""
attr seedset 91

vector 0  RSUExampleScenario.rsu[0].appl  Number_CH  ETV
vector 1  RSUExampleScenario.rsu[0].appl  Number_ON  ETV
vector 2  RSUExampleScenario.rsu[0].appl  Number_FN  ETV
vector 3  RSUExampleScenario.rsu[0].appl  Number_CH_Losts  ETV
vector 4  RSUExampleScenario.rsu[0].appl  Mean_Cluster_Size  ETV
vector 5  RSUExampleScenario.rsu[0].appl  StdDev_Cluster_Size  ETV
vector 6  RSUExampleScenario.rsu[0].appl  Variance_Cluster_Size  ETV
vector 7  RSUExampleScenario.rsu[0].appl  Mean_Neighbors  ETV
vector 8  RSUExampleScenario.rsu[0].appl  StdDev_Neighbors  ETV
vector 9  RSUExampleScenario.rsu[0].appl  Variance_Neighbors  ETV
vector 10  RSUExampleScenario.rsu[0].appl  Total_CH_Utility  ETV
vector 11  RSUExampleScenario.rsu[0].appl  Mean_CH_Utility  ETV
vector 12  RSUExampleScenario.rsu[0].appl  StdDev_CH_Utility  ETV
vector 13  RSUExampleScenario.rsu[0].appl  Variance_CH_Utility  ETV
vector 14  RSUExampleScenario.rsu[0].appl  Total_exp_CH_Utility  ETV
vector 15  RSUExampleScenario.rsu[0].appl  Mean_exp_CH_Utility  ETV
vector 16  RSUExampleScenario.rsu[0].appl  StdDev_exp_CH_Utility  ETV
vector 17  RSUExampleScenario.rsu[0].appl  Variance_exp_CH_Utility  ETV
vector 18  RSUExampleScenario.rsu[0].appl  Total_ON_Utility  ETV
vector 19  RSUExampleScenario.rsu[0].appl  Mean_ON_Utility  ETV
vector 20  RSUExampleScenario.rsu[0].appl  StdDev_ON_Utility  ETV
vector 21  RSUExampleScenario.rsu[0].appl  Variance_ON_Utility  ETV
vector 22  RSUExampleScenario.rsu[0].appl  Total_exp_ON_Utility  ETV
vector 23  RSUExampleScenario.rsu[0].appl  Mean_exp_ON_Utility  ETV
vector 24  RSUExampleScenario.rsu[0].appl  StdDev_exp_ON_Utility  ETV
vector 25  RSUExampleScenario.rsu[0].appl  Variance_exp_ON_Utility  ETV
0	34809	240	5
0	40114	260	6
0	45467	280	5
0	50784	300	5
0	56042	320	7
0	61393	340	6
0	66699	360	5
0	71953	380	8
0	77176	400	7
0	82533	420	8
0	87811	440	4
0	93229	460	7
0	98499	480	7
0	103782	500	8
0	109036	520	6
0	114358	540	4
0	119723	560	4
0	125051	580	5
0	130350	600	5
0	135610	620	12
0	140989	640	4
0	146299	660	4
0	151549	680	8
0	156942	700	2
0	162230	720	9
0	167468	740	6
0	172870	760	3
0	178131	780	5
0	183470	800	8
0	188698	820	7
0	194091	840	6
0	199290	860	4
0	204590	880	9
0	210035	900	5
0	215465	920	6
0	220814	940	8
0	226100	960	8
0	231427	980	8
0	236723	1000	4
0	242032	1020	6
0	247332	1040	10
0	252707	1060	6
0	257916	1080	2
0	263231	1100	4
0	268550	1120	3
0	273913	1140	5
0	279380	1160	5
0	284691	1180	6
0	289961	1200	6
0	295273	1220	7
0	300552	1240	6
0	305768	1260	7
0	311099	1280	7
0	316408	1300	8
0	321763	1320	7
0	327196	1340	7
0	332584	1360	5
0	337934	1380	3
0	343198	1400	9
0	348509	1420	6
0	353809	1440	4
0	359085	1460	10
0	364426	1480	5
0	369726	1500	5
0	375049	1520	6
0	380329	1540	5
0	385715	1560	9
0	391074	1580	4
0	396427	1600	8
0	401816	1620	5
0	407143	1640	7
0	412334	1660	4
0	417610	1680	7
0	422942	1700	5
0	428273	1720	4
0	433551	1740	4
0	438854	1760	4
0	444156	1780	7
0	449483	1800	7
0	454386	1820	3
0	458593	1840	2
0	462475	1860	5
0	465868	1880	3
0	468850	1900	1
0	471331	1920	4
0	473380	1940	2
0	474933	1960	2
0	475951	1980	1
0	476519	2000	1
1	34809	240	7
1	40114	260	9
1	45467	280	6
1	50784	300	7
1	56042	320	9
1	61393	340	7
1	66699	360	6
1	71953	380	8
1	77176	400	11
1	82533	420	12
1	87811	440	6
1	93229	460	10
1	98499	480	13
1	103782	500	13
1	109036	520	7
1	114358	540	4
1	119723	560	4
1	125051	580	7
1	130350	600	6
1	135610	620	18
1	140989	640	6
1	146299	660	4
1	151549	680	10
1	156942	700	3
1	162230	720	13
1	167468	740	8
1	172870	760	4
1	178131	780	6
1	183470	800	9
1	188698	820	9
1	194091	840	7
1	199290	860	5
1	204590	880	12
1	210035	900	7
1	215465	920	7
1	220814	940	10
1	226100	960	9
1	231427	980	11
1	236723	1000	4
1	242032	1020	9
1	247332	1040	12
1	252707	1060	9
1	257916	1080	3
1	263231	1100	4
1	268550	1120	4
1	273913	1140	5
1	279380	1160	7
1	284691	1180	8
1	289961	1200	7
1	295273	1220	7
1	300552	1240	8
1	305768	1260	10
1	311099	1280	9
1	316408	1300	11
1	321763	1320	9
1	327196	1340	9
1	332584	1360	7
1	337934	1380	4
1	343198	1400	11
1	348509	1420	8
1	353809	1440	5
1	359085	1460	12
1	364426	1480	7
1	369726	1500	6
1	375049	1520	7
1	380329	1540	6
1	385715	1560	9
1	391074	1580	5
1	396427	1600	9
1	401816	1620	8
1	407143	1640	10
1	412334	1660	4
1	417610	1680	10
1	422942	1700	7
1	428273	1720	5
1	433551	1740	6
1	438854	1760	4
1	444156	1780	9
1	449483	1800	9
1	454386	1820	4
1	458593	1840	2
1	462475	1860	6
1	465868	1880	3
1	468850	1900	1
1	471331	1920	5
1	473380	1940	3
1	474933	1960	3
1	475951	1980	2
1	476519	2000	2
2	34809	240	28
2	40114	260	26
2	45467	280	30
2	50784	300	29
2	56042	320	24
2	61393	340	28
2	66699	360	29
2	71953	380	24
2	77176	400	22
2	82533	420	19
2	87811	440	32
2	93229	460	23
2	98499	480	20
2	103782	500	19
2	109036	520	27
2	114358	540	33
2	119723	560	33
2	125051	580	30
2	130350	600	28
2	135610	620	11
2	140989	640	32
2	146299	660	32
2	151549	680	23
2	156942	700	35
2	162230	720	17
2	167468	740	25
2	172870	760	34
2	178131	780	29
2	183470	800	23
2	188698	820	24
2	194091	840	28
2	199290	860	32
2	204590	880	20
2	210035	900	28
2	215465	920	28
2	220814	940	23
2	226100	960	22
2	231427	980	21
2	236723	1000	32
2	242032	1020	26
2	247332	1040	18
2	252707	1060	25
2	257916	1080	36
2	263231	1100	32
2	268550	1120	34
2	273913	1140	31
2	279380	1160	30
2	284691	1180	27
2	289961	1200	27
2	295273	1220	26
2	300552	1240	26
2	305768	1260	22
2	311099	1280	24
2	316408	1300	21
2	321763	1320	24
2	327196	1340	25
2	332584	1360	29
2	337934	1380	34
2	343198	1400	20
2	348509	1420	26
2	353809	1440	32
2	359085	1460	19
2	364426	1480	28
2	369726	1500	29
2	375049	1520	26
2	380329	1540	28
2	385715	1560	22
2	391074	1580	33
2	396427	1600	24
2	401816	1620	27
2	407143	1640	24
2	412334	1660	32
2	417610	1680	24
2	422942	1700	29
2	428273	1720	32
2	433551	1740	31
2	438854	1760	32
2	444156	1780	24
2	449483	1800	25
2	454386	1820	30
2	458593	1840	30
2	462475	1860	20
2	465868	1880	21
2	468850	1900	21
2	471331	1920	12
2	473380	1940	12
2	474933	1960	9
2	475951	1980	7
2	476519	2000	4
3	34809	240	1
3	40114	260	3
3	45467	280	2
3	50784	300	2
3	56042	320	5
3	61393	340	0
3	66699	360	2
3	71953	380	4
3	77176	400	1
3	82533	420	1
3	87811	440	2
3	93229	460	2
3	98499	480	2
3	103782	500	2
3	109036	520	3
3	114358	540	3
3	119723	560	1
3	125051	580	3
3	130350	600	2
3	135610	620	3
3	140989	640	2
3	146299	660	1
3	151549	680	0
3	156942	700	2
3	162230	720	2
3	167468	740	1
3	172870	760	0
3	178131	780	0
3	183470	800	1
3	188698	820	5
3	194091	840	2
3	199290	860	3
3	204590	880	2
3	210035	900	3
3	215465	920	3
3	220814	940	1
3	226100	960	3
3	231427	980	0
3	236723	1000	0
3	242032	1020	2
3	247332	1040	4
3	252707	1060	1
3	257916	1080	2
3	263231	1100	2
3	268550	1120	0
3	273913	1140	3
3	279380	1160	1
3	284691	1180	1
3	289961	1200	2
3	295273	1220	4
3	300552	1240	2
3	305768	1260	3
3	311099	1280	1
3	316408	1300	2
3	321763	1320	2
3	327196	1340	3
3	332584	1360	0
3	337934	1380	1
3	343198	1400	0
3	348509	1420	0
3	353809	1440	1
3	359085	1460	4
3	364426	1480	5
3	369726	1500	2
3	375049	1520	0
3	380329	1540	2
3	385715	1560	5
3	391074	1580	2
3	396427	1600	5
3	401816	1620	2
3	407143	1640	0
3	412334	1660	1
3	417610	1680	0
3	422942	1700	2
3	428273	1720	1
3	433551	1740	1
3	438854	1760	2
3	444156	1780	4
3	449483	1800	4
3	454386	1820	3
3	458593	1840	4
3	462475	1860	1
3	465868	1880	0
3	468850	1900	1
3	471331	1920	1
3	473380	1940	0
3	474933	1960	0
3	475951	1980	0
3	476519	2000	1
4	34809	240	1.4
4	40114	260	1.5
4	45467	280	1.2
4	50784	300	1.4
4	56042	320	1.2857142857143
4	61393	340	1.1666666666667
4	66699	360	1.2
4	71953	380	1
4	77176	400	1.5714285714286
4	82533	420	1.5
4	87811	440	1.5
4	93229	460	1.4285714285714
4	98499	480	1.8571428571429
4	103782	500	1.625
4	109036	520	1.1666666666667
4	114358	540	1
4	119723	560	1
4	125051	580	1.4
4	130350	600	1.2
4	135610	620	1.5
4	140989	640	1.5
4	146299	660	1
4	151549	680	1.25
4	156942	700	1.5
4	162230	720	1.4444444444444
4	167468	740	1.3333333333333
4	172870	760	1.3333333333333
4	178131	780	1.2
4	183470	800	1.125
4	188698	820	1.2857142857143
4	194091	840	1.1666666666667
4	199290	860	1.25
4	204590	880	1.3333333333333
4	210035	900	1.4
4	215465	920	1.1666666666667
4	220814	940	1.25
4	226100	960	1.125
4	231427	980	1.375
4	236723	1000	1
4	242032	1020	1.5
4	247332	1040	1.2
4	252707	1060	1.5
4	257916	1080	1.5
4	263231	1100	1
4	268550	1120	1.3333333333333
4	273913	1140	1
4	279380	1160	1.4
4	284691	1180	1.3333333333333
4	289961	1200	1.1666666666667
4	295273	1220	1
4	300552	1240	1.3333333333333
4	305768	1260	1.4285714285714
4	311099	1280	1.2857142857143
4	316408	1300	1.375
4	321763	1320	1.2857142857143
4	327196	1340	1.2857142857143
4	332584	1360	1.4
4	337934	1380	1.3333333333333
4	343198	1400	1.2222222222222
4	348509	1420	1.3333333333333
4	353809	1440	1.25
4	359085	1460	1.2
4	364426	1480	1.4
4	369726	1500	1.2
4	375049	1520	1.1666666666667
4	380329	1540	1.2
4	385715	1560	1
4	391074	1580	1.25
4	396427	1600	1.125
4	401816	1620	1.6
4	407143	1640	1.4285714285714
4	412334	1660	1
4	417610	1680	1.4285714285714
4	422942	1700	1.4
4	428273	1720	1.25
4	433551	1740	1.5
4	438854	1760	1
4	444156	1780	1.2857142857143
4	449483	1800	1.2857142857143
4	454386	1820	1.3333333333333
4	458593	1840	1
4	462475	1860	1.2
4	465868	1880	1
4	468850	1900	1
4	471331	1920	1.25
4	473380	1940	1.5
4	474933	1960	1.5
4	475951	1980	2
4	476519	2000	2
5	34809	240	0.54772255750517
5	40114	260	0.54772255750517
5	45467	280	0.44721359549996
5	50784	300	0.54772255750517
5	56042	320	0.48795003647427
5	61393	340	0.40824829046386
5	66699	360	0.44721359549996
5	71953	380	0
5	77176	400	0.53452248382485
5	82533	420	0.53452248382485
5	87811	440	0.57735026918963
5	93229	460	0.53452248382485
5	98499	480	0.37796447300923
5	103782	500	0.51754916950677
5	109036	520	0.40824829046386
5	114358	540	0
5	119723	560	0
5	125051	580	0.54772255750517
5	130350	600	0.44721359549996
5	135610	620	0.52223296786709
5	140989	640	0.57735026918963
5	146299	660	0
5	151549	680	0.46291004988628
5	156942	700	0.70710678118655
5	162230	720	0.72648315725678
5	167468	740	0.51639777949432
5	172870	760	0.57735026918963
5	178131	780	0.44721359549996
5	183470	800	0.35355339059327
5	188698	820	0.48795003647427
5	194091	840	0.40824829046386
5	199290	860	0.5
5	204590	880	0.5
5	210035	900	0.54772255750517
5	215465	920	0.40824829046386
5	220814	940	0.46291004988628
5	226100	960	0.35355339059327
5	231427	980	0.51754916950677
5	236723	1000	0
5	242032	1020	0.54772255750517
5	247332	1040	0.42163702135578
5	252707	1060	0.54772255750517
5	257916	1080	0.70710678118655
5	263231	1100	0
5	268550	1120	0.57735026918963
5	273913	1140	0
5	279380	1160	0.54772255750517
5	284691	1180	0.51639777949432
5	289961	1200	0.40824829046386
5	295273	1220	0
5	300552	1240	0.51639777949432
5	305768	1260	0.53452248382485
5	311099	1280	0.48795003647427
5	316408	1300	0.51754916950677
5	321763	1320	0.48795003647427
5	327196	1340	0.48795003647427
5	332584	1360	0.54772255750517
5	337934	1380	0.57735026918963
5	343198	1400	0.4409585518441
5	348509	1420	0.51639777949432
5	353809	1440	0.5
5	359085	1460	0.42163702135578
5	364426	1480	0.54772255750517
5	369726	1500	0.44721359549996
5	375049	1520	0.40824829046386
5	380329	1540	0.44721359549996
5	385715	1560	0
5	391074	1580	0.5
5	396427	1600	0.35355339059327
5	401816	1620	0.54772255750517
5	407143	1640	0.53452248382485
5	412334	1660	0
5	417610	1680	0.53452248382485
5	422942	1700	0.54772255750517
5	428273	1720	0.5
5	433551	1740	0.57735026918963
5	438854	1760	0
5	444156	1780	0.48795003647427
5	449483	1800	0.48795003647427
5	454386	1820	0.57735026918963
5	458593	1840	0
5	462475	1860	0.44721359549996
5	465868	1880	0
5	468850	1900	nan
5	471331	1920	0.5
5	473380	1940	0.70710678118655
5	474933	1960	0.70710678118655
5	475951	1980	nan
5	476519	2000	nan
6	34809	240	0.3
6	40114	260	0.3
6	45467	280	0.2
6	50784	300	0.3
6	56042	320	0.23809523809524
6	61393	340	0.16666666666667
6	66699	360	0.2
6	71953	380	0
6	77176	400	0.28571428571429
6	82533	420	0.28571428571429
6	87811	440	0.33333333333333
6	93229	460	0.28571428571429
6	98499	480	0.14285714285714
6	103782	500	0.26785714285714
6	109036	520	0.16666666666667
6	114358	540	0
6	119723	560	0
6	125051	580	0.3
6	130350	600	0.2
6	135610	620	0.27272727272727
6	140989	640	0.33333333333333
6	146299	660	0
6	151549	680	0.21428571428571
6	156942	700	0.5
6	162230	720	0.52777777777778
6	167468	740	0.26666666666667
6	172870	760	0.33333333333333
6	178131	780	0.2
6	183470	800	0.125
6	188698	820	0.23809523809524
6	194091	840	0.16666666666667
6	199290	860	0.25
6	204590	880	0.25
6	210035	900	0.3
6	215465	920	0.16666666666667
6	220814	940	0.21428571428571
6	226100	960	0.125
6	231427	980	0.26785714285714
6	236723	1000	0
6	242032	1020	0.3
6	247332	1040	0.17777777777778
6	252707	1060	0.3
6	257916	1080	0.5
6	263231	1100	0
6	268550	1120	0.33333333333333
6	273913	1140	0
6	279380	1160	0.3
6	284691	1180	0.26666666666667
6	289961	1200	0.16666666666667
6	295273	1220	0
6	300552	1240	0.26666666666667
6	305768	1260	0.28571428571429
6	311099	1280	0.23809523809524
6	316408	1300	0.26785714285714
6	321763	1320	0.23809523809524
6	327196	1340	0.23809523809524
6	332584	1360	0.3
6	337934	1380	0.33333333333333
6	343198	1400	0.19444444444444
6	348509	1420	0.26666666666667
6	353809	1440	0.25
6	359085	1460	0.17777777777778
6	364426	1480	0.3
6	369726	1500	0.2
6	375049	1520	0.16666666666667
6	380329	1540	0.2
6	385715	1560	0
6	391074	1580	0.25
6	396427	1600	0.125
6	401816	1620	0.3
6	407143	1640	0.28571428571429
6	412334	1660	0
6	417610	1680	0.28571428571429
6	422942	1700	0.3
6	428273	1720	0.25
6	433551	1740	0.33333333333333
6	438854	1760	0
6	444156	1780	0.23809523809524
6	449483	1800	0.23809523809524
6	454386	1820	0.33333333333333
6	458593	1840	0
6	462475	1860	0.2
6	465868	1880	0
6	468850	1900	nan
6	471331	1920	0.25
6	473380	1940	0.5
6	474933	1960	0.5
6	475951	1980	nan
6	476519	2000	nan
7	34809	240	8.75
7	40114	260	8.9512195121951
7	45467	280	8.7073170731707
7	50784	300	8.9512195121951
7	56042	320	8.85
7	61393	340	9
7	66699	360	9.025
7	71953	380	8.975
7	77176	400	8.875
7	82533	420	9.0769230769231
7	87811	440	8.8571428571429
7	93229	460	9.1538461538462
7	98499	480	9.125
7	103782	500	8.95
7	109036	520	8.85
7	114358	540	8.8048780487805
7	119723	560	8.8536585365854
7	125051	580	8.5952380952381
7	130350	600	8.8717948717949
7	135610	620	8.8780487804878
7	140989	640	8.952380952381
7	146299	660	8.925
7	151549	680	8.8292682926829
7	156942	700	9.175
7	162230	720	9.025641025641
7	167468	740	9
7	172870	760	8.8048780487805
7	178131	780	9.2
7	183470	800	9.225
7	188698	820	9.1
7	194091	840	8.8292682926829
7	199290	860	8.8780487804878
7	204590	880	8.95
7	210035	900	9.15
7	215465	920	9.219512195122
7	220814	940	9.0487804878049
7	226100	960	9
7	231427	980	9.125
7	236723	1000	9
7	242032	1020	9.075
7	247332	1040	9
7	252707	1060	9
7	257916	1080	8.8292682926829
7	263231	1100	9.025641025641
7	268550	1120	8.9512195121951
7	273913	1140	8.9756097560976
7	279380	1160	9.4
7	284691	1180	9
7	289961	1200	8.975
7	295273	1220	8.775
7	300552	1240	8.925
7	305768	1260	8.8717948717949
7	311099	1280	8.85
7	316408	1300	8.9
7	321763	1320	8.95
7	327196	1340	9.025
7	332584	1360	9.125
7	337934	1380	9.1463414634146
7	343198	1400	9.075
7	348509	1420	8.975
7	353809	1440	8.8292682926829
7	359085	1460	8.7073170731707
7	364426	1480	8.7
7	369726	1500	8.95
7	375049	1520	8.7948717948718
7	380329	1540	9.025641025641
7	385715	1560	9.15
7	391074	1580	8.7857142857143
7	396427	1600	8.9512195121951
7	401816	1620	9.325
7	407143	1640	9.175
7	412334	1660	8.925
7	417610	1680	8.975
7	422942	1700	9.1463414634146
7	428273	1720	9
7	433551	1740	9.075
7	438854	1760	8.925
7	444156	1780	9.1
7	449483	1800	9.0243902439024
7	454386	1820	8.8108108108108
7	458593	1840	8.4117647058824
7	462475	1860	8.6129032258065
7	465868	1880	8.4814814814815
7	468850	1900	8.5652173913043
7	471331	1920	8.1428571428571
7	473380	1940	7.6470588235294
7	474933	1960	7.2857142857143
7	475951	1980	6.5
7	476519	2000	4.8571428571429
8	34809	240	2.1691307487397
8	40114	260	1.92290430745
8	45467	280	2.1476021796299
8	50784	300	2.0242433093899
8	56042	320	1.9020906177017
8	61393	340	2.0124611797498
8	66699	360	1.3865193462177
8	71953	380	1.7757266479403
8	77176	400	1.5555937113758
8	82533	420	1.3055471808003
8	87811	440	1.9326643882554
8	93229	460	2.1093583651316
8	98499	480	1.9106650741669
8	103782	500	1.431334324579
8	109036	520	1.5615574079942
8	114358	540	1.9263892674525
8	119723	560	1.9178239701515
8	125051	580	1.8748596540583
8	130350	600	1.5075160325496
8	135610	620	1.6612513649538
8	140989	640	1.886439166627
8	146299	660	1.6233472857822
8	151549	680	1.9092202469122
8	156942	700	1.5670894137761
8	162230	720	1.7394369852458
8	167468	740	1.5217718205054
8	172870	760	2.2607466929659
8	178131	780	1.7126976771554
8	183470	800	1.5605308104156
8	188698	820	1.498717400364
8	194091	840	1.8828494234058
8	199290	860	1.6612513649538
8	204590	880	1.893985081034
8	210035	900	1.6259119728908
8	215465	920	1.7679394096228
8	220814	940	1.8159187690009
8	226100	960	1.8918106058538
8	231427	980	1.6669871486746
8	236723	1000	1.5191090506255
8	242032	1020	1.4030644117751
8	247332	1040	1.5851878478024
8	252707	1060	1.8116432546314
8	257916	1080	1.9222699995629
8	263231	1100	1.6778303578883
8	268550	1120	2.2577778844718
8	273913	1140	2.1504395466747
8	279380	1160	1.498717400364
8	284691	1180	1.8536173919926
8	289961	1200	1.8465143878712
8	295273	1220	1.9280320776138
8	300552	1240	1.5256356388614
8	305768	1260	1.6729974231504
8	311099	1280	1.3876746829286
8	316408	1300	1.6763819404469
8	321763	1320	1.678674690924
8	327196	1340	1.440930966869
8	332584	1360	1.963611272826
8	337934	1380	2.2864926810484
8	343198	1400	1.9133471812239
8	348509	1420	1.9146868258349
8	353809	1440	1.7015057893582
8	359085	1460	1.9136862652878
8	364426	1480	2.1862038284403
8	369726	1500	2.1596533435027
8	375049	1520	1.489957385111
8	380329	1540	1.7842465531655
8	385715	1560	1.7029386365926
8	391074	1580	1.8939662124593
8	396427	1600	2.1673857468411
8	401816	1620	1.575249268024
8	407143	1640	1.4830235919765
8	412334	1660	1.8029534174906
8	417610	1680	2.0189804484645
8	422942	1700	1.8242940498965
8	428273	1720	1.9081471748861
8	433551	1740	1.4212219372328
8	438854	1760	1.5256356388614
8	444156	1780	1.4464811413592
8	449483	1800	1.5081081671758
8	454386	1820	1.4110248016924
8	458593	1840	1.458883904219
8	462475	1860	1.3826886695816
8	465868	1880	1.9684115104936
8	468850	1900	2.0186873988385
8	471331	1920	1.558387444948
8	473380	1940	1.6179144164088
8	474933	1960	1.5406577730393
8	475951	1980	0.8498365855988
8	476519	2000	1.3451854182691
9	34809	240	4.7051282051282
9	40114	260	3.6975609756098
9	45467	280	4.6121951219512
9	50784	300	4.0975609756098
9	56042	320	3.6179487179487
9	61393	340	4.05
9	66699	360	1.9224358974359
9	71953	380	3.1532051282051
9	77176	400	2.4198717948718
9	82533	420	1.7044534412955
9	87811	440	3.7351916376307
9	93229	460	4.4493927125506
9	98499	480	3.650641025641
9	103782	500	2.0487179487179
9	109036	520	2.4384615384615
9	114358	540	3.7109756097561
9	119723	560	3.6780487804878
9	125051	580	3.5150987224158
9	130350	600	2.2726045883941
9	135610	620	2.759756097561
9	140989	640	3.5586527293844
9	146299	660	2.6352564102564
9	151549	680	3.6451219512195
9	156942	700	2.4557692307692
9	162230	720	3.025641025641
9	167468	740	2.3157894736842
9	172870	760	5.1109756097561
9	178131	780	2.9333333333333
9	183470	800	2.4352564102564
9	188698	820	2.2461538461538
9	194091	840	3.5451219512195
9	199290	860	2.759756097561
9	204590	880	3.5871794871795
9	210035	900	2.6435897435897
9	215465	920	3.1256097560976
9	220814	940	3.2975609756098
9	226100	960	3.5789473684211
9	231427	980	2.7788461538462
9	236723	1000	2.3076923076923
9	242032	1020	1.9685897435897
9	247332	1040	2.5128205128205
9	252707	1060	3.2820512820513
9	257916	1080	3.6951219512195
9	263231	1100	2.8151147098516
9	268550	1120	5.0975609756098
9	273913	1140	4.6243902439024
9	279380	1160	2.2461538461538
9	284691	1180	3.4358974358974
9	289961	1200	3.4096153846154
9	295273	1220	3.7173076923077
9	300552	1240	2.3275641025641
9	305768	1260	2.7989203778677
9	311099	1280	1.925641025641
9	316408	1300	2.8102564102564
9	321763	1320	2.8179487179487
9	327196	1340	2.0762820512821
9	332584	1360	3.8557692307692
9	337934	1380	5.2280487804878
9	343198	1400	3.6608974358974
9	348509	1420	3.6660256410256
9	353809	1440	2.8951219512195
9	359085	1460	3.6621951219512
9	364426	1480	4.7794871794872
9	369726	1500	4.6641025641026
9	375049	1520	2.2199730094467
9	380329	1540	3.1835357624831
9	385715	1560	2.9
9	391074	1580	3.5871080139373
9	396427	1600	4.6975609756098
9	401816	1620	2.4814102564103
9	407143	1640	2.199358974359
9	412334	1660	3.250641025641
9	417610	1680	4.0762820512821
9	422942	1700	3.3280487804878
9	428273	1720	3.6410256410256
9	433551	1740	2.0198717948718
9	438854	1760	2.3275641025641
9	444156	1780	2.0923076923077
9	449483	1800	2.2743902439024
9	454386	1820	1.990990990991
9	458593	1840	2.1283422459893
9	462475	1860	1.9118279569892
9	465868	1880	3.8746438746439
9	468850	1900	4.0750988142292
9	471331	1920	2.4285714285714
9	473380	1940	2.6176470588235
9	474933	1960	2.3736263736264
9	475951	1980	0.72222222222222
9	476519	2000	1.8095238095238
10	34809	240	238.0151644118
10	40114	260	285.5230003398
10	45467	280	238.30420457293
10	50784	300	238.30577926324
10	56042	320	332.8220378864
10	61393	340	276.08862828866
10	66699	360	229.9482148617
10	71953	380	368.3531219694
10	77176	400	335.1680413091
10	82533	420	375.59793941889
10	87811	440	187.43953358472
10	93229	460	330.5841901102
10	98499	480	323.34242811286
10	103782	500	378.76629544586
10	109036	520	282.18417250981
10	114358	540	186.78408123886
10	119723	560	186.41558929444
10	125051	580	231.51878625413
10	130350	600	241.52778514917
10	135610	620	563.59103382309
10	140989	640	183.19473902581
10	146299	660	190.15307867604
10	151549	680	379.03589473431
10	156942	700	96.139298261368
10	162230	720	417.17455493655
10	167468	740	281.75556818955
10	172870	760	143.88482224637
10	178131	780	229.22216559809
10	183470	800	374.1056912431
10	188698	820	333.95438518218
10	194091	840	284.11668522665
10	199290	860	189.22602055216
10	204590	880	417.32072240868
10	210035	900	234.22307940721
10	215465	920	283.86326102832
10	220814	940	372.06718894956
10	226100	960	386.84650772472
10	231427	980	373.57357327532
10	236723	1000	183.23424585302
10	242032	1020	289.52990130526
10	247332	1040	478.26955763557
10	252707	1060	287.89359590326
10	257916	1080	94.828851352879
10	263231	1100	182.65905774395
10	268550	1120	141.49712502744
10	273913	1140	231.73692355074
10	279380	1160	237.59961692531
10	284691	1180	288.89533336604
10	289961	1200	280.15824474838
10	295273	1220	327.86179064841
10	300552	1240	276.82240608644
10	305768	1260	330.10763774128
10	311099	1280	326.32092253615
10	316408	1300	372.51372649846
10	321763	1320	329.97253696785
10	327196	1340	332.0683755299
10	332584	1360	237.33917946215
10	337934	1380	142.82990450631
10	343198	1400	418.95516057452
10	348509	1420	278.02338057429
10	353809	1440	194.29154740666
10	359085	1460	459.15041895982
10	364426	1480	227.61001955226
10	369726	1500	229.92612649775
10	375049	1520	285.5318833713
10	380329	1540	229.05087509392
10	385715	1560	424.08858439447
10	391074	1580	193.81921847329
10	396427	1600	378.12771364848
10	401816	1620	229.2873035194
10	407143	1640	331.39928980052
10	412334	1660	186.09866021624
10	417610	1680	330.90703601781
10	422942	1700	229.63817009934
10	428273	1720	184.94489069032
10	433551	1740	183.77687911205
10	438854	1760	181.57152945591
10	444156	1780	329.70110062485
10	449483	1800	320.88338863459
10	454386	1820	144.01277530302
10	458593	1840	98.588472831887
10	462475	1860	234.26596848619
10	465868	1880	135.93829457558
10	468850	1900	44.816247193858
10	471331	1920	195.93476536149
10	473380	1940	92.979459938436
10	474933	1960	94.893026799873
10	475951	1980	47.541480542052
10	476519	2000	49.338773734508
11	34809	240	47.603032882361
11	40114	260	47.5871667233
11	45467	280	47.660840914587
11	50784	300	47.661155852648
11	56042	320	47.546005412343
11	61393	340	46.014771381443
11	66699	360	45.989642972339
11	71953	380	46.044140246175
11	77176	400	47.881148758442
11	82533	420	46.949742427362
11	87811	440	46.85988339618
11	93229	460	47.226312872886
11	98499	480	46.191775444695
11	103782	500	47.345786930732
11	109036	520	47.030695418302
11	114358	540	46.696020309714
11	119723	560	46.60389732361
11	125051	580	46.303757250825
11	130350	600	48.305557029833
11	135610	620	46.965919485257
11	140989	640	45.798684756454
11	146299	660	47.538269669009
11	151549	680	47.379486841788
11	156942	700	48.069649130684
11	162230	720	46.352728326283
11	167468	740	46.959261364925
11	172870	760	47.961607415456
11	178131	780	45.844433119617
11	183470	800	46.763211405388
11	188698	820	47.707769311739
11	194091	840	47.352780871108
11	199290	860	47.306505138041
11	204590	880	46.36896915652
11	210035	900	46.844615881442
11	215465	920	47.31054350472
11	220814	940	46.508398618695
11	226100	960	48.35581346559
11	231427	980	46.696696659416
11	236723	1000	45.808561463255
11	242032	1020	48.254983550877
11	247332	1040	47.826955763557
11	252707	1060	47.982265983876
11	257916	1080	47.41442567644
11	263231	1100	45.664764435987
11	268550	1120	47.165708342479
11	273913	1140	46.347384710148
11	279380	1160	47.519923385061
11	284691	1180	48.149222227673
11	289961	1200	46.693040791396
11	295273	1220	46.837398664058
11	300552	1240	46.137067681074
11	305768	1260	47.158233963041
11	311099	1280	46.617274648021
11	316408	1300	46.564215812307
11	321763	1320	47.13893385255
11	327196	1340	47.438339361415
11	332584	1360	47.46783589243
11	337934	1380	47.609968168771
11	343198	1400	46.550573397169
11	348509	1420	46.337230095715
11	353809	1440	48.572886851664
11	359085	1460	45.915041895982
11	364426	1480	45.522003910453
11	369726	1500	45.98522529955
11	375049	1520	47.588647228549
11	380329	1540	45.810175018784
11	385715	1560	47.120953821608
11	391074	1580	48.454804618323
11	396427	1600	47.265964206059
11	401816	1620	45.857460703881
11	407143	1640	47.342755685788
11	412334	1660	46.524665054061
11	417610	1680	47.27243371683
11	422942	1700	45.927634019868
11	428273	1720	46.23622267258
11	433551	1740	45.944219778011
11	438854	1760	45.392882363977
11	444156	1780	47.100157232122
11	449483	1800	45.840484090656
11	454386	1820	48.004258434339
11	458593	1840	49.294236415943
11	462475	1860	46.853193697238
11	465868	1880	45.312764858526
11	468850	1900	44.816247193858
11	471331	1920	48.983691340374
11	473380	1940	46.489729969218
11	474933	1960	47.446513399937
11	475951	1980	47.541480542052
11	476519	2000	49.338773734508
12	34809	240	3.4288698566326
12	40114	260	1.6718912551427
12	45467	280	2.8642027145434
12	50784	300	3.0379435348955
12	56042	320	1.8093342763162
12	61393	340	0.80178392425891
12	66699	360	0.73283848599241
12	71953	380	1.4016640040577
12	77176	400	3.0349902013944
12	82533	420	1.9480179500974
12	87811	440	2.93833228493
12	93229	460	1.9730480172051
12	98499	480	1.5503102836102
12	103782	500	3.08567771635
12	109036	520	2.2390548213057
12	114358	540	0.9846377692012
12	119723	560	1.5449344756142
12	125051	580	1.9135989615768
12	130350	600	2.7108356448672
12	135610	620	1.9520297036118
12	140989	640	1.3788497833517
12	146299	660	1.6065115508131
12	151549	680	1.1340646314402
12	156942	700	3.0143907217583
12	162230	720	1.5632026314046
12	167468	740	1.9048726484865
12	172870	760	2.9064811292406
12	178131	780	0.67072823845872
12	183470	800	1.8025749535707
12	188698	820	4.6216862682713
12	194091	840	1.4699293523903
12	199290	860	2.3144049509703
12	204590	880	2.7632272252011
12	210035	900	2.2592387060932
12	215465	920	2.4187996844168
12	220814	940	1.758828550967
12	226100	960	3.4297696786204
12	231427	980	2.9685513735337
12	236723	1000	3.8487420546948
12	242032	1020	2.8620157433511
12	247332	1040	2.8825089393859
12	252707	1060	2.9183011133107
12	257916	1080	1.6989836885726
12	263231	1100	1.3655811879626
12	268550	1120	0.96436654550629
12	273913	1140	0.84546020476114
12	279380	1160	1.9253357213478
12	284691	1180	0.90218023362241
12	289961	1200	1.1397716389371
12	295273	1220	1.8802154860461
12	300552	1240	3.0650295353273
12	305768	1260	2.2794815500072
12	311099	1280	1.3231906937166
12	316408	1300	1.2995331885947
12	321763	1320	0.82646567267115
12	327196	1340	1.6009496800379
12	332584	1360	1.5336750930904
12	337934	1380	0.53918271743242
12	343198	1400	1.4192286948421
12	348509	1420	3.7931497096907
12	353809	1440	2.5065003092232
12	359085	1460	2.2090467405533
12	364426	1480	1.0990701972355
12	369726	1500	1.1304858061786
12	375049	1520	2.3868801312453
12	380329	1540	0.97778371028214
12	385715	1560	1.6171757005565
12	391074	1580	2.696122401794
12	396427	1600	1.5411124029997
12	401816	1620	1.3222433481643
12	407143	1640	2.3127444021625
12	412334	1660	1.2919346138513
12	417610	1680	1.404919652488
12	422942	1700	1.8329133531047
12	428273	1720	1.8478533275147
12	433551	1740	1.0739002276324
12	438854	1760	0.92833656113665
12	444156	1780	2.9784599206508
12	449483	1800	0.99984459434428
12	454386	1820	3.039169127079
12	458593	1840	4.0475867353379
12	462475	1860	3.3448803702211
12	465868	1880	1.8061249920268
12	468850	1900	nan
12	471331	1920	2.1242196675839
12	473380	1940	0.79488073495939
12	474933	1960	0.28566745532531
12	475951	1980	nan
12	476519	2000	nan
13	34809	240	11.757148493724
13	40114	260	2.7952203690225
13	45467	280	8.2036571899975
13	50784	300	9.2291009212136
13	56042	320	3.2736905234525
13	61393	340	0.64285746120002
13	66699	360	0.53705224655165
13	71953	380	1.9646619802711
13	77176	400	9.21116552256
13	82533	420	3.7947739339016
13	87811	440	8.633796616662
13	93229	460	3.8929184781971
13	98499	480	2.4034619754675
13	103782	500	9.5214069691792
13	109036	520	5.0133664928122
13	114358	540	0.96951153653751
13	119723	560	2.3868225339415
13	125051	580	3.6618609857479
13	130350	600	7.3486298934826
13	135610	620	3.8104199637828
13	140989	640	1.9012267250491
13	146299	660	2.5808793628961
13	151549	680	1.2861025882836
13	156942	700	9.0865514234225
13	162230	720	2.4436024668304
13	167468	740	3.6285398069522
13	172870	760	8.4476325546319
13	178131	780	0.44987636986593
13	183470	800	3.2492764632406
13	188698	820	21.359983962327
13	194091	840	2.1606923010184
13	199290	860	5.356470277076
13	204590	880	7.6354246980923
13	210035	900	5.1041595311098
13	215465	920	5.8505919133347
13	220814	940	3.0934778716966
13	226100	960	11.763320048384
13	231427	980	8.8122972573087
13	236723	1000	14.812815403577
13	242032	1020	8.1911341151897
13	247332	1040	8.3088577856394
13	252707	1060	8.5164813879507
13	257916	1080	2.8865455740359
13	263231	1100	1.8648119809173
13	268550	1120	0.93000283409173
13	273913	1140	0.71480295783475
13	279380	1160	3.7069176398977
13	284691	1180	0.81392917393898
13	289961	1200	1.2990793889253
13	295273	1220	3.5352102739676
13	300552	1240	9.3944060524289
13	305768	1260	5.1960361368233
13	311099	1280	1.7508336119382
13	316408	1300	1.6887865082591
13	321763	1320	0.68304550810378
13	327196	1340	2.5630398780133
13	332584	1360	2.3521592911658
13	337934	1380	0.29071800277781
13	343198	1400	2.0142100882631
13	348509	1420	14.387984720126
13	353809	1440	6.2825438001358
13	359085	1460	4.8798875019492
13	364426	1480	1.2079552984514
13	369726	1500	1.2779981579713
13	375049	1520	5.6971967609337
13	380329	1540	0.9560609840931
13	385715	1560	2.6152572464705
13	391074	1580	7.2690760054554
13	396427	1600	2.3750274386795
13	401816	1620	1.7483274717648
13	407143	1640	5.3487866697338
13	412334	1660	1.669095046467
13	417610	1680	1.973799229947
13	422942	1700	3.3595713599896
13	428273	1720	3.414561920007
13	433551	1740	1.1532616989089
13	438854	1760	0.86180877074303
13	444156	1780	8.8712234989232
13	449483	1800	0.99968921283948
13	454386	1820	9.2365489829903
13	458593	1840	16.382958380083
13	462475	1860	11.188224691091
13	465868	1880	3.2620874868239
13	468850	1900	nan
13	471331	1920	4.5123091961502
13	473380	1940	0.63183538280959
13	474933	1960	0.081605895032038
13	475951	1980	nan
13	476519	2000	nan
14	34809	240	266.90140211163
14	40114	260	404.26810301103
14	45467	280	311.10738102587
14	50784	300	319.11139455191
14	56042	320	539.75026120552
14	61393	340	266.77354199664
14	66699	360	311.807503657
14	71953	380	535.92291541663
14	77176	400	362.5170163519
14	82533	420	405.37740987583
14	87811	440	270.96573982656
14	93229	460	406.16205165218
14	98499	480	405.71324359731
14	103782	500	454.79649771579
14	109036	520	401.53772652457
14	114358	540	316.37142481519
14	119723	560	223.60237636156
14	125051	580	361.08114491776
14	130350	600	317.28440246862
14	135610	620	671.22308365803
14	140989	640	271.47913464162
14	146299	660	223.04466363432
14	151549	680	357.75415555414
14	156942	700	180.50303154365
14	162230	720	490.54280188706
14	167468	740	313.22955101049
14	172870	760	135.75716841453
14	178131	780	222.5090098916
14	183470	800	404.60605025578
14	188698	820	539.06392849403
14	194091	840	361.13885039639
14	199290	860	313.31030809704
14	204590	880	494.1219262611
14	210035	900	357.0998583656
14	215465	920	400.72532109914
14	220814	940	402.50994156608
14	226100	960	496.79988257365
14	231427	980	362.20900708943
14	236723	1000	180.53014742822
14	242032	1020	357.79609706575
14	247332	1040	625.63950896095
14	252707	1060	312.06533346204
14	257916	1080	179.13152106157
14	263231	1100	266.9442298693
14	268550	1120	133.56088845766
14	273913	1140	357.88648466998
14	279380	1160	268.0101309795
14	284691	1180	315.08245307775
14	289961	1200	360.17471784559
14	295273	1220	493.48728976011
14	300552	1240	356.55988371105
14	305768	1260	449.84649577705
14	311099	1280	356.06657477852
14	316408	1300	447.01821075617
14	321763	1320	402.05723322551
14	327196	1340	451.48141146858
14	332584	1360	225.24628454056
14	337934	1380	178.45995928497
14	343198	1400	403.43348115367
14	348509	1420	271.86150957664
14	353809	1440	228.13217380313
14	359085	1460	629.57775991073
14	364426	1480	443.87264045154
14	369726	1500	312.94155265935
14	375049	1520	267.59148265678
14	380329	1540	312.44882878328
14	385715	1560	628.46699004898
14	391074	1580	269.36685111786
14	396427	1600	584.15899525301
14	401816	1620	315.9241814697
14	407143	1640	318.37290728912
14	412334	1660	225.60323147541
14	417610	1680	315.547075391
14	422942	1700	312.68225094908
14	428273	1720	222.43286720138
14	433551	1740	224.44655590495
14	438854	1760	268.8013373547
14	444156	1780	495.16272088687
14	449483	1800	493.42008434081
14	454386	1820	270.90452629717
14	458593	1840	271.64175820547
14	462475	1860	270.1898044811
14	465868	1880	133.72279924981
14	468850	1900	88.704224150313
14	471331	1920	227.08176897188
14	473380	1940	90.378273386544
14	474933	1960	92.143056576405
14	475951	1980	45.610508002921
14	476519	2000	94.088496268189
15	34809	240	44.483567018605
15	40114	260	44.918678112336
15	45467	280	44.443911575124
15	50784	300	45.587342078844
15	56042	320	44.979188433793
15	61393	340	44.462256999439
15	66699	360	44.543929093858
15	71953	380	44.660242951386
15	77176	400	45.314627043988
15	82533	420	45.041934430648
15	87811	440	45.160956637759
15	93229	460	45.129116850242
15	98499	480	45.079249288591
15	103782	500	45.479649771579
15	109036	520	44.615302947174
15	114358	540	45.195917830742
15	119723	560	44.720475272313
15	125051	580	45.13514311472
15	130350	600	45.326343209802
15	135610	620	44.748205577202
15	140989	640	45.24652244027
15	146299	660	44.608932726864
15	151549	680	44.719269444268
15	156942	700	45.125757885913
15	162230	720	44.594800171551
15	167468	740	44.747078715785
15	172870	760	45.252389471511
15	178131	780	44.501801978319
15	183470	800	44.956227806197
15	188698	820	44.921994041169
15	194091	840	45.142356299549
15	199290	860	44.758615442435
15	204590	880	44.920175114645
15	210035	900	44.6374822957
15	215465	920	44.525035677682
15	220814	940	44.723326840675
15	226100	960	45.163625688513
15	231427	980	45.276125886179
15	236723	1000	45.132536857055
15	242032	1020	44.724512133219
15	247332	1040	44.688536354353
15	252707	1060	44.580761923148
15	257916	1080	44.782880265393
15	263231	1100	44.490704978216
15	268550	1120	44.520296152552
15	273913	1140	44.735810583747
15	279380	1160	44.66835516325
15	284691	1180	45.011779011107
15	289961	1200	45.021839730699
15	295273	1220	44.862480887283
15	300552	1240	44.569985463881
15	305768	1260	44.984649577705
15	311099	1280	44.508321847315
15	316408	1300	44.701821075617
15	321763	1320	44.673025913946
15	327196	1340	45.148141146858
15	332584	1360	45.049256908111
15	337934	1380	44.614989821243
15	343198	1400	44.825942350408
15	348509	1420	45.310251596106
15	353809	1440	45.626434760626
15	359085	1460	44.969839993623
15	364426	1480	44.387264045154
15	369726	1500	44.705936094193
15	375049	1520	44.598580442797
15	380329	1540	44.63554696904
15	385715	1560	44.890499289213
15	391074	1580	44.89447518631
15	396427	1600	44.935307327155
15	401816	1620	45.132025924243
15	407143	1640	45.481843898445
15	412334	1660	45.120646295083
15	417610	1680	45.078153627285
15	422942	1700	44.668892992725
15	428273	1720	44.486573440277
15	433551	1740	44.88931118099
15	438854	1760	44.800222892451
15	444156	1780	45.014792807897
15	449483	1800	44.85637130371
15	454386	1820	45.150754382862
15	458593	1840	45.273626367579
15	462475	1860	45.031634080183
15	465868	1880	44.574266416603
15	468850	1900	44.352112075157
15	471331	1920	45.416353794375
15	473380	1940	45.189136693272
15	474933	1960	46.071528288202
15	475951	1980	45.610508002921
15	476519	2000	47.044248134094
16	34809	240	0.40961655441854
16	40114	260	0.71338521848
16	45467	280	0.44206681989854
16	50784	300	1.5894409743746
16	56042	320	1.2328254748035
16	61393	340	0.47922057693
16	66699	360	0.34244381603117
16	71953	380	0.82391187058723
16	77176	400	1.3654255799848
16	82533	420	1.0062245888379
16	87811	440	1.0932689424518
16	93229	460	0.73419421940275
16	98499	480	1.3412876343785
16	103782	500	1.3595546218738
16	109036	520	0.51087336056662
16	114358	540	1.6985208572119
16	119723	560	0.71301097070126
16	125051	580	0.76441716749272
16	130350	600	1.3297735113285
16	135610	620	0.61363521254101
16	140989	640	1.5048565297489
16	146299	660	0.1911006143033
16	151549	680	0.32840156137808
16	156942	700	0.62634122299656
16	162230	720	0.41527183501467
16	167468	740	0.67729771140522
16	172870	760	1.5589244842161
16	178131	780	0.77756633112505
16	183470	800	1.1812122152634
16	188698	820	0.74117654320235
16	194091	840	1.5309872738863
16	199290	860	0.60532390942187
16	204590	880	0.60220021842554
16	210035	900	0.67361208248775
16	215465	920	0.39718946605175
16	220814	940	0.69851490276562
16	226100	960	0.97137785592185
16	231427	980	1.1568237755613
16	236723	1000	1.0521912602734
16	242032	1020	0.39842902661013
16	247332	1040	0.61769834471462
16	252707	1060	0.61470172666145
16	257916	1080	0.54175904360302
16	263231	1100	0.39211613898508
16	268550	1120	0.40546436554323
16	273913	1140	1.0011649633412
16	279380	1160	0.72039958486483
16	284691	1180	0.7927827330131
16	289961	1200	0.91234205273198
16	295273	1220	0.65108804706705
16	300552	1240	0.51173524784471
16	305768	1260	0.77882174083146
16	311099	1280	0.4362571703988
16	316408	1300	0.64328217410389
16	321763	1320	0.37744110370583
16	327196	1340	1.0942743387297
16	332584	1360	1.3174817454622
16	337934	1380	0.44377441839872
16	343198	1400	0.54741484572738
16	348509	1420	1.4017174348636
16	353809	1440	1.4229150526225
16	359085	1460	0.68304444386338
16	364426	1480	0.55099856816671
16	369726	1500	0.58069357574268
16	375049	1520	0.60906651155152
16	380329	1540	0.51786822424014
16	385715	1560	1.0128881439914
16	391074	1580	1.6410992204803
16	396427	1600	1.0071692973116
16	401816	1620	0.86347668100845
16	407143	1640	1.9148836864993
16	412334	1660	1.2406829574697
16	417610	1680	1.1957719971912
16	422942	1700	0.85475005577884
16	428273	1720	0.54154296294286
16	433551	1740	1.4040130610579
16	438854	1760	0.6108940605682
16	444156	1780	0.72653181471417
16	449483	1800	1.1161690275695
16	454386	1820	1.2567141090059
16	458593	1840	0.4710761313204
16	462475	1860	0.94984808061485
16	465868	1880	0.42444105194554
16	468850	1900	0.075094460095541
16	471331	1920	0.61940863908189
16	473380	1940	0.039282470499704
16	474933	1960	0.4892274028521
16	475951	1980	nan
16	476519	2000	0.92754884158271
17	34809	240	0.16778572165371
17	40114	260	0.50891846994576
17	45467	280	0.19542307325521
17	50784	300	2.5263226110207
17	56042	320	1.5198586513246
17	61393	340	0.22965236135312
17	66699	360	0.11726776713799
17	71953	380	0.67883077049455
17	77176	400	1.8643870144767
17	82533	420	1.012487923182
17	87811	440	1.1952369805297
17	93229	460	0.53904115180441
17	98499	480	1.7990525181366
17	103782	500	1.8483887698584
17	109036	520	0.26099159053663
17	114358	540	2.8849731023839
17	119723	560	0.50838464434035
17	125051	580	0.58433360595759
17	130350	600	1.7682975914309
17	135610	620	0.37654817407025
17	140989	640	2.2645931751279
17	146299	660	0.036519444787098
17	151549	680	0.10784758551556
17	156942	700	0.39230332762483
17	162230	720	0.17245069695645
17	167468	740	0.45873218987474
17	172870	760	2.4302455474885
17	178131	780	0.60460939929927
17	183470	800	1.3952622974874
17	188698	820	0.54934266819339
17	194091	840	2.3439220328019
17	199290	860	0.36641703531778
17	204590	880	0.36264510307177
17	210035	900	0.45375323767349
17	215465	920	0.15775947194247
17	220814	940	0.48792306938566
17	226100	960	0.94357493897533
17	231427	980	1.3382412477038
17	236723	1000	1.1071064481956
17	242032	1020	0.1587456892455
17	247332	1040	0.38155124506318
17	252707	1060	0.37785821276057
17	257916	1080	0.29350286132565
17	263231	1100	0.15375506645257
17	268550	1120	0.16440135172538
17	273913	1140	1.0023312838219
17	279380	1160	0.51897556187342
17	284691	1180	0.62850446176371
17	289961	1200	0.83236802118321
17	295273	1220	0.42391564503358
17	300552	1240	0.26187296388669
17	305768	1260	0.60656330399175
17	311099	1280	0.19032031872436
17	316408	1300	0.41381195551982
17	321763	1320	0.14246178676667
17	327196	1340	1.1974363284023
17	332584	1360	1.7357581496261
17	337934	1380	0.19693573442512
17	343198	1400	0.29966301332273
17	348509	1420	1.9648117672007
17	353809	1440	2.0246872469796
17	359085	1460	0.46654971229263
17	364426	1480	0.30359942212177
17	369726	1500	0.33720502890881
17	375049	1520	0.37096201549354
17	380329	1540	0.26818749767764
17	385715	1560	1.0259423922384
17	391074	1580	2.6932066514611
17	396427	1600	1.0143899934471
17	401816	1620	0.74559197864536
17	407143	1640	3.6667795328211
17	412334	1660	1.5392942009557
17	417610	1680	1.4298706692666
17	422942	1700	0.73059765785393
17	428273	1720	0.29326878071293
17	433551	1740	1.9712526756212
17	438854	1760	0.37319155323751
17	444156	1780	0.52784847779187
17	449483	1800	1.2458332981054
17	454386	1820	1.5793303517745
17	458593	1840	0.2219127214998
17	462475	1860	0.90221137624771
17	465868	1880	0.18015020657664
17	468850	1900	0.0056391779370408
17	471331	1920	0.38366706216927
17	473380	1940	0.0015431124885601
17	474933	1960	0.23934345170141
17	475951	1980	nan
17	476519	2000	0.86034685352142
18	34809	240	941.56488705775
18	40114	260	1086.8689753784
18	45467	280	995.46001538216
18	50784	300	877.9893075284
18	56042	320	845.41353854542
18	61393	340	800.60476538471
18	66699	360	878.32612128907
18	71953	380	697.37736647949
18	77176	400	843.01596415959
18	82533	420	979.89462430566
18	87811	440	980.53969842972
18	93229	460	830.71771018944
18	98499	480	974.52240371686
18	103782	500	931.63332098094
18	109036	520	1068.9061667484
18	114358	540	1076.250064592
18	119723	560	939.78276957757
18	125051	580	809.33865492332
18	130350	600	788.35437774868
18	135610	620	895.99142291704
18	140989	640	946.6686383849
18	146299	660	1038.6148106056
18	151549	680	1034.7968379779
18	156942	700	1078.7510058262
18	162230	720	981.34441750225
18	167468	740	842.93948500946
18	172870	760	982.78289312862
18	178131	780	927.19495766924
18	183470	800	837.79836943773
18	188698	820	622.2028810162
18	194091	840	836.54286337305
18	199290	860	836.37214747886
18	204590	880	791.01614626027
18	210035	900	998.43055686455
18	215465	920	962.39504964082
18	220814	940	1037.1765641715
18	226100	960	813.0270613286
18	231427	980	802.1850071613
18	236723	1000	901.07808676953
18	242032	1020	856.12116105064
18	247332	1040	860.93202197363
18	252707	1060	1004.0309881644
18	257916	1080	1010.9042997772
18	263231	1100	810.49213624891
18	268550	1120	807.10175378814
18	273913	1140	612.0724970801
18	279380	1160	802.02239377118
18	284691	1180	698.96983586841
18	289961	1200	704.59327696211
18	295273	1220	717.27918778822
18	300552	1240	758.27274317017
18	305768	1260	704.95148522943
18	311099	1280	987.59826724406
18	316408	1300	880.33532745739
18	321763	1320	1001.1791996068
18	327196	1340	763.94996409686
18	332584	1360	798.47390965847
18	337934	1380	803.53491934288
18	343198	1400	739.84701630181
18	348509	1420	893.71486824328
18	353809	1440	833.47010473001
18	359085	1460	697.181755569
18	364426	1480	882.04592549377
18	369726	1500	882.44748679433
18	375049	1520	960.32236212852
18	380329	1540	743.78147885875
18	385715	1560	613.84716807965
18	391074	1580	800.5111072067
18	396427	1600	903.74778393729
18	401816	1620	697.58000383196
18	407143	1640	799.88390879835
18	412334	1660	792.25482479105
18	417610	1680	620.08450851216
18	422942	1700	709.69191663197
18	428273	1720	789.6293996874
18	433551	1740	689.42951749981
18	438854	1760	643.47909871555
18	444156	1780	552.66082697325
18	449483	1800	509.65777518243
18	454386	1820	696.01781766966
18	458593	1840	550.84468887602
18	462475	1860	514.46827859239
18	465868	1880	604.47741499134
18	468850	1900	511.54377106691
18	471331	1920	513.77904142843
18	473380	1940	468.40556423763
18	474933	1960	414.10387223835
18	475951	1980	333.76827347946
18	476519	2000	241.66686748182
19	34809	240	47.078244352887
19	40114	260	47.25517284254
19	45467	280	47.402857875341
19	50784	300	46.209963554126
19	56042	320	46.967418808079
19	61393	340	47.094397963807
19	66699	360	46.227690594161
19	71953	380	46.491824431966
19	77176	400	46.834220231089
19	82533	420	46.66164877646
19	87811	440	46.692366591891
19	93229	460	46.150983899413
19	98499	480	46.405828748422
19	103782	500	46.581666049047
19	109036	520	46.474181162972
19	114358	540	46.793481069216
19	119723	560	46.989138478878
19	125051	580	47.60815617196
19	130350	600	46.373786926393
19	135610	620	47.157443311423
19	140989	640	47.333431919245
19	146299	660	47.209764118435
19	151549	680	47.036219908088
19	156942	700	46.902217644619
19	162230	720	46.730686547726
19	167468	740	46.829971389414
19	172870	760	46.799185387077
19	178131	780	46.359747883462
19	183470	800	46.544353857652
19	188698	820	47.861760078169
19	194091	840	46.474603520725
19	199290	860	46.465119304381
19	204590	880	46.530361544722
19	210035	900	47.544312231645
19	215465	920	48.119752482041
19	220814	940	47.144389280523
19	226100	960	47.825121254624
19	231427	980	47.18735336243
19	236723	1000	47.425162461554
19	242032	1020	47.562286725035
19	247332	1040	47.829556776313
19	252707	1060	47.810999436401
19	257916	1080	48.138299989389
19	263231	1100	47.676008014642
19	268550	1120	47.476573752244
19	273913	1140	47.082499775392
19	279380	1160	47.177787868893
19	284691	1180	46.597989057894
19	289961	1200	46.972885130807
19	295273	1220	47.818612519215
19	300552	1240	47.392046448136
19	305768	1260	46.996765681962
19	311099	1280	47.028488916384
19	316408	1300	46.333438287231
19	321763	1320	47.675199981274
19	327196	1340	47.746872756054
19	332584	1360	46.969053509322
19	337934	1380	47.266759961346
19	343198	1400	46.240438518863
19	348509	1420	47.037624644383
19	353809	1440	46.303894707223
19	359085	1460	46.4787837046
19	364426	1480	46.42346976283
19	369726	1500	46.444604568123
19	375049	1520	48.016118106426
19	380329	1540	46.486342428672
19	385715	1560	47.219012929204
19	391074	1580	47.088888659217
19	396427	1600	47.565672838805
19	401816	1620	46.505333588797
19	407143	1640	47.051994635197
19	412334	1660	46.603224987709
19	417610	1680	47.698808347089
19	422942	1700	47.312794442132
19	428273	1720	46.448788216906
19	433551	1740	45.96196783332
19	438854	1760	45.962792765396
19	444156	1780	46.055068914438
19	449483	1800	46.332525016584
19	454386	1820	46.401187844644
19	458593	1840	45.903724073002
19	462475	1860	46.769843508399
19	465868	1880	46.498262691641
19	468850	1900	46.503979187901
19	471331	1920	46.707185584403
19	473380	1940	46.840556423763
19	474933	1960	46.011541359817
19	475951	1980	47.681181925637
19	476519	2000	48.333373496363
20	34809	240	2.5959815393239
20	40114	260	2.6711846231637
20	45467	280	3.6204596868264
20	50784	300	2.2199833559317
20	56042	320	1.9602131088875
20	61393	340	1.9695860113711
20	66699	360	2.2690319779386
20	71953	380	1.4315569245368
20	77176	400	2.2542453549497
20	82533	420	1.7057690589705
20	87811	440	2.4498648917554
20	93229	460	1.3017346830983
20	98499	480	1.884814183099
20	103782	500	2.5295897119673
20	109036	520	1.5112796347712
20	114358	540	2.0682884158559
20	119723	560	2.0065922213686
20	125051	580	2.4758238705453
20	130350	600	2.3284457507132
20	135610	620	2.5932723050507
20	140989	640	2.7374365639222
20	146299	660	2.2643172192072
20	151549	680	2.8169774355618
20	156942	700	2.5220604385857
20	162230	720	2.0295406028783
20	167468	740	1.9408223111626
20	172870	760	2.4525729607292
20	178131	780	2.2102257610971
20	183470	800	2.0694030100904
20	188698	820	3.4217386997041
20	194091	840	2.3396806858053
20	199290	860	2.5656976527806
20	204590	880	1.5922449916335
20	210035	900	2.7391556478219
20	215465	920	2.8591475717605
20	220814	940	3.1208696078134
20	226100	960	4.274462941446
20	231427	980	2.5566641418528
20	236723	1000	2.6755034099698
20	242032	1020	2.6417334784398
20	247332	1040	2.9771070988436
20	252707	1060	2.4671523375736
20	257916	1080	2.7086477407678
20	263231	1100	2.9617712389722
20	268550	1120	3.5740340099552
20	273913	1140	2.1566330023761
20	279380	1160	1.8482872208362
20	284691	1180	3.1815914957245
20	289961	1200	2.7821184097127
20	295273	1220	2.1291707131142
20	300552	1240	2.0516756072729
20	305768	1260	2.203425650976
20	311099	1280	2.3570871082509
20	316408	1300	2.148761451917
20	321763	1320	2.263235305648
20	327196	1340	2.1874812115919
20	332584	1360	2.9324642928401
20	337934	1380	2.6539744850636
20	343198	1400	2.1197524822925
20	348509	1420	2.0831132124528
20	353809	1440	2.2136761067112
20	359085	1460	1.3398884660172
20	364426	1480	2.2447971317171
20	369726	1500	1.3100032380033
20	375049	1520	4.1720249734476
20	380329	1540	2.1732953048702
20	385715	1560	1.5991679025414
20	391074	1580	2.5861374219648
20	396427	1600	1.782958504748
20	401816	1620	2.0516598041968
20	407143	1640	2.1635624230971
20	412334	1660	2.1748349711505
20	417610	1680	2.0125518540031
20	422942	1700	1.9474374755246
20	428273	1720	2.5475246977033
20	433551	1740	1.9904400129323
20	438854	1760	1.9640583793144
20	444156	1780	3.0493069309795
20	449483	1800	2.0447501745398
20	454386	1820	1.8662312285711
20	458593	1840	2.641548437504
20	462475	1860	2.5380917222909
20	465868	1880	2.3185691500998
20	468850	1900	2.5676211660327
20	471331	1920	2.323642380421
20	473380	1940	3.4499612837905
20	474933	1960	2.6590894613773
20	475951	1980	0.98898914797528
20	476519	2000	0.98646190740809
21	34809	240	6.7391201525106
21	40114	260	7.1352272910264
21	45467	280	13.107728343935
21	50784	300	4.928326100614
21	56042	320	3.8424354322546
21	61393	340	3.8792690561889
21	66699	360	5.1485061169081
21	71953	380	2.0493552281893
21	77176	400	5.0816221203124
21	82533	420	2.9096480825413
21	87811	440	6.0018379878556
21	93229	460	1.6945131851809
21	98499	480	3.5525245048113
21	103782	500	6.398824110891
21	109036	520	2.2839661344743
21	114358	540	4.2778169711637
21	119723	560	4.026412342857
21	125051	580	6.1297038379618
21	130350	600	5.4216596140146
21	135610	620	6.7250612481428
21	140989	640	7.4935589414982
21	146299	660	5.1271324691982
21	151549	680	7.9353618724642
21	156942	700	6.360788855879
21	162230	720	4.1190350587316
21	167468	740	3.7667912435065
21	172870	760	6.0151141276998
21	178131	780	4.8850979150174
21	183470	800	4.2824288181712
21	188698	820	11.708295729052
21	194091	840	5.4741057115303
21	199290	860	6.5828044454839
21	204590	880	2.5352441133819
21	210035	900	7.5029736629945
21	215465	920	8.174724837104
21	220814	940	9.7398271089735
21	226100	960	18.271033437795
21	231427	980	6.5365315342358
21	236723	1000	7.1583184967602
21	242032	1020	6.9787557711096
21	247332	1040	8.8631666779851
21	252707	1060	6.0868406567947
21	257916	1080	7.3367725835666
21	263231	1100	8.7720888720031
21	268550	1120	12.773719104316
21	273913	1140	4.6510659069377
21	279380	1160	3.4161656507063
21	284691	1180	10.122524445666
21	289961	1200	7.7401828456624
21	295273	1220	4.5333679255831
21	300552	1240	4.2093727974786
21	305768	1260	4.855084599379
21	311099	1280	5.5558596358828
21	316408	1300	4.6171757772444
21	321763	1320	5.1222340487315
21	327196	1340	4.7850740510678
21	332584	1360	8.5993468287821
21	337934	1380	7.0435805673688
21	343198	1400	4.493350586185
21	348509	1420	4.3393606558956
21	353809	1440	4.9003619054242
21	359085	1460	1.795301101366
21	364426	1480	5.0391141625654
21	369726	1500	1.716108483579
21	375049	1520	17.405792379071
21	380329	1540	4.7232124821709
21	385715	1560	2.5573379805187
21	391074	1580	6.6881067652867
21	396427	1600	3.1789410296531
21	401816	1620	4.2093079521569
21	407143	1640	4.6810023586379
21	412334	1660	4.7299071517391
21	417610	1680	4.0503649650511
21	422942	1700	3.7925127210775
21	428273	1720	6.489882085408
21	433551	1740	3.9618514450818
21	438854	1760	3.8575253173552
21	444156	1780	9.2982727593194
21	449483	1800	4.1810032762806
21	454386	1820	3.4828189984941
21	458593	1840	6.9777781476798
21	462475	1860	6.4419095907615
21	465868	1880	5.3757629037944
21	468850	1900	6.5926784522591
21	471331	1920	5.3993139120885
21	473380	1940	11.902232859653
21	474933	1960	7.0707567636078
21	475951	1980	0.97809953481287
21	476519	2000	0.97310709476721
22	34809	240	1528.7868955935
22	40114	260	1441.9118323924
22	45467	280	1528.5504484863
22	50784	300	1519.9863241721
22	56042	320	1253.7039431662
22	61393	340	1569.9536401167
22	66699	360	1480.1051613013
22	71953	380	1252.7155907374
22	77176	400	1433.4598389124
22	82533	420	1344.2320022375
22	87811	440	1615.7409315425
22	93229	460	1338.3372718808
22	98499	480	1391.3495321714
22	103782	500	1345.3509749846
22	109036	520	1392.693843972
22	114358	540	1527.8339282819
22	119723	560	1620.3221800059
22	125051	580	1527.5222562118
22	130350	600	1432.9309537297
22	135610	620	1164.0285995717
22	140989	640	1618.021295824
22	146299	660	1568.6334066298
22	151549	680	1485.1493449371
22	156942	700	1610.6572631085
22	162230	720	1257.683451234
22	167468	740	1434.2038432537
22	172870	760	1704.0379691951
22	178131	780	1568.8102363541
22	183470	800	1393.5033975596
22	188698	820	1255.4183438626
22	194091	840	1481.7724776735
22	199290	860	1525.5699306496
22	204590	880	1298.7956273555
22	210035	900	1436.5936359021
22	215465	920	1441.1444275023
22	220814	940	1437.6484992336
22	226100	960	1253.3172049798
22	231427	980	1432.0488438463
22	236723	1000	1612.5053437506
22	242032	1020	1434.5763503815
22	247332	1040	1176.1260435211
22	252707	1060	1480.2079689499
22	257916	1080	1660.5064824393
22	263231	1100	1479.4338244616
22	268550	1120	1706.483119362
22	273913	1140	1479.1216986163
22	279380	1160	1524.4654722322
22	284691	1180	1474.4381054565
22	289961	1200	1429.2635246959
22	295273	1220	1299.4850809327
22	300552	1240	1434.7095464193
22	305768	1260	1296.9118277757
22	311099	1280	1439.062844848
22	316408	1300	1345.4404919628
22	321763	1320	1394.1526849406
22	327196	1340	1342.5880300223
22	332584	1360	1568.7858609068
22	337934	1380	1660.6676573065
22	343198	1400	1389.6518934256
22	348509	1420	1524.3639772145
22	353809	1440	1610.3648595941
22	359085	1460	1210.1806163784
22	364426	1480	1344.7468410623
22	369726	1500	1475.5582329284
22	375049	1520	1486.5526988491
22	380329	1540	1432.5535411468
22	385715	1560	1165.910180149
22	391074	1580	1618.3588225162
22	396427	1600	1252.8575206376
22	401816	1620	1477.6405964923
22	407143	1640	1481.0617651047
22	412334	1660	1568.327591502
22	417610	1680	1476.3688537128
22	422942	1700	1529.8658146529
22	428273	1720	1571.6706655383
22	433551	1740	1570.722798432
22	438854	1760	1524.5395247746
22	444156	1780	1298.3952881712
22	449483	1800	1348.188578172
22	454386	1820	1388.7400425983
22	458593	1840	1258.8523720658
22	462475	1860	1124.1468030363
22	465868	1880	1079.6093666989
22	468850	1900	949.42205758037
22	471331	1920	723.05216351256
22	473380	1940	681.61053145719
22	474933	1960	546.63743135235
22	475951	1980	410.1247608385
22	476519	2000	233.86443645179
23	34809	240	44.964320458632
23	40114	260	45.059744762263
23	45467	280	44.95736613195
23	50784	300	44.70548012271
23	56042	320	44.775140827363
23	61393	340	44.855818289048
23	66699	360	44.851671554586
23	71953	380	44.739842526337
23	77176	400	44.795619966013
23	82533	420	44.807733407917
23	87811	440	44.881692542848
23	93229	460	44.611242396027
23	98499	480	44.88224297327
23	103782	500	44.845032499488
23	109036	520	44.925607870066
23	114358	540	44.936292008291
23	119723	560	45.008949444608
23	125051	580	44.9271251827
23	130350	600	44.779092304052
23	135610	620	44.770330752758
23	140989	640	44.945035995112
23	146299	660	44.818097332281
23	151549	680	45.004525604153
23	156942	700	44.740479530791
23	162230	720	44.917266115498
23	167468	740	44.818870101679
23	172870	760	44.843104452503
23	178131	780	44.823149610117
23	183470	800	44.951722501922
23	188698	820	44.836369423665
23	194091	840	44.902196293135
23	199290	860	44.869703842635
23	204590	880	44.786056115706
23	210035	900	44.893551121939
23	215465	920	45.035763359446
23	220814	940	44.92651560105
23	226100	960	44.761328749279
23	231427	980	44.751526370197
23	236723	1000	44.791815104182
23	242032	1020	44.830510949421
23	247332	1040	45.235617058503
23	252707	1060	44.854786937874
23	257916	1080	44.87855357944
23	263231	1100	44.831328013987
23	268550	1120	44.907450509525
23	273913	1140	44.821869655039
23	279380	1160	44.837219771534
23	284691	1180	44.679942589592
23	289961	1200	44.664485146747
23	295273	1220	44.809830376989
23	300552	1240	44.834673325605
23	305768	1260	44.721097509508
23	311099	1280	44.970713901501
23	316408	1300	44.848016398761
23	321763	1320	44.972667256149
23	327196	1340	44.752934334076
23	332584	1360	44.822453168765
23	337934	1380	44.882909656931
23	343198	1400	44.827480433083
23	348509	1420	44.834234623956
23	353809	1440	44.732357210946
23	359085	1460	44.821504310312
23	364426	1480	44.824894702078
23	369726	1500	44.713885846315
23	375049	1520	45.047051480276
23	380329	1540	44.767298160837
23	385715	1560	44.842699236499
23	391074	1580	44.954411736561
23	396427	1600	44.744911451343
23	401816	1620	44.776987772495
23	407143	1640	44.880659548628
23	412334	1660	44.809359757201
23	417610	1680	44.738450112509
23	422942	1700	44.996053372144
23	428273	1720	44.904876158236
23	433551	1740	44.877794240916
23	438854	1760	44.839397787487
23	444156	1780	44.772251316247
23	449483	1800	44.9396192724
23	454386	1820	44.798065890267
23	458593	1840	44.959013288065
23	462475	1860	44.96587212145
23	465868	1880	44.983723612455
23	468850	1900	45.210574170494
23	471331	1920	45.190760219535
23	473380	1940	45.440702097146
23	474933	1960	45.553119279362
23	475951	1980	45.569417870944
23	476519	2000	46.772887290357
24	34809	240	1.0321575105216
24	40114	260	1.1358120279861
24	45467	280	1.1007507789573
24	50784	300	0.67296669593041
24	56042	320	0.65006871914266
24	61393	340	0.71414219139055
24	66699	360	0.76826615663661
24	71953	380	0.63246830519441
24	77176	400	0.88889238883369
24	82533	420	0.76523914828458
24	87811	440	0.87489478014386
24	93229	460	0.52778946317878
24	98499	480	0.84477950966396
24	103782	500	1.0373780097002
24	109036	520	0.70799213465403
24	114358	540	0.99463259798768
24	119723	560	0.95905985280215
24	125051	580	0.89911512860798
24	130350	600	0.62886534848432
24	135610	620	0.81664143331305
24	140989	640	1.0462879028907
24	146299	660	0.72801739830537
24	151549	680	1.4008447291053
24	156942	700	0.65042073054587
24	162230	720	1.1529309588205
24	167468	740	0.7859312948196
24	172870	760	0.75018302307478
24	178131	780	0.68701980785165
24	183470	800	1.0485561639077
24	188698	820	0.75571253414638
24	194091	840	1.0631141898969
24	199290	860	0.81891537426643
24	204590	880	0.6709187820168
24	210035	900	0.84607721149023
24	215465	920	0.84095858803737
24	220814	940	0.80592257552439
24	226100	960	0.68903747697014
24	231427	980	0.6774160571848
24	236723	1000	0.58090530100885
24	242032	1020	0.8077175154802
24	247332	1040	1.2665828558967
24	252707	1060	0.80945440367917
24	257916	1080	0.96441741089914
24	263231	1100	0.76881175727674
24	268550	1120	0.99530588081184
24	273913	1140	0.69021292601538
24	279380	1160	0.72931128843837
24	284691	1180	0.66910101728014
24	289961	1200	0.55602997907059
24	295273	1220	0.76510578463208
24	300552	1240	0.69322153994959
24	305768	1260	0.65686009806382
24	311099	1280	0.90052671825496
24	316408	1300	0.71304199547863
24	321763	1320	1.0622566533947
24	327196	1340	0.70074109240705
24	332584	1360	0.84734405353343
24	337934	1380	1.0138037717726
24	343198	1400	0.90201112248861
24	348509	1420	0.93168777744359
24	353809	1440	0.78928505665906
24	359085	1460	0.78739167612344
24	364426	1480	0.7725967323279
24	369726	1500	0.89564982149909
24	375049	1520	1.2056271370541
24	380329	1540	0.77294948347935
24	385715	1560	0.96366356617887
24	391074	1580	0.96623478891163
24	396427	1600	0.78565213773114
24	401816	1620	0.70137182418822
24	407143	1640	0.96290921443407
24	412334	1660	0.81747010739493
24	417610	1680	0.74804104110765
24	422942	1700	1.1081580747843
24	428273	1720	1.0373121511504
24	433551	1740	0.69518732372992
24	438854	1760	0.71008891663051
24	444156	1780	0.68301489966978
24	449483	1800	0.5462516328148
24	454386	1820	0.65704971262353
24	458593	1840	0.79844522873834
24	462475	1860	0.61910142875058
24	465868	1880	0.50457066332856
24	468850	1900	0.89547160593341
24	471331	1920	0.65417817044249
24	473380	1940	0.84551569199459
24	474933	1960	0.54645540210737
24	475951	1980	0.64449354901247
24	476519	2000	0.93664105596756
25	34809	240	1.0653491265261
25	40114	260	1.2900689629179
25	45467	280	1.2116522773751
25	50784	300	0.45288417383149
25	56042	320	0.42258933960778
25	61393	340	0.5099990695241
25	66699	360	0.59023288743318
25	71953	380	0.40001615707549
25	77176	400	0.79012967892646
25	82533	420	0.58559095406731
25	87811	440	0.76544087632298
25	93229	460	0.27856171744255
25	98499	480	0.71365241994809
25	103782	500	1.0761531350095
25	109036	520	0.50125286273197
25	114358	540	0.98929400497972
25	119723	560	0.91979580125688
25	125051	580	0.80840801449175
25	130350	600	0.39547162652431
25	135610	620	0.6669032306036
25	140989	640	1.0947183757354
25	146299	660	0.53000933223532
25	151549	680	1.9623659550622
25	156942	700	0.42304712672382
25	162230	720	1.3292497958068
25	167468	740	0.61768800017681
25	172870	760	0.56277456810961
25	178131	780	0.47199621638052
25	183470	800	1.0994700288689
25	188698	820	0.57110143426595
25	194091	840	1.1302117807602
25	199290	860	0.67062239020992
25	204590	880	0.45013201206291
25	210035	900	0.71584664780309
25	215465	920	0.70721134679381
25	220814	940	0.64951119773987
25	226100	960	0.47477264466938
25	231427	980	0.45889251453179
25	236723	1000	0.33745096874018
25	242032	1020	0.6524075848135
25	247332	1040	1.6042321308514
25	252707	1060	0.65521643163559
25	257916	1080	0.93010094244541
25	263231	1100	0.59107151812695
25	268550	1120	0.99063379637864
25	273913	1140	0.47639388323871
25	279380	1160	0.53189495544363
25	284691	1180	0.44769617132532
25	289961	1200	0.30916933762524
25	295273	1220	0.58538686167746
25	300552	1240	0.48055610345008
25	305768	1260	0.43146518842841
25	311099	1280	0.81094837029104
25	316408	1300	0.50842888731615
25	321763	1320	1.1283891976814
25	327196	1340	0.49103807858783
25	332584	1360	0.71799194505847
25	337934	1380	1.0277980876604
25	343198	1400	0.81362406509317
25	348509	1420	0.86804211463778
25	353809	1440	0.6229709006653
25	359085	1460	0.61998565162848
25	364426	1480	0.59690571080375
25	369726	1500	0.80218860275135
25	375049	1520	1.4535367936014
25	380329	1540	0.597450904011
25	385715	1560	0.92864746878058
25	391074	1580	0.9336096673031
25	396427	1600	0.61724928152151
25	401816	1620	0.49192243576511
25	407143	1640	0.92719415524203
25	412334	1660	0.66825737648428
25	417610	1680	0.55956539918142
25	422942	1700	1.2280143187096
25	428273	1720	1.0760164989244
25	433551	1740	0.48328541507476
25	438854	1760	0.50422626952149
25	444156	1780	0.46650935317093
25	449483	1800	0.29839084635284
25	454386	1820	0.43171432485867
25	458593	1840	0.63751478329501
25	462475	1860	0.38328657908101
25	465868	1880	0.25459155429182
25	468850	1900	0.80186939703296
25	471331	1920	0.42794907868349
25	473380	1940	0.71489678540909
25	474933	1960	0.29861350649233
25	475951	1980	0.41537193471869
25	476519	2000	0.87729646772402
