version 2
run statisticRVV-118-20150325-05:24:16-1376
attr c 6
attr configname statisticRVV
attr datetime 20150325-05:24:16
attr experiment statisticRVV
attr inifile omnetpp.ini
attr iterationvars "$sc=\"erlangen-low.launchd.xml\", $p=1/5, $c=6"
attr iterationvars2 "$sc=\"erlangen-low.launchd.xml\", $p=1/5, $c=6, $repetition=8"
attr measurement "$sc=\"erlangen-low.launchd.xml\", $p=1/5, $c=6"
attr network RSUExampleScenario
attr p 1/5
attr processid 1376
attr repetition 8
attr replication #8
attr resultdir results
attr runnumber 118
attr sc "\"erlangen-low.launchd.xml\""
attr seedset 118

vector 0  RSUExampleScenario.rsu[0].appl  Number_CH  ETV
vector 1  RSUExampleScenario.rsu[0].appl  Number_ON  ETV
vector 2  RSUExampleScenario.rsu[0].appl  Number_FN  ETV
vector 3  RSUExampleScenario.rsu[0].appl  Number_CH_Losts  ETV
vector 4  RSUExampleScenario.rsu[0].appl  Mean_Cluster_Size  ETV
vector 5  RSUExampleScenario.rsu[0].appl  StdDev_Cluster_Size  ETV
vector 6  RSUExampleScenario.rsu[0].appl  Variance_Cluster_Size  ETV
vector 7  RSUExampleScenario.rsu[0].appl  Mean_Neighbors  ETV
vector 8  RSUExampleScenario.rsu[0].appl  StdDev_Neighbors  ETV
vector 9  RSUExampleScenario.rsu[0].appl  Variance_Neighbors  ETV
vector 10  RSUExampleScenario.rsu[0].appl  Total_CH_Utility  ETV
vector 11  RSUExampleScenario.rsu[0].appl  Mean_CH_Utility  ETV
vector 12  RSUExampleScenario.rsu[0].appl  StdDev_CH_Utility  ETV
vector 13  RSUExampleScenario.rsu[0].appl  Variance_CH_Utility  ETV
vector 14  RSUExampleScenario.rsu[0].appl  Total_exp_CH_Utility  ETV
vector 15  RSUExampleScenario.rsu[0].appl  Mean_exp_CH_Utility  ETV
vector 16  RSUExampleScenario.rsu[0].appl  StdDev_exp_CH_Utility  ETV
vector 17  RSUExampleScenario.rsu[0].appl  Variance_exp_CH_Utility  ETV
vector 18  RSUExampleScenario.rsu[0].appl  Total_ON_Utility  ETV
vector 19  RSUExampleScenario.rsu[0].appl  Mean_ON_Utility  ETV
vector 20  RSUExampleScenario.rsu[0].appl  StdDev_ON_Utility  ETV
vector 21  RSUExampleScenario.rsu[0].appl  Variance_ON_Utility  ETV
vector 22  RSUExampleScenario.rsu[0].appl  Total_exp_ON_Utility  ETV
vector 23  RSUExampleScenario.rsu[0].appl  Mean_exp_ON_Utility  ETV
vector 24  RSUExampleScenario.rsu[0].appl  StdDev_exp_ON_Utility  ETV
vector 25  RSUExampleScenario.rsu[0].appl  Variance_exp_ON_Utility  ETV
0	34460	240	6
0	39851	260	3
0	45153	280	6
0	50334	300	5
0	55772	320	6
0	61108	340	6
0	66504	360	6
0	71767	380	6
0	77116	400	6
0	82415	420	7
0	87813	440	5
0	93156	460	7
0	98467	480	7
0	103718	500	6
0	109054	520	5
0	114371	540	10
0	119716	560	5
0	125052	580	8
0	130408	600	11
0	135692	620	8
0	141046	640	4
0	146382	660	7
0	151726	680	8
0	157004	700	7
0	162331	720	8
0	167587	740	6
0	172877	760	4
0	178210	780	3
0	183454	800	4
0	188853	820	4
0	194267	840	8
0	199598	860	8
0	204771	880	8
0	209991	900	6
0	215315	920	6
0	220694	940	5
0	226077	960	8
0	231450	980	6
0	236799	1000	5
0	242033	1020	7
0	247372	1040	7
0	252627	1060	8
0	257990	1080	7
0	263394	1100	9
0	268810	1120	7
0	274167	1140	5
0	279440	1160	8
0	284731	1180	4
0	290041	1200	8
0	295341	1220	7
0	300656	1240	7
0	305927	1260	11
0	311252	1280	9
0	316557	1300	5
0	321890	1320	9
0	327163	1340	5
0	332417	1360	5
0	337831	1380	7
0	343032	1400	10
0	348365	1420	4
0	353631	1440	5
0	359118	1460	8
0	364340	1480	3
0	369592	1500	8
0	374935	1520	8
0	380310	1540	8
0	385572	1560	5
0	390899	1580	5
0	396163	1600	7
0	401358	1620	5
0	406610	1640	8
0	411970	1660	6
0	417307	1680	5
0	422560	1700	3
0	427975	1720	4
0	433312	1740	10
0	438752	1760	5
0	444074	1780	7
0	449448	1800	4
0	454345	1820	10
0	458694	1840	6
0	462473	1860	6
0	465836	1880	4
0	468751	1900	7
0	471266	1920	2
0	473264	1940	3
0	474810	1960	1
0	475865	1980	3
0	476474	2000	1
1	34460	240	8
1	39851	260	3
1	45153	280	9
1	50334	300	7
1	55772	320	9
1	61108	340	7
1	66504	360	10
1	71767	380	9
1	77116	400	7
1	82415	420	7
1	87813	440	6
1	93156	460	8
1	98467	480	11
1	103718	500	10
1	109054	520	6
1	114371	540	12
1	119716	560	8
1	125052	580	13
1	130408	600	14
1	135692	620	10
1	141046	640	5
1	146382	660	8
1	151726	680	10
1	157004	700	9
1	162331	720	11
1	167587	740	9
1	172877	760	7
1	178210	780	5
1	183454	800	5
1	188853	820	5
1	194267	840	9
1	199598	860	11
1	204771	880	10
1	209991	900	9
1	215315	920	8
1	220694	940	6
1	226077	960	10
1	231450	980	9
1	236799	1000	7
1	242033	1020	10
1	247372	1040	12
1	252627	1060	12
1	257990	1080	10
1	263394	1100	11
1	268810	1120	8
1	274167	1140	7
1	279440	1160	11
1	284731	1180	4
1	290041	1200	11
1	295341	1220	11
1	300656	1240	9
1	305927	1260	13
1	311252	1280	13
1	316557	1300	5
1	321890	1320	10
1	327163	1340	7
1	332417	1360	6
1	337831	1380	10
1	343032	1400	12
1	348365	1420	5
1	353631	1440	7
1	359118	1460	12
1	364340	1480	4
1	369592	1500	9
1	374935	1520	12
1	380310	1540	11
1	385572	1560	7
1	390899	1580	7
1	396163	1600	9
1	401358	1620	5
1	406610	1640	10
1	411970	1660	6
1	417307	1680	7
1	422560	1700	4
1	427975	1720	6
1	433312	1740	13
1	438752	1760	7
1	444074	1780	10
1	449448	1800	6
1	454345	1820	15
1	458694	1840	7
1	462473	1860	9
1	465836	1880	4
1	468751	1900	9
1	471266	1920	5
1	473264	1940	5
1	474810	1960	2
1	475865	1980	5
1	476474	2000	2
2	34460	240	26
2	39851	260	35
2	45153	280	25
2	50334	300	27
2	55772	320	27
2	61108	340	27
2	66504	360	25
2	71767	380	25
2	77116	400	27
2	82415	420	26
2	87813	440	31
2	93156	460	25
2	98467	480	23
2	103718	500	24
2	109054	520	29
2	114371	540	18
2	119716	560	27
2	125052	580	18
2	130408	600	15
2	135692	620	23
2	141046	640	32
2	146382	660	24
2	151726	680	23
2	157004	700	23
2	162331	720	21
2	167587	740	25
2	172877	760	29
2	178210	780	33
2	183454	800	31
2	188853	820	32
2	194267	840	24
2	199598	860	22
2	204771	880	22
2	209991	900	25
2	215315	920	27
2	220694	940	30
2	226077	960	23
2	231450	980	25
2	236799	1000	28
2	242033	1020	24
2	247372	1040	21
2	252627	1060	20
2	257990	1080	23
2	263394	1100	21
2	268810	1120	25
2	274167	1140	28
2	279440	1160	23
2	284731	1180	32
2	290041	1200	22
2	295341	1220	22
2	300656	1240	25
2	305927	1260	17
2	311252	1280	18
2	316557	1300	31
2	321890	1320	22
2	327163	1340	28
2	332417	1360	29
2	337831	1380	24
2	343032	1400	18
2	348365	1420	31
2	353631	1440	28
2	359118	1460	21
2	364340	1480	33
2	369592	1500	24
2	374935	1520	20
2	380310	1540	21
2	385572	1560	28
2	390899	1580	28
2	396163	1600	23
2	401358	1620	29
2	406610	1640	22
2	411970	1660	28
2	417307	1680	28
2	422560	1700	34
2	427975	1720	31
2	433312	1740	18
2	438752	1760	28
2	444074	1780	23
2	449448	1800	30
2	454345	1820	13
2	458694	1840	22
2	462473	1860	16
2	465836	1880	20
2	468751	1900	8
2	471266	1920	13
2	473264	1940	10
2	474810	1960	11
2	475865	1980	3
2	476474	2000	5
3	34460	240	3
3	39851	260	2
3	45153	280	2
3	50334	300	2
3	55772	320	3
3	61108	340	4
3	66504	360	4
3	71767	380	2
3	77116	400	3
3	82415	420	3
3	87813	440	1
3	93156	460	1
3	98467	480	2
3	103718	500	3
3	109054	520	0
3	114371	540	1
3	119716	560	0
3	125052	580	3
3	130408	600	1
3	135692	620	4
3	141046	640	2
3	146382	660	2
3	151726	680	4
3	157004	700	1
3	162331	720	2
3	167587	740	2
3	172877	760	0
3	178210	780	1
3	183454	800	2
3	188853	820	0
3	194267	840	4
3	199598	860	2
3	204771	880	1
3	209991	900	1
3	215315	920	3
3	220694	940	1
3	226077	960	3
3	231450	980	1
3	236799	1000	1
3	242033	1020	2
3	247372	1040	0
3	252627	1060	3
3	257990	1080	4
3	263394	1100	2
3	268810	1120	2
3	274167	1140	1
3	279440	1160	4
3	284731	1180	3
3	290041	1200	0
3	295341	1220	3
3	300656	1240	6
3	305927	1260	3
3	311252	1280	4
3	316557	1300	5
3	321890	1320	2
3	327163	1340	2
3	332417	1360	2
3	337831	1380	2
3	343032	1400	2
3	348365	1420	0
3	353631	1440	1
3	359118	1460	4
3	364340	1480	2
3	369592	1500	4
3	374935	1520	4
3	380310	1540	2
3	385572	1560	3
3	390899	1580	0
3	396163	1600	1
3	401358	1620	2
3	406610	1640	2
3	411970	1660	2
3	417307	1680	5
3	422560	1700	0
3	427975	1720	2
3	433312	1740	2
3	438752	1760	2
3	444074	1780	1
3	449448	1800	2
3	454345	1820	4
3	458694	1840	1
3	462473	1860	4
3	465836	1880	2
3	468751	1900	1
3	471266	1920	0
3	473264	1940	1
3	474810	1960	0
3	475865	1980	0
3	476474	2000	0
4	34460	240	1.3333333333333
4	39851	260	1
4	45153	280	1.5
4	50334	300	1.4
4	55772	320	1.5
4	61108	340	1.1666666666667
4	66504	360	1.6666666666667
4	71767	380	1.5
4	77116	400	1.1666666666667
4	82415	420	1
4	87813	440	1.2
4	93156	460	1.1428571428571
4	98467	480	1.5714285714286
4	103718	500	1.6666666666667
4	109054	520	1.2
4	114371	540	1.2
4	119716	560	1.6
4	125052	580	1.625
4	130408	600	1.2727272727273
4	135692	620	1.25
4	141046	640	1.25
4	146382	660	1.1428571428571
4	151726	680	1.25
4	157004	700	1.2857142857143
4	162331	720	1.375
4	167587	740	1.5
4	172877	760	1.75
4	178210	780	1.6666666666667
4	183454	800	1.25
4	188853	820	1.25
4	194267	840	1.125
4	199598	860	1.375
4	204771	880	1.25
4	209991	900	1.5
4	215315	920	1.3333333333333
4	220694	940	1.2
4	226077	960	1.25
4	231450	980	1.5
4	236799	1000	1.4
4	242033	1020	1.4285714285714
4	247372	1040	1.7142857142857
4	252627	1060	1.5
4	257990	1080	1.4285714285714
4	263394	1100	1.2222222222222
4	268810	1120	1.1428571428571
4	274167	1140	1.4
4	279440	1160	1.375
4	284731	1180	1
4	290041	1200	1.375
4	295341	1220	1.5714285714286
4	300656	1240	1.2857142857143
4	305927	1260	1.1818181818182
4	311252	1280	1.4444444444444
4	316557	1300	1
4	321890	1320	1.1111111111111
4	327163	1340	1.4
4	332417	1360	1.2
4	337831	1380	1.4285714285714
4	343032	1400	1.2
4	348365	1420	1.25
4	353631	1440	1.4
4	359118	1460	1.5
4	364340	1480	1.3333333333333
4	369592	1500	1.125
4	374935	1520	1.5
4	380310	1540	1.375
4	385572	1560	1.4
4	390899	1580	1.4
4	396163	1600	1.2857142857143
4	401358	1620	1
4	406610	1640	1.25
4	411970	1660	1
4	417307	1680	1.4
4	422560	1700	1.3333333333333
4	427975	1720	1.5
4	433312	1740	1.3
4	438752	1760	1.4
4	444074	1780	1.4285714285714
4	449448	1800	1.5
4	454345	1820	1.5
4	458694	1840	1.1666666666667
4	462473	1860	1.5
4	465836	1880	1
4	468751	1900	1.2857142857143
4	471266	1920	2.5
4	473264	1940	1.6666666666667
4	474810	1960	2
4	475865	1980	1.6666666666667
4	476474	2000	2
5	34460	240	0.51639777949432
5	39851	260	0
5	45153	280	0.54772255750517
5	50334	300	0.54772255750517
5	55772	320	0.54772255750517
5	61108	340	0.40824829046386
5	66504	360	0.51639777949432
5	71767	380	0.54772255750517
5	77116	400	0.40824829046386
5	82415	420	0
5	87813	440	0.44721359549996
5	93156	460	0.37796447300923
5	98467	480	0.78679579246944
5	103718	500	0.81649658092773
5	109054	520	0.44721359549996
5	114371	540	0.42163702135578
5	119716	560	0.89442719099992
5	125052	580	0.9161253813129
5	130408	600	0.46709936649691
5	135692	620	0.46291004988628
5	141046	640	0.5
5	146382	660	0.37796447300923
5	151726	680	0.46291004988628
5	157004	700	0.48795003647427
5	162331	720	0.51754916950677
5	167587	740	0.54772255750517
5	172877	760	0.5
5	178210	780	0.57735026918963
5	183454	800	0.5
5	188853	820	0.5
5	194267	840	0.35355339059327
5	199598	860	0.51754916950677
5	204771	880	0.46291004988628
5	209991	900	0.54772255750517
5	215315	920	0.51639777949432
5	220694	940	0.44721359549996
5	226077	960	0.46291004988628
5	231450	980	0.54772255750517
5	236799	1000	0.54772255750517
5	242033	1020	0.53452248382485
5	247372	1040	0.48795003647427
5	252627	1060	0.53452248382485
5	257990	1080	0.53452248382485
5	263394	1100	0.4409585518441
5	268810	1120	0.37796447300923
5	274167	1140	0.54772255750517
5	279440	1160	0.51754916950677
5	284731	1180	0
5	290041	1200	0.51754916950677
5	295341	1220	0.53452248382485
5	300656	1240	0.48795003647427
5	305927	1260	0.40451991747795
5	311252	1280	0.52704627669473
5	316557	1300	0
5	321890	1320	0.33333333333333
5	327163	1340	0.54772255750517
5	332417	1360	0.44721359549996
5	337831	1380	0.53452248382485
5	343032	1400	0.42163702135578
5	348365	1420	0.5
5	353631	1440	0.54772255750517
5	359118	1460	0.53452248382485
5	364340	1480	0.57735026918963
5	369592	1500	0.35355339059327
5	374935	1520	0.53452248382485
5	380310	1540	0.51754916950677
5	385572	1560	0.54772255750517
5	390899	1580	0.54772255750517
5	396163	1600	0.48795003647427
5	401358	1620	0
5	406610	1640	0.46291004988628
5	411970	1660	0
5	417307	1680	0.54772255750517
5	422560	1700	0.57735026918963
5	427975	1720	0.57735026918963
5	433312	1740	0.48304589153965
5	438752	1760	0.54772255750517
5	444074	1780	0.53452248382485
5	449448	1800	0.57735026918963
5	454345	1820	0.52704627669473
5	458694	1840	0.40824829046386
5	462473	1860	0.54772255750517
5	465836	1880	0
5	468751	1900	0.48795003647427
5	471266	1920	0.70710678118655
5	473264	1940	0.57735026918963
5	474810	1960	nan
5	475865	1980	0.57735026918963
5	476474	2000	nan
6	34460	240	0.26666666666667
6	39851	260	0
6	45153	280	0.3
6	50334	300	0.3
6	55772	320	0.3
6	61108	340	0.16666666666667
6	66504	360	0.26666666666667
6	71767	380	0.3
6	77116	400	0.16666666666667
6	82415	420	0
6	87813	440	0.2
6	93156	460	0.14285714285714
6	98467	480	0.61904761904762
6	103718	500	0.66666666666667
6	109054	520	0.2
6	114371	540	0.17777777777778
6	119716	560	0.8
6	125052	580	0.83928571428571
6	130408	600	0.21818181818182
6	135692	620	0.21428571428571
6	141046	640	0.25
6	146382	660	0.14285714285714
6	151726	680	0.21428571428571
6	157004	700	0.23809523809524
6	162331	720	0.26785714285714
6	167587	740	0.3
6	172877	760	0.25
6	178210	780	0.33333333333333
6	183454	800	0.25
6	188853	820	0.25
6	194267	840	0.125
6	199598	860	0.26785714285714
6	204771	880	0.21428571428571
6	209991	900	0.3
6	215315	920	0.26666666666667
6	220694	940	0.2
6	226077	960	0.21428571428571
6	231450	980	0.3
6	236799	1000	0.3
6	242033	1020	0.28571428571429
6	247372	1040	0.23809523809524
6	252627	1060	0.28571428571429
6	257990	1080	0.28571428571429
6	263394	1100	0.19444444444444
6	268810	1120	0.14285714285714
6	274167	1140	0.3
6	279440	1160	0.26785714285714
6	284731	1180	0
6	290041	1200	0.26785714285714
6	295341	1220	0.28571428571429
6	300656	1240	0.23809523809524
6	305927	1260	0.16363636363636
6	311252	1280	0.27777777777778
6	316557	1300	0
6	321890	1320	0.11111111111111
6	327163	1340	0.3
6	332417	1360	0.2
6	337831	1380	0.28571428571429
6	343032	1400	0.17777777777778
6	348365	1420	0.25
6	353631	1440	0.3
6	359118	1460	0.28571428571429
6	364340	1480	0.33333333333333
6	369592	1500	0.125
6	374935	1520	0.28571428571429
6	380310	1540	0.26785714285714
6	385572	1560	0.3
6	390899	1580	0.3
6	396163	1600	0.23809523809524
6	401358	1620	0
6	406610	1640	0.21428571428571
6	411970	1660	0
6	417307	1680	0.3
6	422560	1700	0.33333333333333
6	427975	1720	0.33333333333333
6	433312	1740	0.23333333333333
6	438752	1760	0.3
6	444074	1780	0.28571428571429
6	449448	1800	0.33333333333333
6	454345	1820	0.27777777777778
6	458694	1840	0.16666666666667
6	462473	1860	0.3
6	465836	1880	0
6	468751	1900	0.23809523809524
6	471266	1920	0.5
6	473264	1940	0.33333333333333
6	474810	1960	nan
6	475865	1980	0.33333333333333
6	476474	2000	nan
7	34460	240	8.975
7	39851	260	9.0487804878049
7	45153	280	8.75
7	50334	300	9.1282051282051
7	55772	320	8.7380952380952
7	61108	340	9.1
7	66504	360	8.9268292682927
7	71767	380	8.875
7	77116	400	8.85
7	82415	420	9.05
7	87813	440	8.9047619047619
7	93156	460	8.925
7	98467	480	8.780487804878
7	103718	500	8.75
7	109054	520	9.175
7	114371	540	8.875
7	119716	560	9.05
7	125052	580	9.1025641025641
7	130408	600	8.95
7	135692	620	8.7073170731707
7	141046	640	8.9024390243902
7	146382	660	9.1794871794872
7	151726	680	9.1463414634146
7	157004	700	8.9487179487179
7	162331	720	8.975
7	167587	740	8.875
7	172877	760	9.275
7	178210	780	8.95
7	183454	800	8.8
7	188853	820	9.075
7	194267	840	9.225
7	199598	860	9.0243902439024
7	204771	880	8.975
7	209991	900	9.0512820512821
7	215315	920	8.875
7	220694	940	9
7	226077	960	8.9756097560976
7	231450	980	9.05
7	236799	1000	9.05
7	242033	1020	8.8780487804878
7	247372	1040	8.875
7	252627	1060	9.05
7	257990	1080	8.975
7	263394	1100	9
7	268810	1120	9.025
7	274167	1140	8.9
7	279440	1160	8.6666666666667
7	284731	1180	8.875
7	290041	1200	8.725
7	295341	1220	9.025
7	300656	1240	8.6585365853659
7	305927	1260	9.05
7	311252	1280	8.975
7	316557	1300	8.780487804878
7	321890	1320	8.8536585365854
7	327163	1340	8.975
7	332417	1360	9.025
7	337831	1380	9.25
7	343032	1400	9.075
7	348365	1420	9
7	353631	1440	8.95
7	359118	1460	8.9024390243902
7	364340	1480	8.925
7	369592	1500	8.8536585365854
7	374935	1520	8.8
7	380310	1540	9.175
7	385572	1560	8.925
7	390899	1580	8.75
7	396163	1600	9.0769230769231
7	401358	1620	8.7692307692308
7	406610	1640	8.9
7	411970	1660	9
7	417307	1680	9.125
7	422560	1700	8.9512195121951
7	427975	1720	8.780487804878
7	433312	1740	9.1219512195122
7	438752	1760	9.1
7	444074	1780	8.825
7	449448	1800	9.025
7	454345	1820	8.8684210526316
7	458694	1840	8.5428571428571
7	462473	1860	8.3548387096774
7	465836	1880	8.25
7	468751	1900	8.375
7	471266	1920	8.15
7	473264	1940	7.7222222222222
7	474810	1960	7.0714285714286
7	475865	1980	6.6363636363636
7	476474	2000	5.125
8	34460	240	2.0937942494367
8	39851	260	1.7457264893476
8	45153	280	1.7650452162437
8	50334	300	1.5075160325496
8	55772	320	2.2092877542213
8	61108	340	1.691608247065
8	66504	360	1.7662140853028
8	71767	380	1.869971890643
8	77116	400	1.4944341180973
8	82415	420	1.893985081034
8	87813	440	2.1731120071424
8	93156	460	1.5087352489029
8	98467	480	2.2306074858875
8	103718	500	1.7059473644449
8	109054	520	1.4302142568555
8	114371	540	1.4176090379986
8	119716	560	1.6164221332376
8	125052	580	1.7440858228954
8	130408	600	1.7967206594808
8	135692	620	1.9396378842328
8	141046	640	1.8947938944484
8	146382	660	1.2746887106434
8	151726	680	1.5582197471755
8	157004	700	1.7005992434359
8	162331	720	1.954449230569
8	167587	740	1.8423438249227
8	172877	760	2.0379413946935
8	178210	780	1.7238894604338
8	183454	800	1.4884168150705
8	188853	820	2.0049617938684
8	194267	840	1.8043750249794
8	199598	860	1.8369513450014
8	204771	880	1.8185299783208
8	209991	900	1.2762757899599
8	215315	920	1.4708710135364
8	220694	940	1.6124515496597
8	226077	960	1.7100848645323
8	231450	980	1.7679482531005
8	236799	1000	1.7823925148303
8	242033	1020	1.6154739544669
8	247372	1040	1.8836339673824
8	252627	1060	1.7679482531005
8	257990	1080	1.440930966869
8	263394	1100	2.0371548787463
8	268810	1120	2.4336055344768
8	274167	1140	1.6140409552202
8	279440	1160	2.0797123003032
8	284731	1180	1.9373190568941
8	290041	1200	1.5522935884089
8	295341	1220	1.5440124218977
8	300656	1240	2.4860586889448
8	305927	1260	1.5350603429215
8	311252	1280	1.5104337974272
8	316557	1300	1.9813151581961
8	321890	1320	1.8242940498965
8	327163	1340	1.8877133093935
8	332417	1360	2.1422190747219
8	337831	1380	1.5148834261658
8	343032	1400	1.3279538916926
8	348365	1420	1.1547005383793
8	353631	1440	1.7533850046008
8	359118	1460	2.1541225365422
8	364340	1480	1.4743534002124
8	369592	1500	1.8379468927278
8	374935	1520	1.7423826892785
8	380310	1540	1.985685956527
8	385572	1560	1.685344064393
8	390899	1580	1.7209121016305
8	396163	1600	1.5455303192145
8	401358	1620	1.7838683344961
8	406610	1640	2.0102302457743
8	411970	1660	1.7541160386141
8	417307	1680	1.343312018664
8	422560	1700	1.6116950628484
8	427975	1720	1.9686568406143
8	433312	1740	2.1118134618287
8	438752	1760	1.691608247065
8	444074	1780	2.011346022074
8	449448	1800	2.4124410448489
8	454345	1820	1.2980453627933
8	458694	1840	1.6331646857425
8	462473	1860	1.4035285793735
8	465836	1880	1.430488132176
8	468751	1900	1.9518664423304
8	471266	1920	1.9540780569444
8	473264	1940	1.7423971167384
8	474810	1960	1.4392458342578
8	475865	1980	1.2060453783111
8	476474	2000	1.1259916264596
9	34460	240	4.3839743589744
9	39851	260	3.0475609756098
9	45153	280	3.1153846153846
9	50334	300	2.2726045883941
9	55772	320	4.8809523809524
9	61108	340	2.8615384615385
9	66504	360	3.119512195122
9	71767	380	3.4967948717949
9	77116	400	2.2333333333333
9	82415	420	3.5871794871795
9	87813	440	4.7224157955865
9	93156	460	2.2762820512821
9	98467	480	4.9756097560976
9	103718	500	2.9102564102564
9	109054	520	2.0455128205128
9	114371	540	2.0096153846154
9	119716	560	2.6128205128205
9	125052	580	3.0418353576248
9	130408	600	3.2282051282051
9	135692	620	3.7621951219512
9	141046	640	3.590243902439
9	146382	660	1.6248313090418
9	151726	680	2.4280487804878
9	157004	700	2.8920377867746
9	162331	720	3.8198717948718
9	167587	740	3.3942307692308
9	172877	760	4.1532051282051
9	178210	780	2.9717948717949
9	183454	800	2.2153846153846
9	188853	820	4.0198717948718
9	194267	840	3.2557692307692
9	199598	860	3.3743902439024
9	204771	880	3.3070512820513
9	209991	900	1.6288798920378
9	215315	920	2.1634615384615
9	220694	940	2.6
9	226077	960	2.9243902439024
9	231450	980	3.125641025641
9	236799	1000	3.1769230769231
9	242033	1020	2.609756097561
9	247372	1040	3.5480769230769
9	252627	1060	3.125641025641
9	257990	1080	2.0762820512821
9	263394	1100	4.15
9	268810	1120	5.9224358974359
9	274167	1140	2.6051282051282
9	279440	1160	4.3252032520325
9	284731	1180	3.7532051282051
9	290041	1200	2.4096153846154
9	295341	1220	2.3839743589744
9	300656	1240	6.180487804878
9	305927	1260	2.3564102564103
9	311252	1280	2.2814102564103
9	316557	1300	3.9256097560976
9	321890	1320	3.3280487804878
9	327163	1340	3.5634615384615
9	332417	1360	4.5891025641026
9	337831	1380	2.2948717948718
9	343032	1400	1.7634615384615
9	348365	1420	1.3333333333333
9	353631	1440	3.074358974359
9	359118	1460	4.640243902439
9	364340	1480	2.1737179487179
9	369592	1500	3.3780487804878
9	374935	1520	3.0358974358974
9	380310	1540	3.9429487179487
9	385572	1560	2.8403846153846
9	390899	1580	2.9615384615385
9	396163	1600	2.3886639676113
9	401358	1620	3.1821862348178
9	406610	1640	4.0410256410256
9	411970	1660	3.0769230769231
9	417307	1680	1.8044871794872
9	422560	1700	2.5975609756098
9	427975	1720	3.8756097560976
9	433312	1740	4.459756097561
9	438752	1760	2.8615384615385
9	444074	1780	4.0455128205128
9	449448	1800	5.8198717948718
9	454345	1820	1.6849217638691
9	458694	1840	2.6672268907563
9	462473	1860	1.9698924731183
9	465836	1880	2.0462962962963
9	468751	1900	3.8097826086957
9	471266	1920	3.8184210526316
9	473264	1940	3.0359477124183
9	474810	1960	2.0714285714286
9	475865	1980	1.4545454545455
9	476474	2000	1.2678571428571
10	34460	240	281.77378351177
10	39851	260	138.85273262952
10	45153	280	282.2974860405
10	50334	300	237.79506318697
10	55772	320	282.10956747355
10	61108	340	287.62418959279
10	66504	360	280.59979102186
10	71767	380	285.67200739819
10	77116	400	282.19453863399
10	82415	420	343.88719902693
10	87813	440	228.44533425703
10	93156	460	330.73947800078
10	98467	480	325.97859423102
10	103718	500	275.86538208536
10	109054	520	239.40956618026
10	114371	540	473.47401349709
10	119716	560	236.77617961221
10	125052	580	369.89067543795
10	130408	600	518.5364020139
10	135692	620	372.21824670059
10	141046	640	188.33207913868
10	146382	660	327.7687916975
10	151726	680	383.87859001868
10	157004	700	334.64128137518
10	162331	720	380.39004257659
10	167587	740	277.07034806103
10	172877	760	188.38444771079
10	178210	780	140.23185558744
10	183454	800	185.56142804859
10	188853	820	195.09193920741
10	194267	840	385.76422757963
10	199598	860	372.64768939659
10	204771	880	378.52720642004
10	209991	900	282.36031877343
10	215315	920	279.57561133259
10	220694	940	236.4845888953
10	226077	960	373.31754750554
10	231450	980	286.24314675611
10	236799	1000	232.38379752035
10	242033	1020	327.92152600279
10	247372	1040	328.87008888517
10	252627	1060	372.11331272613
10	257990	1080	325.63544165028
10	263394	1100	416.2388890609
10	268810	1120	323.22765006037
10	274167	1140	232.12058735044
10	279440	1160	377.99237274079
10	284731	1180	181.10260708048
10	290041	1200	372.89754637942
10	295341	1220	336.92009223334
10	300656	1240	322.68489514466
10	305927	1260	512.55863930685
10	311252	1280	428.75439703203
10	316557	1300	228.77866049844
10	321890	1320	425.56376712209
10	327163	1340	233.1706270975
10	332417	1360	230.62493588874
10	337831	1380	321.85122224631
10	343032	1400	469.32448744509
10	348365	1420	184.17489558861
10	353631	1440	231.21088602068
10	359118	1460	370.93251735293
10	364340	1480	139.76065241987
10	369592	1500	376.27651289936
10	374935	1520	376.18455642199
10	380310	1540	375.30628952248
10	385572	1560	233.24090149555
10	390899	1580	229.81238246952
10	396163	1600	323.64642768239
10	401358	1620	242.25587837661
10	406610	1640	378.97028458611
10	411970	1660	279.90585834788
10	417307	1680	235.11502059371
10	422560	1700	142.29612666434
10	427975	1720	191.25550791389
10	433312	1740	466.59327392849
10	438752	1760	230.28283630684
10	444074	1780	329.12438882925
10	449448	1800	182.99092743221
10	454345	1820	473.61391331542
10	458694	1840	287.52584659398
10	462473	1860	281.89517307624
10	465836	1880	193.13032053433
10	468751	1900	336.92322842496
10	471266	1920	95.590439033094
10	473264	1940	139.83544065104
10	474810	1960	48.808340908305
10	475865	1980	142.81817245976
10	476474	2000	47.274122869743
11	34460	240	46.962297251962
11	39851	260	46.284244209838
11	45153	280	47.04958100675
11	50334	300	47.559012637394
11	55772	320	47.018261245592
11	61108	340	47.937364932132
11	66504	360	46.766631836977
11	71767	380	47.612001233032
11	77116	400	47.032423105666
11	82415	420	49.126742718132
11	87813	440	45.689066851406
11	93156	460	47.248496857254
11	98467	480	46.568370604431
11	103718	500	45.977563680893
11	109054	520	47.881913236052
11	114371	540	47.347401349709
11	119716	560	47.355235922441
11	125052	580	46.236334429744
11	130408	600	47.139672910355
11	135692	620	46.527280837574
11	141046	640	47.083019784671
11	146382	660	46.824113099643
11	151726	680	47.984823752335
11	157004	700	47.805897339312
11	162331	720	47.548755322074
11	167587	740	46.178391343505
11	172877	760	47.096111927699
11	178210	780	46.74395186248
11	183454	800	46.390357012148
11	188853	820	48.772984801853
11	194267	840	48.220528447454
11	199598	860	46.580961174574
11	204771	880	47.315900802504
11	209991	900	47.060053128904
11	215315	920	46.595935222098
11	220694	940	47.29691777906
11	226077	960	46.664693438193
11	231450	980	47.707191126019
11	236799	1000	46.47675950407
11	242033	1020	46.845932286112
11	247372	1040	46.98144126931
11	252627	1060	46.514164090766
11	257990	1080	46.519348807183
11	263394	1100	46.248765451211
11	268810	1120	46.175378580053
11	274167	1140	46.424117470088
11	279440	1160	47.249046592598
11	284731	1180	45.275651770121
11	290041	1200	46.612193297428
11	295341	1220	48.13144174762
11	300656	1240	46.097842163523
11	305927	1260	46.596239936986
11	311252	1280	47.639377448004
11	316557	1300	45.755732099687
11	321890	1320	47.284863013565
11	327163	1340	46.6341254195
11	332417	1360	46.124987177748
11	337831	1380	45.978746035188
11	343032	1400	46.932448744509
11	348365	1420	46.043723897151
11	353631	1440	46.242177204135
11	359118	1460	46.366564669116
11	364340	1480	46.586884139956
11	369592	1500	47.03456411242
11	374935	1520	47.023069552749
11	380310	1540	46.913286190311
11	385572	1560	46.64818029911
11	390899	1580	45.962476493904
11	396163	1600	46.235203954627
11	401358	1620	48.451175675323
11	406610	1640	47.371285573264
11	411970	1660	46.650976391313
11	417307	1680	47.023004118741
11	422560	1700	47.432042221447
11	427975	1720	47.813876978472
11	433312	1740	46.659327392849
11	438752	1760	46.056567261369
11	444074	1780	47.01776983275
11	449448	1800	45.747731858052
11	454345	1820	47.361391331542
11	458694	1840	47.92097443233
11	462473	1860	46.98252884604
11	465836	1880	48.282580133583
11	468751	1900	48.131889774995
11	471266	1920	47.795219516547
11	473264	1940	46.611813550347
11	474810	1960	48.808340908305
11	475865	1980	47.606057486585
11	476474	2000	47.274122869743
12	34460	240	1.8836357603266
12	39851	260	0.80418815064177
12	45153	280	2.0381567096252
12	50334	300	1.8690897132525
12	55772	320	1.5138281933508
12	61108	340	2.4266035021137
12	66504	360	1.1503026198932
12	71767	380	1.1301205106589
12	77116	400	3.1869027004934
12	82415	420	3.2362698996612
12	87813	440	2.9726171868851
12	93156	460	2.2916374015503
12	98467	480	1.0290630715416
12	103718	500	0.80009780777939
12	109054	520	1.4436583139087
12	114371	540	1.7694275446637
12	119716	560	1.2446667433602
12	125052	580	1.4671017021276
12	130408	600	1.7692246436609
12	135692	620	1.456243202998
12	141046	640	2.4488995279223
12	146382	660	2.0465910998508
12	151726	680	3.1970833471834
12	157004	700	2.5408319421656
12	162331	720	2.3505351575884
12	167587	740	0.93773231262017
12	172877	760	1.2282113728728
12	178210	780	1.3177654626695
12	183454	800	0.42920473254192
12	188853	820	3.0342141914711
12	194267	840	1.9632823791397
12	199598	860	2.8023597860276
12	204771	880	1.9579836619501
12	209991	900	1.4049479133398
12	215315	920	1.2146906111725
12	220694	940	2.3076791190997
12	226077	960	1.5111006735962
12	231450	980	2.2956544237714
12	236799	1000	2.2131352368321
12	242033	1020	0.74769732709004
12	247372	1040	1.7774669708035
12	252627	1060	1.5311146899496
12	257990	1080	0.7618421792297
12	263394	1100	1.1789959185978
12	268810	1120	1.2596953530268
12	274167	1140	1.2489072739791
12	279440	1160	2.2914240105543
12	284731	1180	0.35693211584608
12	290041	1200	1.282853379798
12	295341	1220	3.7168732785714
12	300656	1240	1.0299581921251
12	305927	1260	1.8369073461914
12	311252	1280	2.1039238077813
12	316557	1300	0.39608804381722
12	321890	1320	3.3875601558056
12	327163	1340	2.2032316659791
12	332417	1360	0.84393345766472
12	337831	1380	0.94165818132315
12	343032	1400	2.2578908784215
12	348365	1420	0.92947883846524
12	353631	1440	1.145396645305
12	359118	1460	0.59711539777144
12	364340	1480	0.97498983819869
12	369592	1500	1.4005671276473
12	374935	1520	1.3780428854371
12	380310	1540	1.0105758736661
12	385572	1560	0.69310055114479
12	390899	1580	0.56477994737887
12	396163	1600	0.96084571337061
12	401358	1620	2.3187849824884
12	406610	1640	1.6525896242469
12	411970	1660	2.8619720119755
12	417307	1680	0.59605791128704
12	422560	1700	0.82735941838561
12	427975	1720	0.9842429553891
12	433312	1740	1.1525972256179
12	438752	1760	0.93539228497227
12	444074	1780	1.4479127803297
12	449448	1800	0.84709028822388
12	454345	1820	1.9870215423228
12	458694	1840	2.2465980631741
12	462473	1860	1.9146525491773
12	465836	1880	1.8469888222
12	468751	1900	2.2864985488352
12	471266	1920	0.60308571996036
12	473264	1940	2.3798986543701
12	474810	1960	nan
12	475865	1980	1.1349150200892
12	476474	2000	nan
13	34460	240	3.5480836775812
13	39851	260	0.64671858163263
13	45153	280	4.1540827729903
13	50334	300	3.4934963561864
13	55772	320	2.2916757989839
13	61108	340	5.8884045564703
13	66504	360	1.3231961173332
13	71767	380	1.2771723686119
13	77116	400	10.156348822412
13	82415	420	10.473442863453
13	87813	440	8.8364529397647
13	93156	460	5.2516019801841
13	98467	480	1.0589708052107
13	103718	500	0.64015650201339
13	109054	520	2.0841493273178
13	114371	540	3.1308738358145
13	119716	560	1.5491953020269
13	125052	580	2.1523874043856
13	130408	600	3.130155839737
13	135692	620	2.1206442662779
13	141046	640	5.9971088978582
13	146382	660	4.1885351299886
13	151726	680	10.221341928838
13	157004	700	6.455826958329
13	162331	720	5.525015527059
13	167587	740	0.87934189013198
13	172877	760	1.508503176454
13	178210	780	1.7365058146045
13	183454	800	0.18421670243638
13	188853	820	9.2064557597249
13	194267	840	3.8544777002406
13	199598	860	7.8532203703448
13	204771	880	3.8337000204634
13	209991	900	1.9738786391979
13	215315	920	1.4754732808706
13	220694	940	5.3253829167288
13	226077	960	2.2834252457429
13	231450	980	5.2700292333813
13	236799	1000	4.8979675765077
13	242033	1020	0.55905129293759
13	247372	1040	3.1593888322974
13	252627	1060	2.3443121937796
13	257990	1080	0.58040350605346
13	263394	1100	1.3900313760702
13	268810	1120	1.5868323824374
13	274167	1140	1.5597693789978
13	279440	1160	5.2506239961446
13	284731	1180	0.12740053532236
13	290041	1200	1.6457127940593
13	295341	1220	13.815146968958
13	300656	1240	1.0608138775255
13	305927	1260	3.3742285984919
13	311252	1280	4.426495388949
13	316557	1300	0.15688573845495
13	321890	1320	11.475563809202
13	327163	1340	4.8542297739731
13	332417	1360	0.71222368096592
13	337831	1380	0.88672013045282
13	343032	1400	5.0980712188592
13	348365	1420	0.8639309111547
13	353631	1440	1.311933475076
13	359118	1460	0.35654679825575
13	364340	1480	0.95060518459071
13	369592	1500	1.9615882790462
13	374935	1520	1.8990021941037
13	380310	1540	1.0212635964359
13	385572	1560	0.48038837399722
13	390899	1580	0.31897638896128
13	396163	1600	0.92322448490268
13	401358	1620	5.3767637950138
13	406610	1640	2.7310524661686
13	411970	1660	8.1908837973308
13	417307	1680	0.35528503360786
13	422560	1700	0.68452360719138
13	427975	1720	0.96873419523307
13	433312	1740	1.3284803645021
13	438752	1760	0.87495872678564
13	444074	1780	2.096451419442
13	449448	1800	0.71756195640321
13	454345	1820	3.9482546096549
13	458694	1840	5.0472028574576
13	462473	1860	3.6658943840713
13	465836	1880	3.4113677093316
13	468751	1900	5.2280756138254
13	471266	1920	0.3637123856201
13	473264	1940	5.6639176050727
13	474810	1960	nan
13	475865	1980	1.2880321028242
13	476474	2000	nan
14	34460	240	402.01518571917
14	39851	260	225.52621133756
14	45153	280	358.18649259195
14	50334	300	313.96556328349
14	55772	320	405.46520294908
14	61108	340	450.73507573751
14	66504	360	449.09201206199
14	71767	380	358.23425314786
14	77116	400	403.09742503263
14	82415	420	451.81532865319
14	87813	440	268.76415838146
14	93156	460	356.39415070541
14	98467	480	401.05170674727
14	103718	500	401.82897799396
14	109054	520	224.2085672291
14	114371	540	494.23770604344
14	119716	560	223.26249864586
14	125052	580	495.06369246942
14	130408	600	534.86362743868
14	135692	620	534.6620802018
14	141046	640	268.54920397615
14	146382	660	405.14301965237
14	151726	680	543.06984430024
14	157004	700	357.04768299787
14	162331	720	450.63307933679
14	167587	740	359.29555447169
14	172877	760	178.99619215948
14	178210	780	177.35353609741
14	183454	800	271.150776573
14	188853	820	183.41517087116
14	194267	840	499.25527739662
14	199598	860	457.22900695784
14	204771	880	400.97799748375
14	209991	900	311.57868764149
14	215315	920	400.63001278751
14	220694	940	268.58541173178
14	226077	960	490.42720202467
14	231450	980	314.29452505952
14	236799	1000	268.26413409506
14	242033	1020	403.45857546036
14	247372	1040	314.5480625317
14	252627	1060	496.46087271031
14	257990	1080	491.14984055449
14	263394	1100	494.45454903897
14	268810	1120	400.61366057339
14	274167	1140	267.39795913442
14	279440	1160	537.87894448928
14	284731	1180	311.17617491417
14	290041	1200	360.72926690937
14	295341	1220	457.79801144129
14	300656	1240	583.23918364804
14	305927	1260	628.10154100489
14	311252	1280	581.23481512932
14	316557	1300	449.48983990304
14	321890	1320	491.3746105805
14	327163	1340	311.19252004795
14	332417	1360	314.03582860129
14	337831	1380	400.89684505727
14	343032	1400	539.62192322423
14	348365	1420	178.68979112659
14	353631	1440	266.22306353686
14	359118	1460	539.40689292315
14	364340	1480	225.29652741649
14	369592	1500	534.27100172253
14	374935	1520	536.02313668539
14	380310	1540	445.36340211047
14	385572	1560	357.45799786714
14	390899	1580	222.49325892871
14	396163	1600	358.08075677996
14	401358	1620	315.85992175024
14	406610	1640	446.23582092241
14	411970	1660	358.6126619117
14	417307	1680	444.96056281251
14	422560	1700	135.88182309847
14	427975	1720	270.03558427909
14	433312	1740	539.03233923249
14	438752	1760	311.4027679236
14	444074	1780	358.11973390279
14	449448	1800	266.18874719696
14	454345	1820	626.31292294273
14	458694	1840	318.48243139467
14	462473	1860	449.57207345494
14	465836	1880	269.42564586248
14	468751	1900	363.59084407828
14	471266	1920	91.40938232665
14	473264	1940	184.023387029
14	474810	1960	46.329579419734
14	475865	1980	136.89195349377
14	476474	2000	45.913170803412
15	34460	240	44.668353968797
15	39851	260	45.105242267511
15	45153	280	44.773311573994
15	50334	300	44.852223326212
15	55772	320	45.051689216564
15	61108	340	45.073507573751
15	66504	360	44.909201206199
15	71767	380	44.779281643483
15	77116	400	44.788602781403
15	82415	420	45.181532865319
15	87813	440	44.79402639691
15	93156	460	44.549268838176
15	98467	480	44.561300749696
15	103718	500	44.647664221551
15	109054	520	44.84171344582
15	114371	540	44.930700549403
15	119716	560	44.652499729171
15	125052	580	45.005790224493
15	130408	600	44.571968953223
15	135692	620	44.55517335015
15	141046	640	44.758200662691
15	146382	660	45.015891072485
15	151726	680	45.255820358354
15	157004	700	44.630960374733
15	162331	720	45.063307933679
15	167587	740	44.911944308962
15	172877	760	44.749048039869
15	178210	780	44.338384024353
15	183454	800	45.1917960955
15	188853	820	45.853792717789
15	194267	840	45.386843399693
15	199598	860	45.722900695784
15	204771	880	44.553110831528
15	209991	900	44.511241091642
15	215315	920	44.514445865279
15	220694	940	44.76423528863
15	226077	960	44.584291093152
15	231450	980	44.899217865646
15	236799	1000	44.710689015843
15	242033	1020	44.828730606707
15	247372	1040	44.935437504528
15	252627	1060	45.132806610028
15	257990	1080	44.649985504954
15	263394	1100	44.950413548997
15	268810	1120	44.512628952598
15	274167	1140	44.566326522403
15	279440	1160	44.823245374106
15	284731	1180	44.453739273453
15	290041	1200	45.091158363672
15	295341	1220	45.779801144129
15	300656	1240	44.86455258831
15	305927	1260	44.864395786064
15	311252	1280	44.710370394563
15	316557	1300	44.948983990304
15	321890	1320	44.670419143682
15	327163	1340	44.456074292565
15	332417	1360	44.862261228756
15	337831	1380	44.544093895253
15	343032	1400	44.968493602019
15	348365	1420	44.672447781648
15	353631	1440	44.370510589476
15	359118	1460	44.950574410263
15	364340	1480	45.059305483298
15	369592	1500	44.522583476878
15	374935	1520	44.668594723782
15	380310	1540	44.536340211047
15	385572	1560	44.682249733392
15	390899	1580	44.498651785742
15	396163	1600	44.760094597495
15	401358	1620	45.12284596432
15	406610	1640	44.623582092241
15	411970	1660	44.826582738963
15	417307	1680	44.496056281251
15	422560	1700	45.293941032823
15	427975	1720	45.005930713181
15	433312	1740	44.919361602708
15	438752	1760	44.486109703371
15	444074	1780	44.764966737848
15	449448	1800	44.364791199494
15	454345	1820	44.736637353052
15	458694	1840	45.497490199238
15	462473	1860	44.957207345494
15	465836	1880	44.904274310413
15	468751	1900	45.448855509785
15	471266	1920	45.704691163325
15	473264	1940	46.005846757251
15	474810	1960	46.329579419734
15	475865	1980	45.630651164589
15	476474	2000	45.913170803412
16	34460	240	0.59795595457446
16	39851	260	0.76418103634579
16	45153	280	0.67627198945116
16	50334	300	0.48236423575103
16	55772	320	1.0026221901281
16	61108	340	0.89818542802519
16	66504	360	0.91899825234331
16	71767	380	0.75447571843152
16	77116	400	1.2628285474839
16	82415	420	1.1264378500104
16	87813	440	0.43853327844178
16	93156	460	0.62837329870819
16	98467	480	0.6346741496169
16	103718	500	0.40143891281661
16	109054	520	0.51518125989555
16	114371	540	0.75553453123706
16	119716	560	0.51376825199053
16	125052	580	1.0079970284084
16	130408	600	0.49407121908923
16	135692	620	0.55453038431991
16	141046	640	0.53565152550206
16	146382	660	1.0764475195107
16	151726	680	0.91088457688401
16	157004	700	0.64148653930026
16	162331	720	0.87087000783432
16	167587	740	0.87362161012277
16	172877	760	0.49165717306625
16	178210	780	0.33237615409634
16	183454	800	0.92291750759435
16	188853	820	1.9022106668173
16	194267	840	0.83013743379266
16	199598	860	1.3634370156835
16	204771	880	0.42496356472086
16	209991	900	0.47442265495691
16	215315	920	0.22877835451814
16	220694	940	0.54999311292021
16	226077	960	0.3791250882671
16	231450	980	0.8101360145322
16	236799	1000	0.63439018762561
16	242033	1020	0.57568496380875
16	247372	1040	1.1021892540456
16	252627	1060	1.0339947141964
16	257990	1080	0.50685343369824
16	263394	1100	0.92412914501967
16	268810	1120	0.42737803621603
16	274167	1140	0.4372669797813
16	279440	1160	0.6554616496121
16	284731	1180	0.66443395952547
16	290041	1200	1.232740393683
16	295341	1220	1.5653346406321
16	300656	1240	0.93230645511608
16	305927	1260	1.0079398091539
16	311252	1280	0.86650748440792
16	316557	1300	1.1366117417645
16	321890	1320	0.7789095112905
16	327163	1340	0.43052976257939
16	332417	1360	1.0047452066121
16	337831	1380	0.28264342921171
16	343032	1400	0.85173534635688
16	348365	1420	1.035527777253
16	353631	1440	0.3641372607408
16	359118	1460	0.93925582196485
16	364340	1480	0.89476415566208
16	369592	1500	0.49396829049608
16	374935	1520	0.41233452021842
16	380310	1540	0.8085393105697
16	385572	1560	0.72461573790172
16	390899	1580	0.46444052613685
16	396163	1600	0.9063936325824
16	401358	1620	0.82456707755608
16	406610	1640	0.65489873268822
16	411970	1660	1.0127799180076
16	417307	1680	0.32141107140337
16	422560	1700	0.20755485984716
16	427975	1720	1.0865470463732
16	433312	1740	1.1843595752329
16	438752	1760	0.2720379889696
16	444074	1780	0.49823181672347
16	449448	1800	0.43958171690152
16	454345	1820	0.77982910033611
16	458694	1840	1.1074604238049
16	462473	1860	0.81487210002554
16	465836	1880	1.0642415787649
16	468751	1900	1.2253845841739
16	471266	1920	0.27460590221463
16	473264	1940	2.2383608054047
16	474810	1960	nan
16	475865	1980	0.096731656623657
16	476474	2000	nan
17	34460	240	0.35755132361105
17	39851	260	0.58397265631053
17	45153	280	0.45734380371623
17	50334	300	0.23267525593168
17	55772	320	1.0052512561373
17	61108	340	0.80673706311679
17	66504	360	0.84455778781006
17	71767	380	0.56923360970276
17	77116	400	1.5947359403403
17	82415	420	1.268862229936
17	87813	440	0.1923114363009
17	93156	460	0.39485300252941
17	98467	480	0.40281127619193
17	103718	500	0.16115320072338
17	109054	520	0.26541173054756
17	114371	540	0.57083242789161
17	119716	560	0.2639578167534
17	125052	580	1.0160580092801
17	130408	600	0.24410636953232
17	135692	620	0.30750394713399
17	141046	640	0.28692255677269
17	146382	660	1.1587392622608
17	151726	680	0.82971071240515
17	157004	700	0.41150498010342
17	162331	720	0.75841457054534
17	167587	740	0.7632147176735
17	172877	760	0.2417267758275
17	178210	780	0.11047390781187
17	183454	800	0.85177672582417
17	188853	820	3.6184054209535
17	194267	840	0.68912815898387
17	199598	860	1.8589604957358
17	204771	880	0.18059403134026
17	209991	900	0.22507685553636
17	215315	920	0.052339535496027
17	220694	940	0.30249242425966
17	226077	960	0.14373583255354
17	231450	980	0.65632036204212
17	236799	1000	0.40245091015566
17	242033	1020	0.33141317755549
17	247372	1040	1.2148211517336
17	252627	1060	1.0691450689861
17	257990	1080	0.2569004032517
17	263394	1100	0.85401467667478
17	268810	1120	0.18265198583987
17	274167	1140	0.19120241160706
17	279440	1160	0.42962997411221
17	284731	1180	0.44147248657069
17	290041	1200	1.5196488782177
17	295341	1220	2.4502725371629
17	300656	1240	0.86919532625112
17	305927	1260	1.0159426588771
17	311252	1280	0.75083522053494
17	316557	1300	1.2918862515169
17	321890	1320	0.6067000267788
17	327163	1340	0.18535587646666
17	332417	1360	1.00951293021
17	337831	1380	0.079887308076557
17	343032	1400	0.72545310023368
17	348365	1420	1.0723177774624
17	353631	1440	0.13259594465981
17	359118	1460	0.88220149909487
17	364340	1480	0.80060289425768
17	369592	1500	0.24400467201562
17	374935	1520	0.17001975656375
17	380310	1540	0.65373581673652
17	385572	1560	0.52506796761486
17	390899	1580	0.21570500231828
17	396163	1600	0.82154941718591
17	401358	1620	0.67991086538937
17	406610	1640	0.42889235007664
17	411970	1660	1.0257231623196
17	417307	1680	0.10330507682066
17	422560	1700	0.043079019846175
17	427975	1720	1.1805844839824
17	433312	1740	1.4027076034458
17	438752	1760	0.074004667442626
17	444074	1780	0.24823494319557
17	449448	1800	0.19323208583409
17	454345	1820	0.60813342573103
17	458694	1840	1.2264685902942
17	462473	1860	0.66401653940003
17	465836	1880	1.1326101379719
17	468751	1900	1.501567379131
17	471266	1920	0.075408401531113
17	473264	1940	5.0102590951718
17	474810	1960	nan
17	475865	1980	0.0093570133931571
17	476474	2000	nan
18	34460	240	792.57760720088
18	39851	260	895.74047236004
18	45153	280	986.56265983021
18	50334	300	1000.4690358033
18	55772	320	982.75905289184
18	61108	340	899.09671729041
18	66504	360	948.02199536235
18	71767	380	847.79511524588
18	77116	400	897.57948913557
18	82415	420	753.76098788818
18	87813	440	904.21777739962
18	93156	460	962.79567706342
18	98467	480	1078.0235384693
18	103718	500	1025.3963364413
18	109054	520	1037.5692728405
18	114371	540	896.17200227842
18	119716	560	1086.5195377591
18	125052	580	798.06710206644
18	130408	600	851.49020314387
18	135692	620	949.88304690745
18	141046	640	989.43789333702
18	146382	660	987.5618841226
18	151726	680	906.27820740368
18	157004	700	994.49892338936
18	162331	720	847.62038292299
18	167587	740	944.32009987253
18	172877	760	1031.149806586
18	178210	780	826.22915103282
18	183454	800	856.51730079999
18	188853	820	848.22270465522
18	194267	840	754.15199177611
18	199598	860	946.78643414961
18	204771	880	948.33861050058
18	209991	900	952.31643935752
18	215315	920	993.52200240853
18	220694	940	1089.6353229472
18	226077	960	948.09635446548
18	231450	980	1078.2997595806
18	236799	1000	1027.6684262991
18	242033	1020	1174.3029882553
18	247372	1040	1173.2210106498
18	252627	1060	832.0847242954
18	257990	1080	1075.9695747836
18	263394	1100	1119.9556863106
18	268810	1120	928.92017880712
18	274167	1140	924.75356274967
18	279440	1160	787.18119160777
18	284731	1180	924.03524039373
18	290041	1200	796.61969992128
18	295341	1220	732.99964519605
18	300656	1240	875.02760630584
18	305927	1260	755.17079104898
18	311252	1280	894.64035814432
18	316557	1300	845.50817506241
18	321890	1320	939.04084916721
18	327163	1340	989.30946679878
18	332417	1360	1024.7666128089
18	337831	1380	880.08718908529
18	343032	1400	971.21929272338
18	348365	1420	1147.0466155425
18	353631	1440	922.66170937716
18	359118	1460	788.40073868646
18	364340	1480	972.14647600945
18	369592	1500	984.10273658846
18	374935	1520	1034.4517668345
18	380310	1540	1040.8020802734
18	385572	1560	1078.5197136634
18	390899	1580	980.67736869272
18	396163	1600	974.80657245994
18	401358	1620	929.71130598179
18	406610	1640	850.23317867475
18	411970	1660	937.18266071402
18	417307	1680	890.78062790702
18	422560	1700	1077.0508064756
18	427975	1720	983.83164673285
18	433312	1740	875.23039204465
18	438752	1760	984.45092281631
18	444074	1780	969.17815188088
18	449448	1800	932.45998929097
18	454345	1820	893.95663622815
18	458694	1840	1135.798783458
18	462473	1860	701.01675968745
18	465836	1880	806.04401874089
18	468751	1900	653.51510999684
18	471266	1920	659.32416451982
18	473264	1940	619.80037720232
18	474810	1960	535.46204177909
18	475865	1980	340.38104500626
18	476474	2000	280.39922349906
19	34460	240	46.622212188287
19	39851	260	47.144235387371
19	45153	280	46.979174277629
19	50334	300	47.641382657299
19	55772	320	46.798050137707
19	61108	340	47.32087985739
19	66504	360	47.401099768118
19	71767	380	47.099728624771
19	77116	400	47.241025743977
19	82415	420	47.110061743011
19	87813	440	47.590409336822
19	93156	460	48.139783853171
19	98467	480	46.870588629101
19	103718	500	46.608924383696
19	109054	520	47.162239674569
19	114371	540	47.166947488338
19	119716	560	47.239979902568
19	125052	580	46.945123650967
19	130408	600	47.305011285771
19	135692	620	47.494152345373
19	141046	640	47.116090158906
19	146382	660	47.026756386791
19	151726	680	47.698853021246
19	157004	700	47.35709158997
19	162331	720	47.0900212735
19	167587	740	47.216004993627
19	172877	760	46.870445753911
19	178210	780	48.601714766636
19	183454	800	47.584294488889
19	188853	820	47.123483591957
19	194267	840	47.134499486007
19	199598	860	47.33932170748
19	204771	880	47.416930525029
19	209991	900	47.615821967876
19	215315	920	47.310571543263
19	220694	940	47.375448823791
19	226077	960	47.404817723274
19	231450	980	46.882598242634
19	236799	1000	46.712201195412
19	242033	1020	46.972119530213
19	247372	1040	46.928840425992
19	252627	1060	46.226929127522
19	257990	1080	46.781285860155
19	263394	1100	46.664820262941
19	268810	1120	46.446008940356
19	274167	1140	46.237678137483
19	279440	1160	46.304775976928
19	284731	1180	46.201762019687
19	290041	1200	46.859982348311
19	295341	1220	45.812477824753
19	300656	1240	46.054084542413
19	305927	1260	47.198174440561
19	311252	1280	47.086334639174
19	316557	1300	46.972676392356
19	321890	1320	46.952042458361
19	327163	1340	47.109974609466
19	332417	1360	46.580300582225
19	337831	1380	46.32037837291
19	343032	1400	46.248537748733
19	348365	1420	45.8818646217
19	353631	1440	46.133085468858
19	359118	1460	46.37651404038
19	364340	1480	46.292689333783
19	369592	1500	46.862035075641
19	374935	1520	47.020534856113
19	380310	1540	47.309185466974
19	385572	1560	46.892161463627
19	390899	1580	46.698922318701
19	396163	1600	46.41936059333
19	401358	1620	46.485565299089
19	406610	1640	47.235176593041
19	411970	1660	46.859133035701
19	417307	1680	46.883190942475
19	422560	1700	46.828295933723
19	427975	1720	46.849126034898
19	433312	1740	46.064757476034
19	438752	1760	46.878615372205
19	444074	1780	46.151340565756
19	449448	1800	46.622999464548
19	454345	1820	47.050349275166
19	458694	1840	47.324949310749
19	462473	1860	46.73445064583
19	465836	1880	47.414354043582
19	468751	1900	46.67965071406
19	471266	1920	47.094583179988
19	473264	1940	47.676952092486
19	474810	1960	48.678367434462
19	475865	1980	48.625863572322
19	476474	2000	46.73320391651
20	34460	240	1.5864146705548
20	39851	260	2.1075712066463
20	45153	280	2.4500094743493
20	50334	300	3.0776041020938
20	55772	320	2.5969741658833
20	61108	340	2.6400637764358
20	66504	360	2.9647739103278
20	71767	380	2.1194893794283
20	77116	400	2.6047001661207
20	82415	420	2.7504552084308
20	87813	440	2.5532168316994
20	93156	460	3.247021648776
20	98467	480	2.2402413069721
20	103718	500	1.9085399334203
20	109054	520	2.7649628430015
20	114371	540	2.0913147275211
20	119716	560	1.9166650808876
20	125052	580	2.2565541117104
20	130408	600	2.7031609504852
20	135692	620	2.4842593203401
20	141046	640	1.9945285554331
20	146382	660	1.9630223289185
20	151726	680	2.6771008796015
20	157004	700	3.2740548187818
20	162331	720	2.9837400686477
20	167587	740	2.145548658297
20	172877	760	2.9808133760109
20	178210	780	3.6148669435219
20	183454	800	2.1794923594215
20	188853	820	2.5097143134492
20	194267	840	1.8024626765501
20	199598	860	2.0981559221774
20	204771	880	2.2795949247516
20	209991	900	2.5004049555113
20	215315	920	1.9831349954851
20	220694	940	2.2148520734583
20	226077	960	2.1720578591214
20	231450	980	2.2633139978476
20	236799	1000	2.5697759504208
20	242033	1020	2.3100102420311
20	247372	1040	1.8816424965099
20	252627	1060	1.0720146353191
20	257990	1080	1.1311568883702
20	263394	1100	2.1780412506849
20	268810	1120	1.4515045487087
20	274167	1140	2.0214438307733
20	279440	1160	2.384928166671
20	284731	1180	1.9076419749606
20	290041	1200	1.8435188800369
20	295341	1220	1.6762745001318
20	300656	1240	1.7479202051046
20	305927	1260	2.5194732824734
20	311252	1280	2.3727551117233
20	316557	1300	2.2851598719734
20	321890	1320	2.7606533159445
20	327163	1340	2.676837106668
20	332417	1360	1.7314715582464
20	337831	1380	1.6944178489483
20	343032	1400	2.4527395272625
20	348365	1420	1.8061671247139
20	353631	1440	2.098061662891
20	359118	1460	1.0055826528361
20	364340	1480	1.7941991784435
20	369592	1500	1.2574116662605
20	374935	1520	1.7142916040434
20	380310	1540	1.9966551161784
20	385572	1560	1.37514157697
20	390899	1580	1.7336363080549
20	396163	1600	2.0280514360704
20	401358	1620	2.6376142273987
20	406610	1640	1.6650798380111
20	411970	1660	2.0256751072283
20	417307	1680	2.1660950100257
20	422560	1700	1.5487403667917
20	427975	1720	1.6686297517701
20	433312	1740	1.9228764199567
20	438752	1760	2.008948503357
20	444074	1780	2.1650782123362
20	449448	1800	1.6934313255036
20	454345	1820	2.7664195452252
20	458694	1840	2.4955467258837
20	462473	1860	2.1017767379524
20	465836	1880	2.5992101569118
20	468751	1900	2.7369548096191
20	471266	1920	2.3514472585954
20	473264	1940	2.6476467562894
20	474810	1960	2.8769678322668
20	475865	1980	1.965881990626
20	476474	2000	3.5488376742717
21	34460	240	2.5167115069513
21	39851	260	4.4418563910845
21	45153	280	6.0025464244013
21	50334	300	9.4716470092244
21	55772	320	6.7442748182651
21	61108	340	6.9699367436487
21	66504	360	8.7898843393604
21	71767	380	4.4922352295096
21	77116	400	6.7844629553893
21	82415	420	7.5650038535842
21	87813	440	6.5189161896732
21	93156	460	10.54314958762
21	98467	480	5.0186811134642
21	103718	500	3.6425246774599
21	109054	520	7.6450195231791
21	114371	540	4.3735972895468
21	119716	560	3.6736050322939
21	125052	580	5.0920364590771
21	130408	600	7.3070791242282
21	135692	620	6.1715443706966
21	141046	640	3.978144158438
21	146382	660	3.8534566638326
21	151726	680	7.1668691195633
21	157004	700	10.719434956389
21	162331	720	8.9027047972536
21	167587	740	4.6033790451199
21	172877	760	8.8852483826053
21	178210	780	13.067263019368
21	183454	800	4.7501869447766
21	188853	820	6.2986659351316
21	194267	840	3.2488717003562
21	199598	860	4.4022582737683
21	204771	880	5.1965530209532
21	209991	900	6.2520249415453
21	215315	920	3.9328244103176
21	220694	940	4.9055697073027
21	226077	960	4.7178353433712
21	231450	980	5.1225902528527
21	236799	1000	6.6037484353611
21	242033	1020	5.3361473182886
21	247372	1040	3.540578484672
21	252627	1060	1.1492153783384
21	257990	1080	1.2795159061074
21	263394	1100	4.7438636896849
21	268810	1120	2.1068654549221
21	274167	1140	4.0862351609715
21	279440	1160	5.6878823601807
21	284731	1180	3.6390979046317
21	290041	1200	3.3985618610526
21	295341	1220	2.8098961997921
21	300656	1240	3.0552250434129
21	305927	1260	6.3477456210971
21	311252	1280	5.629966820209
21	316557	1300	5.2219556404773
21	321890	1320	7.6212067308354
21	327163	1340	7.1654568956348
21	332417	1360	2.9979937570163
21	337831	1380	2.8710518468347
21	343032	1400	6.015931188596
21	348365	1420	3.2622396823973
21	353631	1440	4.4018627412928
21	359118	1460	1.0111964716849
21	364340	1480	3.2191506919274
21	369592	1500	1.5810840984481
21	374935	1520	2.9387957036935
21	380310	1540	3.9866316529615
21	385572	1560	1.8910143567114
21	390899	1580	3.0054948486063
21	396163	1600	4.1129926273472
21	401358	1620	6.9570088125762
21	406610	1640	2.7724908669511
21	411970	1660	4.1033596400446
21	417307	1680	4.6919675924584
21	422560	1700	2.3985967237301
21	427975	1720	2.7843252484923
21	433312	1740	3.6974537264254
21	438752	1760	4.0358740891404
21	444074	1780	4.6875636655329
21	449448	1800	2.8677096541967
21	454345	1820	7.6530771002041
21	458694	1840	6.227753461069
21	462473	1860	4.4174654561979
21	465836	1880	6.7558934397937
21	468751	1900	7.4909216298971
21	471266	1920	5.5293042099559
21	473264	1940	7.0100333460899
21	474810	1960	8.2769439078978
21	475865	1980	3.8646920010678
21	476474	2000	12.59424883833
22	34460	240	1384.0299837797
22	39851	260	1617.1079224769
22	45153	280	1433.708129108
22	50334	300	1433.0853841894
22	55772	320	1479.1062954366
22	61108	340	1341.7113746652
22	66504	360	1388.3659097899
22	71767	380	1433.930506896
22	77116	400	1392.5804120941
22	82415	420	1345.540363894
22	87813	440	1614.4598268225
22	93156	460	1442.7915435151
22	98467	480	1435.6255271723
22	103718	500	1388.5730772622
22	109054	520	1568.5066331105
22	114371	540	1296.8782412479
22	119716	560	1568.1684003223
22	125052	580	1250.260669676
22	130408	600	1253.9167396682
22	135692	620	1312.5322172187
22	141046	640	1570.2793214155
22	146382	660	1342.9279370987
22	151726	680	1299.2295934903
22	157004	700	1391.9619738144
22	162331	720	1342.512602857
22	167587	740	1442.9924058239
22	172877	760	1611.8957263371
22	178210	780	1631.2817873586
22	183454	800	1528.8266918764
22	188853	820	1617.3815726962
22	194267	840	1295.6090384316
22	199598	860	1385.6294334891
22	204771	880	1392.2959942755
22	209991	900	1437.6291562802
22	215315	920	1390.5962614168
22	220694	940	1572.716583684
22	226077	960	1343.8727665375
22	231450	980	1477.0212626578
22	236799	1000	1524.1803973284
22	242033	1020	1438.9576316368
22	247372	1040	1484.1768010005
22	252627	1060	1295.3649290403
22	257990	1080	1297.5500476459
22	263394	1100	1345.9589160992
22	268810	1120	1387.9700832531
22	274167	1140	1523.3290577262
22	279440	1160	1346.3785350918
22	284731	1180	1486.2519042015
22	290041	1200	1436.7315061259
22	295341	1220	1337.9360949824
22	300656	1240	1250.2652602586
22	305927	1260	1170.4572181705
22	311252	1280	1217.7494195834
22	316557	1300	1386.315058272
22	321890	1320	1352.5847292092
22	327163	1340	1478.7099381375
22	332417	1360	1478.5563060993
22	337831	1380	1390.0506251757
22	343032	1400	1253.3566543351
22	348365	1420	1611.8793363273
22	353631	1440	1521.6574199639
22	359118	1460	1296.0475955718
22	364340	1480	1568.3005776138
22	369592	1500	1304.455067452
22	374935	1520	1257.2101572445
22	380310	1540	1344.4817172576
22	385572	1560	1430.1182438604
22	390899	1580	1571.650912514
22	396163	1600	1388.5783963294
22	401358	1620	1429.20380133
22	406610	1640	1345.9221369785
22	411970	1660	1434.0539135168
22	417307	1680	1352.3353637969
22	422560	1700	1703.872761344
22	427975	1720	1567.5862366445
22	433312	1740	1302.8070338215
22	438752	1760	1484.5595399556
22	444074	1780	1435.2586598067
22	449448	1800	1521.6254821993
22	454345	1820	1077.0619126636
22	458694	1840	1255.4105259916
22	462473	1860	940.2862305642
22	465836	1880	987.55829347768
22	468751	1900	717.16121091453
22	471266	1920	807.11717168914
22	473264	1940	635.43422953955
22	474810	1960	593.1776182272
22	475865	1980	369.9122820189
22	476474	2000	323.21136021516
23	34460	240	44.646128509024
23	39851	260	44.919664513248
23	45153	280	44.803379034625
23	50334	300	44.78391825592
23	55772	320	44.821402892019
23	61108	340	44.723712488838
23	66504	360	44.785997089997
23	71767	380	44.8103283405
23	77116	400	44.92194877723
23	82415	420	44.851345463133
23	87813	440	44.846106300626
23	93156	460	45.087235734847
23	98467	480	44.863297724134
23	103718	500	44.792679911685
23	109054	520	44.814475231728
23	114371	540	44.719939353377
23	119716	560	44.80481143778
23	125052	580	44.652166774143
23	130408	600	44.782740702437
23	135692	620	45.25973162823
23	141046	640	44.865123469014
23	146382	660	44.764264569955
23	151726	680	44.801020465184
23	157004	700	44.901999155302
23	162331	720	44.750420095235
23	167587	740	45.093512681996
23	172877	760	44.77488128714
23	178210	780	45.313382982184
23	183454	800	44.96549093754
23	188853	820	44.927265908229
23	194267	840	44.676173739022
23	199598	860	44.697723660939
23	204771	880	44.912774008888
23	209991	900	44.925911133758
23	215315	920	44.857943916672
23	220694	940	44.934759533829
23	226077	960	44.795758884584
23	231450	980	44.758220080539
23	236799	1000	44.828835215541
23	242033	1020	44.967425988649
23	247372	1040	44.975054575774
23	252627	1060	44.667756173803
23	257990	1080	44.743105091238
23	263394	1100	44.865297203308
23	268810	1120	44.773228492035
23	274167	1140	44.803795815477
23	279440	1160	44.87928450306
23	284731	1180	45.037936490953
23	290041	1200	44.897859566435
23	295341	1220	44.597869832745
23	300656	1240	44.652330723523
23	305927	1260	45.017585314251
23	311252	1280	45.101830354942
23	316557	1300	44.71984058942
23	321890	1320	45.086157640306
23	327163	1340	44.809392064773
23	332417	1360	44.804736548465
23	337831	1380	44.840342747603
23	343032	1400	44.762737654827
23	348365	1420	44.77442600909
23	353631	1440	44.754629998939
23	359118	1460	44.691296399027
23	364340	1480	44.808587931822
23	369592	1500	44.981209222483
23	374935	1520	44.900362758731
23	380310	1540	44.81605724192
23	385572	1560	44.691195120637
23	390899	1580	44.904311786115
23	396163	1600	44.792851494496
23	401358	1620	44.662618791562
23	406610	1640	44.864071232615
23	411970	1660	44.814184797399
23	417307	1680	45.077845459897
23	422560	1700	44.838756877473
23	427975	1720	44.788178189844
23	433312	1740	44.924380476605
23	438752	1760	44.986652725928
23	444074	1780	44.851833118961
23	449448	1800	44.753690652922
23	454345	1820	44.877579694316
23	458694	1840	44.836090213986
23	462473	1860	44.775534788771
23	465836	1880	44.889013339894
23	468751	1900	44.822575682158
23	471266	1920	44.839842871619
23	473264	1940	45.388159252825
23	474810	1960	45.629047555939
23	475865	1980	46.239035252362
23	476474	2000	46.173051459308
24	34460	240	0.83804650245522
24	39851	260	1.0980376055594
24	45153	280	0.83819552986159
24	50334	300	0.70709946677228
24	55772	320	1.0136564861647
24	61108	340	0.59407498529527
24	66504	360	0.61706488649461
24	71767	380	0.70168481776521
24	77116	400	0.82539761327683
24	82415	420	0.86429272230824
24	87813	440	1.0029567537541
24	93156	460	1.1314495691429
24	98467	480	0.75163542176989
24	103718	500	0.76798242927337
24	109054	520	0.82094455890019
24	114371	540	0.72623039914268
24	119716	560	0.64849434728039
24	125052	580	0.49288151450487
24	130408	600	0.63342544857973
24	135692	620	1.2219871492503
24	141046	640	0.7583336827166
24	146382	660	0.63037374933152
24	151726	680	0.84569378883185
24	157004	700	0.6955082329453
24	162331	720	0.59508950018246
24	167587	740	1.152736539238
24	172877	760	0.72339079230483
24	178210	780	1.6170530332683
24	183454	800	1.1000404558791
24	188853	820	1.1661781900213
24	194267	840	0.63639287378935
24	199598	860	0.67767468418985
24	204771	880	0.9329081885502
24	209991	900	0.89823270968792
24	215315	920	0.79791639819354
24	220694	940	0.97646785504642
24	226077	960	0.6365354745776
24	231450	980	0.80002621597346
24	236799	1000	0.76924865234171
24	242033	1020	1.1779184691415
24	247372	1040	1.2529069928913
24	252627	1060	0.62170275159504
24	257990	1080	0.56469547219055
24	263394	1100	0.91887775358755
24	268810	1120	0.6622886844405
24	274167	1140	0.71892528560142
24	279440	1160	1.0113891383144
24	284731	1180	1.1060795286824
24	290041	1200	0.83842435420551
24	295341	1220	0.54413386682112
24	300656	1240	0.65937235073968
24	305927	1260	1.049119167835
24	311252	1280	1.1743215515149
24	316557	1300	0.70845123381647
24	321890	1320	1.0052659464344
24	327163	1340	0.87992564328145
24	332417	1360	0.75642642846068
24	337831	1380	0.7787341936441
24	343032	1400	0.90566269071515
24	348365	1420	0.64959757359502
24	353631	1440	0.68236946202595
24	359118	1460	0.67970416774693
24	364340	1480	0.80249488379737
24	369592	1500	0.85525003988558
24	374935	1520	0.99190213637143
24	380310	1540	0.76019370541993
24	385572	1560	0.55882275122518
24	390899	1580	0.84198702194713
24	396163	1600	0.78904154526849
24	401358	1620	0.70294145337307
24	406610	1640	0.80329916335887
24	411970	1660	0.73574177873414
24	417307	1680	1.0509865566683
24	422560	1700	0.75304996145045
24	427975	1720	0.66932184078624
24	433312	1740	0.76082088500491
24	438752	1760	0.7849070130102
24	444074	1780	0.74285794952922
24	449448	1800	0.70099660379018
24	454345	1820	0.70362308914738
24	458694	1840	0.85494824213603
24	462473	1860	0.65816617818628
24	465836	1880	0.71797439684284
24	468751	1900	0.91781007670313
24	471266	1920	0.65118641315507
24	473264	1940	1.1011056898952
24	474810	1960	1.2229615374368
24	475865	1980	1.0440504702999
24	476474	2000	0.87021483457154
25	34460	240	0.70232194027743
25	39851	260	1.2056865832227
25	45153	280	0.70257174627995
25	50334	300	0.49998965590965
25	55772	320	1.0274994719437
25	61108	340	0.35292508815358
25	66504	360	0.3807690741446
25	71767	380	0.49236158348219
25	77116	400	0.68128122000309
25	82415	420	0.74700190983499
25	87813	440	1.0059222499009
25	93156	460	1.2801781275135
25	98467	480	0.5649558072592
25	103718	500	0.58979701167262
25	109054	520	0.67394996878783
25	114371	540	0.52741059263894
25	119716	560	0.42054491845462
25	125052	580	0.24293218734062
25	130408	600	0.40122779890843
25	135692	620	1.493252592933
25	141046	640	0.57506997434253
25	146382	660	0.39737106384628
25	151726	680	0.71519798446876
25	157004	700	0.4837317020947
25	162331	720	0.35413151322741
25	167587	740	1.3288015288943
25	172877	760	0.52329423839141
25	178210	780	2.6148605124022
25	183454	800	1.2100890045707
25	188853	820	1.3599715708815
25	194267	840	0.40499588980987
25	199598	860	0.45924297759182
25	204771	880	0.87031768826402
25	209991	900	0.8068220007533
25	215315	920	0.63667057850615
25	220694	940	0.95348947193895
25	226077	960	0.40517741039573
25	231450	980	0.64004194624481
25	236799	1000	0.59174348912953
25	242033	1020	1.3874919199446
25	247372	1040	1.5697759328359
25	252627	1060	0.38651431134084
25	257990	1080	0.31888097631251
25	263394	1100	0.84433632603811
25	268810	1120	0.43862630153792
25	274167	1140	0.51685356627709
25	279440	1160	1.0229079891004
25	284731	1180	1.2234119237704
25	290041	1200	0.70295539772492
25	295341	1220	0.29608166502171
25	300656	1240	0.43477189691997
25	305927	1260	1.1006510283189
25	311252	1280	1.3790311063523
25	316557	1300	0.50190315069608
25	321890	1320	1.0105596230606
25	327163	1340	0.77426913770427
25	332417	1360	0.57218094167378
25	337831	1380	0.60642694435052
25	343032	1400	0.8202249093534
25	348365	1420	0.42197700762054
25	353631	1440	0.46562808270559
25	359118	1460	0.46199775565255
25	364340	1480	0.64399803852095
25	369592	1500	0.73145263072428
25	374935	1520	0.98386984813821
25	380310	1540	0.57789446976009
25	385572	1560	0.31228286728688
25	390899	1580	0.7089421451274
25	396163	1600	0.62258656015969
25	401358	1620	0.49412668687025
25	406610	1640	0.64528954585306
25	411970	1660	0.54131596497487
25	417307	1680	1.1045727422975
25	422560	1700	0.56708424444052
25	427975	1720	0.44799172655348
25	433312	1740	0.57884841905965
25	438752	1760	0.61607901907259
25	444074	1780	0.55183793317876
25	449448	1800	0.49139623852536
25	454345	1820	0.49508545158131
25	458694	1840	0.73093649673149
25	462473	1860	0.43318271810834
25	465836	1880	0.51548723452184
25	468751	1900	0.84237533689781
25	471266	1920	0.42404374467777
25	473264	1940	1.2124337403195
25	474810	1960	1.4956349220498
25	475865	1980	1.0900413845334
25	476474	2000	0.75727385830838
