version 2
run statisticRVV-125-20150325-12:11:15-24464
attr c 14
attr configname statisticRVV
attr datetime 20150325-12:11:15
attr experiment statisticRVV
attr inifile omnetpp.ini
attr iterationvars "$sc=\"erlangen-medium.launchd.xml\", $p=1/15, $c=14"
attr iterationvars2 "$sc=\"erlangen-medium.launchd.xml\", $p=1/15, $c=14, $repetition=5"
attr measurement "$sc=\"erlangen-medium.launchd.xml\", $p=1/15, $c=14"
attr network RSUExampleScenario
attr p 1/15
attr processid 24464
attr repetition 5
attr replication #5
attr resultdir results
attr runnumber 125
attr sc "\"erlangen-medium.launchd.xml\""
attr seedset 125

vector 0  RSUExampleScenario.rsu[0].appl  Number_CH  ETV
vector 1  RSUExampleScenario.rsu[0].appl  Number_ON  ETV
vector 2  RSUExampleScenario.rsu[0].appl  Number_FN  ETV
vector 3  RSUExampleScenario.rsu[0].appl  Number_CH_Losts  ETV
vector 4  RSUExampleScenario.rsu[0].appl  Mean_Cluster_Size  ETV
vector 5  RSUExampleScenario.rsu[0].appl  StdDev_Cluster_Size  ETV
vector 6  RSUExampleScenario.rsu[0].appl  Variance_Cluster_Size  ETV
vector 7  RSUExampleScenario.rsu[0].appl  Mean_Neighbors  ETV
vector 8  RSUExampleScenario.rsu[0].appl  StdDev_Neighbors  ETV
vector 9  RSUExampleScenario.rsu[0].appl  Variance_Neighbors  ETV
vector 10  RSUExampleScenario.rsu[0].appl  Total_CH_Utility  ETV
vector 11  RSUExampleScenario.rsu[0].appl  Mean_CH_Utility  ETV
vector 12  RSUExampleScenario.rsu[0].appl  StdDev_CH_Utility  ETV
vector 13  RSUExampleScenario.rsu[0].appl  Variance_CH_Utility  ETV
vector 14  RSUExampleScenario.rsu[0].appl  Total_exp_CH_Utility  ETV
vector 15  RSUExampleScenario.rsu[0].appl  Mean_exp_CH_Utility  ETV
vector 16  RSUExampleScenario.rsu[0].appl  StdDev_exp_CH_Utility  ETV
vector 17  RSUExampleScenario.rsu[0].appl  Variance_exp_CH_Utility  ETV
vector 18  RSUExampleScenario.rsu[0].appl  Total_ON_Utility  ETV
vector 19  RSUExampleScenario.rsu[0].appl  Mean_ON_Utility  ETV
vector 20  RSUExampleScenario.rsu[0].appl  StdDev_ON_Utility  ETV
vector 21  RSUExampleScenario.rsu[0].appl  Variance_ON_Utility  ETV
vector 22  RSUExampleScenario.rsu[0].appl  Total_exp_ON_Utility  ETV
vector 23  RSUExampleScenario.rsu[0].appl  Mean_exp_ON_Utility  ETV
vector 24  RSUExampleScenario.rsu[0].appl  StdDev_exp_ON_Utility  ETV
vector 25  RSUExampleScenario.rsu[0].appl  Variance_exp_ON_Utility  ETV
0	145313	240	4
0	171180	260	5
0	198418	280	3
0	225690	300	5
0	252720	320	8
0	279956	340	8
0	307375	360	3
0	334996	380	5
0	362837	400	5
0	390903	420	7
0	419524	440	7
0	448748	460	4
0	478480	480	5
0	508976	500	4
0	540045	520	6
0	571791	540	6
0	604355	560	2
0	637595	580	1
0	671528	600	5
0	706513	620	7
0	742711	640	9
0	779777	660	6
0	817895	680	8
0	857091	700	7
0	898063	720	3
0	940322	740	6
0	983397	760	7
0	1027839	780	4
0	1073740	800	6
0	1120293	820	8
0	1168247	840	6
0	1216560	860	7
0	1266623	880	8
0	1317555	900	5
0	1370551	920	8
0	1424330	940	9
0	1479124	960	7
0	1535896	980	7
0	1593994	1000	8
0	1653707	1020	5
0	1714669	1040	4
0	1777018	1060	8
0	1840692	1080	7
0	1905973	1100	3
0	1973507	1120	7
0	2043429	1140	10
0	2114589	1160	9
0	2187849	1180	7
0	2262784	1200	8
0	2340368	1220	6
0	2419749	1240	10
0	2500126	1260	16
0	2583209	1280	7
0	2668352	1300	10
0	2755194	1320	9
0	2844537	1340	7
0	2936208	1360	8
0	3029746	1380	6
0	3124199	1400	10
0	3221399	1420	8
0	3320990	1440	6
0	3422464	1460	11
0	3526403	1480	9
0	3631868	1500	7
0	3740816	1520	8
0	3852046	1540	10
0	3965389	1560	9
0	4081340	1580	10
0	4199620	1600	7
0	4319770	1620	10
0	4442348	1640	9
0	4567656	1660	6
0	4695280	1680	7
0	4824828	1700	8
0	4957043	1720	9
0	5091075	1740	7
0	5228236	1760	5
0	5367504	1780	8
0	5509360	1800	4
0	5653634	1820	8
0	5800388	1840	6
0	5949282	1860	12
0	6101289	1880	9
0	6255461	1900	5
0	6412501	1920	8
0	6571182	1940	15
0	6733129	1960	12
0	6897787	1980	13
0	7064859	2000	9
1	145313	240	5
1	171180	260	6
1	198418	280	4
1	225690	300	6
1	252720	320	10
1	279956	340	11
1	307375	360	5
1	334996	380	7
1	362837	400	7
1	390903	420	8
1	419524	440	9
1	448748	460	7
1	478480	480	8
1	508976	500	6
1	540045	520	7
1	571791	540	8
1	604355	560	2
1	637595	580	2
1	671528	600	6
1	706513	620	9
1	742711	640	10
1	779777	660	10
1	817895	680	11
1	857091	700	10
1	898063	720	6
1	940322	740	7
1	983397	760	9
1	1027839	780	6
1	1073740	800	9
1	1120293	820	11
1	1168247	840	7
1	1216560	860	11
1	1266623	880	12
1	1317555	900	5
1	1370551	920	12
1	1424330	940	14
1	1479124	960	12
1	1535896	980	10
1	1593994	1000	10
1	1653707	1020	7
1	1714669	1040	7
1	1777018	1060	11
1	1840692	1080	8
1	1905973	1100	5
1	1973507	1120	7
1	2043429	1140	14
1	2114589	1160	11
1	2187849	1180	10
1	2262784	1200	12
1	2340368	1220	7
1	2419749	1240	14
1	2500126	1260	24
1	2583209	1280	11
1	2668352	1300	14
1	2755194	1320	12
1	2844537	1340	9
1	2936208	1360	10
1	3029746	1380	8
1	3124199	1400	16
1	3221399	1420	13
1	3320990	1440	10
1	3422464	1460	15
1	3526403	1480	11
1	3631868	1500	10
1	3740816	1520	11
1	3852046	1540	15
1	3965389	1560	16
1	4081340	1580	16
1	4199620	1600	10
1	4319770	1620	15
1	4442348	1640	13
1	4567656	1660	11
1	4695280	1680	12
1	4824828	1700	13
1	4957043	1720	16
1	5091075	1740	9
1	5228236	1760	8
1	5367504	1780	10
1	5509360	1800	4
1	5653634	1820	10
1	5800388	1840	6
1	5949282	1860	17
1	6101289	1880	13
1	6255461	1900	9
1	6412501	1920	12
1	6571182	1940	23
1	6733129	1960	18
1	6897787	1980	19
1	7064859	2000	10
2	145313	240	69
2	171180	260	74
2	198418	280	86
2	225690	300	82
2	252720	320	74
2	279956	340	74
2	307375	360	87
2	334996	380	83
2	362837	400	83
2	390903	420	82
2	419524	440	82
2	448748	460	87
2	478480	480	87
2	508976	500	91
2	540045	520	91
2	571791	540	89
2	604355	560	104
2	637595	580	104
2	671528	600	98
2	706513	620	93
2	742711	640	92
2	779777	660	95
2	817895	680	94
2	857091	700	98
2	898063	720	106
2	940322	740	103
2	983397	760	100
2	1027839	780	108
2	1073740	800	105
2	1120293	820	103
2	1168247	840	109
2	1216560	860	104
2	1266623	880	106
2	1317555	900	116
2	1370551	920	108
2	1424330	940	106
2	1479124	960	111
2	1535896	980	114
2	1593994	1000	115
2	1653707	1020	124
2	1714669	1040	126
2	1777018	1060	117
2	1840692	1080	123
2	1905973	1100	131
2	1973507	1120	128
2	2043429	1140	119
2	2114589	1160	123
2	2187849	1180	129
2	2262784	1200	127
2	2340368	1220	133
2	2419749	1240	125
2	2500126	1260	109
2	2583209	1280	133
2	2668352	1300	127
2	2755194	1320	132
2	2844537	1340	139
2	2936208	1360	138
2	3029746	1380	144
2	3124199	1400	132
2	3221399	1420	137
2	3320990	1440	143
2	3422464	1460	137
2	3526403	1480	142
2	3631868	1500	147
2	3740816	1520	145
2	3852046	1540	142
2	3965389	1560	142
2	4081340	1580	142
2	4199620	1600	153
2	4319770	1620	145
2	4442348	1640	153
2	4567656	1660	157
2	4695280	1680	157
2	4824828	1700	154
2	4957043	1720	153
2	5091075	1740	162
2	5228236	1760	168
2	5367504	1780	163
2	5509360	1800	176
2	5653634	1820	167
2	5800388	1840	173
2	5949282	1860	157
2	6101289	1880	167
2	6255461	1900	176
2	6412501	1920	171
2	6571182	1940	152
2	6733129	1960	164
2	6897787	1980	162
2	7064859	2000	176
3	145313	240	0
3	171180	260	0
3	198418	280	2
3	225690	300	1
3	252720	320	2
3	279956	340	2
3	307375	360	1
3	334996	380	3
3	362837	400	2
3	390903	420	1
3	419524	440	3
3	448748	460	1
3	478480	480	4
3	508976	500	1
3	540045	520	1
3	571791	540	5
3	604355	560	0
3	637595	580	1
3	671528	600	0
3	706513	620	2
3	742711	640	2
3	779777	660	0
3	817895	680	2
3	857091	700	2
3	898063	720	0
3	940322	740	3
3	983397	760	1
3	1027839	780	1
3	1073740	800	1
3	1120293	820	2
3	1168247	840	3
3	1216560	860	4
3	1266623	880	1
3	1317555	900	4
3	1370551	920	3
3	1424330	940	2
3	1479124	960	3
3	1535896	980	0
3	1593994	1000	3
3	1653707	1020	2
3	1714669	1040	3
3	1777018	1060	1
3	1840692	1080	2
3	1905973	1100	5
3	1973507	1120	3
3	2043429	1140	3
3	2114589	1160	2
3	2187849	1180	2
3	2262784	1200	7
3	2340368	1220	2
3	2419749	1240	4
3	2500126	1260	3
3	2583209	1280	3
3	2668352	1300	1
3	2755194	1320	0
3	2844537	1340	2
3	2936208	1360	5
3	3029746	1380	3
3	3124199	1400	2
3	3221399	1420	5
3	3320990	1440	3
3	3422464	1460	1
3	3526403	1480	2
3	3631868	1500	2
3	3740816	1520	3
3	3852046	1540	1
3	3965389	1560	0
3	4081340	1580	5
3	4199620	1600	0
3	4319770	1620	6
3	4442348	1640	1
3	4567656	1660	0
3	4695280	1680	1
3	4824828	1700	4
3	4957043	1720	5
3	5091075	1740	2
3	5228236	1760	3
3	5367504	1780	4
3	5509360	1800	2
3	5653634	1820	5
3	5800388	1840	1
3	5949282	1860	1
3	6101289	1880	0
3	6255461	1900	2
3	6412501	1920	5
3	6571182	1940	2
3	6733129	1960	2
3	6897787	1980	2
3	7064859	2000	3
4	145313	240	1.25
4	171180	260	1.2
4	198418	280	1.3333333333333
4	225690	300	1.2
4	252720	320	1.25
4	279956	340	1.375
4	307375	360	1.6666666666667
4	334996	380	1.4
4	362837	400	1.4
4	390903	420	1.1428571428571
4	419524	440	1.2857142857143
4	448748	460	1.75
4	478480	480	1.6
4	508976	500	1.5
4	540045	520	1.1666666666667
4	571791	540	1.3333333333333
4	604355	560	1
4	637595	580	2
4	671528	600	1.2
4	706513	620	1.2857142857143
4	742711	640	1.1111111111111
4	779777	660	1.6666666666667
4	817895	680	1.375
4	857091	700	1.4285714285714
4	898063	720	2
4	940322	740	1.1666666666667
4	983397	760	1.2857142857143
4	1027839	780	1.5
4	1073740	800	1.5
4	1120293	820	1.375
4	1168247	840	1.1666666666667
4	1216560	860	1.5714285714286
4	1266623	880	1.5
4	1317555	900	1
4	1370551	920	1.5
4	1424330	940	1.5555555555556
4	1479124	960	1.7142857142857
4	1535896	980	1.4285714285714
4	1593994	1000	1.25
4	1653707	1020	1.4
4	1714669	1040	1.75
4	1777018	1060	1.375
4	1840692	1080	1.1428571428571
4	1905973	1100	1.6666666666667
4	1973507	1120	1
4	2043429	1140	1.4
4	2114589	1160	1.2222222222222
4	2187849	1180	1.4285714285714
4	2262784	1200	1.5
4	2340368	1220	1.1666666666667
4	2419749	1240	1.4
4	2500126	1260	1.5
4	2583209	1280	1.5714285714286
4	2668352	1300	1.4
4	2755194	1320	1.3333333333333
4	2844537	1340	1.2857142857143
4	2936208	1360	1.25
4	3029746	1380	1.3333333333333
4	3124199	1400	1.6
4	3221399	1420	1.625
4	3320990	1440	1.6666666666667
4	3422464	1460	1.3636363636364
4	3526403	1480	1.2222222222222
4	3631868	1500	1.4285714285714
4	3740816	1520	1.375
4	3852046	1540	1.5
4	3965389	1560	1.7777777777778
4	4081340	1580	1.6
4	4199620	1600	1.4285714285714
4	4319770	1620	1.5
4	4442348	1640	1.4444444444444
4	4567656	1660	1.8333333333333
4	4695280	1680	1.7142857142857
4	4824828	1700	1.625
4	4957043	1720	1.7777777777778
4	5091075	1740	1.2857142857143
4	5228236	1760	1.6
4	5367504	1780	1.25
4	5509360	1800	1
4	5653634	1820	1.25
4	5800388	1840	1
4	5949282	1860	1.4166666666667
4	6101289	1880	1.4444444444444
4	6255461	1900	1.8
4	6412501	1920	1.5
4	6571182	1940	1.5333333333333
4	6733129	1960	1.5
4	6897787	1980	1.4615384615385
4	7064859	2000	1.1111111111111
5	145313	240	0.5
5	171180	260	0.44721359549996
5	198418	280	0.57735026918963
5	225690	300	0.44721359549996
5	252720	320	0.46291004988628
5	279956	340	0.51754916950677
5	307375	360	0.57735026918963
5	334996	380	0.54772255750517
5	362837	400	0.54772255750517
5	390903	420	0.37796447300923
5	419524	440	0.48795003647427
5	448748	460	0.5
5	478480	480	0.54772255750517
5	508976	500	0.57735026918963
5	540045	520	0.40824829046386
5	571791	540	0.51639777949432
5	604355	560	0
5	637595	580	nan
5	671528	600	0.44721359549996
5	706513	620	0.48795003647427
5	742711	640	0.33333333333333
5	779777	660	0.81649658092773
5	817895	680	0.51754916950677
5	857091	700	0.53452248382485
5	898063	720	1
5	940322	740	0.40824829046386
5	983397	760	0.48795003647427
5	1027839	780	0.57735026918963
5	1073740	800	0.54772255750517
5	1120293	820	0.51754916950677
5	1168247	840	0.40824829046386
5	1216560	860	0.53452248382485
5	1266623	880	0.53452248382485
5	1317555	900	0
5	1370551	920	0.75592894601845
5	1424330	940	0.52704627669473
5	1479124	960	0.48795003647427
5	1535896	980	0.53452248382485
5	1593994	1000	0.46291004988628
5	1653707	1020	0.54772255750517
5	1714669	1040	0.5
5	1777018	1060	0.51754916950677
5	1840692	1080	0.37796447300923
5	1905973	1100	0.57735026918963
5	1973507	1120	0
5	2043429	1140	0.51639777949432
5	2114589	1160	0.4409585518441
5	2187849	1180	0.53452248382485
5	2262784	1200	0.53452248382485
5	2340368	1220	0.40824829046386
5	2419749	1240	0.51639777949432
5	2500126	1260	0.51639777949432
5	2583209	1280	0.53452248382485
5	2668352	1300	0.51639777949432
5	2755194	1320	0.5
5	2844537	1340	0.48795003647427
5	2936208	1360	0.46291004988628
5	3029746	1380	0.51639777949432
5	3124199	1400	0.51639777949432
5	3221399	1420	0.51754916950677
5	3320990	1440	0.81649658092773
5	3422464	1460	0.50452497910951
5	3526403	1480	0.4409585518441
5	3631868	1500	0.53452248382485
5	3740816	1520	0.51754916950677
5	3852046	1540	0.52704627669473
5	3965389	1560	0.4409585518441
5	4081340	1580	0.51639777949432
5	4199620	1600	0.53452248382485
5	4319770	1620	0.52704627669473
5	4442348	1640	0.52704627669473
5	4567656	1660	0.40824829046386
5	4695280	1680	0.48795003647427
5	4824828	1700	0.51754916950677
5	4957043	1720	0.4409585518441
5	5091075	1740	0.48795003647427
5	5228236	1760	0.54772255750517
5	5367504	1780	0.46291004988628
5	5509360	1800	0
5	5653634	1820	0.46291004988628
5	5800388	1840	0
5	5949282	1860	0.51492865054444
5	6101289	1880	0.52704627669473
5	6255461	1900	0.44721359549996
5	6412501	1920	0.53452248382485
5	6571182	1940	0.51639777949432
5	6733129	1960	0.52223296786709
5	6897787	1980	0.51887452166277
5	7064859	2000	0.33333333333333
6	145313	240	0.25
6	171180	260	0.2
6	198418	280	0.33333333333333
6	225690	300	0.2
6	252720	320	0.21428571428571
6	279956	340	0.26785714285714
6	307375	360	0.33333333333333
6	334996	380	0.3
6	362837	400	0.3
6	390903	420	0.14285714285714
6	419524	440	0.23809523809524
6	448748	460	0.25
6	478480	480	0.3
6	508976	500	0.33333333333333
6	540045	520	0.16666666666667
6	571791	540	0.26666666666667
6	604355	560	0
6	637595	580	nan
6	671528	600	0.2
6	706513	620	0.23809523809524
6	742711	640	0.11111111111111
6	779777	660	0.66666666666667
6	817895	680	0.26785714285714
6	857091	700	0.28571428571429
6	898063	720	1
6	940322	740	0.16666666666667
6	983397	760	0.23809523809524
6	1027839	780	0.33333333333333
6	1073740	800	0.3
6	1120293	820	0.26785714285714
6	1168247	840	0.16666666666667
6	1216560	860	0.28571428571429
6	1266623	880	0.28571428571429
6	1317555	900	0
6	1370551	920	0.57142857142857
6	1424330	940	0.27777777777778
6	1479124	960	0.23809523809524
6	1535896	980	0.28571428571429
6	1593994	1000	0.21428571428571
6	1653707	1020	0.3
6	1714669	1040	0.25
6	1777018	1060	0.26785714285714
6	1840692	1080	0.14285714285714
6	1905973	1100	0.33333333333333
6	1973507	1120	0
6	2043429	1140	0.26666666666667
6	2114589	1160	0.19444444444444
6	2187849	1180	0.28571428571429
6	2262784	1200	0.28571428571429
6	2340368	1220	0.16666666666667
6	2419749	1240	0.26666666666667
6	2500126	1260	0.26666666666667
6	2583209	1280	0.28571428571429
6	2668352	1300	0.26666666666667
6	2755194	1320	0.25
6	2844537	1340	0.23809523809524
6	2936208	1360	0.21428571428571
6	3029746	1380	0.26666666666667
6	3124199	1400	0.26666666666667
6	3221399	1420	0.26785714285714
6	3320990	1440	0.66666666666667
6	3422464	1460	0.25454545454545
6	3526403	1480	0.19444444444444
6	3631868	1500	0.28571428571429
6	3740816	1520	0.26785714285714
6	3852046	1540	0.27777777777778
6	3965389	1560	0.19444444444444
6	4081340	1580	0.26666666666667
6	4199620	1600	0.28571428571429
6	4319770	1620	0.27777777777778
6	4442348	1640	0.27777777777778
6	4567656	1660	0.16666666666667
6	4695280	1680	0.23809523809524
6	4824828	1700	0.26785714285714
6	4957043	1720	0.19444444444444
6	5091075	1740	0.23809523809524
6	5228236	1760	0.3
6	5367504	1780	0.21428571428571
6	5509360	1800	0
6	5653634	1820	0.21428571428571
6	5800388	1840	0
6	5949282	1860	0.26515151515152
6	6101289	1880	0.27777777777778
6	6255461	1900	0.2
6	6412501	1920	0.28571428571429
6	6571182	1940	0.26666666666667
6	6733129	1960	0.27272727272727
6	6897787	1980	0.26923076923077
6	7064859	2000	0.11111111111111
7	145313	240	22.858974358974
7	171180	260	22.823529411765
7	198418	280	22.021505376344
7	225690	300	22.47311827957
7	252720	320	22.45652173913
7	279956	340	22.10752688172
7	307375	360	22.052631578947
7	334996	380	22.115789473684
7	362837	400	22.404255319149
7	390903	420	21.721649484536
7	419524	440	22.030612244898
7	448748	460	22.112244897959
7	478480	480	22.25
7	508976	500	22.613861386139
7	540045	520	21.855769230769
7	571791	540	22.893203883495
7	604355	560	22.611111111111
7	637595	580	23.130841121495
7	671528	600	23.422018348624
7	706513	620	24.148148148148
7	742711	640	24.027027027027
7	779777	660	24.954954954955
7	817895	680	25.097345132743
7	857091	700	25.973913043478
7	898063	720	26.24347826087
7	940322	740	27.241379310345
7	983397	760	27.827586206897
7	1027839	780	28.076271186441
7	1073740	800	28.875
7	1120293	820	28.909836065574
7	1168247	840	29.090909090909
7	1216560	860	29.106557377049
7	1266623	880	29.404761904762
7	1317555	900	29.992063492063
7	1370551	920	30.8203125
7	1424330	940	30.550387596899
7	1479124	960	31.292307692308
7	1535896	980	31.702290076336
7	1593994	1000	31.796992481203
7	1653707	1020	32.080882352941
7	1714669	1040	32.845588235294
7	1777018	1060	33.562962962963
7	1840692	1080	33.398550724638
7	1905973	1100	33.978417266187
7	1973507	1120	34.774647887324
7	2043429	1140	36.415492957746
7	2114589	1160	36.781690140845
7	2187849	1180	37.31724137931
7	2262784	1200	37.965753424658
7	2340368	1220	38.801369863014
7	2419749	1240	39.547297297297
7	2500126	1260	40.315436241611
7	2583209	1280	40.562913907285
7	2668352	1300	41.245033112583
7	2755194	1320	41.828947368421
7	2844537	1340	42.941935483871
7	2936208	1360	43.5
7	3029746	1380	43.898734177215
7	3124199	1400	44.854430379747
7	3221399	1420	45.316455696203
7	3320990	1440	46.012578616352
7	3422464	1460	46.533742331288
7	3526403	1480	47.382716049383
7	3631868	1500	48.012195121951
7	3740816	1520	49.323170731707
7	3852046	1540	49.580838323353
7	3965389	1560	49.880239520958
7	4081340	1580	50.744047619048
7	4199620	1600	51.329411764706
7	4319770	1620	52.205882352941
7	4442348	1640	51.628571428571
7	4567656	1660	52.862068965517
7	4695280	1680	53.217142857143
7	4824828	1700	53.76
7	4957043	1720	54.050561797753
7	5091075	1740	54.702247191011
7	5228236	1760	55.261111111111
7	5367504	1780	55.845303867403
7	5509360	1800	55.809782608696
7	5653634	1820	56.351351351351
7	5800388	1840	57.221621621622
7	5949282	1860	57.817204301075
7	6101289	1880	58.632978723404
7	6255461	1900	59.057894736842
7	6412501	1920	59.434554973822
7	6571182	1940	60.257894736842
7	6733129	1960	60.567010309278
7	6897787	1980	61.577319587629
7	7064859	2000	61.974358974359
8	145313	240	4.7007166045973
8	171180	260	3.6193148213316
8	198418	280	5.3140062971925
8	225690	300	4.4808563764411
8	252720	320	3.7721158649256
8	279956	340	4.6285089288194
8	307375	360	4.458719454208
8	334996	380	4.8878119324624
8	362837	400	4.2863101632793
8	390903	420	4.7887504199104
8	419524	440	4.9293024153225
8	448748	460	4.8776423514316
8	478480	480	4.2625335094509
8	508976	500	3.9773616808877
8	540045	520	4.8699958518169
8	571791	540	3.5587853770612
8	604355	560	4.1666978191982
8	637595	580	3.7644917774441
8	671528	600	3.7571994544342
8	706513	620	3.7685734796213
8	742711	640	3.8904532558079
8	779777	660	3.9826610277036
8	817895	680	4.5256503119321
8	857091	700	5.0929274481748
8	898063	720	5.5355173839359
8	940322	740	6.4384992710699
8	983397	760	6.4703683949538
8	1027839	780	7.0640014079586
8	1073740	800	7.5510169608376
8	1120293	820	8.0771119320575
8	1168247	840	7.8347516446492
8	1216560	860	8.1593705974338
8	1266623	880	9.1897147476327
8	1317555	900	9.09109105157
8	1370551	920	9.8735577786663
8	1424330	940	9.9160233652329
8	1479124	960	10.124378555986
8	1535896	980	10.531779494966
8	1593994	1000	10.894646585348
8	1653707	1020	11.393341230775
8	1714669	1040	12.105021104802
8	1777018	1060	12.388974038333
8	1840692	1080	12.765452839811
8	1905973	1100	13.344633414038
8	1973507	1120	14.131798240364
8	2043429	1140	14.773103294871
8	2114589	1160	15.156917385831
8	2187849	1180	15.728911564499
8	2262784	1200	16.417574428584
8	2340368	1220	17.588640481078
8	2419749	1240	17.599603605408
8	2500126	1260	17.834103091701
8	2583209	1280	18.310498321615
8	2668352	1300	19.212137443959
8	2755194	1320	18.819032326147
8	2844537	1340	20.090457355398
8	2936208	1360	20.853869448324
8	3029746	1380	21.46518136719
8	3124199	1400	21.963729785867
8	3221399	1420	22.307374636072
8	3320990	1440	22.487405032169
8	3422464	1460	23.278847020945
8	3526403	1480	23.88225147331
8	3631868	1500	24.363803939269
8	3740816	1520	25.142034798543
8	3852046	1540	25.460181370869
8	3965389	1560	25.698859005005
8	4081340	1580	25.848475330894
8	4199620	1600	26.107600849889
8	4319770	1620	26.558609310481
8	4442348	1640	27.405307936965
8	4567656	1660	27.025858913824
8	4695280	1680	27.195519045564
8	4824828	1700	27.286466688962
8	4957043	1720	27.595805886175
8	5091075	1740	27.689890780189
8	5228236	1760	28.200670361082
8	5367504	1780	28.639489880261
8	5509360	1800	28.795334168886
8	5653634	1820	28.924391895656
8	5800388	1840	29.355570680277
8	5949282	1860	29.39220203132
8	6101289	1880	29.874933202612
8	6255461	1900	29.922330069937
8	6412501	1920	30.493910689563
8	6571182	1940	30.550882455747
8	6733129	1960	31.163751766693
8	6897787	1980	30.961729695408
8	7064859	2000	31.550227652459
9	145313	240	22.096736596737
9	171180	260	13.09943977591
9	198418	280	28.238662926601
9	225690	300	20.078073866293
9	252720	320	14.228858098423
9	279956	340	21.423094904161
9	307375	360	19.880179171333
9	334996	380	23.890705487122
9	362837	400	18.372454815832
9	390903	420	22.932130584192
9	419524	440	24.298022301704
9	448748	460	23.791394908479
9	478480	480	18.169191919192
9	508976	500	15.819405940594
9	540045	520	23.716859596714
9	571791	540	12.664953359985
9	604355	560	17.361370716511
9	637595	580	14.171398342444
9	671528	600	14.116547740401
9	706513	620	14.202146071305
9	742711	640	15.135626535627
9	779777	660	15.861588861589
9	817895	680	20.481510745891
9	857091	700	25.937909992372
9	898063	720	30.641952707857
9	940322	740	41.454272863568
9	983397	760	41.865667166417
9	1027839	780	49.900115891641
9	1073740	800	57.017857142857
9	1120293	820	65.239737162986
9	1168247	840	61.383333333333
9	1216560	860	66.575328546267
9	1266623	880	84.450857142857
9	1317555	900	82.647936507937
9	1370551	920	97.487143208661
9	1424330	940	98.327519379845
9	1479124	960	102.5030411449
9	1535896	980	110.91837933059
9	1593994	1000	118.69332421964
9	1653707	1020	129.80822440087
9	1714669	1040	146.53153594771
9	1777018	1060	153.4866777225
9	1840692	1080	162.95678620544
9	1905973	1100	178.07924095506
9	1973507	1120	199.70772150634
9	2043429	1140	218.24458096094
9	2114589	1160	229.7321446409
9	2187849	1180	247.39865900383
9	2262784	1200	269.53675011809
9	2340368	1220	309.3602739726
9	2419749	1240	309.74604706748
9	2500126	1260	318.05523308543
9	2583209	1280	335.27434878587
9	2668352	1300	369.10622516556
9	2755194	1320	354.15597769258
9	2844537	1340	403.62647674906
9	2936208	1360	434.88387096774
9	3029746	1380	460.75401112634
9	3124199	1400	482.40542610659
9	3221399	1420	497.61896315408
9	3320990	1440	505.68338508081
9	3422464	1460	541.90471862456
9	3526403	1480	570.3619354344
9	3631868	1500	593.59494239114
9	3740816	1520	632.12191381116
9	3852046	1540	648.22083543756
9	3965389	1560	660.43135415915
9	4081340	1580	668.14367693185
9	4199620	1600	681.60682213714
9	4319770	1620	705.35972850679
9	4442348	1640	751.05090311987
9	4567656	1660	730.3970500299
9	4695280	1680	739.59625615764
9	4824828	1700	744.55126436782
9	4957043	1720	761.52850250746
9	5091075	1740	766.73005141878
9	5228236	1760	795.2778088144
9	5367504	1780	820.2203806016
9	5509360	1800	829.17126989784
9	5653634	1820	836.62044653349
9	5800388	1840	861.74952996475
9	5949282	1860	863.90154024993
9	6101289	1880	892.51163386051
9	6255461	1900	895.34583681426
9	6412501	1920	929.87858914301
9	6571182	1940	933.35641882484
9	6733129	1960	971.17942417606
9	6897787	1980	958.62870573153
9	7064859	2000	995.41686492202
10	145313	240	188.72153953832
10	171180	260	239.13074359662
10	198418	280	144.78062903816
10	225690	300	239.78599914494
10	252720	320	396.66727060629
10	279956	340	381.24091510394
10	307375	360	140.73321608768
10	334996	380	253.7620880432
10	362837	400	242.74478562031
10	390903	420	333.963142499
10	419524	440	339.60770882485
10	448748	460	192.70941560763
10	478480	480	235.14430492443
10	508976	500	190.67242908935
10	540045	520	291.3691728289
10	571791	540	288.6207087019
10	604355	560	94.793279199296
10	637595	580	50.51473834997
10	671528	600	241.24776784141
10	706513	620	352.64462533223
10	742711	640	437.27769872727
10	779777	660	288.5263860023
10	817895	680	392.44998039952
10	857091	700	348.59450614677
10	898063	720	147.69304852659
10	940322	740	289.91058154353
10	983397	760	337.18152761343
10	1027839	780	189.45289963327
10	1073740	800	301.69246641849
10	1120293	820	403.29707760482
10	1168247	840	301.01866036171
10	1216560	860	358.15712649664
10	1266623	880	398.46731605312
10	1317555	900	242.14023342409
10	1370551	920	388.10377318231
10	1424330	940	439.48925119952
10	1479124	960	349.10529786218
10	1535896	980	351.64949502603
10	1593994	1000	396.0810121866
10	1653707	1020	246.97373706103
10	1714669	1040	195.32231298084
10	1777018	1060	397.47540015996
10	1840692	1080	351.57848172048
10	1905973	1100	150.21562998382
10	1973507	1120	350.037589514
10	2043429	1140	507.4013656041
10	2114589	1160	444.18497654217
10	2187849	1180	358.93873524776
10	2262784	1200	406.50744946628
10	2340368	1220	289.42847686232
10	2419749	1240	490.73225684835
10	2500126	1260	802.36496414306
10	2583209	1280	341.46364287038
10	2668352	1300	492.18991199669
10	2755194	1320	432.68122572083
10	2844537	1340	346.79040053743
10	2936208	1360	406.02457474937
10	3029746	1380	299.15296050605
10	3124199	1400	503.16633168626
10	3221399	1420	400.37741452251
10	3320990	1440	298.49827858829
10	3422464	1460	566.33490732798
10	3526403	1480	444.93020118132
10	3631868	1500	360.63858713614
10	3740816	1520	405.75110576926
10	3852046	1540	492.23010115198
10	3965389	1560	448.98839556913
10	4081340	1580	501.77592645227
10	4199620	1600	355.37344795007
10	4319770	1620	503.60578167338
10	4442348	1640	453.30245589559
10	4567656	1660	302.41627719622
10	4695280	1680	352.11362540847
10	4824828	1700	410.80917041772
10	4957043	1720	452.91948610179
10	5091075	1740	348.2933911161
10	5228236	1760	243.85330733834
10	5367504	1780	394.57431600516
10	5509360	1800	203.2164273425
10	5653634	1820	413.39315118314
10	5800388	1840	304.61348573725
10	5949282	1860	618.89111170311
10	6101289	1880	442.81942798756
10	6255461	1900	253.35436701578
10	6412501	1920	404.67239393329
10	6571182	1940	744.98306145374
10	6733129	1960	593.9694861078
10	6897787	1980	658.90366486977
10	7064859	2000	450.16258841677
11	145313	240	47.180384884579
11	171180	260	47.826148719323
11	198418	280	48.260209679385
11	225690	300	47.957199828988
11	252720	320	49.583408825786
11	279956	340	47.655114387992
11	307375	360	46.911072029225
11	334996	380	50.752417608641
11	362837	400	48.548957124062
11	390903	420	47.709020356999
11	419524	440	48.515386974979
11	448748	460	48.177353901908
11	478480	480	47.028860984886
11	508976	500	47.668107272337
11	540045	520	48.561528804816
11	571791	540	48.103451450316
11	604355	560	47.396639599648
11	637595	580	50.51473834997
11	671528	600	48.249553568283
11	706513	620	50.377803618891
11	742711	640	48.586410969696
11	779777	660	48.087731000383
11	817895	680	49.05624754994
11	857091	700	49.799215163824
11	898063	720	49.231016175531
11	940322	740	48.318430257254
11	983397	760	48.168789659061
11	1027839	780	47.363224908316
11	1073740	800	50.282077736414
11	1120293	820	50.412134700603
11	1168247	840	50.169776726952
11	1216560	860	51.165303785234
11	1266623	880	49.808414506639
11	1317555	900	48.428046684818
11	1370551	920	48.512971647789
11	1424330	940	48.832139022169
11	1479124	960	49.872185408883
11	1535896	980	50.235642146575
11	1593994	1000	49.510126523325
11	1653707	1020	49.394747412206
11	1714669	1040	48.830578245209
11	1777018	1060	49.684425019995
11	1840692	1080	50.22549738864
11	1905973	1100	50.071876661275
11	1973507	1120	50.005369930572
11	2043429	1140	50.74013656041
11	2114589	1160	49.353886282463
11	2187849	1180	51.276962178252
11	2262784	1200	50.813431183285
11	2340368	1220	48.238079477053
11	2419749	1240	49.073225684835
11	2500126	1260	50.147810258941
11	2583209	1280	48.780520410054
11	2668352	1300	49.218991199669
11	2755194	1320	48.075691746759
11	2844537	1340	49.541485791061
11	2936208	1360	50.753071843671
11	3029746	1380	49.858826751009
11	3124199	1400	50.316633168626
11	3221399	1420	50.047176815314
11	3320990	1440	49.749713098049
11	3422464	1460	51.484991575271
11	3526403	1480	49.436689020146
11	3631868	1500	51.519798162306
11	3740816	1520	50.718888221157
11	3852046	1540	49.223010115198
11	3965389	1560	49.887599507681
11	4081340	1580	50.177592645227
11	4199620	1600	50.767635421438
11	4319770	1620	50.360578167338
11	4442348	1640	50.366939543955
11	4567656	1660	50.402712866037
11	4695280	1680	50.301946486925
11	4824828	1700	51.351146302215
11	4957043	1720	50.324387344643
11	5091075	1740	49.756198730871
11	5228236	1760	48.770661467668
11	5367504	1780	49.321789500645
11	5509360	1800	50.804106835626
11	5653634	1820	51.674143897892
11	5800388	1840	50.768914289542
11	5949282	1860	51.574259308593
11	6101289	1880	49.202158665285
11	6255461	1900	50.670873403155
11	6412501	1920	50.584049241662
11	6571182	1940	49.665537430249
11	6733129	1960	49.49745717565
11	6897787	1980	50.684897297674
11	7064859	2000	50.018065379641
12	145313	240	1.7758316062413
12	171180	260	1.7182188424327
12	198418	280	1.640543196893
12	225690	300	2.5786478425313
12	252720	320	2.8702617177683
12	279956	340	1.1802839295104
12	307375	360	1.05132515214
12	334996	380	3.6203760086973
12	362837	400	2.813229041279
12	390903	420	2.5895477126139
12	419524	440	2.2963745807664
12	448748	460	1.533454670898
12	478480	480	1.0677186855444
12	508976	500	2.0919052217092
12	540045	520	2.2447747241082
12	571791	540	2.0081044489563
12	604355	560	0.59032192052084
12	637595	580	nan
12	671528	600	2.037374785924
12	706513	620	3.3404279623077
12	742711	640	1.3307011667818
12	779777	660	1.1188442926288
12	817895	680	1.9972744261016
12	857091	700	2.0742981643963
12	898063	720	2.4821731161684
12	940322	740	1.2621742542532
12	983397	760	1.9255114150644
12	1027839	780	0.92672093499224
12	1073740	800	3.2639939758678
12	1120293	820	2.7266428896296
12	1168247	840	2.7704471932081
12	1216560	860	2.8155676123489
12	1266623	880	1.6470247446439
12	1317555	900	3.0320428930139
12	1370551	920	2.3266372941555
12	1424330	940	2.910611820248
12	1479124	960	1.9951943333739
12	1535896	980	2.3224775802532
12	1593994	1000	1.2711952860033
12	1653707	1020	2.1000488677288
12	1714669	1040	2.5040748854819
12	1777018	1060	2.0817462172823
12	1840692	1080	3.245928423825
12	1905973	1100	1.6339818702461
12	1973507	1120	1.8742302439876
12	2043429	1140	1.9017635531833
12	2114589	1160	3.566651660791
12	2187849	1180	3.2797281212327
12	2262784	1200	2.0976581345201
12	2340368	1220	3.5889820517747
12	2419749	1240	2.1116409802877
12	2500126	1260	3.0040459453286
12	2583209	1280	2.521098872435
12	2668352	1300	2.8625526058548
12	2755194	1320	2.5346543850492
12	2844537	1340	3.9676698029834
12	2936208	1360	3.5141447342971
12	3029746	1380	2.6249003166255
12	3124199	1400	3.0700101616571
12	3221399	1420	2.7396188251409
12	3320990	1440	2.0915803493756
12	3422464	1460	3.8418211203549
12	3526403	1480	3.3068611985369
12	3631868	1500	3.0726154332966
12	3740816	1520	1.81483888406
12	3852046	1540	2.4658592028637
12	3965389	1560	1.9017916557681
12	4081340	1580	1.704082957757
12	4199620	1600	1.9179590666927
12	4319770	1620	2.8708121874649
12	4442348	1640	2.0094853506093
12	4567656	1660	1.8921871184234
12	4695280	1680	1.5945772655211
12	4824828	1700	2.0323895663876
12	4957043	1720	1.7949747315252
12	5091075	1740	2.5051233403383
12	5228236	1760	2.1465647147988
12	5367504	1780	1.3041186760268
12	5509360	1800	2.3174510617503
12	5653634	1820	1.5226171938097
12	5800388	1840	1.8381873378986
12	5949282	1860	2.295450791479
12	6101289	1880	2.0115362232304
12	6255461	1900	1.8233535963363
12	6412501	1920	2.6663551151686
12	6571182	1940	2.4874241453516
12	6733129	1960	1.2200586973973
12	6897787	1980	1.8588707297567
12	7064859	2000	2.794468226702
13	145313	240	3.1535778937257
13	171180	260	2.9522759904908
13	198418	280	2.6913819808719
13	225690	300	6.6494246957912
13	252720	320	8.2384023284862
13	279956	340	1.3930701542606
13	307375	360	1.1052845755222
13	334996	380	13.107122444351
13	362837	400	7.9142576386954
13	390903	420	6.705757355904
13	419524	440	5.2733362151902
13	448748	460	2.3514832276988
13	478480	480	1.1400231914607
13	508976	500	4.3760674566143
13	540045	520	5.0390135619949
13	571791	540	4.0324834779182
13	604355	560	0.34847996984741
13	637595	580	nan
13	671528	600	4.1508960183188
13	706513	620	11.158458971367
13	742711	640	1.7707655952745
13	779777	660	1.251812551148
13	817895	680	3.9891051331595
13	857091	700	4.3027128748177
13	898063	720	6.1611833786289
13	940322	740	1.5930838480997
13	983397	760	3.7075942095434
13	1027839	780	0.8588116913529
13	1073740	800	10.653656674501
13	1120293	820	7.4345814475674
13	1168247	840	7.6753776503548
13	1216560	860	7.9274209797081
13	1266623	880	2.7126905094694
13	1317555	900	9.1932841050761
13	1370551	920	5.413241098555
13	1424330	940	8.4716611681672
13	1479124	960	3.9808004279275
13	1535896	980	5.3939021107786
13	1593994	1000	1.6159374551571
13	1653707	1020	4.4102052468489
13	1714669	1040	6.2703910321013
13	1777018	1060	4.3336673131692
13	1840692	1080	10.536051332595
13	1905973	1100	2.6698967522931
13	1973507	1120	3.5127390074778
13	2043429	1140	3.6167046122165
13	2114589	1160	12.721004069423
13	2187849	1180	10.756616549205
13	2262784	1200	4.4001696493184
13	2340368	1220	12.880792167961
13	2419749	1240	4.4590276296306
13	2500126	1260	9.0242920416452
13	2583209	1280	6.3559395245929
13	2668352	1300	8.1942074212864
13	2755194	1320	6.4244728516493
13	2844537	1340	15.742403665506
13	2936208	1360	12.349213213588
13	3029746	1380	6.8901016722206
13	3124199	1400	9.4249623926781
13	3221399	1420	7.5055113070667
13	3320990	1440	4.374708357894
13	3422464	1460	14.759589520805
13	3526403	1480	10.935330986389
13	3631868	1500	9.4409656009325
13	3740816	1520	3.2936401750961
13	3852046	1540	6.0804616083478
13	3965389	1560	3.6168115019493
13	4081340	1580	2.9038987269178
13	4199620	1600	3.6785669815089
13	4319770	1620	8.2415626156971
13	4442348	1640	4.0380313743133
13	4567656	1660	3.5803720911276
13	4695280	1680	2.5426766557166
13	4824828	1700	4.1306073495611
13	4957043	1720	3.221934286814
13	5091075	1740	6.2756429503079
13	5228236	1760	4.6077400748194
13	5367504	1780	1.700725521162
13	5509360	1800	5.3705794236074
13	5653634	1820	2.318363118885
13	5800388	1840	3.3789326892107
13	5949282	1860	5.2690943361017
13	6101289	1880	4.0462779773679
13	6255461	1900	3.3246183372726
13	6412501	1920	7.1094496001858
13	6571182	1940	6.1872788788783
13	6733129	1960	1.4885432250948
13	6897787	1980	3.4554003899463
13	7064859	2000	7.809052670047
14	145313	240	178.73493095745
14	171180	260	225.71631121335
14	198418	280	224.3424479155
14	225690	300	273.22897759087
14	252720	320	449.45672321019
14	279956	340	449.07884533512
14	307375	360	181.34242662665
14	334996	380	362.947378328
14	362837	400	319.43381854631
14	390903	420	365.71740202107
14	419524	440	453.52773719319
14	448748	460	223.34083813661
14	478480	480	407.03923856008
14	508976	500	226.40675903802
14	540045	520	324.9101020131
14	571791	540	500.4832062683
14	604355	560	89.924406936565
14	637595	580	92.698318832114
14	671528	600	226.6500820769
14	706513	620	413.97133701459
14	742711	640	502.57079295417
14	779777	660	270.33261534949
14	817895	680	453.71518636859
14	857091	700	408.46840778576
14	898063	720	135.77312836182
14	940322	740	404.78099837059
14	983397	760	360.73834913417
14	1027839	780	224.21722383727
14	1073740	800	323.69618666882
14	1120293	820	456.67906325255
14	1168247	840	411.06137277781
14	1216560	860	505.16955758598
14	1266623	880	417.12537172837
14	1317555	900	409.50309526653
14	1370551	920	504.67760822757
14	1424330	940	495.68134437494
14	1479124	960	457.31984127756
14	1535896	980	322.58630595747
14	1593994	1000	496.72866926014
14	1653707	1020	316.8079297763
14	1714669	1040	317.5097098971
14	1777018	1060	410.07144553879
14	1840692	1080	411.9416383638
14	1905973	1100	363.50548464131
14	1973507	1120	460.3593932
14	2043429	1140	590.66572386918
14	2114589	1160	499.17244905209
14	2187849	1180	411.70865909382
14	2262784	1200	685.3139650025
14	2340368	1220	362.72904861756
14	2419749	1240	635.89485737616
14	2500126	1260	865.22186437423
14	2583209	1280	454.7548573191
14	2668352	1300	499.01517890161
14	2755194	1320	407.95976295218
14	2844537	1340	409.76901056497
14	2936208	1360	593.83543750185
14	3029746	1380	407.95539292739
14	3124199	1400	547.59105216854
14	3221399	1420	591.13189126046
14	3320990	1440	409.36343736726
14	3422464	1460	554.63280712641
14	3526403	1480	494.97856980476
14	3631868	1500	409.78369111054
14	3740816	1520	503.35585851002
14	3852046	1540	502.02351824074
14	3965389	1560	413.10352911606
14	4081340	1580	684.72052904815
14	4199620	1600	321.21059128726
14	4319770	1620	723.36647346652
14	4442348	1640	453.8221358937
14	4567656	1660	274.8349226193
14	4695280	1680	362.65209690481
14	4824828	1700	547.96994280884
14	4957043	1720	640.8726377221
14	5091075	1740	410.7153399993
14	5228236	1760	360.45927663795
14	5367504	1780	546.52192547428
14	5509360	1800	271.24110120765
14	5653634	1820	596.48551339669
14	5800388	1840	321.73543393567
14	5949282	1860	596.59790777542
14	6101289	1880	404.18859391275
14	6255461	1900	318.48478470606
14	6412501	1920	594.86339403023
14	6571182	1940	770.72580252438
14	6733129	1960	636.68157094179
14	6897787	1980	682.63875460301
14	7064859	2000	541.77292111086
15	145313	240	44.683732739362
15	171180	260	45.143262242669
15	198418	280	44.8684895831
15	225690	300	45.538162931811
15	252720	320	44.945672321019
15	279956	340	44.907884533512
15	307375	360	45.335606656663
15	334996	380	45.368422291
15	362837	400	45.633402649473
15	390903	420	45.714675252634
15	419524	440	45.352773719319
15	448748	460	44.668167627322
15	478480	480	45.226582062231
15	508976	500	45.281351807603
15	540045	520	46.415728859015
15	571791	540	45.498473297118
15	604355	560	44.962203468283
15	637595	580	46.349159416057
15	671528	600	45.330016415379
15	706513	620	45.996815223843
15	742711	640	45.688253904925
15	779777	660	45.055435891581
15	817895	680	45.371518636859
15	857091	700	45.385378642863
15	898063	720	45.25770945394
15	940322	740	44.975666485621
15	983397	760	45.092293641771
15	1027839	780	44.843444767454
15	1073740	800	46.242312381259
15	1120293	820	45.667906325255
15	1168247	840	45.673485864201
15	1216560	860	45.924505235089
15	1266623	880	46.347263525375
15	1317555	900	45.500343918503
15	1370551	920	45.879782566143
15	1424330	940	45.061940397722
15	1479124	960	45.731984127756
15	1535896	980	46.083757993924
15	1593994	1000	45.157151750922
15	1653707	1020	45.258275682328
15	1714669	1040	45.3585299853
15	1777018	1060	45.563493948754
15	1840692	1080	45.771293151534
15	1905973	1100	45.438185580164
15	1973507	1120	46.03593932
15	2043429	1140	45.435824913014
15	2114589	1160	45.37931355019
15	2187849	1180	45.74540656598
15	2262784	1200	45.687597666833
15	2340368	1220	45.341131077196
15	2419749	1240	45.421061241154
15	2500126	1260	45.537992861801
15	2583209	1280	45.47548573191
15	2668352	1300	45.365016263782
15	2755194	1320	45.328862550242
15	2844537	1340	45.529890062774
15	2936208	1360	45.679649038604
15	3029746	1380	45.328376991932
15	3124199	1400	45.632587680712
15	3221399	1420	45.471683943112
15	3320990	1440	45.48482637414
15	3422464	1460	46.219400593867
15	3526403	1480	44.998051800433
15	3631868	1500	45.531521234504
15	3740816	1520	45.759623500911
15	3852046	1540	45.638501658249
15	3965389	1560	45.900392124007
15	4081340	1580	45.648035269876
15	4199620	1600	45.887227326751
15	4319770	1620	45.210404591658
15	4442348	1640	45.38221358937
15	4567656	1660	45.80582043655
15	4695280	1680	45.331512113102
15	4824828	1700	45.664161900737
15	4957043	1720	45.77661698015
15	5091075	1740	45.6350377777
15	5228236	1760	45.057409579743
15	5367504	1780	45.543493789523
15	5509360	1800	45.206850201275
15	5653634	1820	45.883501030515
15	5800388	1840	45.962204847953
15	5949282	1860	45.892146751955
15	6101289	1880	44.909843768083
15	6255461	1900	45.49782638658
15	6412501	1920	45.75872261771
15	6571182	1940	45.336811913199
15	6733129	1960	45.477255067271
15	6897787	1980	45.509250306867
15	7064859	2000	45.147743425905
16	145313	240	0.35520930067284
16	171180	260	0.79918922581706
16	198418	280	1.4153406335611
16	225690	300	1.8356134627975
16	252720	320	0.40307584394947
16	279956	340	0.42693058846434
16	307375	360	1.2647149416164
16	334996	380	1.772386274761
16	362837	400	1.6793316318571
16	390903	420	1.7090262120385
16	419524	440	1.2309014738076
16	448748	460	0.27998356138995
16	478480	480	1.1982952487608
16	508976	500	1.2875440218259
16	540045	520	2.2602058375852
16	571791	540	1.5514072728317
16	604355	560	0.64046298039358
16	637595	580	2.4325619985706
16	671528	600	1.3738943043017
16	706513	620	1.4860810822568
16	742711	640	1.4977506770582
16	779777	660	1.0076387301233
16	817895	680	1.3017717386695
16	857091	700	1.1490700622836
16	898063	720	1.1991269108807
16	940322	740	0.87215168850025
16	983397	760	0.89008811464251
16	1027839	780	0.36271198155905
16	1073740	800	1.3545946885457
16	1120293	820	1.3852506639104
16	1168247	840	1.3843707720891
16	1216560	860	1.4513800810582
16	1266623	880	1.2369962271669
16	1317555	900	1.39866047934
16	1370551	920	1.2361084600018
16	1424330	940	0.75219388393235
16	1479124	960	1.0838289388415
16	1535896	980	1.3650800482077
16	1593994	1000	1.0266576250847
16	1653707	1020	1.0033127106047
16	1714669	1040	1.1869065322899
16	1777018	1060	1.3241092887247
16	1840692	1080	1.2054562205856
16	1905973	1100	1.0384808149541
16	1973507	1120	1.3670350641704
16	2043429	1140	0.76819072088261
16	2114589	1160	1.0660591842214
16	2187849	1180	1.0529435665352
16	2262784	1200	0.78664715257652
16	2340368	1220	1.0067549957247
16	2419749	1240	1.0989592101035
16	2500126	1260	0.92235842934696
16	2583209	1280	1.0488983504472
16	2668352	1300	1.0170184011123
16	2755194	1320	1.0086046222136
16	2844537	1340	1.1198207294432
16	2936208	1360	0.99488232108008
16	3029746	1380	0.94043066116408
16	3124199	1400	1.2540367506874
16	3221399	1420	0.86767318065365
16	3320990	1440	0.86345063729022
16	3422464	1460	1.068450667434
16	3526403	1480	0.68790498667344
16	3631868	1500	0.80151383648867
16	3740816	1520	0.71556092143307
16	3852046	1540	1.1151288729669
16	3965389	1560	0.99347136808802
16	4081340	1580	0.88703746553943
16	4199620	1600	0.40879549939805
16	4319770	1620	0.80253537726609
16	4442348	1640	0.57785774395689
16	4567656	1660	0.81609354717647
16	4695280	1680	0.85154785523665
16	4824828	1700	0.94375509773803
16	4957043	1720	0.86904900245678
16	5091075	1740	1.211710670402
16	5228236	1760	0.59499109799718
16	5367504	1780	0.72973939443175
16	5509360	1800	0.4428385150001
16	5653634	1820	0.67562668883284
16	5800388	1840	0.63164477086139
16	5949282	1860	0.82670832501158
16	6101289	1880	0.59455040908917
16	6255461	1900	1.1511515762161
16	6412501	1920	0.97357878580392
16	6571182	1940	0.7317201063495
16	6733129	1960	1.1175498228531
16	6897787	1980	0.61694262626382
16	7064859	2000	0.98020512179022
17	145313	240	0.12617364728449
17	171180	260	0.63870341866207
17	198418	280	2.0031891090091
17	225690	300	3.3694767848033
17	252720	320	0.16247013597557
17	279956	340	0.18226972736651
17	307375	360	1.5995038835478
17	334996	380	3.1413531069612
17	362837	400	2.8201547297558
17	390903	420	2.9207705934348
17	419524	440	1.5151184382218
17	448748	460	0.078390794648599
17	478480	480	1.4359115032027
17	508976	500	1.6577696081397
17	540045	520	5.1085304282543
17	571791	540	2.4068645261951
17	604355	560	0.41019282925462
17	637595	580	5.9173578768899
17	671528	600	1.8875855593928
17	706513	620	2.2084369830415
17	742711	640	2.2432570906282
17	779777	660	1.0153358104444
17	817895	680	1.6946096595987
17	857091	700	1.3203620080363
17	898063	720	1.4379053483984
17	940322	740	0.76064856775384
17	983397	760	0.79225685182786
17	1027839	780	0.13155998156649
17	1073740	800	1.8349267702362
17	1120293	820	1.9189194018643
17	1168247	840	1.9164824346145
17	1216560	860	2.1065041396925
17	1266623	880	1.5301596660251
17	1317555	900	1.9562511364675
17	1370551	920	1.5279641248881
17	1424330	940	0.56579563902523
17	1479124	960	1.1746851686703
17	1535896	980	1.8634435380147
17	1593994	1000	1.0540258791445
17	1653707	1020	1.0066363952609
17	1714669	1040	1.4087471163924
17	1777018	1060	1.753265408487
17	1840692	1080	1.4531246997486
17	1905973	1100	1.0784424030277
17	1973507	1120	1.8687848666714
17	2043429	1140	0.59011698365014
17	2114589	1160	1.1364821842629
17	2187849	1180	1.1086901543079
17	2262784	1200	0.61881374265674
17	2340368	1220	1.0135556214167
17	2419749	1240	1.2077113454713
17	2500126	1260	0.85074507218738
17	2583209	1280	1.1001877495708
17	2668352	1300	1.034326428201
17	2755194	1320	1.0172832839507
17	2844537	1340	1.2539984660906
17	2936208	1360	0.98979083279768
17	3029746	1380	0.88440982845751
17	3124199	1400	1.5726081720746
17	3221399	1420	0.75285674842563
17	3320990	1440	0.74554700303689
17	3422464	1460	1.1415868287403
17	3526403	1480	0.47321327069018
17	3631868	1500	0.64242443008278
17	3740816	1520	0.51202743228215
17	3852046	1540	1.2435124033244
17	3965389	1560	0.98698535921068
17	4081340	1580	0.78683546527061
17	4199620	1600	0.1671137603281
17	4319770	1620	0.64406303176363
17	4442348	1640	0.33391957225094
17	4567656	1660	0.66600867774307
17	4695280	1680	0.72513374975813
17	4824828	1700	0.89067368450652
17	4957043	1720	0.75524616867112
17	5091075	1740	1.4682427487662
17	5228236	1760	0.35401440669589
17	5367504	1780	0.53251958378561
17	5509360	1800	0.19610595036749
17	5653634	1820	0.45647142266322
17	5800388	1840	0.39897511655654
17	5949282	1860	0.68344665464345
17	6101289	1880	0.3534901889481
17	6255461	1900	1.3251499514248
17	6412501	1920	0.94785565216744
17	6571182	1940	0.53541431403613
17	6733129	1960	1.248917606559
17	6897787	1980	0.3806182041013
17	7064859	2000	0.96080208078377
18	145313	240	762.94992266069
18	171180	260	856.56428689611
18	198418	280	955.46509930351
18	225690	300	1001.548683416
18	252720	320	1349.2579379059
18	279956	340	1553.2567745459
18	307375	360	1649.9238051082
18	334996	380	1454.1547315846
18	362837	400	1612.3738686231
18	390903	420	1642.009369957
18	419524	440	1753.4462338391
18	448748	460	1751.7813697932
18	478480	480	1747.2918705512
18	508976	500	1847.624752471
18	540045	520	1786.6487303734
18	571791	540	1793.6998880524
18	604355	560	1946.9851996129
18	637595	580	1584.8693584499
18	671528	600	1706.5239782214
18	706513	620	1614.7912538697
18	742711	640	1775.8275928985
18	779777	660	2078.4299067607
18	817895	680	2066.9753435656
18	857091	700	2251.8395261165
18	898063	720	2135.8605313853
18	940322	740	2293.3284946863
18	983397	760	2479.3976366277
18	1027839	780	2438.0346543808
18	1073740	800	2592.4003633376
18	1120293	820	2569.1543201335
18	1168247	840	2454.7424413253
18	1216560	860	2520.2277967231
18	1266623	880	2336.3860289065
18	1317555	900	2348.109917941
18	1370551	920	2639.2032758134
18	1424330	940	2881.2236264931
18	1479124	960	2799.2289794441
18	1535896	980	3058.3710170282
18	1593994	1000	2875.1116906607
18	1653707	1020	2859.6531787446
18	1714669	1040	3064.7430852794
18	1777018	1060	3066.9572202055
18	1840692	1080	2952.8584764861
18	1905973	1100	2770.4934679879
18	1973507	1120	2770.3390546748
18	2043429	1140	2881.5427762875
18	2114589	1160	3229.7078927501
18	2187849	1180	3049.0719095996
18	2262784	1200	3357.8585527769
18	2340368	1220	3408.9979763342
18	2419749	1240	3519.592279403
18	2500126	1260	3755.7375754046
18	2583209	1280	3814.61231009
18	2668352	1300	3840.825094168
18	2755194	1320	4309.5893631499
18	2844537	1340	4301.3272364808
18	2936208	1360	3939.2181904541
18	3029746	1380	4085.180394147
18	3124199	1400	4047.0409541472
18	3221399	1420	3970.0854140927
18	3320990	1440	4134.4886988786
18	3422464	1460	3940.7664962032
18	3526403	1480	4060.3426050102
18	3631868	1500	4155.3966596725
18	3740816	1520	4004.4825878501
18	3852046	1540	4219.9810835663
18	3965389	1560	4181.7602178978
18	4081340	1580	4402.9432860752
18	4199620	1600	4625.4344735205
18	4319770	1620	4366.3525185138
18	4442348	1640	4576.2939033752
18	4567656	1660	4364.9097940906
18	4695280	1680	4377.3055163065
18	4824828	1700	4058.164772321
18	4957043	1720	4248.4614436802
18	5091075	1740	4218.9969311713
18	5228236	1760	4223.916018731
18	5367504	1780	4067.3727090809
18	5509360	1800	4115.7883370026
18	5653634	1820	4023.0986354054
18	5800388	1840	3965.1129119396
18	5949282	1860	3987.9737292699
18	6101289	1880	4484.4435895588
18	6255461	1900	4434.8787383606
18	6412501	1920	4441.0018665427
18	6571182	1940	4820.9263002997
18	6733129	1960	5092.2727016896
18	6897787	1980	4989.7976251433
18	7064859	2000	5089.0516402901
19	145313	240	47.684370166293
19	171180	260	47.586904827561
19	198418	280	47.773254965175
19	225690	300	47.692794448381
19	252720	320	48.18778349664
19	279956	340	48.53927420456
19	307375	360	48.527170738477
19	334996	380	48.471824386154
19	362837	400	48.8598142007
19	390903	420	48.294393234028
19	419524	440	48.706839828863
19	448748	460	48.660593605367
19	478480	480	48.53588529309
19	508976	500	48.621704012395
19	540045	520	48.287803523605
19	571791	540	48.478375352769
19	604355	560	48.674629990322
19	637595	580	48.02634419545
19	671528	600	48.757827949184
19	706513	620	48.933068299083
19	742711	640	49.328544247181
19	779777	660	49.486426351446
19	817895	680	49.213698656325
19	857091	700	50.040878358144
19	898063	720	49.671175148494
19	940322	740	49.854967275788
19	983397	760	49.587952732554
19	1027839	780	49.755809273078
19	1073740	800	49.853853141108
19	1120293	820	50.375574904577
19	1168247	840	50.096784516842
19	1216560	860	50.404555934462
19	1266623	880	49.710341040564
19	1317555	900	49.959785488105
19	1370551	920	49.796288222895
19	1424330	940	49.676269422296
19	1479124	960	49.986231775788
19	1535896	980	50.137229787347
19	1593994	1000	49.570891218288
19	1653707	1020	50.169354013062
19	1714669	1040	50.241689922613
19	1777018	1060	50.277987216484
19	1840692	1080	50.048448754002
19	1905973	1100	50.372608508871
19	1973507	1120	50.369800994088
19	2043429	1140	50.553382040132
19	2114589	1160	50.464185824221
19	2187849	1180	50.817865159993
19	2262784	1200	50.876644739045
19	2340368	1220	50.880566810959
19	2419749	1240	51.008583759463
19	2500126	1260	50.75321047844
19	2583209	1280	50.861497467867
19	2668352	1300	51.211001255574
19	2755194	1320	50.701051331175
19	2844537	1340	50.60384984095
19	2936208	1360	50.502797313515
19	3029746	1380	51.064754926837
19	3124199	1400	50.58801192684
19	3221399	1420	50.254245748009
19	3320990	1440	50.420593888763
19	3422464	1460	50.522647387221
19	3526403	1480	50.127686481607
19	3631868	1500	50.675569020396
19	3740816	1520	50.68965301076
19	3852046	1540	50.843145585136
19	3965389	1560	50.382653227685
19	4081340	1580	50.608543518106
19	4199620	1600	50.828950258467
19	4319770	1620	50.771540912951
19	4442348	1640	50.847710037502
19	4567656	1660	50.754765047565
19	4695280	1680	50.898901352401
19	4824828	1700	50.727059654013
19	4957043	1720	51.186282453978
19	5091075	1740	50.831288327365
19	5228236	1760	50.890554442542
19	5367504	1780	50.842158863511
19	5509360	1800	50.81220169139
19	5653634	1820	50.925299182346
19	5800388	1840	50.834780922302
19	5949282	1860	51.127868323973
19	6101289	1880	50.959586244986
19	6255461	1900	50.975617682306
19	6412501	1920	51.045998466008
19	6571182	1940	50.746592634734
19	6733129	1960	50.922727016896
19	6897787	1980	50.91630229738
19	7064859	2000	50.890516402901
20	145313	240	2.0098381835439
20	171180	260	1.858091113714
20	198418	280	1.8601344085317
20	225690	300	1.9948277381203
20	252720	320	2.5893053350012
20	279956	340	3.142257097655
20	307375	360	2.3093586873177
20	334996	380	3.0178627122532
20	362837	400	3.2357979284379
20	390903	420	3.2613587493875
20	419524	440	3.063374428851
20	448748	460	2.6833530233935
20	478480	480	2.5877010257524
20	508976	500	2.7750343783807
20	540045	520	2.5677319927779
20	571791	540	2.5326353652335
20	604355	560	2.4966620379844
20	637595	580	2.3315473217888
20	671528	600	1.9146467335022
20	706513	620	2.4942195631181
20	742711	640	3.1047736360326
20	779777	660	3.0533183887452
20	817895	680	2.5967833307141
20	857091	700	2.685443909825
20	898063	720	2.3676782749
20	940322	740	2.3096766900241
20	983397	760	2.4313100255447
20	1027839	780	2.6121804744537
20	1073740	800	2.7188002130641
20	1120293	820	2.9400091231509
20	1168247	840	2.8556968025879
20	1216560	860	2.7607013157169
20	1266623	880	2.9070638068443
20	1317555	900	2.6985519802132
20	1370551	920	3.0132189330069
20	1424330	940	2.9295026320391
20	1479124	960	3.3163384255295
20	1535896	980	4.1922604670933
20	1593994	1000	3.5220086656779
20	1653707	1020	2.9574169635142
20	1714669	1040	2.9958487281188
20	1777018	1060	2.1620836688965
20	1840692	1080	2.8549381015465
20	1905973	1100	2.4258822440984
20	1973507	1120	2.358928455406
20	2043429	1140	2.3277360930049
20	2114589	1160	2.5061211187212
20	2187849	1180	2.6690224580461
20	2262784	1200	2.984945116478
20	2340368	1220	3.0927639295637
20	2419749	1240	2.8592260989481
20	2500126	1260	3.3325045424281
20	2583209	1280	3.0974339832257
20	2668352	1300	2.9616743668768
20	2755194	1320	2.9447195545563
20	2844537	1340	3.1382682384551
20	2936208	1360	3.0331219885578
20	3029746	1380	2.9408678485207
20	3124199	1400	3.128100163923
20	3221399	1420	3.0829025936124
20	3320990	1440	2.858588048675
20	3422464	1460	3.1487526547069
20	3526403	1480	2.7348372223271
20	3631868	1500	2.8888829704309
20	3740816	1520	3.1226095736814
20	3852046	1540	2.968861424009
20	3965389	1560	2.9550963856676
20	4081340	1580	2.7783445222071
20	4199620	1600	2.786375312625
20	4319770	1620	2.9191162163569
20	4442348	1640	2.5759804373855
20	4567656	1660	2.4087077810415
20	4695280	1680	2.2725674233064
20	4824828	1700	2.6601975182399
20	4957043	1720	2.5847995426573
20	5091075	1740	2.7972913396694
20	5228236	1760	2.4888538415049
20	5367504	1780	2.2571820788022
20	5509360	1800	2.6534157851216
20	5653634	1820	2.3072374448035
20	5800388	1840	2.435176426553
20	5949282	1860	1.99791826519
20	6101289	1880	2.4460923212042
20	6255461	1900	2.3797005889867
20	6412501	1920	1.9415203449732
20	6571182	1940	2.582794129497
20	6733129	1960	2.3856804038301
20	6897787	1980	2.4894034059346
20	7064859	2000	2.3328867703729
21	145313	240	4.0394495240312
21	171180	260	3.4525025868631
21	198418	280	3.4601000178037
21	225690	300	3.9793377047743
21	252720	320	6.7045021178657
21	279956	340	9.8737796677632
21	307375	360	5.3331375466898
21	334996	380	9.1074953500079
21	362837	400	10.470388233683
21	390903	420	10.636460892207
21	419524	440	9.3842628913381
21	448748	460	7.2003834481549
21	478480	480	6.6961965986801
21	508976	500	7.7008158011946
21	540045	520	6.5932475867354
21	571791	540	6.4142418932313
21	604355	560	6.2333213319122
21	637595	580	5.4361129137407
21	671528	600	3.6658721141105
21	706513	620	6.2211312290409
21	742711	640	9.6396193310028
21	779777	660	9.3227531830498
21	817895	680	6.7432836666744
21	857091	700	7.2116089928164
21	898063	720	5.6059004134334
21	940322	740	5.3346064124407
21	983397	760	5.911268440314
21	1027839	780	6.8234868311172
21	1073740	800	7.3918745985575
21	1120293	820	8.6436536442105
21	1168247	840	8.155004228311
21	1216560	860	7.621471754601
21	1266623	880	8.4510199770641
21	1317555	900	7.2821827899123
21	1370551	920	9.0794883382314
21	1424330	940	8.581985671124
21	1479124	960	10.998100552643
21	1535896	980	17.575047823953
21	1593994	1000	12.40454504111
21	1653707	1020	8.7463150960818
21	1714669	1040	8.9751096017709
21	1777018	1060	4.6746057913091
21	1840692	1080	8.1506715636618
21	1905973	1100	5.8849046622319
21	1973507	1120	5.564543457724
21	2043429	1140	5.4183553186775
21	2114589	1160	6.2806430617006
21	2187849	1180	7.1236808815546
21	2262784	1200	8.9098973483858
21	2340368	1220	9.5651887240105
21	2419749	1240	8.1751738849058
21	2500126	1260	11.105586525304
21	2583209	1280	9.5940972804416
21	2668352	1300	8.771515055415
21	2755194	1320	8.6713732549865
21	2844537	1340	9.848727536496
21	2936208	1360	9.199828997473
21	3029746	1380	8.6487037024629
21	3124199	1400	9.785010635535
21	3221399	1420	9.5042884017019
21	3320990	1440	8.1715256320274
21	3422464	1460	9.9146432805238
21	3526403	1480	7.4793346326257
21	3631868	1500	8.3456448168455
21	3740816	1520	9.7506905496467
21	3852046	1540	8.8141381549685
21	3965389	1560	8.7325946485859
21	4081340	1580	7.7191982840784
21	4199620	1600	7.7638873828058
21	4319770	1620	8.5212394845976
21	4442348	1640	6.6356752137927
21	4567656	1660	5.8018731744498
21	4695280	1680	5.1645626934736
21	4824828	1700	7.0766508360495
21	4957043	1720	6.6811886757216
21	5091075	1740	7.8248388389892
21	5228236	1760	6.1943934443737
21	5367504	1780	5.0948709368656
21	5509360	1800	7.0406153287327
21	5653634	1820	5.3233446267035
21	5800388	1840	5.9300842284394
21	5949282	1860	3.9916773943799
21	6101289	1880	5.9833676438542
21	6255461	1900	5.6629748932235
21	6412501	1920	3.7695012499449
21	6571182	1940	6.6708255153641
21	6733129	1960	5.6914709892191
21	6897787	1980	6.197129317479
21	7064859	2000	5.4423606833811
22	145313	240	3317.5761310092
22	171180	260	3588.5225402015
22	198418	280	3963.619504823
22	225690	300	3920.1305934952
22	252720	320	3686.5531564266
22	279956	340	3734.5573474141
22	307375	360	4100.0236849236
22	334996	380	3922.7027692196
22	362837	400	3920.3239095266
22	390903	420	4015.2221007463
22	419524	440	3984.6799193125
22	448748	460	4211.2682472913
22	478480	480	4126.3384633241
22	508976	500	4354.4372336045
22	540045	520	4395.3457623008
22	571791	540	4180.6271335804
22	604355	560	4824.5716584476
22	637595	580	4770.5649575585
22	671528	600	4734.8779327072
22	706513	620	4498.6157927754
22	742711	640	4546.1851734581
22	779777	660	4779.150541798
22	817895	680	4685.4292273163
22	857091	700	4827.8218444488
22	898063	720	5095.2865512238
22	940322	740	4867.8356936952
22	983397	760	4915.794434417
22	1027839	780	5144.7637725515
22	1073740	800	5143.0391022491
22	1120293	820	5104.6861676315
22	1168247	840	5104.8733382896
22	1216560	860	5060.9221646581
22	1266623	880	5333.0643126438
22	1317555	900	5345.8631712062
22	1370551	920	5336.3294635198
22	1424330	940	5392.8526410993
22	1479124	960	5484.7744338676
22	1535896	980	5663.8069816784
22	1593994	1000	5580.9005787994
22	1653707	1020	5902.8360619712
22	1714669	1040	5896.366303389
22	1777018	1060	5762.921914213
22	1840692	1080	5897.6654424787
22	1905973	1100	5983.7776605068
22	1973507	1120	6036.1615648355
22	2043429	1140	5903.9379649281
22	2114589	1160	5985.3325283125
22	2187849	1180	6213.4987463092
22	2262784	1200	5985.0360597283
22	2340368	1220	6302.093152215
22	2419749	1240	6125.1500104438
22	2500126	1260	5942.7496770095
22	2583209	1280	6445.5631327805
22	2668352	1300	6392.3862438997
22	2755194	1320	6531.1447000066
22	2844537	1340	6673.4904154023
22	2936208	1360	6526.0784156272
22	3029746	1380	6806.541410614
22	3124199	1400	6663.4773864793
22	3221399	1420	6615.0448884642
22	3320990	1440	6842.1081041896
22	3422464	1460	6882.069880005
22	3526403	1480	6892.5339706058
22	3631868	1500	7073.5901287511
22	3740816	1520	6971.9691669382
22	3852046	1540	7122.3633662889
22	3965389	1560	7199.1610710214
22	4081340	1580	6979.1279670182
22	4199620	1600	7430.0654372223
22	4319770	1620	7028.0846845877
22	4442348	1640	7527.0807035486
22	4567656	1660	7656.257578146
22	4695280	1680	7620.4784331222
22	4824828	1700	7430.1999694426
22	4957043	1720	7480.4468346836
22	5091075	1740	7709.260909993
22	5228236	1760	7840.7447815312
22	5367504	1780	7699.3088860391
22	5509360	1800	8117.8597526039
22	5653634	1820	7840.505774149
22	5800388	1840	8111.8807640557
22	5949282	1860	7881.4527496487
22	6101289	1880	8161.1080017204
22	6255461	1900	8346.1009222277
22	6412501	1920	8110.20195742
22	6571182	1940	7881.8750902983
22	6733129	1960	8200.5148040518
22	6897787	1980	8159.5447284147
22	7064859	2000	8344.3913135011
23	145313	240	44.832109878502
23	171180	260	44.856531752519
23	198418	280	45.041130736625
23	225690	300	45.058972339026
23	252720	320	44.957965322276
23	279956	340	44.994666836315
23	307375	360	45.055205328831
23	334996	380	45.088537577237
23	362837	400	45.061194362375
23	390903	420	45.114855064565
23	419524	440	45.280453628552
23	448748	460	45.28245427195
23	478480	480	45.344378717847
23	508976	500	45.35872118338
23	540045	520	45.312842910318
23	571791	540	45.441599278048
23	604355	560	45.514826966487
23	637595	580	45.433951976747
23	671528	600	45.527672429877
23	706513	620	45.440563563388
23	742711	640	45.461851734581
23	779777	660	45.515719445695
23	817895	680	45.489604148702
23	857091	700	45.545489098573
23	898063	720	45.493629921641
23	940322	740	45.493791529861
23	983397	760	45.51661513349
23	1027839	780	45.528882942934
23	1073740	800	45.513620373886
23	1120293	820	45.577555068139
23	1168247	840	45.579226234729
23	1216560	860	45.593893375298
23	1266623	880	45.581746261913
23	1317555	900	45.691138215437
23	1370551	920	45.609653534357
23	1424330	940	45.702141026265
23	1479124	960	45.706453615564
23	1535896	980	45.675862755471
23	1593994	1000	45.74508671147
23	1653707	1020	45.758419085048
23	1714669	1040	45.708265917744
23	1777018	1060	45.737475509627
23	1840692	1080	45.718336763401
23	1905973	1100	45.677692064937
23	1973507	1120	45.728496703299
23	2043429	1140	45.766960968435
23	2114589	1160	45.689561284828
23	2187849	1180	45.687490781685
23	2262784	1200	45.687298165865
23	2340368	1220	45.667341682717
23	2419749	1240	45.710074704805
23	2500126	1260	45.71345905392
23	2583209	1280	45.713213707663
23	2668352	1300	45.659901742141
23	2755194	1320	45.672340559487
23	2844537	1340	45.708838461659
23	2936208	1360	45.636911997393
23	3029746	1380	45.681485977275
23	3124199	1400	45.640256071776
23	3221399	1420	45.620999230787
23	3320990	1440	45.614054027931
23	3422464	1460	45.576621721888
23	3526403	1480	45.645920335138
23	3631868	1500	45.636065346781
23	3740816	1520	45.568425927701
23	3852046	1540	45.656175424929
23	3965389	1560	45.564310576085
23	4081340	1580	45.615215470707
23	4199620	1600	45.583223541241
23	4319770	1620	45.636913536284
23	4442348	1640	45.618670930598
23	4567656	1660	45.572961774679
23	4695280	1680	45.631607383965
23	4824828	1700	45.584048892286
23	4957043	1720	45.61248069929
23	5091075	1740	45.616928461497
23	5228236	1760	45.585725474018
23	5367504	1780	45.558040745793
23	5509360	1800	45.605953666314
23	5653634	1820	45.584335896215
23	5800388	1840	45.572363843009
23	5949282	1860	45.55753034479
23	6101289	1880	45.592782132516
23	6255461	1900	45.607108864632
23	6412501	1920	45.562932345056
23	6571182	1940	45.559971620221
23	6733129	1960	45.558415578066
23	6897787	1980	45.584048762093
23	7064859	2000	45.597766740443
24	145313	240	0.45308339806157
24	171180	260	0.47009920486326
24	198418	280	0.75999964678986
24	225690	300	0.93456013701746
24	252720	320	0.60848023767836
24	279956	340	0.65445397840187
24	307375	360	0.83196188752597
24	334996	380	0.96115697550185
24	362837	400	0.98055967186243
24	390903	420	1.1155416757047
24	419524	440	1.3341565048747
24	448748	460	1.2644801481618
24	478480	480	1.3216748553506
24	508976	500	1.2926193751265
24	540045	520	1.257474428982
24	571791	540	1.3682249698978
24	604355	560	1.4561252481511
24	637595	580	1.2444300158291
24	671528	600	1.3813234929673
24	706513	620	1.2749562970667
24	742711	640	1.193307022803
24	779777	660	1.2652003595208
24	817895	680	1.1594104892125
24	857091	700	1.197648560637
24	898063	720	1.1977697388696
24	940322	740	1.1107467590598
24	983397	760	1.1659298699272
24	1027839	780	1.1854150791856
24	1073740	800	1.1477324780577
24	1120293	820	1.1956418610338
24	1168247	840	1.1935109452524
24	1216560	860	1.1893659364415
24	1266623	880	1.2163543742862
24	1317555	900	1.2256513367208
24	1370551	920	1.2204351154182
24	1424330	940	1.1810131996978
24	1479124	960	1.2148154748502
24	1535896	980	1.1835456461954
24	1593994	1000	1.1556804915267
24	1653707	1020	1.1903770535364
24	1714669	1040	1.1654866010624
24	1777018	1060	1.137675187913
24	1840692	1080	1.1397018465037
24	1905973	1100	1.1183496992664
24	1973507	1120	1.1133609490815
24	2043429	1140	1.1121474659273
24	2114589	1160	1.0628478945114
24	2187849	1180	1.1177503643417
24	2262784	1200	1.1181064517985
24	2340368	1220	1.0430740338864
24	2419749	1240	1.0482183253585
24	2500126	1260	1.079802399754
24	2583209	1280	1.0439813703174
24	2668352	1300	1.0026172451284
24	2755194	1320	0.98685237074615
24	2844537	1340	1.0136907137414
24	2936208	1360	0.99135787573478
24	3029746	1380	0.98879953912661
24	3124199	1400	0.98398870028223
24	3221399	1420	0.99361533424285
24	3320990	1440	0.96320327853439
24	3422464	1460	0.97999109638829
24	3526403	1480	0.93746006442091
24	3631868	1500	0.99267752495206
24	3740816	1520	0.94929584731993
24	3852046	1540	0.99242108095604
24	3965389	1560	0.89758289250996
24	4081340	1580	0.94568719400875
24	4199620	1600	0.90802770452385
24	4319770	1620	0.88182187974716
24	4442348	1640	0.95050445618338
24	4567656	1660	0.88007737311372
24	4695280	1680	0.88868771995812
24	4824828	1700	0.84561199455097
24	4957043	1720	0.90895100159095
24	5091075	1740	0.8619634948679
24	5228236	1760	0.88924961964518
24	5367504	1780	0.80812393481294
24	5509360	1800	0.83330562915215
24	5653634	1820	0.87741173968633
24	5800388	1840	0.85920942085586
24	5949282	1860	0.86433168503356
24	6101289	1880	0.88027932990394
24	6255461	1900	0.89184789320198
24	6412501	1920	0.82388297790885
24	6571182	1940	0.83306099831854
24	6733129	1960	0.86246944164894
24	6897787	1980	0.8750092911823
24	7064859	2000	0.86121518575694
25	145313	240	0.20528456559902
25	171180	260	0.22099326241307
25	198418	280	0.57759946312071
25	225690	300	0.8734026497021
25	252720	320	0.37024819964511
25	279956	340	0.42831000984604
25	307375	360	0.69216058229577
25	334996	380	0.92382273155586
25	362837	400	0.96149727008295
25	390903	420	1.2444332302341
25	419524	440	1.7799735794994
25	448748	460	1.5989100450953
25	478480	480	1.7468244232661
25	508976	500	1.6708648489523
25	540045	520	1.5812419395435
25	571791	540	1.8720395682518
25	604355	560	2.120300738303
25	637595	580	1.5486060642964
25	671528	600	1.9080545922234
25	706513	620	1.6255135594301
25	742711	640	1.423981650671
25	779777	660	1.6007319497317
25	817895	680	1.3442326824959
25	857091	700	1.4343620747959
25	898063	720	1.4346523473516
25	940322	740	1.2337583627619
25	983397	760	1.3593924615884
25	1027839	780	1.4052089099607
25	1073740	800	1.3172898411885
25	1120293	820	1.4295594598564
25	1168247	840	1.4244683764372
25	1216560	860	1.4145913307674
25	1266623	880	1.4795179638452
25	1317555	900	1.5022211992054
25	1370551	920	1.4894618709458
25	1424330	940	1.3947921778604
25	1479124	960	1.4757766379356
25	1535896	980	1.400780296628
25	1593994	1000	1.3355973984954
25	1653707	1020	1.416997529586
25	1714669	1040	1.3583590172559
25	1777018	1060	1.2943048331928
25	1840692	1080	1.2989202989239
25	1905973	1100	1.2507060498493
25	1973507	1120	1.2395726029397
25	2043429	1140	1.2368719859686
25	2114589	1160	1.1296456468672
25	2187849	1180	1.2493658769859
25	2262784	1200	1.2501620375534
25	2340368	1220	1.0880034401681
25	2419749	1240	1.0987616576173
25	2500126	1260	1.1659732225146
25	2583209	1280	1.0898971015698
25	2668352	1300	1.0052413402288
25	2755194	1320	0.9738776016473
25	2844537	1340	1.0275688631255
25	2936208	1360	0.98279043778138
25	3029746	1380	0.97772452857699
25	3124199	1400	0.96823376228312
25	3221399	1420	0.98727143244253
25	3320990	1440	0.92776055577939
25	3422464	1460	0.96038254900033
25	3526403	1480	0.87883137238405
25	3631868	1500	0.98540866854495
25	3740816	1520	0.90116260573886
25	3852046	1540	0.98489960192596
25	3965389	1560	0.80565504892655
25	4081340	1580	0.89432426891214
25	4199620	1600	0.82451431218285
25	4319770	1620	0.77760982760082
25	4442348	1640	0.90345872122447
25	4567656	1660	0.77453618266674
25	4695280	1680	0.78976586360436
25	4824828	1700	0.71505964532848
25	4957043	1720	0.8261919232932
25	5091075	1740	0.74298106648488
25	5228236	1760	0.7907648860391
25	5367504	1780	0.65306429401755
25	5509360	1800	0.69439827157665
25	5653634	1820	0.76985136093938
25	5800388	1840	0.73824082888747
25	5949282	1860	0.74706926175296
25	6101289	1880	0.77489169865614
25	6255461	1900	0.79539266460882
25	6412501	1920	0.67878316128795
25	6571182	1940	0.69399062691949
25	6733129	1960	0.74385353777824
25	6897787	1980	0.76564125965534
25	7064859	2000	0.74169159617836
