version 2
run statisticRVV-83-20150327-02:42:19-13032
attr c 9
attr configname statisticRVV
attr datetime 20150327-02:42:19
attr experiment statisticRVV
attr inifile omnetpp.ini
attr iterationvars "$sc=\"erlangen-low.launchd.xml\", $p=1/8, $c=9"
attr iterationvars2 "$sc=\"erlangen-low.launchd.xml\", $p=1/8, $c=9, $repetition=3"
attr measurement "$sc=\"erlangen-low.launchd.xml\", $p=1/8, $c=9"
attr network RSUExampleScenario
attr p 1/8
attr processid 13032
attr repetition 3
attr replication #3
attr resultdir results
attr runnumber 83
attr sc "\"erlangen-low.launchd.xml\""
attr seedset 83

vector 0  RSUExampleScenario.rsu[0].appl  Number_CH  ETV
vector 1  RSUExampleScenario.rsu[0].appl  Number_ON  ETV
vector 2  RSUExampleScenario.rsu[0].appl  Number_FN  ETV
vector 3  RSUExampleScenario.rsu[0].appl  Number_CH_Losts  ETV
vector 4  RSUExampleScenario.rsu[0].appl  Number_CH_Losts  ETV
vector 5  RSUExampleScenario.rsu[0].appl  Mean_Cluster_Size  ETV
vector 6  RSUExampleScenario.rsu[0].appl  StdDev_Cluster_Size  ETV
vector 7  RSUExampleScenario.rsu[0].appl  Variance_Cluster_Size  ETV
vector 8  RSUExampleScenario.rsu[0].appl  Mean_Neighbors  ETV
vector 9  RSUExampleScenario.rsu[0].appl  StdDev_Neighbors  ETV
vector 10  RSUExampleScenario.rsu[0].appl  Variance_Neighbors  ETV
vector 11  RSUExampleScenario.rsu[0].appl  Total_CH_Utility  ETV
vector 12  RSUExampleScenario.rsu[0].appl  Mean_CH_Utility  ETV
vector 13  RSUExampleScenario.rsu[0].appl  StdDev_CH_Utility  ETV
vector 14  RSUExampleScenario.rsu[0].appl  Variance_CH_Utility  ETV
vector 15  RSUExampleScenario.rsu[0].appl  Total_exp_CH_Utility  ETV
vector 16  RSUExampleScenario.rsu[0].appl  Mean_exp_CH_Utility  ETV
vector 17  RSUExampleScenario.rsu[0].appl  StdDev_exp_CH_Utility  ETV
vector 18  RSUExampleScenario.rsu[0].appl  Variance_exp_CH_Utility  ETV
vector 19  RSUExampleScenario.rsu[0].appl  Total_ON_Utility  ETV
vector 20  RSUExampleScenario.rsu[0].appl  Mean_ON_Utility  ETV
vector 21  RSUExampleScenario.rsu[0].appl  StdDev_ON_Utility  ETV
vector 22  RSUExampleScenario.rsu[0].appl  Variance_ON_Utility  ETV
vector 23  RSUExampleScenario.rsu[0].appl  Total_exp_ON_Utility  ETV
vector 24  RSUExampleScenario.rsu[0].appl  Mean_exp_ON_Utility  ETV
vector 25  RSUExampleScenario.rsu[0].appl  StdDev_exp_ON_Utility  ETV
vector 26  RSUExampleScenario.rsu[0].appl  Variance_exp_ON_Utility  ETV
0	34386	240	2
0	39591	260	6
0	44932	280	5
0	50267	300	3
0	55618	320	5
0	60949	340	2
0	66181	360	6
0	71524	380	4
0	76773	400	2
0	82026	420	5
0	87377	440	5
0	92697	460	4
0	97914	480	2
0	103282	500	2
0	108684	520	6
0	113995	540	4
0	119245	560	6
0	124584	580	2
0	129909	600	4
0	135171	620	3
0	140469	640	2
0	145812	660	3
0	151171	680	4
0	156443	700	6
0	161748	720	4
0	167026	740	3
0	172383	760	4
0	177669	780	4
0	183006	800	10
0	188371	820	4
0	193716	840	4
0	198970	860	2
0	204374	880	7
0	209686	900	5
0	214939	920	6
0	220278	940	9
0	225622	960	5
0	230998	980	3
0	236303	1000	3
0	241642	1020	5
0	246975	1040	7
0	252225	1060	4
0	257599	1080	5
0	262968	1100	5
0	268203	1120	3
0	273469	1140	5
0	278881	1160	5
0	284173	1180	2
0	289494	1200	5
0	294912	1220	8
0	300365	1240	4
0	305714	1260	5
0	311045	1280	5
0	316390	1300	5
0	321735	1320	10
0	327022	1340	6
0	332254	1360	8
0	337599	1380	4
0	342919	1400	1
0	348303	1420	3
0	353608	1440	3
0	358857	1460	4
0	364170	1480	2
0	369432	1500	5
0	374901	1520	5
0	380183	1540	6
0	385471	1560	6
0	390833	1580	4
0	396056	1600	2
0	401216	1620	4
0	406508	1640	2
0	411815	1660	4
0	417118	1680	3
0	422443	1700	5
0	427697	1720	2
0	432900	1740	6
0	438134	1760	5
0	443525	1780	5
0	448882	1800	6
0	453803	1820	5
0	458099	1840	5
0	461845	1860	4
0	465125	1880	3
0	468039	1900	1
0	470505	1920	3
0	472553	1940	1
0	474113	1960	2
0	475183	1980	0
0	475735	2000	1
1	34386	240	7
1	39591	260	19
1	44932	280	18
1	50267	300	9
1	55618	320	15
1	60949	340	8
1	66181	360	17
1	71524	380	11
1	76773	400	6
1	82026	420	17
1	87377	440	10
1	92697	460	7
1	97914	480	10
1	103282	500	5
1	108684	520	16
1	113995	540	11
1	119245	560	8
1	124584	580	6
1	129909	600	12
1	135171	620	6
1	140469	640	11
1	145812	660	10
1	151171	680	12
1	156443	700	17
1	161748	720	9
1	167026	740	11
1	172383	760	12
1	177669	780	9
1	183006	800	17
1	188371	820	12
1	193716	840	8
1	198970	860	2
1	204374	880	18
1	209686	900	13
1	214939	920	8
1	220278	940	18
1	225622	960	12
1	230998	980	8
1	236303	1000	6
1	241642	1020	15
1	246975	1040	14
1	252225	1060	9
1	257599	1080	10
1	262968	1100	14
1	268203	1120	10
1	273469	1140	10
1	278881	1160	10
1	284173	1180	4
1	289494	1200	13
1	294912	1220	16
1	300365	1240	10
1	305714	1260	13
1	311045	1280	10
1	316390	1300	13
1	321735	1320	18
1	327022	1340	14
1	332254	1360	21
1	337599	1380	14
1	342919	1400	2
1	348303	1420	11
1	353608	1440	13
1	358857	1460	10
1	364170	1480	5
1	369432	1500	17
1	374901	1520	16
1	380183	1540	16
1	385471	1560	16
1	390833	1580	10
1	396056	1600	4
1	401216	1620	13
1	406508	1640	9
1	411815	1660	14
1	417118	1680	8
1	422443	1700	11
1	427697	1720	7
1	432900	1740	9
1	438134	1760	8
1	443525	1780	11
1	448882	1800	15
1	453803	1820	11
1	458099	1840	11
1	461845	1860	6
1	465125	1880	9
1	468039	1900	2
1	470505	1920	9
1	472553	1940	2
1	474113	1960	7
1	475183	1980	0
1	475735	2000	3
2	34386	240	30
2	39591	260	15
2	44932	280	17
2	50267	300	28
2	55618	320	21
2	60949	340	30
2	66181	360	17
2	71524	380	25
2	76773	400	32
2	82026	420	17
2	87377	440	26
2	92697	460	31
2	97914	480	27
2	103282	500	33
2	108684	520	18
2	113995	540	25
2	119245	560	27
2	124584	580	32
2	129909	600	24
2	135171	620	31
2	140469	640	27
2	145812	660	26
2	151171	680	24
2	156443	700	17
2	161748	720	26
2	167026	740	27
2	172383	760	25
2	177669	780	26
2	183006	800	13
2	188371	820	25
2	193716	840	28
2	198970	860	36
2	204374	880	15
2	209686	900	22
2	214939	920	25
2	220278	940	13
2	225622	960	24
2	230998	980	29
2	236303	1000	32
2	241642	1020	20
2	246975	1040	20
2	252225	1060	27
2	257599	1080	25
2	262968	1100	21
2	268203	1120	27
2	273469	1140	25
2	278881	1160	25
2	284173	1180	33
2	289494	1200	23
2	294912	1220	17
2	300365	1240	27
2	305714	1260	22
2	311045	1280	25
2	316390	1300	22
2	321735	1320	13
2	327022	1340	20
2	332254	1360	11
2	337599	1380	22
2	342919	1400	38
2	348303	1420	27
2	353608	1440	25
2	358857	1460	27
2	364170	1480	34
2	369432	1500	19
2	374901	1520	20
2	380183	1540	19
2	385471	1560	18
2	390833	1580	26
2	396056	1600	33
2	401216	1620	23
2	406508	1640	29
2	411815	1660	22
2	417118	1680	30
2	422443	1700	26
2	427697	1720	32
2	432900	1740	26
2	438134	1760	27
2	443525	1780	26
2	448882	1800	19
2	453803	1820	21
2	458099	1840	17
2	461845	1860	20
2	465125	1880	16
2	468039	1900	21
2	470505	1920	9
2	472553	1940	15
2	474113	1960	5
2	475183	1980	11
2	475735	2000	4
3	34386	240	0
3	39591	260	0
3	44932	280	0
3	50267	300	0
3	55618	320	0
3	60949	340	1
3	66181	360	0
3	71524	380	1
3	76773	400	1
3	82026	420	0
3	87377	440	0
3	92697	460	0
3	97914	480	0
3	103282	500	0
3	108684	520	1
3	113995	540	0
3	119245	560	0
3	124584	580	1
3	129909	600	0
3	135171	620	0
3	140469	640	0
3	145812	660	0
3	151171	680	0
3	156443	700	0
3	161748	720	0
3	167026	740	1
3	172383	760	0
3	177669	780	1
3	183006	800	0
3	188371	820	1
3	193716	840	0
3	198970	860	0
3	204374	880	3
3	209686	900	0
3	214939	920	0
3	220278	940	4
3	225622	960	1
3	230998	980	1
3	236303	1000	0
3	241642	1020	0
3	246975	1040	0
3	252225	1060	2
3	257599	1080	0
3	262968	1100	1
3	268203	1120	0
3	273469	1140	0
3	278881	1160	1
3	284173	1180	1
3	289494	1200	0
3	294912	1220	1
3	300365	1240	0
3	305714	1260	0
3	311045	1280	1
3	316390	1300	0
3	321735	1320	0
3	327022	1340	0
3	332254	1360	1
3	337599	1380	0
3	342919	1400	0
3	348303	1420	1
3	353608	1440	0
3	358857	1460	1
3	364170	1480	0
3	369432	1500	1
3	374901	1520	1
3	380183	1540	0
3	385471	1560	0
3	390833	1580	0
3	396056	1600	0
3	401216	1620	1
3	406508	1640	0
3	411815	1660	0
3	417118	1680	1
3	422443	1700	2
3	427697	1720	0
3	432900	1740	0
3	438134	1760	2
3	443525	1780	1
3	448882	1800	1
3	453803	1820	0
3	458099	1840	2
3	461845	1860	0
3	465125	1880	0
3	468039	1900	0
3	470505	1920	0
3	472553	1940	0
3	474113	1960	0
3	475183	1980	0
3	475735	2000	0
4	34386	240	30
4	39591	260	15
4	44932	280	17
4	50267	300	28
4	55618	320	20
4	60949	340	29
4	66181	360	17
4	71524	380	24
4	76773	400	31
4	82026	420	17
4	87377	440	25
4	92697	460	30
4	97914	480	27
4	103282	500	33
4	108684	520	17
4	113995	540	25
4	119245	560	26
4	124584	580	31
4	129909	600	24
4	135171	620	31
4	140469	640	26
4	145812	660	26
4	151171	680	24
4	156443	700	17
4	161748	720	26
4	167026	740	26
4	172383	760	25
4	177669	780	25
4	183006	800	13
4	188371	820	24
4	193716	840	28
4	198970	860	36
4	204374	880	11
4	209686	900	22
4	214939	920	25
4	220278	940	9
4	225622	960	23
4	230998	980	27
4	236303	1000	32
4	241642	1020	20
4	246975	1040	20
4	252225	1060	25
4	257599	1080	25
4	262968	1100	20
4	268203	1120	27
4	273469	1140	25
4	278881	1160	24
4	284173	1180	32
4	289494	1200	23
4	294912	1220	16
4	300365	1240	27
4	305714	1260	21
4	311045	1280	23
4	316390	1300	22
4	321735	1320	13
4	327022	1340	20
4	332254	1360	9
4	337599	1380	21
4	342919	1400	38
4	348303	1420	25
4	353608	1440	25
4	358857	1460	26
4	364170	1480	34
4	369432	1500	18
4	374901	1520	19
4	380183	1540	19
4	385471	1560	18
4	390833	1580	26
4	396056	1600	32
4	401216	1620	22
4	406508	1640	29
4	411815	1660	22
4	417118	1680	29
4	422443	1700	23
4	427697	1720	32
4	432900	1740	26
4	438134	1760	25
4	443525	1780	25
4	448882	1800	18
4	453803	1820	21
4	458099	1840	15
4	461845	1860	20
4	465125	1880	16
4	468039	1900	21
4	470505	1920	9
4	472553	1940	15
4	474113	1960	5
4	475183	1980	11
4	475735	2000	4
5	34386	240	3.5
5	39591	260	3.1666666666667
5	44932	280	3.6
5	50267	300	3
5	55618	320	3
5	60949	340	4
5	66181	360	2.8333333333333
5	71524	380	2.75
5	76773	400	3
5	82026	420	3.4
5	87377	440	2
5	92697	460	1.75
5	97914	480	5
5	103282	500	2.5
5	108684	520	2.6666666666667
5	113995	540	2.75
5	119245	560	1.3333333333333
5	124584	580	3
5	129909	600	3
5	135171	620	2
5	140469	640	5.5
5	145812	660	3.3333333333333
5	151171	680	3
5	156443	700	2.8333333333333
5	161748	720	2.25
5	167026	740	3.6666666666667
5	172383	760	3
5	177669	780	2.25
5	183006	800	1.7
5	188371	820	3
5	193716	840	2
5	198970	860	1
5	204374	880	2.5714285714286
5	209686	900	2.6
5	214939	920	1.3333333333333
5	220278	940	2
5	225622	960	2.4
5	230998	980	2.6666666666667
5	236303	1000	2
5	241642	1020	3
5	246975	1040	2
5	252225	1060	2.25
5	257599	1080	2
5	262968	1100	2.8
5	268203	1120	3.3333333333333
5	273469	1140	2
5	278881	1160	2
5	284173	1180	2
5	289494	1200	2.6
5	294912	1220	2
5	300365	1240	2.5
5	305714	1260	2.6
5	311045	1280	2
5	316390	1300	2.6
5	321735	1320	1.8
5	327022	1340	2.3333333333333
5	332254	1360	2.625
5	337599	1380	3.5
5	342919	1400	2
5	348303	1420	3.6666666666667
5	353608	1440	4.3333333333333
5	358857	1460	2.5
5	364170	1480	2.5
5	369432	1500	3.4
5	374901	1520	3.2
5	380183	1540	2.6666666666667
5	385471	1560	2.6666666666667
5	390833	1580	2.5
5	396056	1600	2
5	401216	1620	3.25
5	406508	1640	4.5
5	411815	1660	3.5
5	417118	1680	2.6666666666667
5	422443	1700	2.2
5	427697	1720	3.5
5	432900	1740	1.5
5	438134	1760	1.6
5	443525	1780	2.2
5	448882	1800	2.5
5	453803	1820	2.2
5	458099	1840	2.2
5	461845	1860	1.5
5	465125	1880	3
5	468039	1900	2
5	470505	1920	3
5	472553	1940	2
5	474113	1960	3.5
5	475183	1980	nan
5	475735	2000	3
6	34386	240	3.5355339059327
6	39591	260	3.0605010483035
6	44932	280	2.0736441353328
6	50267	300	3.4641016151378
6	55618	320	1.4142135623731
6	60949	340	0
6	66181	360	1.16904519445
6	71524	380	1.5
6	76773	400	0
6	82026	420	1.5165750888103
6	87377	440	1
6	92697	460	0.95742710775634
6	97914	480	4.2426406871193
6	103282	500	0.70710678118655
6	108684	520	2.7325202042559
6	113995	540	2.872281323269
6	119245	560	0.81649658092773
6	124584	580	1.4142135623731
6	129909	600	4
6	135171	620	1
6	140469	640	2.1213203435596
6	145812	660	0.57735026918963
6	151171	680	1.4142135623731
6	156443	700	2.2286019533929
6	161748	720	0.95742710775634
6	167026	740	2.8867513459481
6	172383	760	2.1602468994693
6	177669	780	1.8929694486001
6	183006	800	0.82327260234856
6	188371	820	2.1602468994693
6	193716	840	0.81649658092773
6	198970	860	0
6	204374	880	1.3972762620115
6	209686	900	1.8165902124585
6	214939	920	0.51639777949432
6	220278	940	1
6	225622	960	0.54772255750517
6	230998	980	1.5275252316519
6	236303	1000	1
6	241642	1020	1.2247448713916
6	246975	1040	0.81649658092773
6	252225	1060	1.8929694486001
6	257599	1080	1.7320508075689
6	262968	1100	1.7888543819998
6	268203	1120	0.57735026918963
6	273469	1140	1.4142135623731
6	278881	1160	0.70710678118655
6	284173	1180	1.4142135623731
6	289494	1200	1.8165902124585
6	294912	1220	0.75592894601845
6	300365	1240	0.57735026918963
6	305714	1260	2.5099800796022
6	311045	1280	1.7320508075689
6	316390	1300	1.5165750888103
6	321735	1320	0.63245553203368
6	327022	1340	1.8618986725025
6	332254	1360	1.8468119248354
6	337599	1380	3
6	342919	1400	nan
6	348303	1420	3.0550504633039
6	353608	1440	4.0414518843274
6	358857	1460	1
6	364170	1480	0.70710678118655
6	369432	1500	2.0736441353328
6	374901	1520	1.7888543819998
6	380183	1540	1.3662601021279
6	385471	1560	1.7511900715418
6	390833	1580	1.7320508075689
6	396056	1600	0
6	401216	1620	3.2015621187164
6	406508	1640	4.9497474683058
6	411815	1660	1
6	417118	1680	0.57735026918963
6	422443	1700	0.83666002653408
6	427697	1720	0.70710678118655
6	432900	1740	0.83666002653408
6	438134	1760	0.89442719099992
6	443525	1780	1.6431676725155
6	448882	1800	2.7386127875258
6	453803	1820	1.0954451150103
6	458099	1840	0.83666002653408
6	461845	1860	0.57735026918963
6	465125	1880	1
6	468039	1900	nan
6	470505	1920	1
6	472553	1940	nan
6	474113	1960	2.1213203435596
6	475183	1980	nan
6	475735	2000	nan
7	34386	240	12.5
7	39591	260	9.3666666666667
7	44932	280	4.3
7	50267	300	12
7	55618	320	2
7	60949	340	0
7	66181	360	1.3666666666667
7	71524	380	2.25
7	76773	400	0
7	82026	420	2.3
7	87377	440	1
7	92697	460	0.91666666666667
7	97914	480	18
7	103282	500	0.5
7	108684	520	7.4666666666667
7	113995	540	8.25
7	119245	560	0.66666666666667
7	124584	580	2
7	129909	600	16
7	135171	620	1
7	140469	640	4.5
7	145812	660	0.33333333333333
7	151171	680	2
7	156443	700	4.9666666666667
7	161748	720	0.91666666666667
7	167026	740	8.3333333333333
7	172383	760	4.6666666666667
7	177669	780	3.5833333333333
7	183006	800	0.67777777777778
7	188371	820	4.6666666666667
7	193716	840	0.66666666666667
7	198970	860	0
7	204374	880	1.952380952381
7	209686	900	3.3
7	214939	920	0.26666666666667
7	220278	940	1
7	225622	960	0.3
7	230998	980	2.3333333333333
7	236303	1000	1
7	241642	1020	1.5
7	246975	1040	0.66666666666667
7	252225	1060	3.5833333333333
7	257599	1080	3
7	262968	1100	3.2
7	268203	1120	0.33333333333333
7	273469	1140	2
7	278881	1160	0.5
7	284173	1180	2
7	289494	1200	3.3
7	294912	1220	0.57142857142857
7	300365	1240	0.33333333333333
7	305714	1260	6.3
7	311045	1280	3
7	316390	1300	2.3
7	321735	1320	0.4
7	327022	1340	3.4666666666667
7	332254	1360	3.4107142857143
7	337599	1380	9
7	342919	1400	nan
7	348303	1420	9.3333333333333
7	353608	1440	16.333333333333
7	358857	1460	1
7	364170	1480	0.5
7	369432	1500	4.3
7	374901	1520	3.2
7	380183	1540	1.8666666666667
7	385471	1560	3.0666666666667
7	390833	1580	3
7	396056	1600	0
7	401216	1620	10.25
7	406508	1640	24.5
7	411815	1660	1
7	417118	1680	0.33333333333333
7	422443	1700	0.7
7	427697	1720	0.5
7	432900	1740	0.7
7	438134	1760	0.8
7	443525	1780	2.7
7	448882	1800	7.5
7	453803	1820	1.2
7	458099	1840	0.7
7	461845	1860	0.33333333333333
7	465125	1880	1
7	468039	1900	nan
7	470505	1920	1
7	472553	1940	nan
7	474113	1960	4.5
7	475183	1980	nan
7	475735	2000	nan
8	34386	240	9
8	39591	260	8.975
8	44932	280	8.975
8	50267	300	8.925
8	55618	320	8.9
8	60949	340	9.4102564102564
8	66181	360	9.1
8	71524	380	8.825
8	76773	400	8.8
8	82026	420	9.1282051282051
8	87377	440	9.125
8	92697	460	8.7560975609756
8	97914	480	9.0512820512821
8	103282	500	9.075
8	108684	520	9.025
8	113995	540	9.025
8	119245	560	9
8	124584	580	9
8	129909	600	8.825
8	135171	620	9.025
8	140469	640	9.2564102564103
8	145812	660	9.025641025641
8	151171	680	8.95
8	156443	700	9
8	161748	720	9.1025641025641
8	167026	740	9.25
8	172383	760	8.780487804878
8	177669	780	9
8	183006	800	9.1
8	188371	820	9.1707317073171
8	193716	840	8.95
8	198970	860	8.8
8	204374	880	9.3333333333333
8	209686	900	8.875
8	214939	920	9.025641025641
8	220278	940	9.025
8	225622	960	8.9024390243902
8	230998	980	9.3333333333333
8	236303	1000	9.0243902439024
8	241642	1020	9.125
8	246975	1040	9.1707317073171
8	252225	1060	8.775
8	257599	1080	9.225
8	262968	1100	9.025
8	268203	1120	8.825
8	273469	1140	9.1
8	278881	1160	8.95
8	284173	1180	8.8717948717949
8	289494	1200	8.9268292682927
8	294912	1220	8.95
8	300365	1240	9.1219512195122
8	305714	1260	9.1794871794872
8	311045	1280	9.3076923076923
8	316390	1300	9.225
8	321735	1320	8.9024390243902
8	327022	1340	9.025
8	332254	1360	9.1538461538462
8	337599	1380	9.2307692307692
8	342919	1400	9
8	348303	1420	9.1
8	353608	1440	8.780487804878
8	358857	1460	8.8780487804878
8	364170	1480	8.8048780487805
8	369432	1500	8.7073170731707
8	374901	1520	9.1
8	380183	1540	8.8780487804878
8	385471	1560	9.05
8	390833	1580	8.875
8	396056	1600	9.2368421052632
8	401216	1620	9.05
8	406508	1640	8.85
8	411815	1660	8.975
8	417118	1680	8.6829268292683
8	422443	1700	8.8292682926829
8	427697	1720	8.8292682926829
8	432900	1740	8.9268292682927
8	438134	1760	8.725
8	443525	1780	8.9761904761905
8	448882	1800	9.125
8	453803	1820	8.8378378378378
8	458099	1840	8.4848484848485
8	461845	1860	8.2333333333333
8	465125	1880	8.0714285714286
8	468039	1900	8.0416666666667
8	470505	1920	8
8	472553	1940	7.7777777777778
8	474113	1960	7.4285714285714
8	475183	1980	6.1818181818182
8	475735	2000	5.25
9	34386	240	1.8209309360007
9	39591	260	1.4760915126936
9	44932	280	1.9146868258349
9	50267	300	1.8589699381026
9	55618	320	1.6140409552202
9	60949	340	1.4994375913716
9	66181	360	1.2567765033956
9	71524	380	1.8795457716407
9	76773	400	1.6361305195256
9	82026	420	1.6412364911776
9	87377	440	1.7274184087749
9	92697	460	1.9593428465289
9	97914	480	1.6213820931655
9	103282	500	1.6546360665779
9	108684	520	1.3679012559954
9	113995	540	1.4048907248316
9	119245	560	1.3397282541142
9	124584	580	1.5525000516124
9	129909	600	1.5172089760224
9	135171	620	1.7318657495196
9	140469	640	1.3517619830574
9	145812	660	1.4046385466353
9	151171	680	1.8667124536509
9	156443	700	1.8257418583506
9	161748	720	1.4103913565665
9	167026	740	1.6602440351979
9	172383	760	1.8776607137866
9	177669	780	1.6383560438183
9	183006	800	1.7511900715418
9	188371	820	1.6109382207954
9	193716	840	2.0248456731317
9	198970	860	2.1146618811987
9	204374	880	1.8964417280977
9	209686	900	2.0151668506348
9	214939	920	1.5472756956253
9	220278	940	1.8325756009871
9	225622	960	1.4457675824416
9	230998	980	1.6276126096272
9	236303	1000	1.9168699079234
9	241642	1020	1.2646576510499
9	246975	1040	1.5313791010783
9	252225	1060	1.7612277186449
9	257599	1080	1.64062996031
9	262968	1100	1.9146868258349
9	268203	1120	1.7814931795317
9	273469	1140	1.7216569240422
9	278881	1160	1.6004806970215
9	284173	1180	1.6251232694862
9	289494	1200	1.7662140853028
9	294912	1220	1.7823925148303
9	300365	1240	1.6910813397235
9	305714	1260	1.5538033959457
9	311045	1280	1.5919839683444
9	316390	1300	1.6715952767434
9	321735	1320	1.6248827349809
9	327022	1340	1.4586171884919
9	332254	1360	1.4606858796012
9	337599	1380	1.4411533842458
9	342919	1400	1.3601470508735
9	348303	1420	1.549193338483
9	353608	1440	1.9686568406143
9	358857	1460	1.5683609589508
9	364170	1480	1.8468826735221
9	369432	1500	1.9136862652878
9	374901	1520	1.7216569240422
9	380183	1540	1.5361497640403
9	385471	1560	1.1535897150934
9	390833	1580	1.8971976634919
9	396056	1600	1.5322516645723
9	401216	1620	1.893985081034
9	406508	1640	1.8334498797454
9	411815	1660	1.5104337974272
9	417118	1680	1.7669044171975
9	422443	1700	1.8289674549372
9	427697	1720	1.8561039710155
9	432900	1740	1.5393219920218
9	438134	1760	1.8672274798584
9	443525	1780	2.0180659086399
9	448882	1800	1.7568547070087
9	453803	1820	1.4436357172376
9	458099	1840	1.7521631652263
9	461845	1860	1.6120950886076
9	465125	1880	1.8444826922789
9	468039	1900	1.8991798382383
9	470505	1920	1.5165750888103
9	472553	1940	1.8328876463611
9	474113	1960	1.5045717874984
9	475183	1980	0.75075719352955
9	475735	2000	1.3887301496588
10	34386	240	3.3157894736842
10	39591	260	2.1788461538462
10	44932	280	3.6660256410256
10	50267	300	3.4557692307692
10	55618	320	2.6051282051282
10	60949	340	2.2483130904184
10	66181	360	1.5794871794872
10	71524	380	3.5326923076923
10	76773	400	2.6769230769231
10	82026	420	2.693657219973
10	87377	440	2.9839743589744
10	92697	460	3.8390243902439
10	97914	480	2.6288798920378
10	103282	500	2.7378205128205
10	108684	520	1.8711538461538
10	113995	540	1.9737179487179
10	119245	560	1.7948717948718
10	124584	580	2.4102564102564
10	129909	600	2.3019230769231
10	135171	620	2.999358974359
10	140469	640	1.8272604588394
10	145812	660	1.9730094466937
10	151171	680	3.4846153846154
10	156443	700	3.3333333333333
10	161748	720	1.9892037786775
10	167026	740	2.7564102564103
10	172383	760	3.5256097560976
10	177669	780	2.6842105263158
10	183006	800	3.0666666666667
10	188371	820	2.5951219512195
10	193716	840	4.1
10	198970	860	4.4717948717949
10	204374	880	3.5964912280702
10	209686	900	4.0608974358974
10	214939	920	2.3940620782726
10	220278	940	3.3583333333333
10	225622	960	2.090243902439
10	230998	980	2.6491228070175
10	236303	1000	3.6743902439024
10	241642	1020	1.599358974359
10	246975	1040	2.3451219512195
10	252225	1060	3.1019230769231
10	257599	1080	2.6916666666667
10	262968	1100	3.6660256410256
10	268203	1120	3.1737179487179
10	273469	1140	2.9641025641026
10	278881	1160	2.5615384615385
10	284173	1180	2.6410256410256
10	289494	1200	3.119512195122
10	294912	1220	3.1769230769231
10	300365	1240	2.859756097561
10	305714	1260	2.4143049932524
10	311045	1280	2.5344129554656
10	316390	1300	2.7942307692308
10	321735	1320	2.640243902439
10	327022	1340	2.1275641025641
10	332254	1360	2.1336032388664
10	337599	1380	2.0769230769231
10	342919	1400	1.85
10	348303	1420	2.4
10	353608	1440	3.8756097560976
10	358857	1460	2.459756097561
10	364170	1480	3.4109756097561
10	369432	1500	3.6621951219512
10	374901	1520	2.9641025641026
10	380183	1540	2.359756097561
10	385471	1560	1.3307692307692
10	390833	1580	3.599358974359
10	396056	1600	2.3477951635846
10	401216	1620	3.5871794871795
10	406508	1640	3.3615384615385
10	411815	1660	2.2814102564103
10	417118	1680	3.1219512195122
10	422443	1700	3.3451219512195
10	427697	1720	3.4451219512195
10	432900	1740	2.369512195122
10	438134	1760	3.4865384615385
10	443525	1780	4.0725900116144
10	448882	1800	3.0865384615385
10	453803	1820	2.0840840840841
10	458099	1840	3.0700757575758
10	461845	1860	2.5988505747126
10	465125	1880	3.4021164021164
10	468039	1900	3.606884057971
10	470505	1920	2.3
10	472553	1940	3.359477124183
10	474113	1960	2.2637362637363
10	475183	1980	0.56363636363636
10	475735	2000	1.9285714285714
11	34386	240	92.935984140776
11	39591	260	274.00361986819
11	44932	280	232.82314951869
11	50267	300	137.42868779624
11	55618	320	230.68929485397
11	60949	340	95.204722417553
11	66181	360	281.18945842375
11	71524	380	181.13019733137
11	76773	400	92.949192858498
11	82026	420	229.27317059373
11	87377	440	231.70205152373
11	92697	460	181.57252521494
11	97914	480	91.640913962817
11	103282	500	90.988535040712
11	108684	520	282.18109583458
11	113995	540	189.17277476741
11	119245	560	279.93459653193
11	124584	580	91.140901331586
11	129909	600	180.62881888715
11	135171	620	142.05547079251
11	140469	640	88.950221977047
11	145812	660	137.21399882481
11	151171	680	185.16125247861
11	156443	700	270.55930922964
11	161748	720	185.16209534741
11	167026	740	141.88034566583
11	172383	760	186.6085543413
11	177669	780	183.86097522454
11	183006	800	467.43991004154
11	188371	820	186.57245660417
11	193716	840	187.76693775631
11	198970	860	99.557971444147
11	204374	880	326.06716815354
11	209686	900	232.04169029622
11	214939	920	284.23244101566
11	220278	940	420.03838382877
11	225622	960	230.47820567438
11	230998	980	137.90772068891
11	236303	1000	146.5289816684
11	241642	1020	230.14000956939
11	246975	1040	328.87526721174
11	252225	1060	186.00324371136
11	257599	1080	232.61639767594
11	262968	1100	233.64171307915
11	268203	1120	138.6902930326
11	273469	1140	231.17772430525
11	278881	1160	233.42459259225
11	284173	1180	93.381175884094
11	289494	1200	228.00250597434
11	294912	1220	375.55433216785
11	300365	1240	181.35944545707
11	305714	1260	226.82655502725
11	311045	1280	238.13354056062
11	316390	1300	231.00275197327
11	321735	1320	460.26428366388
11	327022	1340	281.54744164004
11	332254	1360	364.73548760979
11	337599	1380	183.33797297908
11	342919	1400	47.305788696345
11	348303	1420	135.33975639774
11	353608	1440	140.75323807704
11	358857	1460	186.10025746118
11	364170	1480	94.758764673107
11	369432	1500	228.25624818915
11	374901	1520	230.16856866471
11	380183	1540	272.43163215351
11	385471	1560	277.17537402134
11	390833	1580	184.50282406345
11	396056	1600	93.379514396301
11	401216	1620	182.46590007039
11	406508	1640	91.565756280477
11	411815	1660	184.11141263967
11	417118	1680	137.2980556161
11	422443	1700	236.25078011036
11	427697	1720	92.497180692677
11	432900	1740	275.41707164967
11	438134	1760	227.23322641505
11	443525	1780	235.8954385587
11	448882	1800	275.46983483569
11	453803	1820	233.22087619716
11	458099	1840	227.52563780953
11	461845	1860	186.21960464986
11	465125	1880	137.69337167237
11	468039	1900	46.598531948902
11	470505	1920	136.98327773527
11	472553	1940	47.969859145825
11	474113	1960	94.35325634693
11	475183	1980	0
11	475735	2000	46.194279005559
12	34386	240	46.467992070388
12	39591	260	45.667269978032
12	44932	280	46.564629903737
12	50267	300	45.809562598746
12	55618	320	46.137858970794
12	60949	340	47.602361208777
12	66181	360	46.864909737291
12	71524	380	45.282549332842
12	76773	400	46.474596429249
12	82026	420	45.854634118746
12	87377	440	46.340410304746
12	92697	460	45.393131303735
12	97914	480	45.820456981409
12	103282	500	45.494267520356
12	108684	520	47.030182639097
12	113995	540	47.293193691853
12	119245	560	46.655766088654
12	124584	580	45.570450665793
12	129909	600	45.157204721787
12	135171	620	47.351823597502
12	140469	640	44.475110988524
12	145812	660	45.737999608271
12	151171	680	46.290313119654
12	156443	700	45.09321820494
12	161748	720	46.290523836852
12	167026	740	47.293448555276
12	172383	760	46.652138585326
12	177669	780	45.965243806135
12	183006	800	46.743991004154
12	188371	820	46.643114151043
12	193716	840	46.941734439079
12	198970	860	49.778985722074
12	204374	880	46.581024021934
12	209686	900	46.408338059244
12	214939	920	47.37207350261
12	220278	940	46.67093153653
12	225622	960	46.095641134876
12	230998	980	45.969240229638
12	236303	1000	48.842993889465
12	241642	1020	46.028001913877
12	246975	1040	46.982181030249
12	252225	1060	46.500810927839
12	257599	1080	46.523279535188
12	262968	1100	46.728342615829
12	268203	1120	46.230097677532
12	273469	1140	46.23554486105
12	278881	1160	46.68491851845
12	284173	1180	46.690587942047
12	289494	1200	45.600501194868
12	294912	1220	46.944291520982
12	300365	1240	45.339861364268
12	305714	1260	45.365311005449
12	311045	1280	47.626708112124
12	316390	1300	46.200550394654
12	321735	1320	46.026428366388
12	327022	1340	46.924573606674
12	332254	1360	45.591935951224
12	337599	1380	45.83449324477
12	342919	1400	47.305788696345
12	348303	1420	45.11325213258
12	353608	1440	46.917746025681
12	358857	1460	46.525064365295
12	364170	1480	47.379382336553
12	369432	1500	45.651249637831
12	374901	1520	46.033713732943
12	380183	1540	45.405272025585
12	385471	1560	46.195895670224
12	390833	1580	46.125706015863
12	396056	1600	46.689757198151
12	401216	1620	45.616475017598
12	406508	1640	45.782878140238
12	411815	1660	46.027853159916
12	417118	1680	45.766018538699
12	422443	1700	47.250156022072
12	427697	1720	46.248590346338
12	432900	1740	45.902845274945
12	438134	1760	45.44664528301
12	443525	1780	47.17908771174
12	448882	1800	45.911639139282
12	453803	1820	46.644175239432
12	458099	1840	45.505127561906
12	461845	1860	46.554901162466
12	465125	1880	45.897790557456
12	468039	1900	46.598531948902
12	470505	1920	45.661092578422
12	472553	1940	47.969859145825
12	474113	1960	47.176628173465
12	475183	1980	nan
12	475735	2000	46.194279005559
13	34386	240	1.2910866391575
13	39591	260	1.0734336605651
13	44932	280	1.8542763150301
13	50267	300	0.86870325244306
13	55618	320	0.64536433040953
13	60949	340	2.2703843998771
13	66181	360	1.9758700759804
13	71524	380	0.61152171513847
13	76773	400	0.61104202053502
13	82026	420	0.7448663956089
13	87377	440	2.5844260556273
13	92697	460	0.17005743991961
13	97914	480	2.0988925651312
13	103282	500	1.2438428772307
13	108684	520	1.9832373745737
13	113995	540	3.8705102484679
13	119245	560	2.3129398124608
13	124584	580	2.3135675484048
13	129909	600	0.98197257255278
13	135171	620	0.99629309214336
13	140469	640	0.57422160642802
13	145812	660	0.62846121013634
13	151171	680	1.0884608487188
13	156443	700	0.62281090067627
13	161748	720	0.42402010478344
13	167026	740	2.1141147628564
13	172383	760	3.0387782536449
13	177669	780	2.0363164504124
13	183006	800	1.6775208677456
13	188371	820	2.3369673689875
13	193716	840	1.9744737182628
13	198970	860	4.9690401555696e-007
13	204374	880	1.995376263603
13	209686	900	2.1123168449012
13	214939	920	2.1850664995165
13	220278	940	1.4750300819191
13	225622	960	1.2846344532864
13	230998	980	1.1589995255948
13	236303	1000	4.3667366574794
13	241642	1020	0.6415987493268
13	246975	1040	1.8981273082675
13	252225	1060	1.5927138576448
13	257599	1080	1.3830747682751
13	262968	1100	1.3429347130138
13	268203	1120	0.54633666740996
13	273469	1140	1.5485031491623
13	278881	1160	1.1799035990799
13	284173	1180	1.2606325506929
13	289494	1200	0.80718619002633
13	294912	1220	1.8114919515162
13	300365	1240	0.34685719093509
13	305714	1260	0.5214810480458
13	311045	1280	3.5709147983914
13	316390	1300	1.4054720467211
13	321735	1320	0.82846489341348
13	327022	1340	1.3428992347166
13	332254	1360	1.6497695783757
13	337599	1380	1.7720553268454
13	342919	1400	nan
13	348303	1420	0.4660872240827
13	353608	1440	2.2135616042797
13	358857	1460	1.2616970395539
13	364170	1480	2.3510777265261
13	369432	1500	0.4804682534388
13	374901	1520	1.0286076832896
13	380183	1540	2.4770511983249
13	385471	1560	1.4979424426591
13	390833	1580	0.61403634921543
13	396056	1600	1.6240256558988
13	401216	1620	1.5450810224523
13	406508	1640	1.9102320301835
13	411815	1660	0.62554289451956
13	417118	1680	0.93238666580278
13	422443	1700	2.05192320543
13	427697	1720	0.4774063829478
13	432900	1740	1.669073761777
13	438134	1760	1.5752593429123
13	443525	1780	3.142388055964
13	448882	1800	2.0095033509531
13	453803	1820	2.112817893557
13	458099	1840	0.72276563896576
13	461845	1860	2.0708197617561
13	465125	1880	0.45660441572739
13	468039	1900	nan
13	470505	1920	0.45100391446068
13	472553	1940	nan
13	474113	1960	1.2431614183259
13	475183	1980	nan
13	475735	2000	nan
14	34386	240	1.6669047098111
14	39591	260	1.1522598236342
14	44932	280	3.4383406524817
14	50267	300	0.75464534080515
14	55618	320	0.41649511896494
14	60949	340	5.1546453232054
14	66181	360	3.9040625571549
14	71524	380	0.3739588080859
14	76773	400	0.37337235085952
14	82026	420	0.55482594730739
14	87377	440	6.6792580370054
14	92697	460	0.028919532872012
14	97914	480	4.405349999963
14	103282	500	1.5471451032376
14	108684	520	3.933230483906
14	113995	540	14.980849583495
14	119245	560	5.3496905760661
14	124584	580	5.3525948010317
14	129909	600	0.96427013324593
14	135171	620	0.99259992545258
14	140469	640	0.32973045328877
14	145812	660	0.39496349264603
14	151171	680	1.1847470191936
14	156443	700	0.38789341800119
14	161748	720	0.17979304926056
14	167026	740	4.4694812305273
14	172383	760	9.2341732748253
14	177669	780	4.1465846862201
14	183006	800	2.814076261722
14	188371	820	5.4614164837125
14	193716	840	3.8985464641104
14	198970	860	2.4691360067663e-013
14	204374	880	3.9815264333501
14	209686	900	4.4618824532534
14	214939	920	4.7745156073094
14	220278	940	2.1757137425662
14	225622	960	1.6502856785704
14	230998	980	1.3432799003291
14	236303	1000	19.068389035774
14	241642	1020	0.41164895513771
14	246975	1040	3.6028872783908
14	252225	1060	2.5367374323337
14	257599	1080	1.9128958146392
14	262968	1100	1.8034736434175
14	268203	1120	0.29848375415662
14	273469	1140	2.3978620029656
14	278881	1160	1.3921725031217
14	284173	1180	1.5891944278665
14	289494	1200	0.65154954536922
14	294912	1220	3.2815030904078
14	300365	1240	0.12030991090338
14	305714	1260	0.27194248347095
14	311045	1280	12.75143249737
14	316390	1300	1.9753516741143
14	321735	1320	0.6863540796186
14	327022	1340	1.8033783546025
14	332254	1360	2.7217396617338
14	337599	1380	3.1401800814012
14	342919	1400	nan
14	348303	1420	0.21723730045312
14	353608	1440	4.8998549759412
14	358857	1460	1.591879419619
14	364170	1480	5.527566476167
14	369432	1500	0.23084974256253
14	374901	1520	1.0580337661225
14	380183	1540	6.1357826391231
14	385471	1560	2.2438315615196
14	390833	1580	0.37704063815782
14	396056	1600	2.6374593310176
14	401216	1620	2.3872753659423
14	406508	1640	3.6489864091389
14	411815	1660	0.39130391288391
14	417118	1680	0.86934489456683
14	422443	1700	4.210388840982
14	427697	1720	0.22791685447931
14	432900	1740	2.7858072222525
14	438134	1760	2.4814419974325
14	443525	1780	9.8746026942654
14	448882	1800	4.0381037174919
14	453803	1820	4.4639994513348
14	458099	1840	0.52239016886958
14	461845	1860	4.2882944856796
14	465125	1880	0.20848759246175
14	468039	1900	nan
14	470505	1920	0.20340453085886
14	472553	1940	nan
14	474113	1960	1.5454503120142
14	475183	1980	nan
14	475735	2000	nan
15	34386	240	92.296234486651
15	39591	260	268.65398335835
15	44932	280	224.50870059339
15	50267	300	135.29699145456
15	55618	320	223.92896985911
15	60949	340	91.299949737621
15	66181	360	270.40352184281
15	71524	380	223.02280553623
15	76773	400	136.34629663676
15	82026	420	224.82248742994
15	87377	440	225.71626055297
15	92697	460	178.42997600583
15	97914	480	88.404856962286
15	103282	500	90.066756132647
15	108684	520	316.10376407294
15	113995	540	180.74486293116
15	119245	560	268.93342082778
15	124584	580	134.39197984294
15	129909	600	178.61437434558
15	135171	620	136.92607094504
15	140469	640	88.026586286894
15	145812	660	134.68174766082
15	151171	680	179.45079259671
15	156443	700	266.56759622246
15	161748	720	179.05196978011
15	167026	740	138.49008571766
15	172383	760	181.7103850175
15	177669	780	221.97486796347
15	183006	800	448.19782050146
15	188371	820	222.76870466608
15	193716	840	179.50350043836
15	198970	860	89.341771253121
15	204374	880	446.65968492519
15	209686	900	222.76227802604
15	214939	920	270.76024551283
15	220278	940	580.80869007878
15	225622	960	268.84249623612
15	230998	980	180.23507706878
15	236303	1000	134.70368387084
15	241642	1020	222.99193660883
15	246975	1040	314.74570212183
15	252225	1060	268.76328277952
15	257599	1080	226.87414656205
15	262968	1100	270.73051826688
15	268203	1120	134.16383439272
15	273469	1140	222.84554041411
15	278881	1160	273.24610897103
15	284173	1180	133.38198729262
15	289494	1200	221.56528118641
15	294912	1220	357.08299177875
15	300365	1240	177.14023167095
15	305714	1260	221.55514077002
15	311045	1280	268.12567816355
15	316390	1300	223.1512002977
15	321735	1320	444.07112348645
15	327022	1340	272.00280379008
15	332254	1360	404.41476906196
15	337599	1380	180.11751537451
15	342919	1400	46.880796102035
15	348303	1420	177.59310260756
15	353608	1440	137.97550735946
15	358857	1460	227.97100715979
15	364170	1480	89.804246420742
15	369432	1500	270.64872662751
15	374901	1520	224.96997181994
15	380183	1540	271.56487459888
15	385471	1560	269.38606092522
15	390833	1580	179.38906754649
15	396056	1600	90.850859473691
15	401216	1620	226.64197127874
15	406508	1640	88.577902707409
15	411815	1660	177.89045953436
15	417118	1680	178.13601305829
15	422443	1700	314.23796561513
15	427697	1720	89.406583339218
15	432900	1740	267.7351452058
15	438134	1760	311.35904515024
15	443525	1780	274.0787822931
15	448882	1800	311.57340291014
15	453803	1820	223.4202364042
15	458099	1840	311.32043795249
15	461845	1860	177.26008387579
15	465125	1880	133.99795715864
15	468039	1900	44.814526825993
15	470505	1920	135.0879519258
15	472553	1940	45.517241805812
15	474113	1960	91.314087952604
15	475183	1980	0
15	475735	2000	46.599951223296
16	34386	240	46.148117243325
16	39591	260	44.775663893059
16	44932	280	44.901740118679
16	50267	300	45.098997151521
16	55618	320	44.785793971822
16	60949	340	45.649974868811
16	66181	360	45.067253640469
16	71524	380	44.604561107245
16	76773	400	45.448765545586
16	82026	420	44.964497485987
16	87377	440	45.143252110593
16	92697	460	44.607494001457
16	97914	480	44.202428481143
16	103282	500	45.033378066324
16	108684	520	45.157680581849
16	113995	540	45.186215732789
16	119245	560	44.82223680463
16	124584	580	44.797326614313
16	129909	600	44.653593586395
16	135171	620	45.642023648346
16	140469	640	44.013293143447
16	145812	660	44.893915886939
16	151171	680	44.862698149177
16	156443	700	44.427932703743
16	161748	720	44.762992445028
16	167026	740	46.163361905887
16	172383	760	45.427596254376
16	177669	780	44.394973592693
16	183006	800	44.819782050146
16	188371	820	44.553740933216
16	193716	840	44.87587510959
16	198970	860	44.67088562656
16	204374	880	44.665968492519
16	209686	900	44.552455605208
16	214939	920	45.126707585471
16	220278	940	44.677591544522
16	225622	960	44.807082706019
16	230998	980	45.058769267194
16	236303	1000	44.901227956948
16	241642	1020	44.598387321765
16	246975	1040	44.96367173169
16	252225	1060	44.793880463254
16	257599	1080	45.374829312411
16	262968	1100	45.12175304448
16	268203	1120	44.721278130905
16	273469	1140	44.569108082822
16	278881	1160	45.541018161839
16	284173	1180	44.460662430872
16	289494	1200	44.313056237283
16	294912	1220	44.635373972343
16	300365	1240	44.285057917739
16	305714	1260	44.311028154004
16	311045	1280	44.687613027259
16	316390	1300	44.630240059541
16	321735	1320	44.407112348645
16	327022	1340	45.33380063168
16	332254	1360	44.934974340217
16	337599	1380	45.029378843629
16	342919	1400	46.880796102035
16	348303	1420	44.39827565189
16	353608	1440	45.991835786486
16	358857	1460	45.594201431959
16	364170	1480	44.902123210371
16	369432	1500	45.108121104585
16	374901	1520	44.993994363989
16	380183	1540	45.260812433146
16	385471	1560	44.897676820869
16	390833	1580	44.847266886622
16	396056	1600	45.425429736846
16	401216	1620	45.328394255747
16	406508	1640	44.288951353705
16	411815	1660	44.472614883591
16	417118	1680	44.534003264574
16	422443	1700	44.891137945019
16	427697	1720	44.703291669609
16	432900	1740	44.622524200967
16	438134	1760	44.479863592891
16	443525	1780	45.67979704885
16	448882	1800	44.51048613002
16	453803	1820	44.68404728084
16	458099	1840	44.474348278927
16	461845	1860	44.315020968947
16	465125	1880	44.665985719545
16	468039	1900	44.814526825993
16	470505	1920	45.029317308601
16	472553	1940	45.517241805812
16	474113	1960	45.657043976302
16	475183	1980	nan
16	475735	2000	46.599951223296
17	34386	240	1.6786696115781
17	39591	260	0.73809232223597
17	44932	280	0.73891695104001
17	50267	300	0.52994299536875
17	55618	320	0.59596036956792
17	60949	340	0.93768595013993
17	66181	360	0.68162578418948
17	71524	380	0.40561852204803
17	76773	400	1.0693220504663
17	82026	420	0.49224299551525
17	87377	440	1.3588419787665
17	92697	460	0.36466887848684
17	97914	480	0.027408721939721
17	103282	500	0.076376461248109
17	108684	520	0.92080041069228
17	113995	540	1.5230941987692
17	119245	560	1.150404428413
17	124584	580	0.85167510721576
17	129909	600	0.55206314978013
17	135171	620	1.3300489228825
17	140469	640	0.65098591508599
17	145812	660	0.42597075658785
17	151171	680	0.41726398462813
17	156443	700	0.58468221263669
17	161748	720	0.52490790726501
17	167026	740	1.0779381324432
17	172383	760	0.44638553005343
17	177669	780	0.27637007681183
17	183006	800	0.74784018153727
17	188371	820	0.46998119022655
17	193716	840	0.63567564704427
17	198970	860	0.089528443946153
17	204374	880	0.67290953787111
17	209686	900	0.25900430114856
17	214939	920	0.72250802089498
17	220278	940	0.58282234179459
17	225622	960	0.67849448542534
17	230998	980	0.70168397357203
17	236303	1000	0.9155702830777
17	241642	1020	0.3612185122422
17	246975	1040	0.84300750590746
17	252225	1060	0.60295261166178
17	257599	1080	1.4216795666001
17	262968	1100	0.73888097618472
17	268203	1120	0.57077085333032
17	273469	1140	0.45258809257401
17	278881	1160	0.73082212079956
17	284173	1180	0.26030523951663
17	289494	1200	0.37150039923406
17	294912	1220	0.38298682962687
17	300365	1240	0.078440361677836
17	305714	1260	0.36806855396337
17	311045	1280	0.97407900606051
17	316390	1300	0.32383628085027
17	321735	1320	0.49946756440662
17	327022	1340	0.87803374379981
17	332254	1360	1.4718365105393
17	337599	1380	0.92302149404038
17	342919	1400	nan
17	348303	1420	0.33411262878899
17	353608	1440	1.8040290608617
17	358857	1460	1.4230337813712
17	364170	1480	1.124120123893
17	369432	1500	1.3571136403858
17	374901	1520	1.0036203934432
17	380183	1540	1.2646664228645
17	385471	1560	0.94338599140458
17	390833	1580	0.32506259408126
17	396056	1600	1.5433501407691
17	401216	1620	0.67931548598546
17	406508	1640	0.32410587249223
17	411815	1660	0.49827928261948
17	417118	1680	0.3855482503625
17	422443	1700	0.64215122544849
17	427697	1720	0.73657120172428
17	432900	1740	0.76550882149974
17	438134	1760	0.48023484264526
17	443525	1780	1.5256486996827
17	448882	1800	0.42356291519711
17	453803	1820	0.65738570741027
17	458099	1840	0.3727361753492
17	461845	1860	0.20228845359338
17	465125	1880	0.15736453874689
17	468039	1900	nan
17	470505	1920	0.13467957103896
17	472553	1940	nan
17	474113	1960	0.031766189816796
17	475183	1980	nan
17	475735	2000	nan
18	34386	240	2.8179316648357
18	39591	260	0.54478027614369
18	44932	280	0.54599826053426
18	50267	300	0.2808395783404
18	55618	320	0.35516876209553
18	60949	340	0.87925494108982
18	66181	360	0.46461370967192
18	71524	380	0.16452638542842
18	76773	400	1.1434496476135
18	82026	420	0.24230316663383
18	87377	440	1.846451523258
18	92697	460	0.13298339093685
18	97914	480	0.00075123803836896
18	103282	500	0.0058333638327839
18	108684	520	0.84787339633107
18	113995	540	2.3198159383243
18	119245	560	1.3234303489123
18	124584	580	0.72535048825098
18	129909	600	0.30477372134515
18	135171	620	1.769030137261
18	140469	640	0.42378266164035
18	145812	660	0.18145108546802
18	151171	680	0.17410923286775
18	156443	700	0.34185328977373
18	161748	720	0.27552831110934
18	167026	740	1.1619506173751
18	172383	760	0.19926004144108
18	177669	780	0.076380419356975
18	183006	800	0.5592649371217
18	188371	820	0.22088231916677
18	193716	840	0.40408352824515
18	198970	860	0.0080153422754194
18	204374	880	0.45280724615791
18	209686	900	0.067083228013454
18	214939	920	0.52201784025758
18	220278	940	0.33968188209494
18	225622	960	0.46035476675259
18	230998	980	0.49236039876783
18	236303	1000	0.83826894325498
18	241642	1020	0.13047881358647
18	246975	1040	0.71066165501631
18	252225	1060	0.36355185190976
18	257599	1080	2.0211727900882
18	262968	1100	0.54594509696769
18	268203	1120	0.32577936701142
18	273469	1140	0.20483598153978
18	278881	1160	0.53410097224997
18	284173	1180	0.06775881771981
18	289494	1200	0.13801254663107
18	294912	1220	0.14667891166764
18	300365	1240	0.0061528903401498
18	305714	1260	0.13547446041669
18	311045	1280	0.94882991004783
18	316390	1300	0.10486993679493
18	321735	1320	0.24946784789428
18	327022	1340	0.77094325525112
18	332254	1360	2.1663027137565
18	337599	1380	0.85196867846054
18	342919	1400	nan
18	348303	1420	0.11163124871629
18	353608	1440	3.2545208524336
18	358857	1460	2.0250251429237
18	364170	1480	1.2636460529413
18	369432	1500	1.8417574329211
18	374901	1520	1.0072538941351
18	380183	1540	1.5993811611208
18	385471	1560	0.88997712877841
18	390833	1580	0.10566569007084
18	396056	1600	2.3819296570119
18	401216	1620	0.46146952949966
18	406508	1640	0.10504461658395
18	411815	1660	0.24828224348778
18	417118	1680	0.14864745335758
18	422443	1700	0.412358196345
18	427697	1720	0.54253713520955
18	432900	1740	0.58600375579392
18	438134	1760	0.23062550409052
18	443525	1780	2.3276039548434
18	448882	1800	0.17940554313027
18	453803	1820	0.4321559683073
18	458099	1840	0.13893225641395
18	461845	1860	0.040920618457203
18	465125	1880	0.024763598055021
18	468039	1900	nan
18	470505	1920	0.018138586855238
18	472553	1940	nan
18	474113	1960	0.0010090908154767
18	475183	1980	nan
18	475735	2000	nan
19	34386	240	1336.2557248563
19	39591	260	1456.3388320392
19	44932	280	1341.7722323373
19	50267	300	1543.789845929
19	55618	320	1564.3104032422
19	60949	340	1710.9033922628
19	66181	360	1529.6677198904
19	71524	380	1583.2457626871
19	76773	400	1480.7075140467
19	82026	420	1587.8241216301
19	87377	440	1505.4834743837
19	92697	460	1377.6862839922
19	97914	480	1605.1653384909
19	103282	500	1425.1534316173
19	108684	520	1426.9209981188
19	113995	540	1612.023324384
19	119245	560	1399.1622302923
19	124584	580	1435.2391097331
19	129909	600	1587.8201612184
19	135171	620	1427.1926782614
19	140469	640	1544.839031714
19	145812	660	1320.209349361
19	151171	680	1554.7011329549
19	156443	700	1533.7463628597
19	161748	720	1374.13897298
19	167026	740	1387.6630924925
19	172383	760	1518.9788516338
19	177669	780	1477.1080858193
19	183006	800	1365.4810649325
19	188371	820	1687.3338297569
19	193716	840	1482.52656674
19	198970	860	1434.1426623713
19	204374	880	1325.8654135068
19	209686	900	1521.5366605244
19	214939	920	1336.1072367705
19	220278	940	1260.1156962565
19	225622	960	1452.7084078128
19	230998	980	1628.1960042427
19	236303	1000	1433.9457271038
19	241642	1020	1631.6267224719
19	246975	1040	1536.2563573312
19	252225	1060	1469.8104731891
19	257599	1080	1435.3208708003
19	262968	1100	1587.0559594619
19	268203	1120	1622.3538668418
19	273469	1140	1595.1871318891
19	278881	1160	1520.352042707
19	284173	1180	1515.7886184084
19	289494	1200	1620.7905804586
19	294912	1220	1438.7816975199
19	300365	1240	1492.1337455453
19	305714	1260	1526.3277079745
19	311045	1280	1485.1852055033
19	316390	1300	1590.1418383214
19	321735	1320	1355.4053879016
19	327022	1340	1555.610094863
19	332254	1360	1334.6669691332
19	337599	1380	1555.109502711
19	342919	1400	1590.4031329316
19	348303	1420	1637.0597603587
19	353608	1440	1595.3504926781
19	358857	1460	1460.4200275953
19	364170	1480	1388.7592488809
19	369432	1500	1519.6433688157
19	374901	1520	1433.0742331632
19	380183	1540	1394.2824713086
19	385471	1560	1599.0480788584
19	390833	1580	1484.4491042224
19	396056	1600	1381.0615807684
19	401216	1620	1516.1451250014
19	406508	1640	1570.9569950638
19	411815	1660	1622.3531769224
19	417118	1680	1434.9898357274
19	422443	1700	1533.5799750543
19	427697	1720	1740.0948720116
19	432900	1740	1575.0530071669
19	438134	1760	1251.4022708659
19	443525	1780	1282.5779202295
19	448882	1800	1439.4803800175
19	453803	1820	1381.6398460658
19	458099	1840	1209.254791141
19	461845	1860	1151.9905488632
19	465125	1880	1181.5916417205
19	468039	1900	1070.5230073423
19	470505	1920	828.3679200973
19	472553	1940	799.23295859376
19	474113	1960	565.04519004368
19	475183	1980	519.15686407929
19	475735	2000	334.17212911709
20	34386	240	46.077783615734
20	39591	260	45.510588501224
20	44932	280	46.26800801163
20	50267	300	45.405583703795
20	55618	320	46.009129507123
20	60949	340	46.24063222332
20	66181	360	46.353567269407
20	71524	380	46.56605184374
20	76773	400	46.272109813958
20	82026	420	46.700709459709
20	87377	440	47.046358574492
20	92697	460	45.922876133072
20	97914	480	45.861866814027
20	103282	500	45.972691342494
20	108684	520	46.029709616736
20	113995	540	46.057809268115
20	119245	560	46.638741009744
20	124584	580	46.298035797843
20	129909	600	45.366290320526
20	135171	620	46.038473492304
20	140469	640	45.436442109236
20	145812	660	45.524460322791
20	151171	680	45.726503910438
20	156443	700	46.477162510901
20	161748	720	45.804632432666
20	167026	740	46.255436416415
20	172383	760	46.02966217072
20	177669	780	46.159627681854
20	183006	800	47.085553963188
20	188371	820	46.870384159915
20	193716	840	46.328955210626
20	198970	860	46.262666528108
20	204374	880	47.352336196672
20	209686	900	46.107171531042
20	214939	920	46.072663336915
20	220278	940	46.670951713205
20	225622	960	46.861561542348
20	230998	980	46.519885835505
20	236303	1000	46.256313777543
20	241642	1020	46.617906356339
20	246975	1040	46.553222949431
20	252225	1060	45.931577287158
20	257599	1080	46.300673251623
20	262968	1100	46.678116454761
20	268203	1120	46.352967624051
20	273469	1140	46.917268584973
20	278881	1160	46.071274021424
20	284173	1180	45.932988436619
20	289494	1200	46.308302298818
20	294912	1220	46.412312823223
20	300365	1240	46.629179548291
20	305714	1260	46.252354787106
20	311045	1280	46.412037671979
20	316390	1300	46.76887759769
20	321735	1320	46.738116824193
20	327022	1340	45.753238084207
20	332254	1360	46.022998935627
20	337599	1380	45.738514785618
20	342919	1400	45.440089512332
20	348303	1420	45.473882232186
20	353608	1440	45.581442647947
20	358857	1460	45.638125862354
20	364170	1480	46.291974962695
20	369432	1500	46.04979905502
20	374901	1520	46.228201069779
20	380183	1540	46.476082376954
20	385471	1560	47.030825848776
20	390833	1580	46.389034506949
20	396056	1600	46.035386025613
20	401216	1620	45.94379166671
20	406508	1640	46.204617501876
20	411815	1660	46.35294791207
20	417118	1680	46.289994700884
20	422443	1700	46.47212045619
20	427697	1720	47.029591135448
20	432900	1740	46.325088446085
20	438134	1760	46.348232254291
20	443525	1780	45.80635429391
20	448882	1800	46.434850968306
20	453803	1820	46.054661535526
20	458099	1840	46.509799659267
20	461845	1860	46.079621954529
20	465125	1880	47.263665668819
20	468039	1900	46.5444785801
20	470505	1920	46.020440005406
20	472553	1940	47.013703446692
20	474113	1960	47.087099170307
20	475183	1980	47.196078552663
20	475735	2000	47.738875588156
21	34386	240	2.159246396363
21	39591	260	2.0881562828389
21	44932	280	2.2727994553416
21	50267	300	2.1262059141524
21	55618	320	2.343118694318
21	60949	340	2.7891899787951
21	66181	360	2.8652185090342
21	71524	380	2.6283956615938
21	76773	400	3.1913128764285
21	82026	420	2.9505034942861
21	87377	440	3.50526922064
21	92697	460	2.1658310100312
21	97914	480	1.9754040792564
21	103282	500	1.9682468053015
21	108684	520	2.9813029085075
21	113995	540	2.7165689133564
21	119245	560	2.2462021091271
21	124584	580	2.6521844360557
21	129909	600	2.1075783836358
21	135171	620	2.3612219105738
21	140469	640	2.1314931178814
21	145812	660	1.9249011264334
21	151171	680	1.8519229096075
21	156443	700	2.6143651093048
21	161748	720	1.8741420210027
21	167026	740	2.0972414193053
21	172383	760	2.0839716440366
21	177669	780	1.9620148607368
21	183006	800	2.2051888281929
21	188371	820	2.687792790761
21	193716	840	2.7065725420469
21	198970	860	3.0041050409852
21	204374	880	2.5734789168763
21	209686	900	2.3847709722393
21	214939	920	2.4881175820035
21	220278	940	2.7129389748627
21	225622	960	2.6138312809136
21	230998	980	2.8411935869114
21	236303	1000	2.5772912348405
21	241642	1020	2.8819624684548
21	246975	1040	1.8218008335692
21	252225	1060	1.9102034451143
21	257599	1080	2.2309853581627
21	262968	1100	1.7777094142962
21	268203	1120	1.7789307946938
21	273469	1140	2.2773177163784
21	278881	1160	2.0250196990134
21	284173	1180	1.7790844072117
21	289494	1200	1.9785465267056
21	294912	1220	2.4780889054974
21	300365	1240	2.1887083752264
21	305714	1260	2.4380587000361
21	311045	1280	2.2114193839765
21	316390	1300	2.8198687852554
21	321735	1320	1.5148636783985
21	327022	1340	1.8206770876866
21	332254	1360	1.9462268143062
21	337599	1380	1.0951678956995
21	342919	1400	1.6367682629012
21	348303	1420	1.743147663501
21	353608	1440	1.7478569597608
21	358857	1460	1.4244515027631
21	364170	1480	2.2326408007718
21	369432	1500	2.5554613010633
21	374901	1520	2.4481769357107
21	380183	1540	2.4692333224464
21	385471	1560	2.618493250784
21	390833	1580	2.7837862333582
21	396056	1600	2.4400261089027
21	401216	1620	1.9678942513632
21	406508	1640	2.5743060775325
21	411815	1660	2.5220222778552
21	417118	1680	2.8382583049316
21	422443	1700	2.7147577083189
21	427697	1720	2.8502267986998
21	432900	1740	2.3477456797126
21	438134	1760	2.0206771800228
21	443525	1780	2.2793575338344
21	448882	1800	2.4799546937408
21	453803	1820	1.8315831195426
21	458099	1840	2.2769184990155
21	461845	1860	2.3328075531233
21	465125	1880	2.7902859593314
21	468039	1900	2.7734185475726
21	470505	1920	2.3747220871069
21	472553	1940	2.0223016836074
21	474113	1960	2.2040483826454
21	475183	1980	3.7677307076834
21	475735	2000	1.650117425101
22	34386	240	4.6623450002067
22	39591	260	4.3603966615596
22	44932	280	5.1656173642013
22	50267	300	4.5207515893768
22	55618	320	5.4902052156626
22	60949	340	7.7795807378111
22	66181	360	8.2094771045119
22	71524	380	6.9084637538849
22	76773	400	10.184477875258
22	82026	420	8.7054708697947
22	87377	440	12.286912309166
22	92697	460	4.6908239640127
22	97914	480	3.9022212763428
22	103282	500	3.8739954865797
22	108684	520	8.888167032275
22	113995	540	7.3797466610146
22	119245	560	5.0454239150471
22	124584	580	7.0340822828559
22	129909	600	4.441886643169
22	135171	620	5.5753689109739
22	140469	640	4.5432629115756
22	145812	660	3.7052443465444
22	151171	680	3.4296184631291
22	156443	700	6.8349049247503
22	161748	720	3.5124083148882
22	167026	740	4.3984215708497
22	172383	760	4.3429378131488
22	177669	780	3.8495023137519
22	183006	800	4.8628577679869
22	188371	820	7.2242300860666
22	193716	840	7.325534925362
22	198970	860	9.0246470972724
22	204374	880	6.6227937356066
22	209686	900	5.687132590035
22	214939	920	6.1907291018752
22	220278	940	7.3600378813289
22	225622	960	6.8321139650827
22	230998	980	8.0723809983064
22	236303	1000	6.6424301091857
22	241642	1020	8.3057076695823
22	246975	1040	3.3189582771936
22	252225	1060	3.6488772017267
22	257599	1080	4.9772956683364
22	262968	1100	3.1602507616773
22	268203	1120	3.1645947723098
22	273469	1140	5.186175981331
22	278881	1160	4.1007047813925
22	284173	1180	3.1651413279838
22	289494	1200	3.9146463583389
22	294912	1220	6.1409246235492
22	300365	1240	4.7904443517861
22	305714	1260	5.9441302248218
22	311045	1280	4.8903756918268
22	316390	1300	7.9516599660577
22	321735	1320	2.294811964131
22	327022	1340	3.3148650576269
22	332254	1360	3.7877988127245
22	337599	1380	1.1993927197709
22	342919	1400	2.6790103464406
22	348303	1420	3.0385637767689
22	353608	1440	3.0550039517841
22	358857	1460	2.029062083724
22	364170	1480	4.9846849452709
22	369432	1500	6.5303824612321
22	374901	1520	5.9935703085459
22	380183	1540	6.0971132006796
22	385471	1560	6.8565069044011
22	390833	1580	7.7494657930346
22	396056	1600	5.953727412127
22	401216	1620	3.8726077845485
22	406508	1640	6.6270517808206
22	411815	1660	6.360596369998
22	417118	1680	8.0557102055132
22	422443	1700	7.3699094148769
22	427697	1720	8.1237928040262
22	432900	1740	5.5119097766091
22	438134	1760	4.0831362658647
22	443525	1780	5.1954707670477
22	448882	1800	6.1501752830068
22	453803	1820	3.3546967237933
22	458099	1840	5.1843578511588
22	461845	1860	5.4419910799092
22	465125	1880	7.7856957348418
22	468039	1900	7.69185044002
22	470505	1920	5.6393049909935
22	472553	1940	4.0897040995214
22	474113	1960	4.8578292730419
22	475183	1980	14.19579468562
22	475735	2000	2.7228875166219
23	34386	240	1656.1807788862
23	39591	260	1526.1490267821
23	44932	280	1570.9630081248
23	50267	300	1654.4688564635
23	55618	320	1569.2949194914
23	60949	340	1659.1542588024
23	66181	360	1524.5940099536
23	71524	380	1571.7758377013
23	76773	400	1658.189655893
23	82026	420	1523.0103387095
23	87377	440	1574.3301510668
23	92697	460	1659.5796590131
23	97914	480	1663.6377231812
23	103282	500	1706.9170063514
23	108684	520	1485.6957219626
23	113995	540	1620.2104229985
23	119245	560	1526.9690956453
23	124584	580	1660.3252281777
23	129909	600	1616.1012747038
23	135171	620	1657.8594473206
23	140469	640	1660.6915137907
23	145812	660	1611.7038936565
23	151171	680	1611.240646839
23	156443	700	1526.633356118
23	161748	720	1568.5569037685
23	167026	740	1656.3802455342
23	172383	760	1656.6348222195
23	177669	780	1525.6090478306
23	183006	800	1342.6701058836
23	188371	820	1620.9604988539
23	193716	840	1615.8632848699
23	198970	860	1702.4067276162
23	204374	880	1299.8833245047
23	209686	900	1573.9482453039
23	214939	920	1478.3275129725
23	220278	940	1212.5100708275
23	225622	960	1572.5396432361
23	230998	980	1571.8212514678
23	236303	1000	1708.8994259914
23	241642	1020	1569.185850182
23	246975	1040	1524.1716949188
23	252225	1060	1522.8228431871
23	257599	1080	1571.0359560201
23	262968	1100	1524.4058384134
23	268203	1120	1655.2925641124
23	273469	1140	1571.2708491638
23	278881	1160	1521.643073981
23	284173	1180	1610.8935455715
23	289494	1200	1617.0087344249
23	294912	1220	1434.0706537609
23	300365	1240	1658.2093779332
23	305714	1260	1524.1342609925
23	311045	1280	1475.901762601
23	316390	1300	1566.9302809423
23	321735	1320	1392.0422427886
23	327022	1340	1522.379380844
23	332254	1360	1342.1047813456
23	337599	1380	1564.7863709814
23	342919	1400	1792.0370933431
23	348303	1420	1615.0575508636
23	353608	1440	1696.6748082931
23	358857	1460	1613.274292742
23	364170	1480	1747.7678321732
23	369432	1500	1571.7511571124
23	374901	1520	1568.2914518501
23	380183	1540	1567.0741621026
23	385471	1560	1525.4587215874
23	390833	1580	1611.9907760317
23	396056	1600	1608.27387055
23	401216	1620	1569.0868018897
23	406508	1640	1706.9735999876
23	411815	1660	1619.9621138971
23	417118	1680	1662.6403936806
23	422443	1700	1528.2817727951
23	427697	1720	1755.3736070573
23	432900	1740	1569.7194681109
23	438134	1760	1479.1395702916
23	443525	1780	1613.9084614649
23	448882	1800	1483.2308034068
23	453803	1820	1433.1595611945
23	458099	1840	1166.2434087531
23	461845	1860	1166.7127200462
23	465125	1880	1129.588256866
23	468039	1900	1037.3728604345
23	470505	1920	810.94521367498
23	472553	1940	771.26140687753
23	474113	1960	545.41313634496
23	475183	1980	513.47660302355
23	475735	2000	326.90174640581
24	34386	240	44.761642672599
24	39591	260	44.886736081827
24	44932	280	44.884657374995
24	50267	300	44.715374499014
24	55618	320	44.836997699753
24	60949	340	44.84200699466
24	66181	360	44.841000292752
24	71524	380	44.907881077181
24	76773	400	44.815936645756
24	82026	420	44.794421726751
24	87377	440	44.980861459051
24	92697	460	44.853504297652
24	97914	480	44.963181707599
24	103282	500	44.918868588194
24	108684	520	45.021082483715
24	113995	540	45.005845083291
24	119245	560	44.910855754275
24	124584	580	44.873654815613
24	129909	600	44.891702075106
24	135171	620	44.807012089745
24	140469	640	44.883554426776
24	145812	660	44.769552601571
24	151171	680	44.756684634416
24	156443	700	44.900981062295
24	161748	720	44.815911536243
24	167026	740	44.767033663086
24	172383	760	44.77391411404
24	177669	780	44.870854347959
24	183006	800	44.755670196119
24	188371	820	45.026680523718
24	193716	840	44.885091246385
24	198970	860	44.800177042531
24	204374	880	44.823562913956
24	209686	900	44.969949865826
24	214939	920	44.79780342341
24	220278	940	44.90778040102
24	225622	960	44.929704092461
24	230998	980	44.909178613366
24	236303	1000	44.971037526088
24	241642	1020	44.833881433772
24	246975	1040	44.828579262319
24	252225	1060	44.788907152561
24	257599	1080	44.886741600576
24	262968	1100	44.835465835689
24	268203	1120	44.737636867904
24	273469	1140	44.893452833252
24	278881	1160	44.754208058265
24	284173	1180	44.747042932542
24	289494	1200	44.91690928958
24	294912	1220	44.814707930029
24	300365	1240	44.816469673869
24	305714	1260	44.827478264485
24	311045	1280	44.724295836394
24	316390	1300	44.769436598352
24	321735	1320	44.90458847705
24	327022	1340	44.775864142471
24	332254	1360	44.736826044854
24	337599	1380	44.708182028041
24	342919	1400	44.800927333577
24	348303	1420	44.862709746211
24	353608	1440	44.649337060345
24	358857	1460	44.813174798389
24	364170	1480	44.814559799312
24	369432	1500	44.907175917497
24	374901	1520	44.808327195717
24	380183	1540	44.773547488645
24	385471	1560	44.866432987865
24	390833	1580	44.777521556435
24	396056	1600	44.674274181944
24	401216	1620	44.831051482563
24	406508	1640	44.920357894411
24	411815	1660	44.998947608253
24	417118	1680	44.936226856234
24	422443	1700	44.949463905739
24	427697	1720	45.009579668136
24	432900	1740	44.84912766031
24	438134	1760	44.822411220959
24	443525	1780	44.830790596248
24	448882	1800	44.946387982023
24	453803	1820	44.786236287329
24	458099	1840	44.855515721273
24	461845	1860	44.873566155621
24	465125	1880	45.183530274638
24	468039	1900	45.103167844976
24	470505	1920	45.052511870832
24	472553	1940	45.368318051619
24	474113	1960	45.451094695413
24	475183	1980	46.679691183959
24	475735	2000	46.700249486545
25	34386	240	0.61876914420993
25	39591	260	0.72271507885135
25	44932	280	0.77587129689397
25	50267	300	0.56192636569714
25	55618	320	0.62542574941031
25	60949	340	0.79086538326419
25	66181	360	0.69565373220602
25	71524	380	0.78519079638363
25	76773	400	0.76888342929086
25	82026	420	0.67237886823392
25	87377	440	0.96729211848332
25	92697	460	0.71258156315691
25	97914	480	0.8182078085178
25	103282	500	0.86373643107242
25	108684	520	1.0823385528277
25	113995	540	1.1773628766753
25	119245	560	0.73468899916493
25	124584	580	0.68186283187125
25	129909	600	0.81977356478001
25	135171	620	0.70682500366147
25	140469	640	0.79439648769205
25	145812	660	0.65413491641531
25	151171	680	0.77544315906238
25	156443	700	0.88558385994148
25	161748	720	0.82469249655154
25	167026	740	0.84425292030998
25	172383	760	0.7003183776026
25	177669	780	0.79644807164147
25	183006	800	0.58497237782357
25	188371	820	0.93079506055772
25	193716	840	0.84268698405802
25	198970	860	0.80938828421099
25	204374	880	0.57363552028859
25	209686	900	0.91104672730112
25	214939	920	0.66485808112188
25	220278	940	0.68396423454955
25	225622	960	0.79956884412963
25	230998	980	0.9433484781807
25	236303	1000	0.98524206032018
25	241642	1020	0.74931281706453
25	246975	1040	0.80984617894373
25	252225	1060	0.81596247833525
25	257599	1080	1.0949596511604
25	262968	1100	0.89840237703831
25	268203	1120	0.71608418822384
25	273469	1140	0.89252050652988
25	278881	1160	0.72976972533911
25	284173	1180	0.54054029864952
25	289494	1200	0.83928962370475
25	294912	1220	0.78535491401132
25	300365	1240	0.65261899562844
25	305714	1260	0.71730768623618
25	311045	1280	0.62173076383247
25	316390	1300	0.76746786867901
25	321735	1320	0.88305621927323
25	327022	1340	0.99927040054625
25	332254	1360	0.80218568079072
25	337599	1380	0.67768243377801
25	342919	1400	0.71350008907271
25	348303	1420	1.0176928504881
25	353608	1440	0.74537707979193
25	358857	1460	0.77558668334971
25	364170	1480	0.74312664388904
25	369432	1500	0.87605549585026
25	374901	1520	0.67715783279921
25	380183	1540	0.6708990629017
25	385471	1560	0.8283110596246
25	390833	1580	0.93020164965759
25	396056	1600	0.5402344158049
25	401216	1620	0.8718137182473
25	406508	1640	0.92851289875354
25	411815	1660	0.96784292442218
25	417118	1680	0.91283986926688
25	422443	1700	0.95605032150435
25	427697	1720	1.0967604083521
25	432900	1740	0.66534240051089
25	438134	1760	0.66075297124062
25	443525	1780	0.93320317269851
25	448882	1800	0.92840102963184
25	453803	1820	0.65657999566806
25	458099	1840	0.67725640494138
25	461845	1860	0.70155472919881
25	465125	1880	1.2326163115973
25	468039	1900	1.1039787173642
25	470505	1920	0.72964573727752
25	472553	1940	0.94506314691671
25	474113	1960	0.62820376012363
25	475183	1980	1.7236283086783
25	475735	2000	0.83226986761074
26	34386	240	0.38287525382629
26	39591	260	0.52231708519912
26	44932	280	0.60197626934393
26	50267	300	0.3157612404656
26	55618	320	0.39115736802544
26	60949	340	0.62546805444561
26	66181	360	0.48393411513217
26	71524	380	0.61652458672557
26	76773	400	0.59118172783808
26	82026	420	0.45209334244753
26	87377	440	0.93565404247995
26	92697	460	0.50777248415114
26	97914	480	0.66946401791951
26	103282	500	0.74604062236172
26	108684	520	1.1714567429372
26	113995	540	1.3861833433732
26	119245	560	0.53976792549397
26	124584	580	0.46493692148747
26	129909	600	0.67202869751213
26	135171	620	0.49960158580104
26	140469	640	0.63106577965747
26	145812	660	0.42789248887366
26	151171	680	0.60131209293664
26	156443	700	0.78425877298886
26	161748	720	0.68011771386841
26	167026	740	0.71276299345194
26	172383	760	0.49044583000794
26	177669	780	0.63432953082142
26	183006	800	0.34219268281656
26	188371	820	0.86637944475866
26	193716	840	0.71012135310081
26	198970	860	0.65510939461801
26	204374	880	0.32905771013676
26	209686	900	0.83000613932607
26	214939	920	0.44203626803307
26	220278	940	0.46780707414295
26	225622	960	0.63931033650279
26	230998	980	0.88990635128584
26	236303	1000	0.97070191742396
26	241642	1020	0.56146969781718
26	246975	1040	0.65585083354976
26	252225	1060	0.66579476605101
26	257599	1080	1.1989366376692
26	262968	1100	0.80712683106809
26	268203	1120	0.51277656462419
26	273469	1140	0.79659285457636
26	278881	1160	0.53256385202152
26	284173	1180	0.29218381446411
26	289494	1200	0.70440707245845
26	294912	1220	0.61678234096173
26	300365	1240	0.42591155345508
26	305714	1260	0.51453031673351
26	311045	1280	0.38654914269571
26	316390	1300	0.5890069294547
26	321735	1320	0.77978828639713
26	327022	1340	0.99854133340787
26	332254	1360	0.64350186646567
26	337599	1380	0.45925348105129
26	342919	1400	0.50908237710676
26	348303	1420	1.0356987379346
26	353608	1440	0.55558699107914
26	358857	1460	0.6015347033894
26	364170	1480	0.55223720885779
26	369432	1500	0.76747323180945
26	374901	1520	0.45854273052132
26	380183	1540	0.45010555260237
26	385471	1560	0.68609921149643
26	390833	1580	0.86527510902571
26	396056	1600	0.29185322402007
26	401216	1620	0.76005915932418
26	406508	1640	0.86213620315169
26	411815	1660	0.93671992635408
26	417118	1680	0.83327662692317
26	422443	1700	0.91403221724858
26	427697	1720	1.2028833933287
26	432900	1740	0.4426805099176
26	438134	1760	0.43659448900331
26	443525	1780	0.87086816153456
26	448882	1800	0.86192847182147
26	453803	1820	0.43109729071147
26	458099	1840	0.45867623803412
26	461845	1860	0.49217903806121
26	465125	1880	1.5193429716158
26	468039	1900	1.2187690083931
26	470505	1920	0.53238290192725
26	472553	1940	0.89314435166011
26	474113	1960	0.39463996423347
26	475183	1980	2.9708945464772
26	475735	2000	0.69267313253281
