version 2
run statisticRVV-167-20150325-19:30:21-23420
attr c 10
attr configname statisticRVV
attr datetime 20150325-19:30:21
attr experiment statisticRVV
attr inifile omnetpp.ini
attr iterationvars "$sc=\"erlangen-medium.launchd.xml\", $p=1/10, $c=10"
attr iterationvars2 "$sc=\"erlangen-medium.launchd.xml\", $p=1/10, $c=10, $repetition=7"
attr measurement "$sc=\"erlangen-medium.launchd.xml\", $p=1/10, $c=10"
attr network RSUExampleScenario
attr p 1/10
attr processid 23420
attr repetition 7
attr replication #7
attr resultdir results
attr runnumber 167
attr sc "\"erlangen-medium.launchd.xml\""
attr seedset 167

vector 0  RSUExampleScenario.rsu[0].appl  Number_CH  ETV
vector 1  RSUExampleScenario.rsu[0].appl  Number_ON  ETV
vector 2  RSUExampleScenario.rsu[0].appl  Number_FN  ETV
vector 3  RSUExampleScenario.rsu[0].appl  Number_CH_Losts  ETV
vector 4  RSUExampleScenario.rsu[0].appl  Mean_Cluster_Size  ETV
vector 5  RSUExampleScenario.rsu[0].appl  StdDev_Cluster_Size  ETV
vector 6  RSUExampleScenario.rsu[0].appl  Variance_Cluster_Size  ETV
vector 7  RSUExampleScenario.rsu[0].appl  Mean_Neighbors  ETV
vector 8  RSUExampleScenario.rsu[0].appl  StdDev_Neighbors  ETV
vector 9  RSUExampleScenario.rsu[0].appl  Variance_Neighbors  ETV
vector 10  RSUExampleScenario.rsu[0].appl  Total_CH_Utility  ETV
vector 11  RSUExampleScenario.rsu[0].appl  Mean_CH_Utility  ETV
vector 12  RSUExampleScenario.rsu[0].appl  StdDev_CH_Utility  ETV
vector 13  RSUExampleScenario.rsu[0].appl  Variance_CH_Utility  ETV
vector 14  RSUExampleScenario.rsu[0].appl  Total_exp_CH_Utility  ETV
vector 15  RSUExampleScenario.rsu[0].appl  Mean_exp_CH_Utility  ETV
vector 16  RSUExampleScenario.rsu[0].appl  StdDev_exp_CH_Utility  ETV
vector 17  RSUExampleScenario.rsu[0].appl  Variance_exp_CH_Utility  ETV
vector 18  RSUExampleScenario.rsu[0].appl  Total_ON_Utility  ETV
vector 19  RSUExampleScenario.rsu[0].appl  Mean_ON_Utility  ETV
vector 20  RSUExampleScenario.rsu[0].appl  StdDev_ON_Utility  ETV
vector 21  RSUExampleScenario.rsu[0].appl  Variance_ON_Utility  ETV
vector 22  RSUExampleScenario.rsu[0].appl  Total_exp_ON_Utility  ETV
vector 23  RSUExampleScenario.rsu[0].appl  Mean_exp_ON_Utility  ETV
vector 24  RSUExampleScenario.rsu[0].appl  StdDev_exp_ON_Utility  ETV
vector 25  RSUExampleScenario.rsu[0].appl  Variance_exp_ON_Utility  ETV
0	145025	240	5
0	171034	260	6
0	198243	280	6
0	225382	300	9
0	252933	320	6
0	280266	340	8
0	307432	360	12
0	334844	380	10
0	362587	400	8
0	390378	420	4
0	419002	440	6
0	448211	460	10
0	477817	480	8
0	507953	500	11
0	538976	520	6
0	570994	540	6
0	603414	560	13
0	636567	580	5
0	670459	600	10
0	705164	620	14
0	740644	640	14
0	777019	660	7
0	815087	680	5
0	854008	700	5
0	894145	720	13
0	935965	740	12
0	979245	760	6
0	1022777	780	8
0	1067808	800	12
0	1113916	820	13
0	1160784	840	11
0	1209202	860	6
0	1258587	880	13
0	1309678	900	16
0	1360983	920	8
0	1414239	940	13
0	1468750	960	11
0	1524596	980	11
0	1581575	1000	12
0	1640822	1020	8
0	1700795	1040	6
0	1762547	1060	13
0	1826108	1080	11
0	1891117	1100	4
0	1957129	1120	15
0	2025183	1140	13
0	2094455	1160	17
0	2165891	1180	8
0	2239297	1200	12
0	2315155	1220	12
0	2391970	1240	12
0	2470945	1260	11
0	2551858	1280	12
0	2635411	1300	14
0	2720265	1320	14
0	2807830	1340	10
0	2897394	1360	10
0	2989275	1380	16
0	3082740	1400	11
0	3178522	1420	10
0	3276090	1440	10
0	3376089	1460	19
0	3478256	1480	20
0	3582480	1500	21
0	3690374	1520	18
0	3799724	1540	16
0	3911990	1560	12
0	4025620	1580	11
0	4142417	1600	11
0	4261175	1620	11
0	4382163	1640	17
0	4505859	1660	16
0	4631654	1680	11
0	4759490	1700	16
0	4889885	1720	15
0	5022332	1740	18
0	5157479	1760	12
0	5295181	1780	9
0	5434458	1800	19
0	5577233	1820	13
0	5721893	1840	17
0	5868812	1860	12
0	6018473	1880	10
0	6170609	1900	17
0	6324561	1920	16
0	6481162	1940	12
0	6641085	1960	14
0	6803184	1980	17
0	6967930	2000	12
1	145025	240	7
1	171034	260	7
1	198243	280	10
1	225382	300	11
1	252933	320	10
1	280266	340	10
1	307432	360	14
1	334844	380	13
1	362587	400	11
1	390378	420	5
1	419002	440	7
1	448211	460	12
1	477817	480	14
1	507953	500	17
1	538976	520	8
1	570994	540	8
1	603414	560	16
1	636567	580	8
1	670459	600	13
1	705164	620	16
1	740644	640	21
1	777019	660	9
1	815087	680	6
1	854008	700	9
1	894145	720	20
1	935965	740	14
1	979245	760	10
1	1022777	780	12
1	1067808	800	18
1	1113916	820	21
1	1160784	840	13
1	1209202	860	8
1	1258587	880	17
1	1309678	900	23
1	1360983	920	11
1	1414239	940	19
1	1468750	960	14
1	1524596	980	16
1	1581575	1000	15
1	1640822	1020	14
1	1700795	1040	9
1	1762547	1060	16
1	1826108	1080	14
1	1891117	1100	5
1	1957129	1120	21
1	2025183	1140	16
1	2094455	1160	24
1	2165891	1180	10
1	2239297	1200	19
1	2315155	1220	17
1	2391970	1240	15
1	2470945	1260	16
1	2551858	1280	13
1	2635411	1300	21
1	2720265	1320	24
1	2807830	1340	16
1	2897394	1360	15
1	2989275	1380	20
1	3082740	1400	16
1	3178522	1420	14
1	3276090	1440	15
1	3376089	1460	23
1	3478256	1480	27
1	3582480	1500	32
1	3690374	1520	26
1	3799724	1540	22
1	3911990	1560	16
1	4025620	1580	16
1	4142417	1600	15
1	4261175	1620	17
1	4382163	1640	27
1	4505859	1660	23
1	4631654	1680	18
1	4759490	1700	23
1	4889885	1720	21
1	5022332	1740	27
1	5157479	1760	17
1	5295181	1780	14
1	5434458	1800	25
1	5577233	1820	17
1	5721893	1840	21
1	5868812	1860	17
1	6018473	1880	15
1	6170609	1900	28
1	6324561	1920	29
1	6481162	1940	15
1	6641085	1960	22
1	6803184	1980	25
1	6967930	2000	18
2	145025	240	66
2	171034	260	73
2	198243	280	76
2	225382	300	74
2	252933	320	79
2	280266	340	77
2	307432	360	67
2	334844	380	71
2	362587	400	74
2	390378	420	86
2	419002	440	84
2	448211	460	76
2	477817	480	78
2	507953	500	72
2	538976	520	88
2	570994	540	89
2	603414	560	77
2	636567	580	94
2	670459	600	84
2	705164	620	80
2	740644	640	75
2	777019	660	94
2	815087	680	100
2	854008	700	98
2	894145	720	82
2	935965	740	91
2	979245	760	102
2	1022777	780	98
2	1067808	800	91
2	1113916	820	87
2	1160784	840	98
2	1209202	860	109
2	1258587	880	96
2	1309678	900	88
2	1360983	920	109
2	1414239	940	96
2	1468750	960	104
2	1524596	980	104
2	1581575	1000	106
2	1640822	1020	112
2	1700795	1040	118
2	1762547	1060	107
2	1826108	1080	114
2	1891117	1100	129
2	1957129	1120	105
2	2025183	1140	113
2	2094455	1160	101
2	2165891	1180	124
2	2239297	1200	112
2	2315155	1220	116
2	2391970	1240	120
2	2470945	1260	122
2	2551858	1280	122
2	2635411	1300	115
2	2720265	1320	114
2	2807830	1340	127
2	2897394	1360	131
2	2989275	1380	120
2	3082740	1400	131
2	3178522	1420	135
2	3276090	1440	135
2	3376089	1460	120
2	3478256	1480	114
2	3582480	1500	110
2	3690374	1520	119
2	3799724	1540	127
2	3911990	1560	139
2	4025620	1580	140
2	4142417	1600	143
2	4261175	1620	142
2	4382163	1640	129
2	4505859	1660	134
2	4631654	1680	143
2	4759490	1700	137
2	4889885	1720	140
2	5022332	1740	132
2	5157479	1760	149
2	5295181	1780	159
2	5434458	1800	137
2	5577233	1820	153
2	5721893	1840	145
2	5868812	1860	156
2	6018473	1880	162
2	6170609	1900	143
2	6324561	1920	143
2	6481162	1940	165
2	6641085	1960	156
2	6803184	1980	150
2	6967930	2000	164
3	145025	240	0
3	171034	260	0
3	198243	280	0
3	225382	300	4
3	252933	320	2
3	280266	340	0
3	307432	360	3
3	334844	380	1
3	362587	400	0
3	390378	420	3
3	419002	440	3
3	448211	460	2
3	477817	480	1
3	507953	500	1
3	538976	520	2
3	570994	540	1
3	603414	560	6
3	636567	580	2
3	670459	600	1
3	705164	620	2
3	740644	640	3
3	777019	660	1
3	815087	680	0
3	854008	700	3
3	894145	720	7
3	935965	740	5
3	979245	760	2
3	1022777	780	5
3	1067808	800	2
3	1113916	820	4
3	1160784	840	3
3	1209202	860	2
3	1258587	880	3
3	1309678	900	2
3	1360983	920	3
3	1414239	940	4
3	1468750	960	3
3	1524596	980	4
3	1581575	1000	2
3	1640822	1020	2
3	1700795	1040	1
3	1762547	1060	6
3	1826108	1080	2
3	1891117	1100	4
3	1957129	1120	2
3	2025183	1140	4
3	2094455	1160	2
3	2165891	1180	6
3	2239297	1200	6
3	2315155	1220	2
3	2391970	1240	1
3	2470945	1260	3
3	2551858	1280	2
3	2635411	1300	4
3	2720265	1320	4
3	2807830	1340	6
3	2897394	1360	2
3	2989275	1380	2
3	3082740	1400	5
3	3178522	1420	3
3	3276090	1440	2
3	3376089	1460	1
3	3478256	1480	5
3	3582480	1500	3
3	3690374	1520	2
3	3799724	1540	2
3	3911990	1560	3
3	4025620	1580	4
3	4142417	1600	3
3	4261175	1620	4
3	4382163	1640	6
3	4505859	1660	2
3	4631654	1680	2
3	4759490	1700	8
3	4889885	1720	5
3	5022332	1740	3
3	5157479	1760	7
3	5295181	1780	1
3	5434458	1800	2
3	5577233	1820	4
3	5721893	1840	3
3	5868812	1860	1
3	6018473	1880	2
3	6170609	1900	5
3	6324561	1920	1
3	6481162	1940	3
3	6641085	1960	5
3	6803184	1980	3
3	6967930	2000	2
4	145025	240	1.4
4	171034	260	1.1666666666667
4	198243	280	1.6666666666667
4	225382	300	1.2222222222222
4	252933	320	1.6666666666667
4	280266	340	1.25
4	307432	360	1.1666666666667
4	334844	380	1.3
4	362587	400	1.375
4	390378	420	1.25
4	419002	440	1.1666666666667
4	448211	460	1.2
4	477817	480	1.75
4	507953	500	1.5454545454545
4	538976	520	1.3333333333333
4	570994	540	1.3333333333333
4	603414	560	1.2307692307692
4	636567	580	1.6
4	670459	600	1.3
4	705164	620	1.1428571428571
4	740644	640	1.5
4	777019	660	1.2857142857143
4	815087	680	1.2
4	854008	700	1.8
4	894145	720	1.5384615384615
4	935965	740	1.1666666666667
4	979245	760	1.6666666666667
4	1022777	780	1.5
4	1067808	800	1.5
4	1113916	820	1.6153846153846
4	1160784	840	1.1818181818182
4	1209202	860	1.3333333333333
4	1258587	880	1.3076923076923
4	1309678	900	1.4375
4	1360983	920	1.375
4	1414239	940	1.4615384615385
4	1468750	960	1.2727272727273
4	1524596	980	1.4545454545455
4	1581575	1000	1.25
4	1640822	1020	1.75
4	1700795	1040	1.5
4	1762547	1060	1.2307692307692
4	1826108	1080	1.2727272727273
4	1891117	1100	1.25
4	1957129	1120	1.4
4	2025183	1140	1.2307692307692
4	2094455	1160	1.4117647058824
4	2165891	1180	1.25
4	2239297	1200	1.5833333333333
4	2315155	1220	1.4166666666667
4	2391970	1240	1.25
4	2470945	1260	1.4545454545455
4	2551858	1280	1.0833333333333
4	2635411	1300	1.5
4	2720265	1320	1.7142857142857
4	2807830	1340	1.6
4	2897394	1360	1.5
4	2989275	1380	1.25
4	3082740	1400	1.4545454545455
4	3178522	1420	1.4
4	3276090	1440	1.5
4	3376089	1460	1.2105263157895
4	3478256	1480	1.35
4	3582480	1500	1.5238095238095
4	3690374	1520	1.4444444444444
4	3799724	1540	1.375
4	3911990	1560	1.3333333333333
4	4025620	1580	1.4545454545455
4	4142417	1600	1.3636363636364
4	4261175	1620	1.5454545454545
4	4382163	1640	1.5882352941176
4	4505859	1660	1.4375
4	4631654	1680	1.6363636363636
4	4759490	1700	1.4375
4	4889885	1720	1.4
4	5022332	1740	1.5
4	5157479	1760	1.4166666666667
4	5295181	1780	1.5555555555556
4	5434458	1800	1.3157894736842
4	5577233	1820	1.3076923076923
4	5721893	1840	1.2352941176471
4	5868812	1860	1.4166666666667
4	6018473	1880	1.5
4	6170609	1900	1.6470588235294
4	6324561	1920	1.8125
4	6481162	1940	1.25
4	6641085	1960	1.5714285714286
4	6803184	1980	1.4705882352941
4	6967930	2000	1.5
5	145025	240	0.54772255750517
5	171034	260	0.40824829046386
5	198243	280	0.51639777949432
5	225382	300	0.4409585518441
5	252933	320	0.51639777949432
5	280266	340	0.46291004988628
5	307432	360	0.38924947208076
5	334844	380	0.48304589153965
5	362587	400	0.51754916950677
5	390378	420	0.5
5	419002	440	0.40824829046386
5	448211	460	0.42163702135578
5	477817	480	0.46291004988628
5	507953	500	0.52223296786709
5	538976	520	0.51639777949432
5	570994	540	0.51639777949432
5	603414	560	0.43852900965351
5	636567	580	0.54772255750517
5	670459	600	0.48304589153965
5	705164	620	0.36313651960128
5	740644	640	0.51887452166277
5	777019	660	0.48795003647427
5	815087	680	0.44721359549996
5	854008	700	0.44721359549996
5	894145	720	0.51887452166277
5	935965	740	0.38924947208076
5	979245	760	0.51639777949432
5	1022777	780	0.53452248382485
5	1067808	800	0.52223296786709
5	1113916	820	0.50636968354183
5	1160784	840	0.40451991747795
5	1209202	860	0.51639777949432
5	1258587	880	0.48038446141526
5	1309678	900	0.6291528696059
5	1360983	920	0.51754916950677
5	1414239	940	0.51887452166277
5	1468750	960	0.46709936649691
5	1524596	980	0.52223296786709
5	1581575	1000	0.45226701686665
5	1640822	1020	0.46291004988628
5	1700795	1040	0.54772255750517
5	1762547	1060	0.43852900965351
5	1826108	1080	0.46709936649691
5	1891117	1100	0.5
5	1957129	1120	0.50709255283711
5	2025183	1140	0.43852900965351
5	2094455	1160	0.50729965619589
5	2165891	1180	0.46291004988628
5	2239297	1200	0.66855792342152
5	2315155	1220	0.51492865054444
5	2391970	1240	0.45226701686665
5	2470945	1260	0.52223296786709
5	2551858	1280	0.28867513459481
5	2635411	1300	0.51887452166277
5	2720265	1320	0.4688072309385
5	2807830	1340	0.51639777949432
5	2897394	1360	0.52704627669473
5	2989275	1380	0.44721359549996
5	3082740	1400	0.52223296786709
5	3178522	1420	0.51639777949432
5	3276090	1440	0.70710678118655
5	3376089	1460	0.4188539082917
5	3478256	1480	0.48936048492959
5	3582480	1500	0.60158520751824
5	3690374	1520	0.51130999256491
5	3799724	1540	0.5
5	3911990	1560	0.65133894727893
5	4025620	1580	0.52223296786709
5	4142417	1600	0.50452497910951
5	4261175	1620	0.52223296786709
5	4382163	1640	0.50729965619589
5	4505859	1660	0.51234753829798
5	4631654	1680	0.50452497910951
5	4759490	1700	0.6291528696059
5	4889885	1720	0.50709255283711
5	5022332	1740	0.61834694240084
5	5157479	1760	0.51492865054444
5	5295181	1780	0.52704627669473
5	5434458	1800	0.47756693294092
5	5577233	1820	0.48038446141526
5	5721893	1840	0.4372373160976
5	5868812	1860	0.51492865054444
5	6018473	1880	0.52704627669473
5	6170609	1900	0.60633906259083
5	6324561	1920	0.54390562906936
5	6481162	1940	0.45226701686665
5	6641085	1960	0.5135525910131
5	6803184	1980	0.51449575542753
5	6967930	2000	0.67419986246324
6	145025	240	0.3
6	171034	260	0.16666666666667
6	198243	280	0.26666666666667
6	225382	300	0.19444444444444
6	252933	320	0.26666666666667
6	280266	340	0.21428571428571
6	307432	360	0.15151515151515
6	334844	380	0.23333333333333
6	362587	400	0.26785714285714
6	390378	420	0.25
6	419002	440	0.16666666666667
6	448211	460	0.17777777777778
6	477817	480	0.21428571428571
6	507953	500	0.27272727272727
6	538976	520	0.26666666666667
6	570994	540	0.26666666666667
6	603414	560	0.19230769230769
6	636567	580	0.3
6	670459	600	0.23333333333333
6	705164	620	0.13186813186813
6	740644	640	0.26923076923077
6	777019	660	0.23809523809524
6	815087	680	0.2
6	854008	700	0.2
6	894145	720	0.26923076923077
6	935965	740	0.15151515151515
6	979245	760	0.26666666666667
6	1022777	780	0.28571428571429
6	1067808	800	0.27272727272727
6	1113916	820	0.25641025641026
6	1160784	840	0.16363636363636
6	1209202	860	0.26666666666667
6	1258587	880	0.23076923076923
6	1309678	900	0.39583333333333
6	1360983	920	0.26785714285714
6	1414239	940	0.26923076923077
6	1468750	960	0.21818181818182
6	1524596	980	0.27272727272727
6	1581575	1000	0.20454545454545
6	1640822	1020	0.21428571428571
6	1700795	1040	0.3
6	1762547	1060	0.19230769230769
6	1826108	1080	0.21818181818182
6	1891117	1100	0.25
6	1957129	1120	0.25714285714286
6	2025183	1140	0.19230769230769
6	2094455	1160	0.25735294117647
6	2165891	1180	0.21428571428571
6	2239297	1200	0.4469696969697
6	2315155	1220	0.26515151515152
6	2391970	1240	0.20454545454545
6	2470945	1260	0.27272727272727
6	2551858	1280	0.083333333333333
6	2635411	1300	0.26923076923077
6	2720265	1320	0.21978021978022
6	2807830	1340	0.26666666666667
6	2897394	1360	0.27777777777778
6	2989275	1380	0.2
6	3082740	1400	0.27272727272727
6	3178522	1420	0.26666666666667
6	3276090	1440	0.5
6	3376089	1460	0.17543859649123
6	3478256	1480	0.23947368421053
6	3582480	1500	0.36190476190476
6	3690374	1520	0.26143790849673
6	3799724	1540	0.25
6	3911990	1560	0.42424242424242
6	4025620	1580	0.27272727272727
6	4142417	1600	0.25454545454545
6	4261175	1620	0.27272727272727
6	4382163	1640	0.25735294117647
6	4505859	1660	0.2625
6	4631654	1680	0.25454545454545
6	4759490	1700	0.39583333333333
6	4889885	1720	0.25714285714286
6	5022332	1740	0.38235294117647
6	5157479	1760	0.26515151515152
6	5295181	1780	0.27777777777778
6	5434458	1800	0.2280701754386
6	5577233	1820	0.23076923076923
6	5721893	1840	0.19117647058824
6	5868812	1860	0.26515151515152
6	6018473	1880	0.27777777777778
6	6170609	1900	0.36764705882353
6	6324561	1920	0.29583333333333
6	6481162	1940	0.20454545454545
6	6641085	1960	0.26373626373626
6	6803184	1980	0.26470588235294
6	6967930	2000	0.45454545454545
7	145025	240	22.628205128205
7	171034	260	22.627906976744
7	198243	280	22.358695652174
7	225382	300	22.397849462366
7	252933	320	22.410526315789
7	280266	340	22.210526315789
7	307432	360	22.333333333333
7	334844	380	22.425531914894
7	362587	400	22.290322580645
7	390378	420	21.852631578947
7	419002	440	22.25
7	448211	460	22.122448979592
7	477817	480	22.17
7	507953	500	22.21
7	538976	520	22.683168316832
7	570994	540	22.73786407767
7	603414	560	23.103773584906
7	636567	580	23.046728971963
7	670459	600	23.952830188679
7	705164	620	23.490909090909
7	740644	640	24.490909090909
7	777019	660	24.781818181818
7	815087	680	25.297297297297
7	854008	700	25.607142857143
7	894145	720	26.15652173913
7	935965	740	26.615384615385
7	979245	760	27.838983050847
7	1022777	780	27.466101694915
7	1067808	800	27.98347107438
7	1113916	820	28.710743801653
7	1160784	840	28.631147540984
7	1209202	860	28.983606557377
7	1258587	880	29.460317460317
7	1309678	900	30.212598425197
7	1360983	920	30.165354330709
7	1414239	940	30.28125
7	1468750	960	31.434108527132
7	1524596	980	31.206106870229
7	1581575	1000	31.511278195489
7	1640822	1020	32.544776119403
7	1700795	1040	32.984962406015
7	1762547	1060	33.470588235294
7	1826108	1080	33.525179856115
7	1891117	1100	34.630434782609
7	1957129	1120	34.957446808511
7	2025183	1140	35.204225352113
7	2094455	1160	35.697183098592
7	2165891	1180	36.577464788732
7	2239297	1200	37.937062937063
7	2315155	1220	38.296551724138
7	2391970	1240	38.816326530612
7	2470945	1260	38.885906040268
7	2551858	1280	40.163265306122
7	2635411	1300	41.186666666667
7	2720265	1320	41.236842105263
7	2807830	1340	42.209150326797
7	2897394	1360	42.954838709677
7	2989275	1380	43.205128205128
7	3082740	1400	44
7	3178522	1420	45.018987341772
7	3276090	1440	45.41875
7	3376089	1460	46.055555555556
7	3478256	1480	47.031055900621
7	3582480	1500	47.827160493827
7	3690374	1520	48.687116564417
7	3799724	1540	49.4
7	3911990	1560	50.006024096386
7	4025620	1580	50.467065868263
7	4142417	1600	51.065476190476
7	4261175	1620	51.323529411765
7	4382163	1640	51.485549132948
7	4505859	1660	52.421965317919
7	4631654	1680	53.238372093023
7	4759490	1700	53.232954545455
7	4889885	1720	54.176136363636
7	5022332	1740	54.525423728814
7	5157479	1760	55.196629213483
7	5295181	1780	55.021978021978
7	5434458	1800	55.933701657459
7	5577233	1820	56.551912568306
7	5721893	1840	57.005464480874
7	5868812	1860	57.464864864865
7	6018473	1880	58.021390374332
7	6170609	1900	58.627659574468
7	6324561	1920	59.260638297872
7	6481162	1940	59.429319371728
7	6641085	1960	60.140625
7	6803184	1980	60.8125
7	6967930	2000	61.051546391753
8	145025	240	4.2521468202254
8	171034	260	4.7304931010921
8	198243	280	4.5707659726444
8	225382	300	4.3517607254851
8	252933	320	4.7299290104027
8	280266	340	4.3586420314523
8	307432	360	3.9461961137424
8	334844	380	4.231193333547
8	362587	400	4.2772925334316
8	390378	420	4.9227401577469
8	419002	440	4.2426406871193
8	448211	460	3.998106010679
8	477817	480	4.7525750595829
8	507953	500	4.6019209866834
8	538976	520	3.7760579790816
8	570994	540	3.6054456770784
8	603414	560	3.3005893998411
8	636567	580	3.4895617326862
8	670459	600	2.519947374627
8	705164	620	3.6516816649984
8	740644	640	4.0631380617807
8	777019	660	3.5822749631474
8	815087	680	4.235337476292
8	854008	700	5.0872692950451
8	894145	720	5.3714503649988
8	935965	740	6.4978061998755
8	979245	760	6.7873315111644
8	1022777	780	6.6624117234284
8	1067808	800	7.6637495947636
8	1113916	820	7.9471567415952
8	1160784	840	8.0342251573427
8	1209202	860	8.4657634340684
8	1258587	880	8.9734281463894
8	1309678	900	9.3262132035682
8	1360983	920	9.2853902820998
8	1414239	940	9.4050895084213
8	1468750	960	10.524409841857
8	1524596	980	10.375798436192
8	1581575	1000	11.114838935673
8	1640822	1020	11.373769897392
8	1700795	1040	11.718274359984
8	1762547	1060	12.268563365726
8	1826108	1080	13.208654900444
8	1891117	1100	13.810540820902
8	1957129	1120	14.089445056711
8	2025183	1140	14.115299647809
8	2094455	1160	14.644239511632
8	2165891	1180	15.287469463751
8	2239297	1200	16.104070338078
8	2315155	1220	16.80282885324
8	2391970	1240	16.887630395819
8	2470945	1260	17.35150519265
8	2551858	1280	17.480729435396
8	2635411	1300	19.26027544691
8	2720265	1320	19.21531427129
8	2807830	1340	19.556145081726
8	2897394	1360	20.143427897799
8	2989275	1380	20.614031534673
8	3082740	1400	21.576408442414
8	3178522	1420	21.902060956157
8	3276090	1440	22.861483875036
8	3376089	1460	23.113882252772
8	3478256	1480	23.743268088094
8	3582480	1500	23.611393251268
8	3690374	1520	24.860231883247
8	3799724	1540	25.116751770725
8	3911990	1560	25.186936726647
8	4025620	1580	25.999254954834
8	4142417	1600	26.276999774273
8	4261175	1620	26.373647180018
8	4382163	1640	26.635264030197
8	4505859	1660	26.789684379222
8	4631654	1680	27.3041378892
8	4759490	1700	27.057552298086
8	4889885	1720	27.37981944767
8	5022332	1740	27.508896865917
8	5157479	1760	27.917363729642
8	5295181	1780	28.519636744596
8	5434458	1800	27.815583603829
8	5577233	1820	28.727141589521
8	5721893	1840	29.015815556227
8	5868812	1860	29.497975393091
8	6018473	1880	29.679100430396
8	6170609	1900	29.846661255089
8	6324561	1920	30.282116351295
8	6481162	1940	30.245904099522
8	6641085	1960	30.975518379429
8	6803184	1980	30.741895454341
8	6967930	2000	31.459117687551
9	145025	240	18.080752580753
9	171034	260	22.37756497948
9	198243	280	20.891901576684
9	225382	300	18.937821411875
9	252933	320	22.372228443449
9	280266	340	18.997760358343
9	307432	360	15.572463768116
9	334844	380	17.902997025852
9	362587	400	18.29523141655
9	390378	420	24.233370660694
9	419002	440	18
9	448211	460	15.984851672628
9	477817	480	22.58696969697
9	507953	500	21.177676767677
9	538976	520	14.258613861386
9	570994	540	12.999238530364
9	603414	560	10.893890386343
9	636567	580	12.177041086228
9	670459	600	6.3501347708895
9	705164	620	13.334778982485
9	740644	640	16.509090909091
9	777019	660	12.832693911593
9	815087	680	17.938083538084
9	854008	700	25.880308880309
9	894145	720	28.852479023646
9	935965	740	42.221485411141
9	979245	760	46.067869042445
9	1022777	780	44.387729972476
9	1067808	800	58.73305785124
9	1113916	820	63.157300275482
9	1160784	840	64.548773878878
9	1209202	860	71.66915052161
9	1258587	880	80.522412698413
9	1309678	900	86.97825271841
9	1360983	920	86.218472690914
9	1414239	940	88.455708661417
9	1468750	960	110.76320251938
9	1524596	980	107.65719318849
9	1581575	1000	123.53964456596
9	1640822	1020	129.36264167882
9	1700795	1040	137.31795397585
9	1762547	1060	150.51764705882
9	1826108	1080	174.46856427901
9	1891117	1100	190.73103776579
9	1957129	1120	198.51246200608
9	2025183	1140	199.24168414744
9	2094455	1160	214.45375087404
9	2165891	1180	233.70672260513
9	2239297	1200	259.34108145376
9	2315155	1220	282.33505747126
9	2391970	1240	285.1920603858
9	2470945	1260	301.07473245057
9	2551858	1280	305.57590159351
9	2635411	1300	370.95821029083
9	2720265	1320	369.22830254444
9	2807830	1340	382.44281045752
9	2897394	1360	405.75768747382
9	2989275	1380	424.93829611249
9	3082740	1400	465.54140127389
9	3178522	1420	479.70027412723
9	3276090	1440	522.64744496855
9	3376089	1460	534.25155279503
9	3478256	1480	563.74277950311
9	3582480	1500	557.49789126601
9	3690374	1520	618.0311292888
9	3799724	1540	630.8512195122
9	3911990	1560	634.38178167214
9	4025620	1580	675.96125820648
9	4142417	1600	690.48071713715
9	4261175	1620	695.56926557605
9	4382163	1640	709.43728995833
9	4505859	1660	717.68718913833
9	4631654	1680	745.51594587243
9	4759490	1700	732.11113636364
9	4889885	1720	749.65451298701
9	5022332	1740	756.73940677966
9	5157479	1760	779.37919761315
9	5295181	1780	813.36968004371
9	5434458	1800	773.70669122161
9	5577233	1820	825.2486639044
9	5721893	1840	841.91755239296
9	5868812	1860	870.13055229142
9	6018473	1880	880.84900235754
9	6170609	1900	890.823188076
9	6324561	1920	917.00657071339
9	6481162	1940	914.81471479746
9	6641085	1960	959.48273887435
9	6803184	1980	945.06413612565
9	6967930	2000	989.67608567918
10	145025	240	241.72700874816
10	171034	260	288.38746514456
10	198243	280	282.97273211278
10	225382	300	433.01266253722
10	252933	320	290.26364829337
10	280266	340	389.85061567589
10	307432	360	589.05310932726
10	334844	380	510.65636879878
10	362587	400	378.67714479178
10	390378	420	190.56145001295
10	419002	440	304.87952905475
10	448211	460	500.66644435684
10	477817	480	384.00888504634
10	507953	500	545.97460962406
10	538976	520	290.58528274213
10	570994	540	292.32211165064
10	603414	560	628.86261932007
10	636567	580	246.21861637379
10	670459	600	489.3533682491
10	705164	620	680.33464748253
10	740644	640	677.43552440335
10	777019	660	349.07235577618
10	815087	680	250.7317469312
10	854008	700	244.22062558749
10	894145	720	646.9555545857
10	935965	740	580.90351068643
10	979245	760	297.17174432989
10	1022777	780	397.80379645169
10	1067808	800	602.81101050844
10	1113916	820	647.75798858945
10	1160784	840	539.04014670891
10	1209202	860	301.19669353693
10	1258587	880	662.37433003125
10	1309678	900	795.97445201989
10	1360983	920	393.88406799135
10	1414239	940	654.25526495706
10	1468750	960	541.35723906851
10	1524596	980	559.49722941606
10	1581575	1000	605.29775782076
10	1640822	1020	413.95259096953
10	1700795	1040	308.4429903832
10	1762547	1060	655.75836948588
10	1826108	1080	544.32554264198
10	1891117	1100	203.18804952236
10	1957129	1120	747.41678899591
10	2025183	1140	644.73768567811
10	2094455	1160	843.58256081538
10	2165891	1180	388.1863386421
10	2239297	1200	607.18703457348
10	2315155	1220	605.66576203387
10	2391970	1240	602.24095008978
10	2470945	1260	554.58476125078
10	2551858	1280	609.10392416985
10	2635411	1300	698.92395066692
10	2720265	1320	707.03319534079
10	2807830	1340	507.47357810472
10	2897394	1360	514.80273677842
10	2989275	1380	805.17652199757
10	3082740	1400	556.61652490777
10	3178522	1420	512.64684320812
10	3276090	1440	492.25416369943
10	3376089	1460	961.60076750315
10	3478256	1480	1014.4911377948
10	3582480	1500	1070.1209159837
10	3690374	1520	920.59157277829
10	3799724	1540	801.67743080978
10	3911990	1560	599.48114372947
10	4025620	1580	550.72272903818
10	4142417	1600	558.43186393678
10	4261175	1620	561.66308985334
10	4382163	1640	861.84807378376
10	4505859	1660	810.0986908246
10	4631654	1680	557.43877101206
10	4759490	1700	793.23167498431
10	4889885	1720	761.20128349957
10	5022332	1740	892.08870496965
10	5157479	1760	604.34856203411
10	5295181	1780	477.77622046462
10	5434458	1800	961.16684325786
10	5577233	1820	668.44835589692
10	5721893	1840	850.70479619363
10	5868812	1860	603.01664226765
10	6018473	1880	508.50614029934
10	6170609	1900	860.56902654165
10	6324561	1920	807.51930339925
10	6481162	1940	605.3435158273
10	6641085	1960	711.51705577993
10	6803184	1980	867.23570728711
10	6967930	2000	606.66163720315
11	145025	240	48.345401749631
11	171034	260	48.064577524093
11	198243	280	47.162122018796
11	225382	300	48.112518059691
11	252933	320	48.377274715562
11	280266	340	48.731326959486
11	307432	360	49.087759110605
11	334844	380	51.065636879878
11	362587	400	47.334643098972
11	390378	420	47.640362503237
11	419002	440	50.813254842458
11	448211	460	50.066644435684
11	477817	480	48.001110630793
11	507953	500	49.634055420369
11	538976	520	48.430880457021
11	570994	540	48.720351941773
11	603414	560	48.374047640006
11	636567	580	49.243723274758
11	670459	600	48.93533682491
11	705164	620	48.595331963038
11	740644	640	48.388251743096
11	777019	660	49.867479396597
11	815087	680	50.14634938624
11	854008	700	48.844125117498
11	894145	720	49.765811891208
11	935965	740	48.408625890536
11	979245	760	49.528624054982
11	1022777	780	49.725474556462
11	1067808	800	50.234250875704
11	1113916	820	49.827537583804
11	1160784	840	49.00364970081
11	1209202	860	50.199448922822
11	1258587	880	50.951871540865
11	1309678	900	49.748403251243
11	1360983	920	49.235508498918
11	1414239	940	50.32732807362
11	1468750	960	49.214294460773
11	1524596	980	50.863384492369
11	1581575	1000	50.441479818397
11	1640822	1020	51.744073871192
11	1700795	1040	51.407165063867
11	1762547	1060	50.442951498914
11	1826108	1080	49.48414024018
11	1891117	1100	50.797012380591
11	1957129	1120	49.827785933061
11	2025183	1140	49.595206590624
11	2094455	1160	49.622503577375
11	2165891	1180	48.523292330263
11	2239297	1200	50.59891954779
11	2315155	1220	50.472146836156
11	2391970	1240	50.186745840815
11	2470945	1260	50.416796477344
11	2551858	1280	50.758660347487
11	2635411	1300	49.923139333352
11	2720265	1320	50.502371095771
11	2807830	1340	50.747357810472
11	2897394	1360	51.480273677842
11	2989275	1380	50.323532624848
11	3082740	1400	50.601502264343
11	3178522	1420	51.264684320812
11	3276090	1440	49.225416369943
11	3376089	1460	50.610566710692
11	3478256	1480	50.724556889738
11	3582480	1500	50.958138856365
11	3690374	1520	51.143976265461
11	3799724	1540	50.104839425611
11	3911990	1560	49.956761977456
11	4025620	1580	50.065702639834
11	4142417	1600	50.766533085161
11	4261175	1620	51.060280895758
11	4382163	1640	50.696945516692
11	4505859	1660	50.631168176538
11	4631654	1680	50.676251910188
11	4759490	1700	49.57697968652
11	4889885	1720	50.746752233304
11	5022332	1740	49.560483609425
11	5157479	1760	50.362380169509
11	5295181	1780	53.086246718291
11	5434458	1800	50.587728592519
11	5577233	1820	51.419104299763
11	5721893	1840	50.041458599625
11	5868812	1860	50.251386855637
11	6018473	1880	50.850614029934
11	6170609	1900	50.621707443626
11	6324561	1920	50.469956462453
11	6481162	1940	50.445292985608
11	6641085	1960	50.822646841423
11	6803184	1980	51.013865134536
11	6967930	2000	50.555136433596
12	145025	240	2.3608302556733
12	171034	260	3.1672082296754
12	198243	280	1.3987448018336
12	225382	300	3.0668266795377
12	252933	320	1.9357405084881
12	280266	340	1.8456034086143
12	307432	360	2.6552274039912
12	334844	380	3.4236123169451
12	362587	400	0.99331385379953
12	390378	420	0.80695682442973
12	419002	440	3.9130671135642
12	448211	460	5.1479116248531
12	477817	480	2.0270773030722
12	507953	500	2.0811553437626
12	538976	520	3.0641909283274
12	570994	540	2.6590897366349
12	603414	560	2.3712379003663
12	636567	580	2.935241068591
12	670459	600	2.0505301874705
12	705164	620	2.1547560888218
12	740644	640	2.8647881227621
12	777019	660	1.6026412327334
12	815087	680	2.8659737215127
12	854008	700	2.5951482487076
12	894145	720	2.5794708857303
12	935965	740	2.4612648437231
12	979245	760	2.4326815252498
12	1022777	780	2.9490788681853
12	1067808	800	2.9968155026673
12	1113916	820	2.1885882444954
12	1160784	840	2.038289991417
12	1209202	860	2.0703972720775
12	1258587	880	4.4837984898294
12	1309678	900	2.8249297345795
12	1360983	920	2.535654476421
12	1414239	940	3.8713912489775
12	1468750	960	2.1604401472778
12	1524596	980	1.9726218738416
12	1581575	1000	2.3429021454671
12	1640822	1020	3.0463882323752
12	1700795	1040	5.7312034049004
12	1762547	1060	2.8052321889254
12	1826108	1080	2.1025355646859
12	1891117	1100	2.6051333874417
12	1957129	1120	2.178684121361
12	2025183	1140	2.4069487968355
12	2094455	1160	3.0070064713512
12	2165891	1180	1.9891590528248
12	2239297	1200	4.0396529018797
12	2315155	1220	3.6305981584515
12	2391970	1240	3.2113553952424
12	2470945	1260	2.8257625011164
12	2551858	1280	4.4349771602481
12	2635411	1300	3.3406908085283
12	2720265	1320	2.3218713173474
12	2807830	1340	3.4892896970789
12	2897394	1360	4.9743504536842
12	2989275	1380	2.5504124170451
12	3082740	1400	1.9768460996314
12	3178522	1420	3.6079615297582
12	3276090	1440	3.2089308142391
12	3376089	1460	4.7667435860502
12	3478256	1480	3.3805885560259
12	3582480	1500	2.6658222212475
12	3690374	1520	2.8274190644881
12	3799724	1540	1.6945345559446
12	3911990	1560	3.4182941233506
12	4025620	1580	4.3978931820992
12	4142417	1600	2.9534786828335
12	4261175	1620	3.0506701324157
12	4382163	1640	1.8800349374685
12	4505859	1660	2.0735084608757
12	4631654	1680	1.929172712199
12	4759490	1700	1.8920658531874
12	4889885	1720	3.0436153301861
12	5022332	1740	2.5312600575964
12	5157479	1760	2.1937794259346
12	5295181	1780	2.9159462863247
12	5434458	1800	2.8149735156673
12	5577233	1820	3.9033254763438
12	5721893	1840	1.9673735762905
12	5868812	1860	3.918833003647
12	6018473	1880	3.4340265164102
12	6170609	1900	1.9200712853111
12	6324561	1920	2.9215887106165
12	6481162	1940	3.6161223878453
12	6641085	1960	2.7060402401033
12	6803184	1980	2.7071741906358
12	6967930	2000	2.5149779367273
13	145025	240	5.5735194961026
13	171034	260	10.031207970124
13	198243	280	1.9564870206566
13	225382	300	9.405425882324
13	252933	320	3.7470913162019
13	280266	340	3.4062519418889
13	307432	360	7.050232566906
13	334844	380	11.721121296738
13	362587	400	0.98667241215007
13	390378	420	0.65117931649371
13	419002	440	15.312094235257
13	448211	460	26.500994097297
13	477817	480	4.1090423926303
13	507953	500	4.3312075648715
13	538976	520	9.3892660452439
13	570994	540	7.0707582274773
13	603414	560	5.6227691801335
13	636567	580	8.6156401307434
13	670459	600	4.2046740497277
13	705164	620	4.6429738023146
13	740644	640	8.2070109883185
13	777019	660	2.5684589208571
13	815087	680	8.2138053724014
13	854008	700	6.7347944327704
13	894145	720	6.6536700503303
13	935965	740	6.0578246309473
13	979245	760	5.9179394032917
13	1022777	780	8.6970661707771
13	1067808	800	8.9809031570269
13	1113916	820	4.7899185039434
13	1160784	840	4.1546260891107
13	1209202	860	4.2865448642261
13	1258587	880	20.104448897396
13	1309678	900	7.9802280053115
13	1360983	920	6.4295436237938
13	1414239	940	14.98767020266
13	1468750	960	4.6675016299695
13	1524596	980	3.8912370571584
13	1581575	1000	5.4891904632342
13	1640822	1020	9.2804812623542
13	1700795	1040	32.846692468341
13	1762547	1060	7.8693276337835
13	1826108	1080	4.4206558007691
13	1891117	1100	6.7867199663636
13	1957129	1120	4.7466645006707
13	2025183	1140	5.7934025105879
13	2094455	1160	9.0420879187481
13	2165891	1180	3.9567537374348
13	2239297	1200	16.318795567665
13	2315155	1220	13.181242988151
13	2391970	1240	10.312803474552
13	2470945	1260	7.9849337127157
13	2551858	1280	19.669022411922
13	2635411	1300	11.160215078185
13	2720265	1320	5.3910864143206
13	2807830	1340	12.175142590141
13	2897394	1360	24.744162436069
13	2989275	1380	6.504603497018
13	3082740	1400	3.907920501628
13	3178522	1420	13.017386400215
13	3276090	1440	10.297236970573
13	3376089	1460	22.72184441515
13	3478256	1480	11.428378985133
13	3582480	1500	7.1066081152968
13	3690374	1520	7.994298566231
13	3799724	1540	2.8714473612904
13	3911990	1560	11.684734713733
13	4025620	1580	19.341464441154
13	4142417	1600	8.7230363299517
13	4261175	1620	9.3065882568134
13	4382163	1640	3.5345313661023
13	4505859	1660	4.2994373373231
13	4631654	1680	3.7217073534932
13	4759490	1700	3.5799131927979
13	4889885	1720	9.2635942781441
13	5022332	1740	6.4072774791831
13	5157479	1760	4.812668169654
13	5295181	1780	8.502742744731
13	5434458	1800	7.9240758939082
13	5577233	1820	15.235949774275
13	5721893	1840	3.8705587886861
13	5868812	1860	15.357252110473
13	6018473	1880	11.792538115408
13	6170609	1900	3.6866737406761
13	6324561	1920	8.5356805940016
13	6481162	1940	13.076341123876
13	6641085	1960	7.3226537810582
13	6803184	1980	7.3287920984447
13	6967930	2000	6.325114022225
14	145025	240	223.83688696327
14	171034	260	270.88460208957
14	198243	280	271.28073390512
14	225382	300	582.06922433917
14	252933	320	361.3032113371
14	280266	340	363.21107208542
14	307432	360	681.59822660054
14	334844	380	499.68912589646
14	362587	400	357.49127282295
14	390378	420	312.27328817361
14	419002	440	406.83602006619
14	448211	460	544.83670851929
14	477817	480	412.43669243675
14	507953	500	547.80362542035
14	538976	520	362.09082619961
14	570994	540	317.77594564216
14	603414	560	866.87311420019
14	636567	580	322.3837783875
14	670459	600	495.63209670833
14	705164	620	732.88247291916
14	740644	640	779.14124957302
14	777019	660	372.07419449546
14	815087	680	233.52527206024
14	854008	700	362.00933526146
14	894145	720	912.7090181553
14	935965	740	770.07582027796
14	979245	760	366.32979357973
14	1022777	780	599.01816167433
14	1067808	800	636.42761653281
14	1113916	820	774.59610759661
14	1160784	840	636.54511624898
14	1209202	860	321.25272837546
14	1258587	880	732.99285836054
14	1309678	900	821.3513828085
14	1360983	920	495.39629012295
14	1414239	940	776.38431294383
14	1468750	960	638.95622735367
14	1524596	980	688.70087812481
14	1581575	1000	647.16574728666
14	1640822	1020	463.98827475231
14	1700795	1040	321.77031529616
14	1762547	1060	877.21065260743
14	1826108	1080	597.08297295845
14	1891117	1100	367.74458540029
14	1957129	1120	777.0178746297
14	2025183	1140	774.1335303851
14	2094455	1160	866.10946424677
14	2165891	1180	629.31944920676
14	2239297	1200	829.26931250078
14	2315155	1220	640.13506417017
14	2391970	1240	595.14573157642
14	2470945	1260	638.6018351864
14	2551858	1280	639.09773857728
14	2635411	1300	818.05180067753
14	2720265	1320	823.8238564323
14	2807830	1340	734.52420205803
14	2897394	1360	549.47324140159
14	2989275	1380	824.75545249619
14	3082740	1400	741.48709929428
14	3178522	1420	593.24859043746
14	3276090	1440	547.66422523891
14	3376089	1460	921.56480788882
14	3478256	1480	1140.5848167158
14	3582480	1500	1101.0844165983
14	3690374	1520	917.90545944951
14	3799724	1540	820.01612007436
14	3911990	1560	683.43063249865
14	4025620	1580	678.92683414479
14	4142417	1600	642.54688116188
14	4261175	1620	688.14127508072
14	4382163	1640	1054.8707794402
14	4505859	1660	820.67925165653
14	4631654	1680	594.42715272286
14	4759490	1700	1095.1940175018
14	4889885	1720	907.45252340106
14	5022332	1740	950.70422084964
14	5157479	1760	866.40093329457
14	5295181	1780	463.94095219611
14	5434458	1800	955.2856092462
14	5577233	1820	770.86368385209
14	5721893	1840	914.34163221971
14	5868812	1860	599.25446883093
14	6018473	1880	549.60919586252
14	6170609	1900	1002.8613882589
14	6324561	1920	772.76541673273
14	6481162	1940	678.9722226758
14	6641085	1960	864.7798369834
14	6803184	1980	915.19310299507
14	6967930	2000	638.18701589218
15	145025	240	44.767377392654
15	171034	260	45.147433681596
15	198243	280	45.213455650854
15	225382	300	44.774555718398
15	252933	320	45.162901417138
15	280266	340	45.401384010677
15	307432	360	45.439881773369
15	334844	380	45.426284172406
15	362587	400	44.686409102868
15	390378	420	44.610469739088
15	419002	440	45.204002229577
15	448211	460	45.403059043274
15	477817	480	45.826299159638
15	507953	500	45.650302118363
15	538976	520	45.261353274951
15	570994	540	45.396563663165
15	603414	560	45.624900747379
15	636567	580	46.054825483928
15	670459	600	45.057463337121
15	705164	620	45.805154557448
15	740644	640	45.831838210178
15	777019	660	46.509274311933
15	815087	680	46.705054412047
15	854008	700	45.251166907683
15	894145	720	45.635450907765
15	935965	740	45.29857766341
15	979245	760	45.791224197467
15	1022777	780	46.078320128795
15	1067808	800	45.45911546663
15	1113916	820	45.564476917448
15	1160784	840	45.467508303499
15	1209202	860	45.893246910781
15	1258587	880	45.812053647534
15	1309678	900	45.63063237825
15	1360983	920	45.036026374813
15	1414239	940	45.669665467284
15	1468750	960	45.639730525262
15	1524596	980	45.913391874987
15	1581575	1000	46.22612480619
15	1640822	1020	46.398827475231
15	1700795	1040	45.967187899452
15	1762547	1060	46.168981716181
15	1826108	1080	45.929459458342
15	1891117	1100	45.968073175036
15	1957129	1120	45.706933801747
15	2025183	1140	45.537266493241
15	2094455	1160	45.584708644567
15	2165891	1180	44.951389229055
15	2239297	1200	46.070517361154
15	2315155	1220	45.723933155012
15	2391970	1240	45.780440890494
15	2470945	1260	45.614416799028
15	2551858	1280	45.649838469805
15	2635411	1300	45.447322259863
15	2720265	1320	45.767992024016
15	2807830	1340	45.907762628627
15	2897394	1360	45.789436783466
15	2989275	1380	45.8197473609
15	3082740	1400	46.342943705893
15	3178522	1420	45.634506956728
15	3276090	1440	45.638685436576
15	3376089	1460	46.078240394441
15	3478256	1480	45.623392668632
15	3582480	1500	45.878517358261
15	3690374	1520	45.895272972476
15	3799724	1540	45.556451115242
15	3911990	1560	45.562042166577
15	4025620	1580	45.261788942986
15	4142417	1600	45.896205797277
15	4261175	1620	45.876085005381
15	4382163	1640	45.863946932184
15	4505859	1660	45.593291758696
15	4631654	1680	45.725165594066
15	4759490	1700	45.633084062574
15	4889885	1720	45.372626170053
15	5022332	1740	45.271629564269
15	5157479	1760	45.600049120767
15	5295181	1780	46.394095219611
15	5434458	1800	45.489790916486
15	5577233	1820	45.344922579535
15	5721893	1840	45.717081610985
15	5868812	1860	46.096497602379
15	6018473	1880	45.800766321877
15	6170609	1900	45.584608557224
15	6324561	1920	45.456789219572
15	6481162	1940	45.264814845053
15	6641085	1960	45.514728262284
15	6803184	1980	45.759655149754
15	6967930	2000	45.584786849442
16	145025	240	0.37239260334502
16	171034	260	0.33876200945495
16	198243	280	0.77263373666067
16	225382	300	0.31096364644121
16	252933	320	0.54027107872636
16	280266	340	1.2791149696558
16	307432	360	1.1512242030802
16	334844	380	0.91590645881577
16	362587	400	0.28438980912888
16	390378	420	0.58914378407949
16	419002	440	1.1499422942622
16	448211	460	1.2719590096034
16	477817	480	1.7792368766398
16	507953	500	1.5942238616046
16	538976	520	1.2326581911532
16	570994	540	1.566435635756
16	603414	560	1.4829883421322
16	636567	580	1.3853809285706
16	670459	600	0.86653178955534
16	705164	620	1.4911418800283
16	740644	640	1.2933328186566
16	777019	660	1.5738977845609
16	815087	680	1.0369907748082
16	854008	700	1.1108778020324
16	894145	720	1.4803908238716
16	935965	740	0.92005891037292
16	979245	760	1.5921634800829
16	1022777	780	1.4229251002158
16	1067808	800	1.1900129416558
16	1113916	820	1.2555351929148
16	1160784	840	1.1617023286317
16	1209202	860	1.3885785598625
16	1258587	880	1.2164395725844
16	1309678	900	1.126646020936
16	1360983	920	0.72743494811629
16	1414239	940	1.1633574091504
16	1468750	960	1.0704877900851
16	1524596	980	1.2136115813359
16	1581575	1000	1.2469774178349
16	1640822	1020	1.2758346107988
16	1700795	1040	1.3517637601825
16	1762547	1060	1.158157419129
16	1826108	1080	1.4837167810933
16	1891117	1100	1.302658141801
16	1957129	1120	1.1998240926642
16	2025183	1140	1.0432306919759
16	2094455	1160	1.26755619754
16	2165891	1180	0.81902425941167
16	2239297	1200	1.1989956433524
16	2315155	1220	1.1971925402922
16	2391970	1240	1.210574392076
16	2470945	1260	1.0337498925375
16	2551858	1280	1.0010586644972
16	2635411	1300	1.048662014012
16	2720265	1320	1.0311357845957
16	2807830	1340	1.1234966269034
16	2897394	1360	1.0707433701329
16	2989275	1380	1.1812146271694
16	3082740	1400	1.1336023939738
16	3178522	1420	0.99578389699005
16	3276090	1440	0.97824758640718
16	3376089	1460	1.2621659377689
16	3478256	1480	0.97537412647541
16	3582480	1500	1.0022579919674
16	3690374	1520	0.93178130588666
16	3799724	1540	0.66693121022096
16	3911990	1560	0.87799789224104
16	4025620	1580	0.91387661253239
16	4142417	1600	0.94191314864845
16	4261175	1620	1.0780540377325
16	4382163	1640	0.8344779010417
16	4505859	1660	0.85707166259681
16	4631654	1680	0.68124800672857
16	4759490	1700	0.95041150407472
16	4889885	1720	0.68826085598235
16	5022332	1740	0.85531288625383
16	5157479	1760	0.77474919307872
16	5295181	1780	0.907752406558
16	5434458	1800	0.85674126040434
16	5577233	1820	0.82623835937755
16	5721893	1840	0.87365929040716
16	5868812	1860	1.0222968823929
16	6018473	1880	1.0871714473698
16	6170609	1900	0.87186508313306
16	6324561	1920	0.82355986900199
16	6481162	1940	0.71907620741853
16	6641085	1960	0.77357964743482
16	6803184	1980	1.0223460880208
16	6967930	2000	0.70451613701094
17	145025	240	0.13867625102608
17	171034	260	0.11475969904996
17	198243	280	0.59696289102623
17	225382	300	0.096698389408015
17	252933	320	0.29189283850814
17	280266	340	1.6361351055975
17	307432	360	1.3253171657576
17	334844	380	0.83888464130044
17	362587	400	0.080877563536358
17	390378	420	0.3470903983195
17	419002	440	1.322367280133
17	448211	460	1.6178797221111
17	477817	480	3.1656838631948
17	507953	500	2.5415497209095
17	538976	520	1.519446216217
17	570994	540	2.4537206009663
17	603414	560	2.1992544228999
17	636567	580	1.919280317247
17	670459	600	0.75087734230997
17	705164	620	2.2235041063742
17	740644	640	1.6727097798143
17	777019	660	2.4771542362457
17	815087	680	1.0753498670372
17	854008	700	1.2340494910483
17	894145	720	2.1915569914032
17	935965	740	0.8465083985566
17	979245	760	2.5349845473098
17	1022777	780	2.0247158408241
17	1067808	800	1.4161308013083
17	1113916	820	1.5763686206476
17	1160784	840	1.3495523003483
17	1209202	860	1.9281504169097
17	1258587	880	1.4797252337493
17	1309678	900	1.2693312564909
17	1360983	920	0.52916160374095
17	1414239	940	1.3534004614252
17	1468750	960	1.1459441087213
17	1524596	980	1.4728530703527
17	1581575	1000	1.5549526805901
17	1640822	1020	1.6277539541122
17	1700795	1040	1.8272652633427
17	1762547	1060	1.3413286074835
17	1826108	1080	2.2014154864977
17	1891117	1100	1.6969182344005
17	1957129	1120	1.4395778533374
17	2025183	1140	1.0883302766806
17	2094455	1160	1.606698713922
17	2165891	1180	0.67080073750483
17	2239297	1200	1.437590552778
17	2315155	1220	1.4332699785313
17	2391970	1240	1.4654903587503
17	2470945	1260	1.0686388403213
17	2551858	1280	1.0021184497649
17	2635411	1300	1.0996920196318
17	2720265	1320	1.0632410062738
17	2807830	1340	1.2622446706633
17	2897394	1360	1.1464913646835
17	2989275	1380	1.395267995439
17	3082740	1400	1.2850543876232
17	3178522	1420	0.99158556950468
17	3276090	1440	0.95696834031148
17	3376089	1460	1.593062854464
17	3478256	1480	0.95135468659767
17	3582480	1500	1.0045210824625
17	3690374	1520	0.86821640199986
17	3799724	1540	0.4447972391668
17	3911990	1560	0.77088029877971
17	4025620	1580	0.83517046293367
17	4142417	1600	0.88720037959684
17	4261175	1620	1.1622005082714
17	4382163	1640	0.69635336732697
17	4505859	1660	0.73457183482647
17	4631654	1680	0.46409884667165
17	4759490	1700	0.90328202707758
17	4889885	1720	0.47370300587756
17	5022332	1740	0.73156013339186
17	5157479	1760	0.60023631217613
17	5295181	1780	0.82401443161184
17	5434458	1800	0.73400558727922
17	5577233	1820	0.6826698265069
17	5721893	1840	0.76328055571475
17	5868812	1860	1.0450909157502
17	6018473	1880	1.1819417559761
17	6170609	1900	0.76014872318661
17	6324561	1920	0.67825085783057
17	6481162	1940	0.51707059207542
17	6641085	1960	0.59842547092539
17	6803184	1980	1.0451915236914
17	6967930	2000	0.49634298730882
18	145025	240	1431.4700203758
18	171034	260	1534.2080204417
18	198243	280	1779.7227702952
18	225382	300	1968.6451128719
18	252933	320	1889.6390375566
18	280266	340	2069.9623813218
18	307432	360	1986.3100133801
18	334844	380	2162.9364359396
18	362587	400	2086.9278254869
18	390378	420	2142.0400545267
18	419002	440	1941.6545244875
18	448211	460	1903.0671106227
18	477817	480	2087.8969527109
18	507953	500	2097.8267710392
18	538976	520	2304.6566326656
18	570994	540	2000.5098365336
18	603414	560	2052.518248578
18	636567	580	2202.7111821215
18	670459	600	2378.2309364078
18	705164	620	2501.6289356195
18	740644	640	2622.0854764971
18	777019	660	2691.7940794792
18	815087	680	2571.0669992806
18	854008	700	2489.1825473506
18	894145	720	2583.0604577347
18	935965	740	2870.1050890287
18	979245	760	2875.3890249422
18	1022777	780	2628.6981646492
18	1067808	800	2634.6360061796
18	1113916	820	2844.0265469657
18	1160784	840	2704.1491864699
18	1209202	860	2704.5253253079
18	1258587	880	2824.4408368999
18	1309678	900	3273.069118999
18	1360983	920	3283.4730672062
18	1414239	940	3023.8589484847
18	1468750	960	3256.475798899
18	1524596	980	3116.1036572225
18	1581575	1000	3064.0724030609
18	1640822	1020	2969.0488171932
18	1700795	1040	2946.8276398487
18	1762547	1060	2879.4709676851
18	1826108	1080	2872.1421287157
18	1891117	1100	2923.9178171015
18	1957129	1120	2939.8159311968
18	2025183	1140	3174.3559364718
18	2094455	1160	3417.0428981445
18	2165891	1180	3387.6330329812
18	2239297	1200	3348.2802250537
18	2315155	1220	3768.7574372747
18	2391970	1240	3703.6455592656
18	2470945	1260	3757.2520046077
18	2551858	1280	4082.0961729275
18	2635411	1300	4132.8796976725
18	2720265	1320	4604.9880955156
18	2807830	1340	4586.5883700741
18	2897394	1360	4533.3588132849
18	2989275	1380	4431.672096223
18	3082740	1400	4323.7409052014
18	3178522	1420	4852.0053792614
18	3276090	1440	4933.6010250426
18	3376089	1460	4603.0569010516
18	3478256	1480	4509.375604329
18	3582480	1500	4690.9956461953
18	3690374	1520	4802.4304863357
18	3799724	1540	4887.8353895635
18	3911990	1560	5017.3941046476
18	4025620	1580	4998.4398434093
18	4142417	1600	4818.9737575999
18	4261175	1620	4778.5637250528
18	4382163	1640	4575.0302069198
18	4505859	1660	5155.4005780689
18	4631654	1680	4990.3936278717
18	4759490	1700	5077.3237332334
18	4889885	1720	5489.4666807581
18	5022332	1740	5453.9288965974
18	5157479	1760	5436.097462102
18	5295181	1780	5505.0600882258
18	5434458	1800	5361.8109756945
18	5577233	1820	5478.215141078
18	5721893	1840	5313.3401333226
18	5868812	1860	5411.2334757005
18	6018473	1880	5505.6833549494
18	6170609	1900	5543.3860572263
18	6324561	1920	5841.9998865152
18	6481162	1940	6068.8904773955
18	6641085	1960	5937.1553587438
18	6803184	1980	5904.9354266743
18	6967930	2000	6075.9836317582
19	145025	240	47.715667345859
19	171034	260	47.944000638802
19	198243	280	48.100615413383
19	225382	300	48.015734460289
19	252933	320	48.452283014272
19	280266	340	48.13866003074
19	307432	360	48.446585692198
19	334844	380	49.157646271355
19	362587	400	48.533205243881
19	390378	420	48.682728511969
19	419002	440	48.541363112187
19	448211	460	48.796592580068
19	477817	480	48.5557430863
19	507953	500	48.786669093934
19	538976	520	49.035247503522
19	570994	540	48.792922842282
19	603414	560	48.869482109001
19	636567	580	48.949137380478
19	670459	600	49.54647784183
19	705164	620	49.051547757246
19	740644	640	49.473310877303
19	777019	660	48.941710535986
19	815087	680	49.443596140012
19	854008	700	49.783650947012
19	894145	720	49.674239571821
19	935965	740	49.484570500494
19	979245	760	49.57567284383
19	1022777	780	49.598078578286
19	1067808	800	49.710113324143
19	1113916	820	49.895202578346
19	1160784	840	50.07683678648
19	1209202	860	50.083802320516
19	1258587	880	50.43644351607
19	1309678	900	50.354909523062
19	1360983	920	50.514970264711
19	1414239	940	50.397649141411
19	1468750	960	50.099627675369
19	1524596	980	50.259736406815
19	1581575	1000	50.230695132145
19	1640822	1020	50.322861308359
19	1700795	1040	50.807373100839
19	1762547	1060	50.517034520791
19	1826108	1080	50.388458398521
19	1891117	1100	50.412376156923
19	1957129	1120	50.686481572358
19	2025183	1140	50.386602166219
19	2094455	1160	50.250630855066
19	2165891	1180	50.56168705942
19	2239297	1200	49.974331717219
19	2315155	1220	50.250099163663
19	2391970	1240	50.0492643144
19	2470945	1260	50.09669339477
19	2551858	1280	50.396249048488
19	2635411	1300	50.400971922835
19	2720265	1320	50.604264785886
19	2807830	1340	50.402070000814
19	2897394	1360	50.370653480943
19	2989275	1380	50.359910184353
19	3082740	1400	50.276057037226
19	3178522	1420	50.541722700639
19	3276090	1440	50.861866237552
19	3376089	1460	50.583042868699
19	3478256	1480	50.667141621674
19	3582480	1500	50.44081339995
19	3690374	1520	50.551899856166
19	3799724	1540	50.39005556251
19	3911990	1560	50.680748531794
19	4025620	1580	51.004488198054
19	4142417	1600	50.726039553683
19	4261175	1620	50.835784309073
19	4382163	1640	50.833668965775
19	4505859	1660	51.043570079891
19	4631654	1680	50.922383957875
19	4759490	1700	50.773237332334
19	4889885	1720	50.828395192205
19	5022332	1740	50.971298099041
19	5157479	1760	50.804649178523
19	5295181	1780	50.972778594683
19	5434458	1800	51.064866435185
19	5577233	1820	51.198272346523
19	5721893	1840	51.089808974255
19	5868812	1860	51.049372412269
19	6018473	1880	50.978549582865
19	6170609	1900	50.85675281859
19	6324561	1920	50.799999013176
19	6481162	1940	50.999079641979
19	6641085	1960	50.744917596101
19	6803184	1980	50.904615747193
19	6967930	2000	51.058685981161
20	145025	240	2.2609408735082
20	171034	260	2.6733098628961
20	198243	280	2.4587042526196
20	225382	300	2.6010977246812
20	252933	320	2.5054073822106
20	280266	340	2.5833970990516
20	307432	360	2.8483492550036
20	334844	380	3.1689768308725
20	362587	400	3.1260697966136
20	390378	420	3.4628744269864
20	419002	440	3.2621590679305
20	448211	460	3.3242873323778
20	477817	480	2.7823246885253
20	507953	500	2.7931111034914
20	538976	520	3.3238221134285
20	570994	540	3.3560797884558
20	603414	560	3.2901845953441
20	636567	580	2.8580224809997
20	670459	600	2.581512835512
20	705164	620	2.3162527905091
20	740644	640	2.9775974581903
20	777019	660	3.1419729552636
20	815087	680	2.6895955849388
20	854008	700	2.9910630656634
20	894145	720	3.1823085515512
20	935965	740	3.019530402341
20	979245	760	2.8503988130357
20	1022777	780	3.1084557487316
20	1067808	800	3.1692943199617
20	1113916	820	2.8784711815152
20	1160784	840	2.8442102365982
20	1209202	860	3.004057334076
20	1258587	880	3.0668648775871
20	1309678	900	3.0888111913319
20	1360983	920	4.3343433729733
20	1414239	940	3.4437079487238
20	1468750	960	3.5775350924734
20	1524596	980	3.4729617545661
20	1581575	1000	4.1139294296419
20	1640822	1020	3.3415546609264
20	1700795	1040	3.8249234289613
20	1762547	1060	4.1364272261562
20	1826108	1080	3.6130349543961
20	1891117	1100	2.9406637935925
20	1957129	1120	3.1085873605913
20	2025183	1140	2.9110650223256
20	2094455	1160	2.9771834161022
20	2165891	1180	3.0373830321771
20	2239297	1200	3.5270616290885
20	2315155	1220	3.000384367501
20	2391970	1240	2.4963521068099
20	2470945	1260	2.8153799610962
20	2551858	1280	3.392353950389
20	2635411	1300	3.3700825849236
20	2720265	1320	4.2237079233955
20	2807830	1340	3.0227185016631
20	2897394	1360	3.2619990279757
20	2989275	1380	3.3491651255397
20	3082740	1400	3.3731726483313
20	3178522	1420	3.2747094972902
20	3276090	1440	3.000494996506
20	3376089	1460	3.259939241742
20	3478256	1480	3.1329317527525
20	3582480	1500	2.8096193244812
20	3690374	1520	3.05650466991
20	3799724	1540	2.7104076185756
20	3911990	1560	2.7519003949007
20	4025620	1580	3.4269509422269
20	4142417	1600	3.5323780473215
20	4261175	1620	3.2361613039672
20	4382163	1640	3.4711761090127
20	4505859	1660	3.0579620568352
20	4631654	1680	2.7587014859731
20	4759490	1700	3.5845414798711
20	4889885	1720	2.9741925987569
20	5022332	1740	2.8682069026573
20	5157479	1760	3.1531151471178
20	5295181	1780	2.9840207881663
20	5434458	1800	3.168682979409
20	5577233	1820	2.9615720062837
20	5721893	1840	3.1517259019731
20	5868812	1860	2.5726930074135
20	6018473	1880	2.4227257900563
20	6170609	1900	2.6762194153797
20	6324561	1920	2.4684247590971
20	6481162	1940	2.6993512117167
20	6641085	1960	2.6418319636802
20	6803184	1980	2.9396140779437
20	6967930	2000	2.6620264449912
21	145025	240	5.1118536334999
21	171034	260	7.1465856230578
21	198243	280	6.0452266018499
21	225382	300	6.7657093733416
21	252933	320	6.2770661508353
21	280266	340	6.6739405713882
21	307432	360	8.1130934784798
21	334844	380	10.042414154607
21	362587	400	9.7723123732995
21	390378	420	11.991499297076
21	419002	440	10.641681784481
21	448211	460	11.050886268207
21	477817	480	7.7413306723773
21	507953	500	7.8014696364471
21	538976	520	11.047793441716
21	570994	540	11.263271546482
21	603414	560	10.825314671439
21	636567	580	8.1682925018996
21	670459	600	6.6642085199134
21	705164	620	5.365026989541
21	740644	640	8.8660866230211
21	777019	660	9.8719940516076
21	815087	680	7.2339244105223
21	854008	700	8.9464582627755
21	894145	720	10.127087717276
21	935965	740	9.1175638506616
21	979245	760	8.1247733933552
21	1022777	780	9.6624971418227
21	1067808	800	10.044426486541
21	1113916	820	8.2855963428134
21	1160784	840	8.0895318699703
21	1209202	860	9.0243604664159
21	1258587	880	9.4056601773772
21	1309678	900	9.5407545756975
21	1360983	920	18.786532474838
21	1414239	940	11.859124436104
21	1468750	960	12.798757337879
21	1524596	980	12.061463348679
21	1581575	1000	16.924415352074
21	1640822	1020	11.165987551959
21	1700795	1040	14.630039237417
21	1762547	1060	17.110030197286
21	1826108	1080	13.054021581688
21	1891117	1100	8.6475035469461
21	1957129	1120	9.6633153784282
21	2025183	1140	8.4742995642076
21	2094455	1160	8.863621093114
21	2165891	1180	9.2256956841571
21	2239297	1200	12.440163735389
21	2315155	1220	9.0023063527441
21	2391970	1240	6.2317738411741
21	2470945	1260	7.9263643253418
21	2551858	1280	11.50806532472
21	2635411	1300	11.357456629205
21	2720265	1320	17.839708622154
21	2807830	1340	9.1368271402966
21	2897394	1360	10.640637658514
21	2989275	1380	11.216907038131
21	3082740	1400	11.37829371545
21	3178522	1420	10.723722291642
21	3276090	1440	9.0029702240577
21	3376089	1460	10.62720385985
21	3478256	1480	9.8152613674047
21	3582480	1500	7.8939607484981
21	3690374	1520	9.3422207971815
21	3799724	1540	7.3463094588326
21	3911990	1560	7.5729557834548
21	4025620	1580	11.74399276043
21	4142417	1600	12.477694669199
21	4261175	1620	10.472739985294
21	4382163	1640	12.049063579781
21	4505859	1660	9.3511319410438
21	4631654	1680	7.6104338887102
21	4759490	1700	12.848937620916
21	4889885	1720	8.8458216145006
21	5022332	1740	8.2266108364508
21	5157479	1760	9.9421351309839
21	5295181	1780	8.9043800642085
21	5434458	1800	10.040551823996
21	5577233	1820	8.7709087484033
21	5721893	1840	9.9333761611683
21	5868812	1860	6.6187493103942
21	6018473	1880	5.8696002538039
21	6170609	1900	7.1621503592552
21	6324561	1920	6.0931207913235
21	6481162	1940	7.2864969641962
21	6641085	1960	6.9792761243225
21	6803184	1980	8.6413309272446
21	6967930	2000	7.0863847938325
22	145025	240	3273.3824847265
22	171034	260	3589.4746971624
22	198243	280	3869.6476663986
22	225382	300	3604.695939388
22	252933	320	3920.823281644
22	280266	340	3916.0459573821
22	307432	360	3506.5824620041
22	334844	380	3736.7715672379
22	362587	400	3830.3627370504
22	390378	420	3983.4105631999
22	419002	440	3930.9828737745
22	448211	460	3895.5056850054
22	477817	480	4124.9009517033
22	507953	500	3987.426292393
22	538976	520	4217.7120699926
22	570994	540	4357.8456586783
22	603414	560	3957.723328384
22	636567	580	4551.6072225773
22	670459	600	4325.2957350624
22	705164	620	4274.2443172263
22	740644	640	4229.7019473219
22	777019	660	4635.0844640732
22	815087	680	4814.485405591
22	854008	700	4728.2277794541
22	894145	720	4323.3620232317
22	935965	740	4551.5638616573
22	979245	760	5010.0075628081
22	1022777	780	4776.2412693099
22	1067808	800	4882.9329090629
22	1113916	820	4741.6533229467
22	1160784	840	4924.4256800147
22	1209202	860	5240.7492986097
22	1258587	880	5018.3589874999
22	1309678	900	4973.7383949531
22	1360983	920	5301.5208173407
22	1414239	940	5068.191318265
22	1468750	960	5252.4315129598
22	1524596	980	5293.4304956755
22	1581575	1000	5426.6621086346
22	1640822	1020	5654.9549718922
22	1700795	1040	5755.6360514434
22	1762547	1060	5341.265171293
22	1826108	1080	5756.7777570817
22	1891117	1100	5935.8399550863
22	1957129	1120	5672.2565259687
22	2025183	1140	5715.7262826358
22	2094455	1160	5617.992649676
22	2165891	1180	5855.2005679945
22	2239297	1200	5709.3156565814
22	2315155	1220	5985.5615687773
22	2391970	1240	6121.3859100802
22	2470945	1260	6168.9431871345
22	2551858	1280	6074.8135963738
22	2635411	1300	6028.4484538146
22	2720265	1320	6118.3004585269
22	2807830	1340	6252.4057511596
22	2897394	1360	6528.1588341487
22	2989275	1380	6298.6229530889
22	3082740	1400	6469.1325746508
22	3178522	1420	6614.7889117933
22	3276090	1440	6755.7549356515
22	3376089	1460	6474.0865629652
22	3478256	1480	6205.4131159153
22	3582480	1500	6292.5628248882
22	3690374	1520	6513.6403566887
22	3799724	1540	6706.1538587654
22	3911990	1560	6889.0494301215
22	4025620	1580	6935.9429144064
22	4142417	1600	7021.9428160967
22	4261175	1620	7061.7022749326
22	4382163	1640	6838.0007051547
22	4505859	1660	7068.8979174788
22	4631654	1680	7248.3870695983
22	4759490	1700	6933.8466353972
22	4889885	1720	7124.0784384222
22	5022332	1740	7127.567169425
22	5157479	1760	7249.4527796206
22	5295181	1780	7836.4995056274
22	5434458	1800	7303.0700682739
22	5577233	1820	7579.7257967033
22	5721893	1840	7429.6233243983
22	5868812	1860	7838.8189486341
22	6018473	1880	7979.9933313968
22	6170609	1900	7567.2863578874
22	6324561	1920	7794.1288795789
22	6481162	1940	8028.396601827
22	6641085	1960	7879.1473919416
22	6803184	1980	7830.8925488311
22	6967930	2000	8195.8386258528
23	145025	240	44.840855955157
23	171034	260	44.86843371453
23	198243	280	44.995903097658
23	225382	300	45.05869924235
23	252933	320	45.06693427177
23	280266	340	45.012022498645
23	307432	360	44.956185410309
23	334844	380	45.021344183589
23	362587	400	45.063091024122
23	390378	420	45.266029127271
23	419002	440	45.183711192811
23	448211	460	45.296577732621
23	477817	480	45.328581886849
23	507953	500	45.311662413556
23	538976	520	45.351742688093
23	570994	540	45.394225611232
23	603414	560	45.491072740045
23	636567	580	45.516072225773
23	670459	600	45.529428790131
23	705164	620	45.470684225812
23	740644	640	45.480666100236
23	777019	660	45.442004549737
23	815087	680	45.419673637651
23	854008	700	45.463728648597
23	894145	720	45.509073928755
23	935965	740	45.515638616573
23	979245	760	45.545523298255
23	1022777	780	45.488012088665
23	1067808	800	45.634887000588
23	1113916	820	45.592820412949
23	1160784	840	45.59653407421
23	1209202	860	45.571733031389
23	1258587	880	45.621445340908
23	1309678	900	45.630627476634
23	1360983	920	45.70276566673
23	1414239	940	45.659381245631
23	1468750	960	45.673317503998
23	1524596	980	45.633021514444
23	1581575	1000	45.602202593568
23	1640822	1020	45.604475579776
23	1700795	1040	45.679651201932
23	1762547	1060	45.65183907088
23	1826108	1080	45.688712357792
23	1891117	1100	45.660307346818
23	1957129	1120	45.744004241683
23	2025183	1140	45.725810261086
23	2094455	1160	45.674736989236
23	2165891	1180	45.743754437457
23	2239297	1200	45.674525252651
23	2315155	1220	45.691309685323
23	2391970	1240	45.681984403583
23	2470945	1260	45.695875460255
23	2551858	1280	45.6752901983
23	2635411	1300	45.67006404405
23	2720265	1320	45.658958645723
23	2807830	1340	45.637998183647
23	2897394	1360	45.651460378662
23	2989275	1380	45.642195312239
23	3082740	1400	45.557271652471
23	3178522	1420	45.619233874437
23	3276090	1440	45.646992808456
23	3376089	1460	45.592158894121
23	3478256	1480	45.628037617024
23	3582480	1500	45.598281339769
23	3690374	1520	45.549932564257
23	3799724	1540	45.620094277316
23	3911990	1560	45.622843908089
23	4025620	1580	45.631203384253
23	4142417	1600	45.597031273355
23	4261175	1620	45.559369515694
23	4382163	1640	45.586671367698
23	4505859	1660	45.605793015992
23	4631654	1680	45.587340060367
23	4759490	1700	45.617412074981
23	4889885	1720	45.667169477065
23	5022332	1740	45.68953313734
23	5157479	1760	45.594042639124
23	5295181	1780	45.561043637369
23	5434458	1800	45.644187926712
23	5577233	1820	45.660998775321
23	5721893	1840	45.580511192628
23	5868812	1860	45.574528771129
23	6018473	1880	45.599961893696
23	6170609	1900	45.586062396912
23	6324561	1920	45.579701050169
23	6481162	1940	45.615889783108
23	6641085	1960	45.544204577697
23	6803184	1980	45.528445051344
23	6967930	2000	45.532436810293
24	145025	240	0.51721295864038
24	171034	260	0.4888818533312
24	198243	280	0.64912308828313
24	225382	300	0.720036521871
24	252933	320	0.76303566837456
24	280266	340	0.63318554953671
24	307432	360	0.52632984797563
24	334844	380	0.77471906458903
24	362587	400	0.73671601571461
24	390378	420	1.2538475941695
24	419002	440	1.0983895617074
24	448211	460	1.2235076525411
24	477817	480	1.3618514790588
24	507953	500	1.2553830942777
24	538976	520	1.3149805424966
24	570994	540	1.2468892669536
24	603414	560	1.3377105070775
24	636567	580	1.3983449580794
24	670459	600	1.333875218829
24	705164	620	1.2129960334532
24	740644	640	1.291969495982
24	777019	660	1.2673566559071
24	815087	680	1.1424496551039
24	854008	700	1.140990905718
24	894145	720	1.1468744303688
24	935965	740	1.1613428882647
24	979245	760	1.1941776788505
24	1022777	780	1.1399390988454
24	1067808	800	1.2776038373719
24	1113916	820	1.1714424920307
24	1160784	840	1.1771465616712
24	1209202	860	1.1410486538636
24	1258587	880	1.1037068811834
24	1309678	900	1.1667417132564
24	1360983	920	1.2547912422054
24	1414239	940	1.2187431176968
24	1468750	960	1.1838344705155
24	1524596	980	1.1592625966737
24	1581575	1000	1.1186946781027
24	1640822	1020	1.1394384737033
24	1700795	1040	1.176821241753
24	1762547	1060	1.1958224817475
24	1826108	1080	1.1594314899744
24	1891117	1100	1.1302865986775
24	1957129	1120	1.150519376154
24	2025183	1140	1.1863441207457
24	2094455	1160	1.1230640175269
24	2165891	1180	1.0924317399889
24	2239297	1200	1.0886518066877
24	2315155	1220	1.0610217456576
24	2391970	1240	1.0451475427531
24	2470945	1260	1.0656527464517
24	2551858	1280	1.0434684052727
24	2635411	1300	1.0200386704358
24	2720265	1320	1.0048827611016
24	2807830	1340	0.99156402848019
24	2897394	1360	1.0145542725567
24	2989275	1380	0.98793310359215
24	3082740	1400	0.92825972180665
24	3178522	1420	0.96875937862468
24	3276090	1440	0.98624438269584
24	3376089	1460	0.94057193286935
24	3478256	1480	0.94273375689654
24	3582480	1500	0.97875224688412
24	3690374	1520	0.90277785326359
24	3799724	1540	0.93597565927546
24	3911990	1560	0.9553156647453
24	4025620	1580	0.89974038799614
24	4142417	1600	0.9153279724679
24	4261175	1620	0.86382530280392
24	4382163	1640	0.90514091574133
24	4505859	1660	0.9028811152842
24	4631654	1680	0.8764185693475
24	4759490	1700	0.88121160560665
24	4889885	1720	0.92948079301759
24	5022332	1740	0.91780236709382
24	5157479	1760	0.84875696398683
24	5295181	1780	0.87597214029479
24	5434458	1800	0.88094303236401
24	5577233	1820	0.89317747529609
24	5721893	1840	0.8212317431618
24	5868812	1860	0.84223899865749
24	6018473	1880	0.8747735002343
24	6170609	1900	0.86654533024705
24	6324561	1920	0.85197081121348
24	6481162	1940	0.87628301153906
24	6641085	1960	0.82210784758713
24	6803184	1980	0.83805427176214
24	6967930	2000	0.82157051159827
25	145025	240	0.26750924458553
25	171034	260	0.23900546651655
25	198243	280	0.42136078374223
25	225382	300	0.51845259282809
25	252933	320	0.5822234312118
25	280266	340	0.4009239401421
25	307432	360	0.27702310887005
25	334844	380	0.6001896290377
25	362587	400	0.54275048781041
25	390378	420	1.5721337894046
25	419002	440	1.2064596292677
25	448211	460	1.4969709758265
25	477817	480	1.8546394510146
25	507953	500	1.5759867133984
25	538976	520	1.7291738271446
25	570994	540	1.554732844044
25	603414	560	1.7894694007455
25	636567	580	1.955368621786
25	670459	600	1.779223099406
25	705164	620	1.4713593771733
25	740644	640	1.6691851785479
25	777019	660	1.6061928932721
25	815087	680	1.305191214447
25	854008	700	1.3018602469313
25	894145	720	1.3153209590336
25	935965	740	1.348717304123
25	979245	760	1.4260603286649
25	1022777	780	1.2994611490764
25	1067808	800	1.6322715652674
25	1113916	820	1.372277512135
25	1160784	840	1.3856740276543
25	1209202	860	1.301992030484
25	1258587	880	1.2181688795717
25	1309678	900	1.3612862254524
25	1360983	920	1.5745010615154
25	1414239	940	1.4853347869333
25	1468750	960	1.4014640535806
25	1524596	980	1.3438897680467
25	1581575	1000	1.2514777828153
25	1640822	1020	1.2983200353552
25	1700795	1040	1.3849082350412
25	1762547	1060	1.4299914078527
25	1826108	1080	1.3442813799443
25	1891117	1100	1.2775477951499
25	1957129	1120	1.3236948349059
25	2025183	1140	1.407412372828
25	2094455	1160	1.2612727874636
25	2165891	1180	1.1934071065351
25	2239297	1200	1.1851627562045
25	2315155	1220	1.1257671447584
25	2391970	1240	1.0923333861229
25	2470945	1260	1.13561577602
25	2551858	1280	1.0888263128024
25	2635411	1300	1.0404788891845
25	2720265	1320	1.0097893635592
25	2807830	1340	0.98319922257586
25	2897394	1360	1.029320371963
25	2989275	1380	0.97601181717322
25	3082740	1400	0.86166611112856
25	3178522	1420	0.93849473367327
25	3276090	1440	0.97267798239909
25	3376089	1460	0.88467556090158
25	3478256	1480	0.88874693639227
25	3582480	1500	0.95795596078072
25	3690374	1520	0.81500785234321
25	3799724	1540	0.87605043475613
25	3911990	1560	0.91262801930775
25	4025620	1580	0.80953276579144
25	4142417	1600	0.8378252971822
25	4261175	1620	0.74619415376429
25	4382163	1640	0.81928007734905
25	4505859	1660	0.81519430833684
25	4631654	1680	0.76810950869711
25	4759490	1700	0.77653389385584
25	4889885	1720	0.86393454458861
25	5022332	1740	0.84236118504301
25	5157479	1760	0.72038838391614
25	5295181	1780	0.76732719057264
25	5434458	1800	0.77606062627069
25	5577233	1820	0.7977660023763
25	5721893	1840	0.67442157597656
25	5868812	1860	0.70936653085958
25	6018473	1880	0.76522867671217
25	6170609	1900	0.75090080937297
25	6324561	1920	0.72585426315975
25	6481162	1940	0.76787191631197
25	6641085	1960	0.67586131306435
25	6803184	1980	0.70233496241877
25	6967930	2000	0.67497810552785
