version 2
run statisticRVV-213-20150326-06:42:05-612
attr c 4
attr configname statisticRVV
attr datetime 20150326-06:42:05
attr experiment statisticRVV
attr inifile omnetpp.ini
attr iterationvars "$sc=\"erlangen-medium.launchd.xml\", $p=1/5, $c=4"
attr iterationvars2 "$sc=\"erlangen-medium.launchd.xml\", $p=1/5, $c=4, $repetition=3"
attr measurement "$sc=\"erlangen-medium.launchd.xml\", $p=1/5, $c=4"
attr network RSUExampleScenario
attr p 1/5
attr processid 612
attr repetition 3
attr replication #3
attr resultdir results
attr runnumber 213
attr sc "\"erlangen-medium.launchd.xml\""
attr seedset 213

vector 0  RSUExampleScenario.rsu[0].appl  Number_CH  ETV
vector 1  RSUExampleScenario.rsu[0].appl  Number_ON  ETV
vector 2  RSUExampleScenario.rsu[0].appl  Number_FN  ETV
vector 3  RSUExampleScenario.rsu[0].appl  Number_CH_Losts  ETV
vector 4  RSUExampleScenario.rsu[0].appl  Mean_Cluster_Size  ETV
vector 5  RSUExampleScenario.rsu[0].appl  StdDev_Cluster_Size  ETV
vector 6  RSUExampleScenario.rsu[0].appl  Variance_Cluster_Size  ETV
vector 7  RSUExampleScenario.rsu[0].appl  Mean_Neighbors  ETV
vector 8  RSUExampleScenario.rsu[0].appl  StdDev_Neighbors  ETV
vector 9  RSUExampleScenario.rsu[0].appl  Variance_Neighbors  ETV
vector 10  RSUExampleScenario.rsu[0].appl  Total_CH_Utility  ETV
vector 11  RSUExampleScenario.rsu[0].appl  Mean_CH_Utility  ETV
vector 12  RSUExampleScenario.rsu[0].appl  StdDev_CH_Utility  ETV
vector 13  RSUExampleScenario.rsu[0].appl  Variance_CH_Utility  ETV
vector 14  RSUExampleScenario.rsu[0].appl  Total_exp_CH_Utility  ETV
vector 15  RSUExampleScenario.rsu[0].appl  Mean_exp_CH_Utility  ETV
vector 16  RSUExampleScenario.rsu[0].appl  StdDev_exp_CH_Utility  ETV
vector 17  RSUExampleScenario.rsu[0].appl  Variance_exp_CH_Utility  ETV
vector 18  RSUExampleScenario.rsu[0].appl  Total_ON_Utility  ETV
vector 19  RSUExampleScenario.rsu[0].appl  Mean_ON_Utility  ETV
vector 20  RSUExampleScenario.rsu[0].appl  StdDev_ON_Utility  ETV
vector 21  RSUExampleScenario.rsu[0].appl  Variance_ON_Utility  ETV
vector 22  RSUExampleScenario.rsu[0].appl  Total_exp_ON_Utility  ETV
vector 23  RSUExampleScenario.rsu[0].appl  Mean_exp_ON_Utility  ETV
vector 24  RSUExampleScenario.rsu[0].appl  StdDev_exp_ON_Utility  ETV
vector 25  RSUExampleScenario.rsu[0].appl  Variance_exp_ON_Utility  ETV
0	145912	240	12
0	171793	260	12
0	198570	280	13
0	226008	300	13
0	253313	320	13
0	280838	340	11
0	308444	360	16
0	335719	380	13
0	363519	400	15
0	391271	420	16
0	419728	440	15
0	448787	460	17
0	478221	480	13
0	508268	500	12
0	539047	520	24
0	570227	540	14
0	602241	560	13
0	635170	580	13
0	669322	600	17
0	703479	620	12
0	739156	640	14
0	775257	660	18
0	812804	680	15
0	851316	700	17
0	891199	720	11
0	932756	740	18
0	974995	760	16
0	1018291	780	16
0	1062959	800	19
0	1108811	820	15
0	1155854	840	10
0	1204272	860	17
0	1253590	880	20
0	1304486	900	19
0	1355999	920	24
0	1409286	940	20
0	1463421	960	21
0	1518512	980	19
0	1574937	1000	19
0	1632543	1020	21
0	1692064	1040	21
0	1752698	1060	24
0	1815316	1080	17
0	1879872	1100	20
0	1945315	1120	20
0	2012833	1140	21
0	2082600	1160	23
0	2153523	1180	30
0	2226403	1200	18
0	2301428	1220	25
0	2378229	1240	29
0	2457833	1260	27
0	2539315	1280	25
0	2622020	1300	26
0	2706494	1320	26
0	2793394	1340	20
0	2882251	1360	23
0	2973323	1380	25
0	3066445	1400	24
0	3161312	1420	26
0	3258532	1440	28
0	3359090	1460	27
0	3461663	1480	30
0	3566022	1500	26
0	3672201	1520	31
0	3780546	1540	24
0	3892115	1560	26
0	4005942	1580	31
0	4122168	1600	24
0	4239868	1620	25
0	4360360	1640	26
0	4482594	1660	34
0	4607355	1680	30
0	4735143	1700	34
0	4863782	1720	26
0	4994859	1740	23
0	5128983	1760	29
0	5266697	1780	32
0	5405536	1800	27
0	5547316	1820	34
0	5691828	1840	27
0	5838939	1860	30
0	5988360	1880	28
0	6140709	1900	32
0	6294487	1920	31
0	6450907	1940	27
0	6610578	1960	24
0	6773031	1980	29
0	6937771	2000	30
1	145912	240	15
1	171793	260	13
1	198570	280	23
1	226008	300	20
1	253313	320	18
1	280838	340	13
1	308444	360	19
1	335719	380	15
1	363519	400	17
1	391271	420	19
1	419728	440	20
1	448787	460	21
1	478221	480	18
1	508268	500	19
1	539047	520	38
1	570227	540	21
1	602241	560	19
1	635170	580	19
1	669322	600	26
1	703479	620	16
1	739156	640	20
1	775257	660	25
1	812804	680	21
1	851316	700	22
1	891199	720	18
1	932756	740	27
1	974995	760	23
1	1018291	780	21
1	1062959	800	27
1	1108811	820	21
1	1155854	840	13
1	1204272	860	21
1	1253590	880	27
1	1304486	900	27
1	1355999	920	33
1	1409286	940	30
1	1463421	960	27
1	1518512	980	30
1	1574937	1000	30
1	1632543	1020	29
1	1692064	1040	28
1	1752698	1060	33
1	1815316	1080	22
1	1879872	1100	26
1	1945315	1120	28
1	2012833	1140	30
1	2082600	1160	31
1	2153523	1180	40
1	2226403	1200	26
1	2301428	1220	30
1	2378229	1240	42
1	2457833	1260	37
1	2539315	1280	34
1	2622020	1300	33
1	2706494	1320	37
1	2793394	1340	30
1	2882251	1360	35
1	2973323	1380	41
1	3066445	1400	33
1	3161312	1420	32
1	3258532	1440	38
1	3359090	1460	37
1	3461663	1480	41
1	3566022	1500	37
1	3672201	1520	45
1	3780546	1540	37
1	3892115	1560	37
1	4005942	1580	41
1	4122168	1600	36
1	4239868	1620	35
1	4360360	1640	37
1	4482594	1660	55
1	4607355	1680	42
1	4735143	1700	50
1	4863782	1720	35
1	4994859	1740	33
1	5128983	1760	40
1	5266697	1780	45
1	5405536	1800	43
1	5547316	1820	51
1	5691828	1840	41
1	5838939	1860	43
1	5988360	1880	41
1	6140709	1900	50
1	6294487	1920	44
1	6450907	1940	41
1	6610578	1960	35
1	6773031	1980	42
1	6937771	2000	43
2	145912	240	53
2	171793	260	62
2	198570	280	55
2	226008	300	61
2	253313	320	64
2	280838	340	71
2	308444	360	60
2	335719	380	65
2	363519	400	62
2	391271	420	60
2	419728	440	62
2	448787	460	60
2	478221	480	69
2	508268	500	69
2	539047	520	40
2	570227	540	70
2	602241	560	72
2	635170	580	74
2	669322	600	66
2	703479	620	80
2	739156	640	76
2	775257	660	69
2	812804	680	77
2	851316	700	74
2	891199	720	85
2	932756	740	71
2	974995	760	78
2	1018291	780	80
2	1062959	800	73
2	1108811	820	84
2	1155854	840	100
2	1204272	860	86
2	1253590	880	78
2	1304486	900	79
2	1355999	920	70
2	1409286	940	78
2	1463421	960	81
2	1518512	980	81
2	1574937	1000	82
2	1632543	1020	82
2	1692064	1040	85
2	1752698	1060	78
2	1815316	1080	98
2	1879872	1100	93
2	1945315	1120	91
2	2012833	1140	89
2	2082600	1160	89
2	2153523	1180	73
2	2226403	1200	101
2	2301428	1220	90
2	2378229	1240	75
2	2457833	1260	86
2	2539315	1280	92
2	2622020	1300	91
2	2706494	1320	88
2	2793394	1340	103
2	2882251	1360	96
2	2973323	1380	91
2	3066445	1400	99
2	3161312	1420	99
2	3258532	1440	94
2	3359090	1460	96
2	3461663	1480	92
2	3566022	1500	99
2	3672201	1520	87
2	3780546	1540	103
2	3892115	1560	103
2	4005942	1580	98
2	4122168	1600	109
2	4239868	1620	110
2	4360360	1640	108
2	4482594	1660	83
2	4607355	1680	101
2	4735143	1700	92
2	4863782	1720	114
2	4994859	1740	121
2	5128983	1760	109
2	5266697	1780	105
2	5405536	1800	112
2	5547316	1820	97
2	5691828	1840	117
2	5838939	1860	114
2	5988360	1880	118
2	6140709	1900	105
2	6294487	1920	113
2	6450907	1940	122
2	6610578	1960	131
2	6773031	1980	122
2	6937771	2000	123
3	145912	240	1
3	171793	260	6
3	198570	280	7
3	226008	300	3
3	253313	320	5
3	280838	340	4
3	308444	360	6
3	335719	380	2
3	363519	400	2
3	391271	420	3
3	419728	440	5
3	448787	460	10
3	478221	480	3
3	508268	500	6
3	539047	520	2
3	570227	540	6
3	602241	560	1
3	635170	580	6
3	669322	600	7
3	703479	620	1
3	739156	640	6
3	775257	660	4
3	812804	680	5
3	851316	700	5
3	891199	720	8
3	932756	740	6
3	974995	760	13
3	1018291	780	8
3	1062959	800	5
3	1108811	820	6
3	1155854	840	4
3	1204272	860	6
3	1253590	880	5
3	1304486	900	8
3	1355999	920	8
3	1409286	940	6
3	1463421	960	6
3	1518512	980	9
3	1574937	1000	4
3	1632543	1020	7
3	1692064	1040	7
3	1752698	1060	14
3	1815316	1080	9
3	1879872	1100	6
3	1945315	1120	6
3	2012833	1140	4
3	2082600	1160	7
3	2153523	1180	11
3	2226403	1200	6
3	2301428	1220	5
3	2378229	1240	7
3	2457833	1260	3
3	2539315	1280	6
3	2622020	1300	7
3	2706494	1320	10
3	2793394	1340	7
3	2882251	1360	8
3	2973323	1380	4
3	3066445	1400	7
3	3161312	1420	5
3	3258532	1440	1
3	3359090	1460	8
3	3461663	1480	6
3	3566022	1500	12
3	3672201	1520	4
3	3780546	1540	5
3	3892115	1560	7
3	4005942	1580	8
3	4122168	1600	3
3	4239868	1620	11
3	4360360	1640	8
3	4482594	1660	8
3	4607355	1680	8
3	4735143	1700	4
3	4863782	1720	7
3	4994859	1740	6
3	5128983	1760	8
3	5266697	1780	7
3	5405536	1800	7
3	5547316	1820	4
3	5691828	1840	12
3	5838939	1860	8
3	5988360	1880	1
3	6140709	1900	7
3	6294487	1920	11
3	6450907	1940	5
3	6610578	1960	10
3	6773031	1980	8
3	6937771	2000	2
4	145912	240	1.25
4	171793	260	1.0833333333333
4	198570	280	1.7692307692308
4	226008	300	1.5384615384615
4	253313	320	1.3846153846154
4	280838	340	1.1818181818182
4	308444	360	1.1875
4	335719	380	1.1538461538462
4	363519	400	1.1333333333333
4	391271	420	1.1875
4	419728	440	1.3333333333333
4	448787	460	1.2352941176471
4	478221	480	1.3846153846154
4	508268	500	1.5833333333333
4	539047	520	1.5833333333333
4	570227	540	1.5
4	602241	560	1.4615384615385
4	635170	580	1.4615384615385
4	669322	600	1.5294117647059
4	703479	620	1.3333333333333
4	739156	640	1.4285714285714
4	775257	660	1.3888888888889
4	812804	680	1.4
4	851316	700	1.2941176470588
4	891199	720	1.6363636363636
4	932756	740	1.5
4	974995	760	1.4375
4	1018291	780	1.3125
4	1062959	800	1.4210526315789
4	1108811	820	1.4
4	1155854	840	1.3
4	1204272	860	1.2352941176471
4	1253590	880	1.35
4	1304486	900	1.4210526315789
4	1355999	920	1.375
4	1409286	940	1.5
4	1463421	960	1.2857142857143
4	1518512	980	1.5789473684211
4	1574937	1000	1.5789473684211
4	1632543	1020	1.3809523809524
4	1692064	1040	1.3333333333333
4	1752698	1060	1.375
4	1815316	1080	1.2941176470588
4	1879872	1100	1.3
4	1945315	1120	1.4
4	2012833	1140	1.4285714285714
4	2082600	1160	1.3478260869565
4	2153523	1180	1.3333333333333
4	2226403	1200	1.4444444444444
4	2301428	1220	1.2
4	2378229	1240	1.448275862069
4	2457833	1260	1.3703703703704
4	2539315	1280	1.36
4	2622020	1300	1.2692307692308
4	2706494	1320	1.4230769230769
4	2793394	1340	1.5
4	2882251	1360	1.5217391304348
4	2973323	1380	1.64
4	3066445	1400	1.375
4	3161312	1420	1.2307692307692
4	3258532	1440	1.3571428571429
4	3359090	1460	1.3703703703704
4	3461663	1480	1.3666666666667
4	3566022	1500	1.4230769230769
4	3672201	1520	1.4516129032258
4	3780546	1540	1.5416666666667
4	3892115	1560	1.4230769230769
4	4005942	1580	1.3225806451613
4	4122168	1600	1.5
4	4239868	1620	1.4
4	4360360	1640	1.4230769230769
4	4482594	1660	1.6176470588235
4	4607355	1680	1.4
4	4735143	1700	1.4705882352941
4	4863782	1720	1.3461538461538
4	4994859	1740	1.4347826086957
4	5128983	1760	1.3793103448276
4	5266697	1780	1.40625
4	5405536	1800	1.5925925925926
4	5547316	1820	1.5
4	5691828	1840	1.5185185185185
4	5838939	1860	1.4333333333333
4	5988360	1880	1.4642857142857
4	6140709	1900	1.5625
4	6294487	1920	1.4193548387097
4	6450907	1940	1.5185185185185
4	6610578	1960	1.4583333333333
4	6773031	1980	1.448275862069
4	6937771	2000	1.4333333333333
5	145912	240	0.45226701686665
5	171793	260	0.28867513459481
5	198570	280	0.43852900965351
5	226008	300	0.51887452166277
5	253313	320	0.50636968354183
5	280838	340	0.40451991747795
5	308444	360	0.40311288741493
5	335719	380	0.37553380809941
5	363519	400	0.3518657752745
5	391271	420	0.40311288741493
5	419728	440	0.48795003647427
5	448787	460	0.4372373160976
5	478221	480	0.50636968354183
5	508268	500	0.51492865054444
5	539047	520	0.58359207512176
5	570227	540	0.65044363558799
5	602241	560	0.51887452166277
5	635170	580	0.51887452166277
5	669322	600	0.51449575542753
5	703479	620	0.49236596391733
5	739156	640	0.5135525910131
5	775257	660	0.50163132570455
5	812804	680	0.50709255283711
5	851316	700	0.46966821831386
5	891199	720	0.50452497910951
5	932756	740	0.51449575542753
5	974995	760	0.51234753829798
5	1018291	780	0.47871355387817
5	1062959	800	0.60697697866688
5	1108811	820	0.50709255283711
5	1155854	840	0.48304589153965
5	1204272	860	0.4372373160976
5	1253590	880	0.48936048492959
5	1304486	900	0.50725727350179
5	1355999	920	0.49453535504684
5	1409286	940	0.60697697866688
5	1463421	960	0.46291004988628
5	1518512	980	0.60697697866688
5	1574937	1000	0.50725727350179
5	1632543	1020	0.49761335152812
5	1692064	1040	0.48304589153965
5	1752698	1060	0.49453535504684
5	1815316	1080	0.46966821831386
5	1879872	1100	0.47016234598163
5	1945315	1120	0.50262468995003
5	2012833	1140	0.50709255283711
5	2082600	1160	0.48698475355767
5	2153523	1180	0.47946330148538
5	2226403	1200	0.51130999256491
5	2301428	1220	0.40824829046386
5	2378229	1240	0.50612017887848
5	2457833	1260	0.49210287762341
5	2539315	1280	0.48989794855664
5	2622020	1300	0.4523443208612
5	2706494	1320	0.50383147365578
5	2793394	1340	0.51298917604258
5	2882251	1360	0.51075391845525
5	2973323	1380	0.48989794855664
5	3066445	1400	0.49453535504684
5	3161312	1420	0.42966892442366
5	3258532	1440	0.48795003647427
5	3359090	1460	0.49210287762341
5	3461663	1480	0.49013251785356
5	3566022	1500	0.50383147365578
5	3672201	1520	0.50587941102067
5	3780546	1540	0.50897737770405
5	3892115	1560	0.50383147365578
5	4005942	1580	0.47519096331149
5	4122168	1600	0.51075391845525
5	4239868	1620	0.5
5	4360360	1640	0.50383147365578
5	4482594	1660	0.49327021805638
5	4607355	1680	0.49827287912244
5	4735143	1700	0.5066403971049
5	4863782	1720	0.48516452403758
5	4994859	1740	0.5068698018697
5	5128983	1760	0.49380397379124
5	5266697	1780	0.49899091723585
5	5405536	1800	0.50071174413254
5	5547316	1820	0.50751921892255
5	5691828	1840	0.50917507721732
5	5838939	1860	0.50400693299373
5	5988360	1880	0.50787450018337
5	6140709	1900	0.50401612877419
5	6294487	1920	0.5016103101271
5	6450907	1940	0.50917507721732
5	6610578	1960	0.50897737770405
5	6773031	1980	0.50612017887848
5	6937771	2000	0.56832077715594
6	145912	240	0.20454545454545
6	171793	260	0.083333333333333
6	198570	280	0.19230769230769
6	226008	300	0.26923076923077
6	253313	320	0.25641025641026
6	280838	340	0.16363636363636
6	308444	360	0.1625
6	335719	380	0.14102564102564
6	363519	400	0.12380952380952
6	391271	420	0.1625
6	419728	440	0.23809523809524
6	448787	460	0.19117647058824
6	478221	480	0.25641025641026
6	508268	500	0.26515151515152
6	539047	520	0.34057971014493
6	570227	540	0.42307692307692
6	602241	560	0.26923076923077
6	635170	580	0.26923076923077
6	669322	600	0.26470588235294
6	703479	620	0.24242424242424
6	739156	640	0.26373626373626
6	775257	660	0.2516339869281
6	812804	680	0.25714285714286
6	851316	700	0.22058823529412
6	891199	720	0.25454545454545
6	932756	740	0.26470588235294
6	974995	760	0.2625
6	1018291	780	0.22916666666667
6	1062959	800	0.36842105263158
6	1108811	820	0.25714285714286
6	1155854	840	0.23333333333333
6	1204272	860	0.19117647058824
6	1253590	880	0.23947368421053
6	1304486	900	0.25730994152047
6	1355999	920	0.2445652173913
6	1409286	940	0.36842105263158
6	1463421	960	0.21428571428571
6	1518512	980	0.36842105263158
6	1574937	1000	0.25730994152047
6	1632543	1020	0.24761904761905
6	1692064	1040	0.23333333333333
6	1752698	1060	0.2445652173913
6	1815316	1080	0.22058823529412
6	1879872	1100	0.22105263157895
6	1945315	1120	0.25263157894737
6	2012833	1140	0.25714285714286
6	2082600	1160	0.23715415019763
6	2153523	1180	0.22988505747126
6	2226403	1200	0.26143790849673
6	2301428	1220	0.16666666666667
6	2378229	1240	0.25615763546798
6	2457833	1260	0.24216524216524
6	2539315	1280	0.24
6	2622020	1300	0.20461538461538
6	2706494	1320	0.25384615384615
6	2793394	1340	0.26315789473684
6	2882251	1360	0.26086956521739
6	2973323	1380	0.24
6	3066445	1400	0.2445652173913
6	3161312	1420	0.18461538461538
6	3258532	1440	0.23809523809524
6	3359090	1460	0.24216524216524
6	3461663	1480	0.24022988505747
6	3566022	1500	0.25384615384615
6	3672201	1520	0.25591397849462
6	3780546	1540	0.25905797101449
6	3892115	1560	0.25384615384615
6	4005942	1580	0.2258064516129
6	4122168	1600	0.26086956521739
6	4239868	1620	0.25
6	4360360	1640	0.25384615384615
6	4482594	1660	0.24331550802139
6	4607355	1680	0.24827586206897
6	4735143	1700	0.25668449197861
6	4863782	1720	0.23538461538462
6	4994859	1740	0.25691699604743
6	5128983	1760	0.24384236453202
6	5266697	1780	0.24899193548387
6	5405536	1800	0.25071225071225
6	5547316	1820	0.25757575757576
6	5691828	1840	0.25925925925926
6	5838939	1860	0.25402298850575
6	5988360	1880	0.25793650793651
6	6140709	1900	0.25403225806452
6	6294487	1920	0.25161290322581
6	6450907	1940	0.25925925925926
6	6610578	1960	0.25905797101449
6	6773031	1980	0.25615763546798
6	6937771	2000	0.32298850574713
7	145912	240	23.192307692308
7	171793	260	22.126436781609
7	198570	280	22.373626373626
7	226008	300	22.404255319149
7	253313	320	22.326315789474
7	280838	340	22.210526315789
7	308444	360	22.553191489362
7	335719	380	22.247311827957
7	363519	400	22.712765957447
7	391271	420	22.157894736842
7	419728	440	21.979381443299
7	448787	460	22.163265306122
7	478221	480	22.09
7	508268	500	22.22
7	539047	520	22.450980392157
7	570227	540	22.342857142857
7	602241	560	22.865384615385
7	635170	580	22.88679245283
7	669322	600	23.824074074074
7	703479	620	23.675925925926
7	739156	640	24.072727272727
7	775257	660	24.098214285714
7	812804	680	24.849557522124
7	851316	700	25.732142857143
7	891199	720	26.210526315789
7	932756	740	26.991379310345
7	974995	760	27.444444444444
7	1018291	780	27.410256410256
7	1062959	800	28.605042016807
7	1108811	820	28.808333333333
7	1155854	840	29.008130081301
7	1204272	860	29.266129032258
7	1253590	880	29.336
7	1304486	900	30.056
7	1355999	920	30.314960629921
7	1409286	940	30.3671875
7	1463421	960	30.883720930233
7	1518512	980	31.261538461538
7	1574937	1000	32.007633587786
7	1632543	1020	31.939393939394
7	1692064	1040	32.440298507463
7	1752698	1060	32.8
7	1815316	1080	33.474452554745
7	1879872	1100	34.246376811594
7	1945315	1120	34.647482014388
7	2012833	1140	35.164285714286
7	2082600	1160	36.288732394366
7	2153523	1180	36.755244755245
7	2226403	1200	37.048275862069
7	2301428	1220	38.055172413793
7	2378229	1240	38.595890410959
7	2457833	1260	39.173333333333
7	2539315	1280	40.238410596026
7	2622020	1300	40.473333333333
7	2706494	1320	40.801324503311
7	2793394	1340	42.203947368421
7	2882251	1360	42.590909090909
7	2973323	1380	43.320512820513
7	3066445	1400	44.128205128205
7	3161312	1420	44.713375796178
7	3258532	1440	45.01875
7	3359090	1460	46.0875
7	3461663	1480	46.748466257669
7	3566022	1500	47.413580246914
7	3672201	1520	48.300613496933
7	3780546	1540	48.926829268293
7	3892115	1560	49.951219512195
7	4005942	1580	49.988235294118
7	4122168	1600	50.639053254438
7	4239868	1620	50.917647058824
7	4360360	1640	51.719298245614
7	4482594	1660	52.186046511628
7	4607355	1680	52.722543352601
7	4735143	1700	53.079545454545
7	4863782	1720	54.298850574713
7	4994859	1740	53.830508474576
7	5128983	1760	54.623595505618
7	5266697	1780	54.697802197802
7	5405536	1800	55.845303867403
7	5547316	1820	56.67032967033
7	5691828	1840	56.616216216216
7	5838939	1860	57.016042780749
7	5988360	1880	57.967914438503
7	6140709	1900	58.55614973262
7	6294487	1920	59.154255319149
7	6450907	1940	59.847368421053
7	6610578	1960	60.978835978836
7	6773031	1980	60.761658031088
7	6937771	2000	60.933673469388
8	145912	240	4.4577604659322
8	171793	260	5.4597993780783
8	198570	280	4.7084990570205
8	226008	300	4.6842659285047
8	253313	320	4.6067529185325
8	280838	340	5.473135040071
8	308444	360	4.2694640223576
8	335719	380	4.5027911971076
8	363519	400	4.9091144996263
8	391271	420	4.6478450496787
8	419728	440	4.6412538298828
8	448787	460	4.5964887485433
8	478221	480	4.9870438198001
8	508268	500	3.8914046696573
8	539047	520	3.9642647576718
8	570227	540	4.829454045089
8	602241	560	3.9586643140844
8	635170	580	3.8005532296959
8	669322	600	2.8344631551035
8	703479	620	3.185330581015
8	739156	640	4.0426830288469
8	775257	660	4.5101683343439
8	812804	680	4.9248300168963
8	851316	700	4.4377214810499
8	891199	720	5.1067778737198
8	932756	740	5.7339502881562
8	974995	760	6.4292494929148
8	1018291	780	6.6929631679974
8	1062959	800	7.1119599522654
8	1108811	820	7.6820163596637
8	1155854	840	8.3061264521242
8	1204272	860	8.3890258075342
8	1253590	880	9.1103840080533
8	1304486	900	9.0903209780442
8	1355999	920	9.4932731299937
8	1409286	940	9.7527473163481
8	1463421	960	10.161683475021
8	1518512	980	10.858893291043
8	1574937	1000	10.788523947807
8	1632543	1020	11.107907626715
8	1692064	1040	12.032856768677
8	1752698	1060	11.787800422724
8	1815316	1080	12.535291528539
8	1879872	1100	12.932058052097
8	1945315	1120	13.2615076139
8	2012833	1140	14.427995724882
8	2082600	1160	14.756453563985
8	2153523	1180	14.809217144727
8	2226403	1200	15.574788670977
8	2301428	1220	16.234299813095
8	2378229	1240	17.236920585495
8	2457833	1260	18.029337265611
8	2539315	1280	18.432474461946
8	2622020	1300	18.338245020314
8	2706494	1320	18.675838175764
8	2793394	1340	19.761940414617
8	2882251	1360	20.184966137987
8	2973323	1380	20.12252378819
8	3066445	1400	20.697738055851
8	3161312	1420	21.757124078019
8	3258532	1440	22.477234289849
8	3359090	1460	23.194389773847
8	3461663	1480	23.646664358582
8	3566022	1500	23.856883080822
8	3672201	1520	24.247218236612
8	3780546	1540	24.835300666792
8	3892115	1560	25.248168220757
8	4005942	1580	26.011601470662
8	4122168	1600	26.355737408322
8	4239868	1620	26.35340686899
8	4360360	1640	26.439111660322
8	4482594	1660	26.760148264831
8	4607355	1680	26.915747323061
8	4735143	1700	27.341740603348
8	4863782	1720	27.310086193927
8	4994859	1740	27.711676573062
8	5128983	1760	27.68525489158
8	5266697	1780	28.087509180035
8	5405536	1800	28.197090916567
8	5547316	1820	29.034197761773
8	5691828	1840	29.435425949399
8	5838939	1860	29.352414847411
8	5988360	1880	29.435167275026
8	6140709	1900	29.887617498211
8	6294487	1920	30.113024754586
8	6450907	1940	30.736168109821
8	6610578	1960	30.529538830304
8	6773031	1980	30.977565493487
8	6937771	2000	31.267590967293
9	145912	240	19.871628371628
9	171793	260	29.809409248864
9	198570	280	22.169963369963
9	226008	300	21.94234728895
9	253313	320	21.222172452408
9	280838	340	29.955207166853
9	308444	360	18.228323038206
9	335719	380	20.27512856475
9	363519	400	24.099405170442
9	391271	420	21.602463605823
9	419728	440	21.541237113402
9	448787	460	21.127708815485
9	478221	480	24.870606060606
9	508268	500	15.14303030303
9	539047	520	15.715395068919
9	570227	540	23.323626373626
9	602241	560	15.671023151606
9	635170	580	14.444204851752
9	669322	600	8.0341813776393
9	703479	620	10.14633091035
9	739156	640	16.343286071726
9	775257	660	20.341618404118
9	812804	680	24.253950695322
9	851316	700	19.693371943372
9	891199	720	26.079180251514
9	932756	740	32.878185907046
9	974995	760	41.335249042146
9	1018291	780	44.79575596817
9	1062959	800	50.579974362626
9	1108811	820	59.01337535014
9	1155854	840	68.991736638678
9	1204272	860	70.375753999475
9	1253590	880	82.999096774194
9	1304486	900	82.633935483871
9	1355999	920	90.12223472066
9	1409286	940	95.116080216535
9	1463421	960	103.25981104651
9	1518512	980	117.91556350626
9	1574937	1000	116.3922489724
9	1632543	1020	123.38561184363
9	1692064	1040	144.78964201549
9	1752698	1060	138.95223880597
9	1815316	1080	157.13353370545
9	1879872	1100	167.23812546282
9	1945315	1120	175.86758419351
9	2012833	1140	208.1670606372
9	2082600	1160	217.75292178604
9	2153523	1180	219.31291243967
9	2226403	1200	242.57404214559
9	2301428	1220	263.55249042146
9	2378229	1240	297.11143127067
9	2457833	1260	325.05700223714
9	2539315	1280	339.75611479029
9	2622020	1300	336.29123042506
9	2706494	1320	348.78693156733
9	2793394	1340	390.53428895085
9	2882251	1360	407.43285799168
9	2973323	1380	404.91596360629
9	3066445	1400	428.39636062862
9	3161312	1420	473.37244814633
9	3258532	1440	505.22606132075
9	3359090	1460	537.97971698113
9	3461663	1480	559.16473528743
9	3566022	1500	569.15087033203
9	3672201	1520	587.92759221389
9	3780546	1540	616.79215920994
9	3892115	1560	637.46999850367
9	4005942	1580	676.60341106857
9	4122168	1600	694.62489433643
9	4239868	1620	694.50205360251
9	4360360	1640	699.026625387
9	4482594	1660	716.10553515572
9	4607355	1680	724.45745395887
9	4735143	1700	747.57077922078
9	4863782	1720	745.84080791974
9	4994859	1740	767.93701848998
9	5128983	1760	766.47333841173
9	5266697	1780	788.90817193856
9	5405536	1800	795.07593615715
9	5547316	1820	842.98463966972
9	5691828	1840	866.44430082256
9	5838939	1860	861.5642573745
9	5988360	1880	866.42907250877
9	6140709	1900	893.2696797194
9	6294487	1920	906.79425987029
9	6450907	1940	944.71203007519
9	6610578	1960	932.05274119104
9	6773031	1980	959.60956390328
9	6937771	2000	977.66224489796
10	145912	240	587.25558870636
10	171793	260	575.67601195802
10	198570	280	629.64729602239
10	226008	300	628.8616028155
10	253313	320	629.07655951191
10	280838	340	537.11061221018
10	308444	360	772.04942529192
10	335719	380	630.8993147227
10	363519	400	729.26355269694
10	391271	420	770.79800343291
10	419728	440	727.34862479497
10	448787	460	814.56923069758
10	478221	480	618.46384701515
10	508268	500	572.86332743569
10	539047	520	1157.3090965863
10	570227	540	685.06538160381
10	602241	560	635.10119532394
10	635170	580	636.6995517657
10	669322	600	846.46784730279
10	703479	620	590.33276534029
10	739156	640	684.39142293614
10	775257	660	876.9237346635
10	812804	680	722.95501408629
10	851316	700	813.59939290603
10	891199	720	543.68365328285
10	932756	740	876.53386931955
10	974995	760	784.22735962461
10	1018291	780	772.59593824721
10	1062959	800	921.02952934398
10	1108811	820	722.91885364026
10	1155854	840	499.36008979417
10	1204272	860	850.71167802217
10	1253590	880	981.6379834339
10	1304486	900	931.96267842709
10	1355999	920	1171.2586129386
10	1409286	940	991.62562779461
10	1463421	960	1039.7718160801
10	1518512	980	950.23347349809
10	1574937	1000	921.56450220534
10	1632543	1020	1018.0992321616
10	1692064	1040	1035.2426636205
10	1752698	1060	1184.9799013661
10	1815316	1080	848.42200851651
10	1879872	1100	987.54234930332
10	1945315	1120	991.71290223975
10	2012833	1140	1053.7157063997
10	2082600	1160	1149.686937119
10	2153523	1180	1494.20328134
10	2226403	1200	900.98690888642
10	2301428	1220	1240.4907117558
10	2378229	1240	1456.0468732834
10	2457833	1260	1337.6176464626
10	2539315	1280	1238.7598383456
10	2622020	1300	1310.348436998
10	2706494	1320	1307.569437194
10	2793394	1340	1008.5630498972
10	2882251	1360	1165.6199963948
10	2973323	1380	1275.1958821114
10	3066445	1400	1235.7201040295
10	3161312	1420	1300.6555865499
10	3258532	1440	1411.927226734
10	3359090	1460	1352.7012872528
10	3461663	1480	1526.9339490465
10	3566022	1500	1316.1962066376
10	3672201	1520	1568.6719050998
10	3780546	1540	1190.5648779008
10	3892115	1560	1294.376615772
10	4005942	1580	1551.2795508386
10	4122168	1600	1217.8647818941
10	4239868	1620	1238.1526043634
10	4360360	1640	1311.4390129612
10	4482594	1660	1721.3012754965
10	4607355	1680	1525.7364022181
10	4735143	1700	1731.3207850509
10	4863782	1720	1318.0484732573
10	4994859	1740	1174.5822178564
10	5128983	1760	1462.4493249934
10	5266697	1780	1617.4434050277
10	5405536	1800	1368.9680311448
10	5547316	1820	1699.6023905913
10	5691828	1840	1367.529860172
10	5838939	1860	1516.5886197299
10	5988360	1880	1426.4826276393
10	6140709	1900	1590.9298999825
10	6294487	1920	1576.3541536121
10	6450907	1940	1359.3923253477
10	6610578	1960	1231.6132285192
10	6773031	1980	1475.7436523005
10	6937771	2000	1514.5082117707
11	145912	240	48.93796572553
11	171793	260	47.973000996502
11	198570	280	48.434407386338
11	226008	300	48.373969447346
11	253313	320	48.39050457784
11	280838	340	48.828237473653
11	308444	360	48.253089080745
11	335719	380	48.530716517131
11	363519	400	48.617570179796
11	391271	420	48.174875214557
11	419728	440	48.489908319665
11	448787	460	47.915837099858
11	478221	480	47.574142078088
11	508268	500	47.738610619641
11	539047	520	48.221212357763
11	570227	540	48.933241543129
11	602241	560	48.853938101842
11	635170	580	48.976888597361
11	669322	600	49.792226311929
11	703479	620	49.19439711169
11	739156	640	48.885101638296
11	775257	660	48.717985259084
11	812804	680	48.197000939086
11	851316	700	47.858787818002
11	891199	720	49.425786662078
11	932756	740	48.696326073308
11	974995	760	49.014209976538
11	1018291	780	48.28724614045
11	1062959	800	48.475238386526
11	1108811	820	48.194590242684
11	1155854	840	49.936008979417
11	1204272	860	50.041863413069
11	1253590	880	49.081899171695
11	1304486	900	49.050667285636
11	1355999	920	48.802442205775
11	1409286	940	49.581281389731
11	1463421	960	49.512943622862
11	1518512	980	50.012288078847
11	1574937	1000	48.503394852912
11	1632543	1020	48.480915817218
11	1692064	1040	49.297269696216
11	1752698	1060	49.374162556921
11	1815316	1080	49.907176971559
11	1879872	1100	49.377117465166
11	1945315	1120	49.585645111987
11	2012833	1140	50.176938399984
11	2082600	1160	49.986388570389
11	2153523	1180	49.806776044668
11	2226403	1200	50.054828271468
11	2301428	1220	49.619628470233
11	2378229	1240	50.208512871843
11	2457833	1260	49.54139431343
11	2539315	1280	49.550393533824
11	2622020	1300	50.398016807617
11	2706494	1320	50.291132199771
11	2793394	1340	50.428152494859
11	2882251	1360	50.679130278033
11	2973323	1380	51.007835284456
11	3066445	1400	51.488337667896
11	3161312	1420	50.025214867305
11	3258532	1440	50.425972383358
11	3359090	1460	50.100047676031
11	3461663	1480	50.897798301549
11	3566022	1500	50.622931024525
11	3672201	1520	50.60231951935
11	3780546	1540	49.606869912531
11	3892115	1560	49.783715991231
11	4005942	1580	50.041275833504
11	4122168	1600	50.744365912254
11	4239868	1620	49.526104174535
11	4360360	1640	50.43996203697
11	4482594	1660	50.626508102839
11	4607355	1680	50.857880073937
11	4735143	1700	50.921199560322
11	4863782	1720	50.694172048358
11	4994859	1740	51.068792080712
11	5128983	1760	50.429287068739
11	5266697	1780	50.545106407114
11	5405536	1800	50.70251967203
11	5547316	1820	49.988305605627
11	5691828	1840	50.649254080443
11	5838939	1860	50.552953990997
11	5988360	1880	50.945808129976
11	6140709	1900	49.716559374454
11	6294487	1920	50.850133987487
11	6450907	1940	50.347863901766
11	6610578	1960	51.317217854965
11	6773031	1980	50.887712148293
11	6937771	2000	50.483607059025
12	145912	240	2.4525074799838
12	171793	260	2.7491746658319
12	198570	280	1.1673092184428
12	226008	300	1.3729295317877
12	253313	320	2.6086972992535
12	280838	340	3.7484687731499
12	308444	360	2.7833011166134
12	335719	380	3.7222516322175
12	363519	400	2.5104822986681
12	391271	420	2.3700666035961
12	419728	440	2.2741403656308
12	448787	460	1.7317407392029
12	478221	480	1.5450984705994
12	508268	500	3.20941861144
12	539047	520	2.5184454358896
12	570227	540	2.1130878245337
12	602241	560	3.2253686498124
12	635170	580	2.3608766427163
12	669322	600	3.0622215053792
12	703479	620	2.3713855407179
12	739156	640	2.0428894898893
12	775257	660	2.5960703299999
12	812804	680	2.1141120236381
12	851316	700	1.8303720370436
12	891199	720	3.989166983763
12	932756	740	2.0984859218421
12	974995	760	2.8425229962531
12	1018291	780	2.1568122101744
12	1062959	800	2.0724540951645
12	1108811	820	1.9292661665092
12	1155854	840	2.9390951162873
12	1204272	860	3.4255633309282
12	1253590	880	3.3138779342292
12	1304486	900	2.4391487513911
12	1355999	920	2.2035514332748
12	1409286	940	2.622762684348
12	1463421	960	2.0913735573581
12	1518512	980	2.2639885056535
12	1574937	1000	3.2135951702053
12	1632543	1020	1.9735737639221
12	1692064	1040	2.3581410469797
12	1752698	1060	2.9495373240878
12	1815316	1080	3.1646177533389
12	1879872	1100	2.9899931382485
12	1945315	1120	2.8563832189985
12	2012833	1140	2.6914720760393
12	2082600	1160	1.8504353073713
12	2153523	1180	3.3089822387265
12	2226403	1200	2.9152920474451
12	2301428	1220	2.7822397831818
12	2378229	1240	3.3341120325544
12	2457833	1260	2.5185629799902
12	2539315	1280	3.2490570289148
12	2622020	1300	3.5677143117416
12	2706494	1320	2.9349284613849
12	2793394	1340	3.674153094451
12	2882251	1360	3.4868722970282
12	2973323	1380	2.8260764776441
12	3066445	1400	3.0576309568117
12	3161312	1420	3.1298412017268
12	3258532	1440	3.1401685739696
12	3359090	1460	3.0595191556393
12	3461663	1480	3.210942091282
12	3566022	1500	3.027683787469
12	3672201	1520	2.8296490524713
12	3780546	1540	2.639722115637
12	3892115	1560	2.0368989965025
12	4005942	1580	2.7446954880354
12	4122168	1600	2.3828872373685
12	4239868	1620	3.1356607580998
12	4360360	1640	2.6442814758904
12	4482594	1660	2.7505877971734
12	4607355	1680	2.9806695614141
12	4735143	1700	2.7985235226827
12	4863782	1720	2.9009358508584
12	4994859	1740	3.4708460412676
12	5128983	1760	2.9232887969901
12	5266697	1780	3.2533824943126
12	5405536	1800	2.1154683693838
12	5547316	1820	2.2952254617659
12	5691828	1840	2.479134135286
12	5838939	1860	2.768182454153
12	5988360	1880	2.4020257346339
12	6140709	1900	2.505424610497
12	6294487	1920	2.6252021716288
12	6450907	1940	2.3419788916132
12	6610578	1960	2.6169701672274
12	6773031	1980	2.0275310194759
12	6937771	2000	2.4517853738756
13	145912	240	6.0147929393766
13	171793	260	7.5579613432517
13	198570	280	1.3626108114614
13	226008	300	1.8849354992547
13	253313	320	6.8053015991326
13	280838	340	14.05101814328
13	308444	360	7.7467651057416
13	335719	380	13.855157213546
13	363519	400	6.3025213719257
13	391271	420	5.6172157054815
13	419728	440	5.1717144025912
13	448787	460	2.9989259878151
13	478221	480	2.3873292838487
13	508268	500	10.300367823457
13	539047	520	6.3425674135532
13	570227	540	4.4651401541925
13	602241	560	10.403002927193
13	635170	580	5.5737385221234
13	669322	600	9.3772005480066
13	703479	620	5.623469382726
13	739156	640	4.1733974679
13	775257	660	6.7395811583059
13	812804	680	4.4694696484912
13	851316	700	3.3502617939911
13	891199	720	15.913453224344
13	932756	740	4.4036431641694
13	974995	760	8.0799369842276
13	1018291	780	4.6518389099573
13	1062959	800	4.295065976564
13	1108811	820	3.7220679412371
13	1155854	840	8.6382801025837
13	1204272	860	11.7344841342
13	1253590	880	10.981786962971
13	1304486	900	5.9494466314126
13	1355999	920	4.8556389190874
13	1409286	940	6.8788840984085
13	1463421	960	4.3738433564167
13	1518512	980	5.1256439537312
13	1574937	1000	10.327193917967
13	1632543	1020	3.8949934016418
13	1692064	1040	5.5608291974505
13	1752698	1060	8.6997704261871
13	1815316	1080	10.014805524748
13	1879872	1100	8.9400589667734
13	1945315	1120	8.1589250937764
13	2012833	1140	7.2440219360992
13	2082600	1160	3.4241108267663
13	2153523	1180	10.949363456208
13	2226403	1200	8.4989277218967
13	2301428	1220	7.7408582111194
13	2378229	1240	11.116303045624
13	2457833	1260	6.3431594841772
13	2539315	1280	10.55637157714
13	2622020	1300	12.728585410206
13	2706494	1320	8.6138050734474
13	2793394	1340	13.499400961464
13	2882251	1360	12.158278415783
13	2973323	1380	7.9867082574935
13	3066445	1400	9.349107068053
13	3161312	1420	9.7959059480268
13	3258532	1440	9.860658672946
13	3359090	1460	9.3606574637238
13	3461663	1480	10.310149113566
13	3566022	1500	9.1668691169026
13	3672201	1520	8.006913760152
13	3780546	1540	6.9681328477833
13	3892115	1560	4.1489575219529
13	4005942	1580	7.5333533220417
13	4122168	1600	5.6781515860136
13	4239868	1620	9.8323683898873
13	4360360	1640	6.9922245237373
13	4482594	1660	7.5657332299593
13	4607355	1680	8.8843910343408
13	4735143	1700	7.8317339070086
13	4863782	1720	8.4154288107953
13	4994859	1740	12.046772242183
13	5128983	1760	8.5456173906079
13	5266697	1780	10.5844976543
13	5405536	1800	4.4752064218632
13	5547316	1820	5.2680599203384
13	5691828	1840	6.1461060607404
13	5838939	1860	7.6628340994805
13	5988360	1880	5.7697276298436
13	6140709	1900	6.2771524788839
13	6294487	1920	6.8916864419247
13	6450907	1940	5.484865128762
13	6610578	1960	6.8485328561583
13	6773031	1980	4.1108820349369
13	6937771	2000	6.0112515195501
14	145912	240	581.97106832194
14	171793	260	808.2638982231
14	198570	280	900.04744995647
14	226008	300	722.07215881974
14	253313	320	806.42256828767
14	280838	340	671.24482936881
14	308444	360	943.44081740408
14	335719	380	676.30759819834
14	363519	400	766.66351319477
14	391271	420	863.41118878199
14	419728	440	904.67678261874
14	448787	460	1210.4668264825
14	478221	480	724.42752555468
14	508268	500	814.38305000677
14	539047	520	1177.3713480399
14	570227	540	905.00026224585
14	602241	560	637.15090346517
14	635170	580	869.43691586797
14	669322	600	1107.9044198579
14	703479	620	596.87370968501
14	739156	640	911.87890912979
14	775257	660	1009.5518294144
14	812804	680	909.34657900933
14	851316	700	997.21068535791
14	891199	720	861.24089349535
14	932756	740	1101.8481324356
14	974995	760	1305.5576874844
14	1018291	780	1085.781966573
14	1062959	800	1090.4577977574
14	1108811	820	951.47753632445
14	1155854	840	634.96050586404
14	1204272	860	1053.6562437344
14	1253590	880	1136.4954818384
14	1304486	900	1236.1704945064
14	1355999	920	1450.9327277725
14	1409286	940	1181.4999752693
14	1463421	960	1227.9384182911
14	1518512	980	1284.1408810452
14	1574937	1000	1041.9288763446
14	1632543	1020	1272.3350005624
14	1692064	1040	1269.8244379235
14	1752698	1060	1741.8836202675
14	1815316	1080	1184.3403732043
14	1879872	1100	1190.1713171137
14	1945315	1120	1190.1860034416
14	2012833	1140	1142.3851095409
14	2082600	1160	1377.5225004173
14	2153523	1180	1871.9240129635
14	2226403	1200	1098.5466841065
14	2301428	1220	1366.9566416484
14	2378229	1240	1637.9551928178
14	2457833	1260	1364.4517227578
14	2539315	1280	1407.7891845428
14	2622020	1300	1508.5139383145
14	2706494	1320	1638.8327542507
14	2793394	1340	1237.4705734841
14	2882251	1360	1412.7642755196
14	2973323	1380	1325.9806569283
14	3066445	1400	1418.2368031003
14	3161312	1420	1414.6092855189
14	3258532	1440	1325.5988883092
14	3359090	1460	1595.3161199603
14	3461663	1480	1643.6370734638
14	3566022	1500	1740.0138089781
14	3672201	1520	1609.3452302026
14	3780546	1540	1316.9418745599
14	3892115	1560	1502.3925770554
14	4005942	1580	1779.0484519629
14	4122168	1600	1233.8634941098
14	4239868	1620	1638.6801665658
14	4360360	1640	1553.7845721417
14	4482594	1660	1917.7094684118
14	4607355	1680	1732.3171238858
14	4735143	1700	1737.698705614
14	4863782	1720	1462.9264693627
14	4994859	1740	1316.4056889412
14	5128983	1760	1689.9713322107
14	5266697	1780	1785.7329321496
14	5405536	1800	1551.9610022903
14	5547316	1820	1726.9436189037
14	5691828	1840	1775.5160129331
14	5838939	1860	1728.1076000102
14	5988360	1880	1325.4524398257
14	6140709	1900	1772.4439652172
14	6294487	1920	1910.4204407775
14	6450907	1940	1462.138089648
14	6610578	1960	1552.8850524531
14	6773031	1980	1688.5316088623
14	6937771	2000	1457.334136667
15	145912	240	44.767005255534
15	171793	260	44.903549901284
15	198570	280	45.002372497824
15	226008	300	45.129509926234
15	253313	320	44.801253793759
15	280838	340	44.749655291254
15	308444	360	44.925753209718
15	335719	380	45.087173213223
15	363519	400	45.097853717339
15	391271	420	45.442694146421
15	419728	440	45.233839130937
15	448787	460	44.832104684538
15	478221	480	45.276720347167
15	508268	500	45.243502778154
15	539047	520	45.283513386148
15	570227	540	45.250013112292
15	602241	560	45.510778818941
15	635170	580	45.759837677262
15	669322	600	46.162684160746
15	703479	620	45.913362283462
15	739156	640	45.59394545649
15	775257	660	45.888719518837
15	812804	680	45.467328950467
15	851316	700	45.327758425359
15	891199	720	45.328468078703
15	932756	740	45.910338851483
15	974995	760	45.01923060291
15	1018291	780	45.240915273877
15	1062959	800	45.435741573225
15	1108811	820	45.308454110688
15	1155854	840	45.354321847431
15	1204272	860	45.811141031931
15	1253590	880	45.459819273536
15	1304486	900	45.784092389127
15	1355999	920	45.341647742892
15	1409286	940	45.442306741127
15	1463421	960	45.479200677448
15	1518512	980	45.862174323044
15	1574937	1000	45.301255493244
15	1632543	1020	45.440535734372
15	1692064	1040	45.350872782981
15	1752698	1060	45.839042638617
15	1815316	1080	45.55155281555
15	1879872	1100	45.775819888987
15	1945315	1120	45.776384747754
15	2012833	1140	45.695404381637
15	2082600	1160	45.917416680578
15	2153523	1180	45.656683243011
15	2226403	1200	45.772778504436
15	2301428	1220	45.565221388281
15	2378229	1240	45.498755356049
15	2457833	1260	45.481724091926
15	2539315	1280	45.41255434009
15	2622020	1300	45.712543585288
15	2706494	1320	45.523132062519
15	2793394	1340	45.832243462375
15	2882251	1360	45.573041145793
15	2973323	1380	45.723470928562
15	3066445	1400	45.749574293558
15	3161312	1420	45.632557597385
15	3258532	1440	45.710306493421
15	3359090	1460	45.580460570295
15	3461663	1480	45.656585373993
15	3566022	1500	45.789837078372
15	3672201	1520	45.981292291504
15	3780546	1540	45.411788777929
15	3892115	1560	45.527047789558
15	4005942	1580	45.616626973408
15	4122168	1600	45.698647929992
15	4239868	1620	45.518893515717
15	4360360	1640	45.699546239462
15	4482594	1660	45.6597492479
15	4607355	1680	45.587292733837
15	4735143	1700	45.728913305632
15	4863782	1720	45.716452167585
15	4994859	1740	45.393299618663
15	5128983	1760	45.674900870559
15	5266697	1780	45.788023901272
15	5405536	1800	45.645911832068
15	5547316	1820	45.445884707993
15	5691828	1840	45.52605161367
15	5838939	1860	45.476515789742
15	5988360	1880	45.705256545714
15	6140709	1900	45.447281159414
15	6294487	1920	45.486200970893
15	6450907	1940	45.6918153015
15	6610578	1960	45.673089778031
15	6773031	1980	45.635989428712
15	6937771	2000	45.541691770844
16	145912	240	0.42890304267867
16	171793	260	0.34703719097018
16	198570	280	0.61798606396437
16	226008	300	1.1819456010108
16	253313	320	0.46250647892978
16	280838	340	0.43276008467185
16	308444	360	0.42981553655283
16	335719	380	0.71249459333824
16	363519	400	1.0074511405482
16	391271	420	1.5390615893362
16	419728	440	1.0998344923247
16	448787	460	0.47019047247935
16	478221	480	1.5961908926002
16	508268	500	1.1029230950968
16	539047	520	1.3897154005897
16	570227	540	1.3375042652982
16	602241	560	1.7687607667604
16	635170	580	1.5260576999654
16	669322	600	1.7359954697434
16	703479	620	1.6204477855658
16	739156	640	1.4813482479233
16	775257	660	1.5965761113006
16	812804	680	1.4279027919935
16	851316	700	1.1698225652929
16	891199	720	1.2010353843774
16	932756	740	1.4550202513229
16	974995	760	0.92053211056007
16	1018291	780	1.080999744722
16	1062959	800	1.0891612574919
16	1108811	820	0.98902085307561
16	1155854	840	1.2082464004469
16	1204272	860	1.3361224491135
16	1253590	880	1.2302964684116
16	1304486	900	1.222912099357
16	1355999	920	1.0732991621971
16	1409286	940	1.1882720611608
16	1463421	960	1.1508289337164
16	1518512	980	1.1748096420378
16	1574937	1000	1.0488087650092
16	1632543	1020	0.98152849754382
16	1692064	1040	1.128330666067
16	1752698	1060	1.1617498057465
16	1815316	1080	1.0637662272329
16	1879872	1100	1.26007664906
16	1945315	1120	1.1050754672391
16	2012833	1140	1.1853510684565
16	2082600	1160	1.1219281998347
16	2153523	1180	1.0852980146824
16	2226403	1200	1.1487230945408
16	2301428	1220	1.0100990246648
16	2378229	1240	1.0775270981588
16	2457833	1260	1.0978437630905
16	2539315	1280	1.0550925818172
16	2622020	1300	1.0823552587383
16	2706494	1320	1.0610282412044
16	2793394	1340	0.79754242856004
16	2882251	1360	1.0409466760148
16	2973323	1380	1.0073990292861
16	3066445	1400	1.0713022814183
16	3161312	1420	0.98203449584787
16	3258532	1440	1.0887568811382
16	3359090	1460	1.0195042758191
16	3461663	1480	1.0150466841542
16	3566022	1500	1.2209613635909
16	3672201	1520	1.0852861731128
16	3780546	1540	0.83957814965079
16	3892115	1560	0.92308371167607
16	4005942	1580	1.0902369133663
16	4122168	1600	0.81973259110687
16	4239868	1620	0.84099985616474
16	4360360	1640	1.0792262347774
16	4482594	1660	0.878191330514
16	4607355	1680	0.74260026774081
16	4735143	1700	0.84132533016298
16	4863782	1720	0.94369796377747
16	4994859	1740	0.72984577044116
16	5128983	1760	0.92180715764912
16	5266697	1780	0.97410325337351
16	5405536	1800	0.81908779983132
16	5547316	1820	0.8600144781633
16	5691828	1840	0.85605063326198
16	5838939	1860	0.93298118849593
16	5988360	1880	0.97745266315797
16	6140709	1900	0.89061268236513
16	6294487	1920	0.85252593562934
16	6450907	1940	0.95939118449892
16	6610578	1960	0.76707606288955
16	6773031	1980	0.86647356260123
16	6937771	2000	0.78394202419925
17	145912	240	0.18395782001902
17	171793	260	0.12043481191647
17	198570	280	0.38190677525418
17	226008	300	1.3969954037488
17	253313	320	0.21391224305202
17	280838	340	0.18728129088518
17	308444	360	0.1847413954622
17	335719	380	0.50764854553623
17	363519	400	1.0149578005919
17	391271	420	2.3687105757702
17	419728	440	1.2096359105072
17	448787	460	0.22107908041035
17	478221	480	2.5478253656199
17	508268	500	1.216439353698
17	539047	520	1.9313088946363
17	570227	540	1.788917659691
17	602241	560	3.1285146500309
17	635170	580	2.3288521036235
17	669322	600	3.0136802709697
17	703479	620	2.625851025745
17	739156	640	2.1943926316254
17	775257	660	2.5490552791757
17	812804	680	2.0389063833829
17	851316	700	1.3684848342684
17	891199	720	1.4424859945266
17	932756	740	2.1170839317598
17	974995	760	0.84737936657218
17	1018291	780	1.1685604480891
17	1062959	800	1.1862722448213
17	1108811	820	0.9781622478184
17	1155854	840	1.459859364193
17	1204272	860	1.785223199025
17	1253590	880	1.5136294001861
17	1304486	900	1.4955140027537
17	1355999	920	1.151971091573
17	1409286	940	1.4119904913354
17	1463421	960	1.3244072346788
17	1518512	980	1.3801776950249
17	1574937	1000	1.0999998255601
17	1632543	1020	0.96339819149062
17	1692064	1040	1.2731300919871
17	1752698	1060	1.349662611152
17	1815316	1080	1.1315985862013
17	1879872	1100	1.5877931615062
17	1945315	1120	1.2211917882938
17	2012833	1140	1.405057155491
17	2082600	1160	1.2587228855844
17	2153523	1180	1.1778717806736
17	2226403	1200	1.3195647479314
17	2301428	1220	1.0203000396288
17	2378229	1240	1.1610646472665
17	2457833	1260	1.2052609281568
17	2539315	1280	1.1132203562056
17	2622020	1300	1.1714929061185
17	2706494	1320	1.1257809286334
17	2793394	1340	0.63607392535344
17	2882251	1360	1.0835699823063
17	2973323	1380	1.0148528042065
17	3066445	1400	1.1476885781721
17	3161312	1420	0.96439175103519
17	3258532	1440	1.1853915462258
17	3359090	1460	1.0393889684134
17	3461663	1480	1.0303197710125
17	3566022	1500	1.4907466513816
17	3672201	1520	1.1778460775499
17	3780546	1540	0.70489146937104
17	3892115	1560	0.85208353876168
17	4005942	1580	1.1886165272664
17	4122168	1600	0.67196152092278
17	4239868	1620	0.70728075806912
17	4360360	1640	1.1647292658319
17	4482594	1660	0.77122001298994
17	4607355	1680	0.55145515764872
17	4735143	1700	0.70782831117384
17	4863782	1720	0.89056584683774
17	4994859	1740	0.53267484863085
17	5128983	1760	0.84972843589314
17	5266697	1780	0.94887714823286
17	5405536	1800	0.67090482383251
17	5547316	1820	0.7396249026505
17	5691828	1840	0.73282268670823
17	5838939	1860	0.87045389808727
17	5988360	1880	0.9554137087146
17	6140709	1900	0.79319094998961
17	6294487	1920	0.72680047092068
17	6450907	1940	0.92043144489423
17	6610578	1960	0.58840568625813
17	6773031	1980	0.75077643468687
17	6937771	2000	0.61456509730562
18	145912	240	2028.2082241095
18	171793	260	1975.7248684137
18	198570	280	2080.7105438437
18	226008	300	2280.6208139319
18	253313	320	2340.1775999894
18	280838	340	2368.9655180529
18	308444	360	2554.7801487681
18	335719	380	2359.4111373394
18	363519	400	2443.2197238706
18	391271	420	2590.186845062
18	419728	440	2665.251632605
18	448787	460	2425.9803602275
18	478221	480	2610.0889766244
18	508268	500	2755.8185189585
18	539047	520	2690.654641265
18	570227	540	2828.163855031
18	602241	560	2829.5889037054
18	635170	580	2716.0274642571
18	669322	600	2710.353312414
18	703479	620	3160.1778613356
18	739156	640	2771.7390232002
18	775257	660	2726.0277352941
18	812804	680	3092.705640031
18	851316	700	2966.643598673
18	891199	720	3085.7368646318
18	932756	740	2992.8075424571
18	974995	760	3102.8067495072
18	1018291	780	3263.0124609749
18	1062959	800	3507.6082079165
18	1108811	820	3364.4896113197
18	1155854	840	3580.141054332
18	1204272	860	3540.1224457385
18	1253590	880	3203.374544259
18	1304486	900	3273.6297476859
18	1355999	920	3509.3679575298
18	1409286	940	3619.9594334616
18	1463421	960	3644.8436538667
18	1518512	980	3391.9772184301
18	1574937	1000	3673.6795240488
18	1632543	1020	3709.3189732416
18	1692064	1040	3761.9417404773
18	1752698	1060	3611.4010297347
18	1815316	1080	4041.9403268091
18	1879872	1100	4188.2566787104
18	1945315	1120	4230.8619039756
18	2012833	1140	4027.8167414178
18	2082600	1160	3880.7866601017
18	2153523	1180	3973.3386554379
18	2226403	1200	4324.6599816971
18	2301428	1220	4226.5278272053
18	2378229	1240	4080.9447658787
18	2457833	1260	4489.8606534934
18	2539315	1280	4664.2558146115
18	2622020	1300	4750.9094122672
18	2706494	1320	4634.318523983
18	2793394	1340	4703.6600703161
18	2882251	1360	4816.8192582675
18	2973323	1380	4965.2870487111
18	3066445	1400	5024.143366078
18	3161312	1420	4680.9913773002
18	3258532	1440	5089.6645319203
18	3359090	1460	4790.5522504499
18	3461663	1480	4612.3330076028
18	3566022	1500	5160.8633675749
18	3672201	1520	4958.4141770348
18	3780546	1540	5206.3002694459
18	3892115	1560	5288.1659562579
18	4005942	1580	5240.6078949517
18	4122168	1600	5586.6776708633
18	4239868	1620	5417.1763757806
18	4360360	1640	5601.2512351176
18	4482594	1660	5106.8140356583
18	4607355	1680	5616.5674933973
18	4735143	1700	5258.4803502958
18	4863782	1720	5593.8326288132
18	4994859	1740	5959.4978807474
18	5128983	1760	5366.8097975108
18	5266697	1780	5553.6275991448
18	5405536	1800	5629.3841149684
18	5547316	1820	6122.4571427504
18	5691828	1840	5987.8526499163
18	5838939	1860	6217.2326613948
18	5988360	1880	6415.3920290985
18	6140709	1900	6249.8042086955
18	6294487	1920	6383.2916655987
18	6450907	1940	6557.3605750554
18	6610578	1960	6657.3760867282
18	6773031	1980	6312.1289510445
18	6937771	2000	6569.8108909382
19	145912	240	48.290672002608
19	171793	260	48.188411424725
19	198570	280	48.388617298691
19	226008	300	48.523847104934
19	253313	320	48.753699999778
19	280838	340	48.346235062304
19	308444	360	48.20339903336
19	335719	380	48.151247700803
19	363519	400	47.906269095501
19	391271	420	47.966423056703
19	419728	440	48.459120592818
19	448787	460	48.519607204549
19	478221	480	48.334981048601
19	508268	500	48.347693315061
19	539047	520	48.920993477545
19	570227	540	48.761445776397
19	602241	560	48.786015581128
19	635170	580	48.500490433163
19	669322	600	48.399166293107
19	703479	620	48.618120943624
19	739156	640	48.627000407021
19	775257	660	48.679066701681
19	812804	680	49.090565714778
19	851316	700	48.633501617591
19	891199	720	48.97995023225
19	932756	740	49.062418728804
19	974995	760	49.250900785829
19	1018291	780	48.701678522014
19	1062959	800	48.716780665507
19	1108811	820	49.477788401761
19	1155854	840	49.043028141535
19	1204272	860	49.168367301924
19	1253590	880	49.282685296292
19	1304486	900	49.600450722513
19	1355999	920	49.427717711688
19	1409286	940	49.588485389885
19	1463421	960	49.254643971172
19	1518512	980	49.88201791809
19	1574937	1000	49.644317892552
19	1632543	1020	49.457586309888
19	1692064	1040	50.159223206364
19	1752698	1060	49.471246982667
19	1815316	1080	49.90049786184
19	1879872	1100	49.860198556076
19	1945315	1120	49.774845929125
19	2012833	1140	50.347709267722
19	2082600	1160	50.399826754568
19	2153523	1180	50.295426018201
19	2226403	1200	50.286743973222
19	2301428	1220	50.31580746673
19	2378229	1240	50.38203414665
19	2457833	1260	50.447872511162
19	2539315	1280	50.698432767516
19	2622020	1300	50.541589492205
19	2706494	1320	50.373027434598
19	2793394	1340	50.576990003399
19	2882251	1360	50.703360613342
19	2973323	1380	50.666194374603
19	3066445	1400	50.748922889676
19	3161312	1420	50.880341057611
19	3258532	1440	50.896645319203
19	3359090	1460	50.963321813296
19	3461663	1480	50.684978105526
19	3566022	1500	50.596699682107
19	3672201	1520	50.596063030967
19	3780546	1540	50.546604557727
19	3892115	1560	50.363485297695
19	4005942	1580	50.390460528382
19	4122168	1600	50.330429467237
19	4239868	1620	50.62781659608
19	4360360	1640	50.461722838897
19	4482594	1660	50.562515204538
19	4607355	1680	50.599707147723
19	4735143	1700	50.562311060536
19	4863782	1720	50.853023898302
19	4994859	1740	50.935879322627
19	5128983	1760	51.112474262008
19	5266697	1780	50.95071191876
19	5405536	1800	51.176219226985
19	5547316	1820	50.598819361574
19	5691828	1840	50.744513982341
19	5838939	1860	50.54660700321
19	5988360	1880	50.514897866918
19	6140709	1900	50.811416330858
19	6294487	1920	50.661044965069
19	6450907	1940	50.832252519809
19	6610578	1960	50.819664784184
19	6773031	1980	50.90426573423
19	6937771	2000	50.92876659642
20	145912	240	2.2852114650091
20	171793	260	2.2494290155897
20	198570	280	2.4885078963689
20	226008	300	2.8399556697553
20	253313	320	3.0473727034763
20	280838	340	2.3645267813582
20	308444	360	2.4350288680752
20	335719	380	2.3723858639936
20	363519	400	2.4732093656624
20	391271	420	2.1848324224695
20	419728	440	2.4224827849881
20	448787	460	2.5312323945627
20	478221	480	2.7720679507712
20	508268	500	2.2250184998681
20	539047	520	3.2998193668562
20	570227	540	3.2611551960003
20	602241	560	3.3312291040441
20	635170	580	2.6239527914154
20	669322	600	2.4691353965572
20	703479	620	2.6582857487572
20	739156	640	2.7843075605565
20	775257	660	2.4728166807152
20	812804	680	2.8455113259418
20	851316	700	2.615379836098
20	891199	720	2.8495576562092
20	932756	740	2.6574660126546
20	974995	760	3.1040715975795
20	1018291	780	2.4401422346531
20	1062959	800	2.7759678839264
20	1108811	820	2.7339306765494
20	1155854	840	2.8702901036865
20	1204272	860	2.9945443287588
20	1253590	880	2.8865913987126
20	1304486	900	3.1903041297607
20	1355999	920	2.9281239996044
20	1409286	940	2.5378209173185
20	1463421	960	2.676413948917
20	1518512	980	2.5905913662388
20	1574937	1000	2.7860909575109
20	1632543	1020	2.626775736812
20	1692064	1040	2.7642270527204
20	1752698	1060	2.8777003349139
20	1815316	1080	2.9078589952614
20	1879872	1100	2.9109023137053
20	1945315	1120	2.8516270236803
20	2012833	1140	2.7643761007285
20	2082600	1160	2.856574858583
20	2153523	1180	2.7973048983564
20	2226403	1200	3.1290845144592
20	2301428	1220	3.2557862227724
20	2378229	1240	3.3501079142772
20	2457833	1260	3.224603080124
20	2539315	1280	3.1838800717681
20	2622020	1300	3.8790495598829
20	2706494	1320	3.4701141672496
20	2793394	1340	3.5906084831259
20	2882251	1360	3.2996497824847
20	2973323	1380	3.365459151369
20	3066445	1400	3.2351584707548
20	3161312	1420	3.4758146772016
20	3258532	1440	3.3603477332235
20	3359090	1460	3.2638237308767
20	3461663	1480	3.0620443769543
20	3566022	1500	3.1342603837647
20	3672201	1520	3.0160086318721
20	3780546	1540	3.027068671941
20	3892115	1560	2.7325492743139
20	4005942	1580	2.584213241755
20	4122168	1600	2.7186905029643
20	4239868	1620	2.6517860516852
20	4360360	1640	2.8762726932776
20	4482594	1660	3.3930919884367
20	4607355	1680	2.9409951986872
20	4735143	1700	2.7647628202742
20	4863782	1720	2.94719397547
20	4994859	1740	3.1923299519519
20	5128983	1760	2.9489346029004
20	5266697	1780	2.773019034225
20	5405536	1800	3.0635954345199
20	5547316	1820	2.8195447927741
20	5691828	1840	2.5804873217836
20	5838939	1860	2.5867318901508
20	5988360	1880	2.7746464980149
20	6140709	1900	2.7599230443915
20	6294487	1920	2.7883029606824
20	6450907	1940	2.8999198513104
20	6610578	1960	2.6959447153123
20	6773031	1980	2.537559317581
20	6937771	2000	2.669688871892
21	145912	240	5.2221914398089
21	171793	260	5.059930896177
21	198570	280	6.1926715502903
21	226008	300	8.0653482061754
21	253313	320	9.2864803938926
21	280838	340	5.5909868997603
21	308444	360	5.9293655883594
21	335719	380	5.6282146876767
21	363519	400	6.1167645664
21	391271	420	4.7734927142738
21	419728	440	5.8684228435636
21	448787	460	6.4071374352838
21	478221	480	7.6843607236927
21	508268	500	4.9507073247552
21	539047	520	10.888807853879
21	570227	540	10.6351332124
21	602241	560	11.09708734363
21	635170	580	6.8851282515766
21	669322	600	6.0966296065319
21	703479	620	7.0664831220455
21	739156	640	7.7523685917719
21	775257	660	6.1148223364232
21	812804	680	8.096934706063
21	851316	700	6.840211687068
21	891199	720	8.1199788360605
21	932756	740	7.0621256084144
21	974995	760	9.6352604829001
21	1018291	780	5.9542941253377
21	1062959	800	7.7059976925909
21	1108811	820	7.474376944178
21	1155854	840	8.2385652793204
21	1204272	860	8.9672957369014
21	1253590	880	8.3324099031214
21	1304486	900	10.178040440368
21	1355999	920	8.573910157059
21	1409286	940	6.4405350083791
21	1463421	960	7.1631916259576
21	1518512	980	6.711163626831
21	1574937	1000	7.7623028235238
21	1632543	1020	6.8999507715043
21	1692064	1040	7.6409511989916
21	1752698	1060	8.2811592175636
21	1815316	1080	8.4556439363224
21	1879872	1100	8.473352279935
21	1945315	1120	8.1317766821836
21	2012833	1140	7.6417752262789
21	2082600	1160	8.1600199226884
21	2153523	1180	7.8249146943688
21	2226403	1200	9.7911698986285
21	2301428	1220	10.600143928394
21	2378229	1240	11.223223037303
21	2457833	1260	10.398065024345
21	2539315	1280	10.137092311402
21	2622020	1300	15.047025488028
21	2706494	1320	12.041692333746
21	2793394	1340	12.892469279096
21	2882251	1360	10.887688687051
21	2973323	1380	11.326315299533
21	3066445	1400	10.466250330896
21	3161312	1420	12.08128767025
21	3258532	1440	11.291936888181
21	3359090	1460	10.652545346234
21	3461663	1480	9.3761157664372
21	3566022	1500	9.8235881532371
21	3672201	1520	9.096308067527
21	3780546	1540	9.1631447446464
21	3892115	1560	7.4668255365537
21	4005942	1580	6.6781580788618
21	4122168	1600	7.3912780509081
21	4239868	1620	7.0319692639122
21	4360360	1640	8.2729446060945
21	4482594	1660	11.513073241993
21	4607355	1680	8.6494527587013
21	4735143	1700	7.6439134523706
21	4863782	1720	8.6859523290469
21	4994859	1740	10.190970522129
21	5128983	1760	8.6962152921834
21	5266697	1780	7.6896345641741
21	5405536	1800	9.3856169864114
21	5547316	1820	7.9498328384598
21	5691828	1840	6.658914817886
21	5838939	1860	6.691181871523
21	5988360	1880	7.6986631889463
21	6140709	1900	7.6171752109633
21	6294487	1920	7.7746334005502
21	6450907	1940	8.4095351440239
21	6610578	1960	7.2681179080201
21	6773031	1980	6.439207290242
21	6937771	2000	7.1272386727038
22	145912	240	2909.6621255733
22	171793	260	3092.6617458754
22	198570	280	3192.5803143704
22	226008	300	3507.0377082601
22	253313	320	3472.2880641301
22	280838	340	3605.0348590584
22	308444	360	3291.4213218467
22	335719	380	3508.560849451
22	363519	400	3472.2142347418
22	391271	420	3428.82170619
22	419728	440	3487.2494443651
22	448787	460	3227.0078544224
22	478221	480	3814.8211322279
22	508268	500	3724.2128959412
22	539047	520	3455.6077366326
22	570227	540	3863.4064131309
22	602241	560	4094.8044584551
22	635170	580	3951.7422899228
22	669322	600	3809.464224042
22	703479	620	4322.2455635587
22	739156	640	4093.1630507078
22	775257	660	4090.1492073104
22	812804	680	4236.219742452
22	851316	700	4097.8756459515
22	891199	720	4320.6717719415
22	932756	740	4179.4577583023
22	974995	760	4016.0225996096
22	1018291	780	4232.7025352681
22	1062959	800	4327.7122691898
22	1108811	820	4514.8234950782
22	1155854	840	4972.1786337535
22	1204272	860	4607.8122993661
22	1253590	880	4560.825181836
22	1304486	900	4465.2259116014
22	1355999	920	4349.1033026642
22	1409286	940	4656.751159404
22	1463421	960	4658.767053731
22	1518512	980	4653.9402011607
22	1574937	1000	4941.6802255868
22	1632543	1020	4759.8111766957
22	1692064	1040	4848.9363773167
22	1752698	1060	4425.7648879516
22	1815316	1080	5080.3017937453
22	1879872	1100	5123.381677518
22	1945315	1120	5162.1852233299
22	2012833	1140	5252.3032374538
22	2082600	1160	5116.3817355309
22	2153523	1180	4667.5585512224
22	2226403	1200	5531.4244555507
22	2301428	1220	5256.1285663326
22	2378229	1240	5023.8692799188
22	2457833	1260	5483.9773437511
22	2539315	1280	5494.5218861098
22	2622020	1300	5346.102798033
22	2706494	1320	5253.6438959247
22	2793394	1340	5703.6790638183
22	2882251	1360	5617.132161033
22	2973323	1380	5800.2158157153
22	3066445	1400	5705.0800117303
22	3161312	1420	5748.3103441726
22	3258532	1440	5978.1474466935
22	3359090	1460	5700.4108426512
22	3461663	1480	5797.123421627
22	3566022	1500	5654.5567405892
22	3672201	1520	5832.690681281
22	3780546	1540	6166.8209490842
22	3892115	1560	5973.0321814251
22	4005942	1580	5978.4701778854
22	4122168	1600	6476.1109414261
22	4239868	1620	6112.5376816477
22	4360360	1640	6246.8743792683
22	4482594	1660	5931.9588430213
22	4607355	1680	6160.4357121921
22	4735143	1700	6287.5118337611
22	4863782	1720	6468.0319858899
22	4994859	1740	6755.7038175005
22	5128983	1760	6432.3809264481
22	5266697	1780	6521.3845342659
22	5405536	1800	6705.4470406631
22	5547316	1820	6568.4208301707
22	5691828	1840	6660.4678794661
22	5838939	1860	6795.5774092541
22	5988360	1880	7201.7700532146
22	6140709	1900	6752.238730203
22	6294487	1920	6656.1260556804
22	6450907	1940	7196.2274744452
22	6610578	1960	7058.9557004935
22	6773031	1980	7104.8082000793
22	6937771	2000	7477.6307464702
23	145912	240	44.764032701127
23	171793	260	44.821184722831
23	198570	280	44.96591992071
23	226008	300	44.96202190077
23	253313	320	45.094650183508
23	280838	340	45.06293573823
23	308444	360	45.087963312968
23	335719	380	44.981549351936
23	363519	400	45.093691360284
23	391271	420	45.116075081448
23	419728	440	45.288953822923
23	448787	460	45.450814851019
23	478221	480	45.414537288427
23	508268	500	45.417230438307
23	539047	520	45.468522850429
23	570227	540	45.451840154482
23	602241	560	45.497827316167
23	635170	580	45.422325171526
23	669322	600	45.350764571928
23	703479	620	45.497321721671
23	739156	640	45.479589452309
23	775257	660	45.446102303449
23	812804	680	45.550749918838
23	851316	700	45.531951621684
23	891199	720	45.480755494121
23	932756	740	45.428888677199
23	974995	760	45.636620450109
23	1018291	780	45.512930486754
23	1062959	800	45.554865991472
23	1108811	820	45.604277728063
23	1155854	840	45.616317740858
23	1204272	860	45.62190395412
23	1253590	880	45.60825181836
23	1304486	900	45.563529710219
23	1355999	920	45.780034764886
23	1409286	940	45.654423131412
23	1463421	960	45.674186801285
23	1518512	980	45.626864717262
23	1574937	1000	45.756298385063
23	1632543	1020	45.767415160535
23	1692064	1040	45.744682804874
23	1752698	1060	45.626442143831
23	1815316	1080	45.768484628336
23	1879872	1100	45.744479263554
23	1945315	1120	45.683055073716
23	2012833	1140	45.672202064816
23	2082600	1160	45.681979781526
23	2153523	1180	45.760377953161
23	2226403	1200	45.714251698766
23	2301428	1220	45.705465794196
23	2378229	1240	45.671538908352
23	2457833	1260	45.699811197926
23	2539315	1280	45.787682384248
23	2622020	1300	45.693186307974
23	2706494	1320	45.683859964563
23	2793394	1340	45.629432510546
23	2882251	1360	45.66774114661
23	2973323	1380	45.670990674923
23	3066445	1400	45.640640093842
23	3161312	1420	45.621510668037
23	3258532	1440	45.634713333538
23	3359090	1460	45.60328674121
23	3461663	1480	45.646641115174
23	3566022	1500	45.60126403701
23	3672201	1520	45.567895947508
23	3780546	1540	45.680155178401
23	3892115	1560	45.595665507061
23	4005942	1580	45.637176930423
23	4122168	1600	45.606415080465
23	4239868	1620	45.615952848117
23	4360360	1640	45.597623206338
23	4482594	1660	45.630452638625
23	4607355	1680	45.632857127349
23	4735143	1700	45.561679954791
23	4863782	1720	45.549521027393
23	4994859	1740	45.646647415544
23	5128983	1760	45.619722882611
23	5266697	1780	45.604087652209
23	5405536	1800	45.615285990905
23	5547316	1820	45.614033542852
23	5691828	1840	45.619643010042
23	5838939	1860	45.607902075531
23	5988360	1880	45.580823121612
23	6140709	1900	45.623234663534
23	6294487	1920	45.589904490962
23	6450907	1940	45.545743509147
23	6610578	1960	45.541649680603
23	6773031	1980	45.543642308201
23	6937771	2000	45.595309429697
24	145912	240	0.32250997285251
24	171793	260	0.48432728107034
24	198570	280	0.6737469368796
24	226008	300	0.73476237706807
24	253313	320	0.7137284373141
24	280838	340	0.80292594544555
24	308444	360	0.78534378061471
24	335719	380	0.63456217770858
24	363519	400	1.0283608912512
24	391271	420	0.92056757635222
24	419728	440	1.4012260890191
24	448787	460	1.3612293384947
24	478221	480	1.3949269406996
24	508268	500	1.334318741369
24	539047	520	1.3714430724244
24	570227	540	1.4187381157905
24	602241	560	1.4083813776846
24	635170	580	1.358467156381
24	669322	600	1.2322781440916
24	703479	620	1.3389563670036
24	739156	640	1.2707867432419
24	775257	660	1.2846863034965
24	812804	680	1.3501248671148
24	851316	700	1.2471695542883
24	891199	720	1.2093611530711
24	932756	740	1.1540991924015
24	974995	760	1.2574665146489
24	1018291	780	1.1576250987862
24	1062959	800	1.2315160136174
24	1108811	820	1.2442757161228
24	1155854	840	1.2544759130673
24	1204272	860	1.1981161660713
24	1253590	880	1.1587531834693
24	1304486	900	1.2015211192897
24	1355999	920	1.2109140453082
24	1409286	940	1.1685696924595
24	1463421	960	1.205891330388
24	1518512	980	1.1478350518249
24	1574937	1000	1.2106827170459
24	1632543	1020	1.2108170268119
24	1692064	1040	1.1157572590686
24	1752698	1060	1.1681166765066
24	1815316	1080	1.1769908780564
24	1879872	1100	1.1440625948342
24	1945315	1120	1.1638090651949
24	2012833	1140	1.0970354070712
24	2082600	1160	1.1031963336183
24	2153523	1180	1.1221388258568
24	2226403	1200	1.1142781697369
24	2301428	1220	1.1218861926845
24	2378229	1240	1.0235833473189
24	2457833	1260	1.0635979780816
24	2539315	1280	1.0624309276293
24	2622020	1300	1.0433295072878
24	2706494	1320	1.0263025569233
24	2793394	1340	1.1344538174501
24	2882251	1360	1.0252943765439
24	2973323	1380	1.0254456616311
24	3066445	1400	0.98572537493869
24	3161312	1420	0.95977643991113
24	3258532	1440	0.96361473576671
24	3359090	1460	0.89649005921397
24	3461663	1480	0.95338026362768
24	3566022	1500	0.87765174926643
24	3672201	1520	0.91169420235809
24	3780546	1540	0.96324574358284
24	3892115	1560	0.88192939602335
24	4005942	1580	0.86653312392849
24	4122168	1600	0.92811049914807
24	4239868	1620	0.91310386618569
24	4360360	1640	0.83903786956588
24	4482594	1660	0.95022801965564
24	4607355	1680	0.93969006155999
24	4735143	1700	0.90232994100137
24	4863782	1720	0.81726871827722
24	4994859	1740	0.90109828719918
24	5128983	1760	0.91182332191943
24	5266697	1780	0.85470114638088
24	5405536	1800	0.89117110160363
24	5547316	1820	0.82438065404534
24	5691828	1840	0.88715068981322
24	5838939	1860	0.86201321519777
24	5988360	1880	0.84042560207559
24	6140709	1900	0.85630457954239
24	6294487	1920	0.82242000373164
24	6450907	1940	0.86103910182821
24	6610578	1960	0.84957195155534
24	6773031	1980	0.79843279169934
24	6937771	2000	0.88095586240702
25	145912	240	0.10401268258932
25	171793	260	0.23457291518898
25	198570	280	0.45393493495464
25	226008	300	0.53987575075472
25	253313	320	0.50940828223083
25	280838	340	0.64469007386963
25	308444	360	0.6167648537502
25	335719	380	0.40266915737826
25	363519	400	1.057526122655
25	391271	420	0.847444662631
25	419728	440	1.9634345525478
25	448787	460	1.8529453119788
25	478221	480	1.9458211698895
25	508268	500	1.7804065035686
25	539047	520	1.8808561009009
25	570227	540	2.0128178411967
25	602241	560	1.9835381050088
25	635170	580	1.8454330149657
25	669322	600	1.5185094244058
25	703479	620	1.7928041527395
25	739156	640	1.6148989467992
25	775257	660	1.6504188983914
25	812804	680	1.8228371568016
25	851316	700	1.5554318971436
25	891199	720	1.4625543985575
25	932756	740	1.3319449459017
25	974995	760	1.5812220354632
25	1018291	780	1.3400958693397
25	1062959	800	1.516631691796
25	1108811	820	1.548222057733
25	1155854	840	1.5737098164659
25	1204272	860	1.4354823474013
25	1253590	880	1.3427089402002
25	1304486	900	1.4436530000992
25	1355999	920	1.4663128251248
25	1409286	940	1.3655551261349
25	1463421	960	1.4541739007048
25	1518512	980	1.317525306198
25	1574937	1000	1.4657526413536
25	1632543	1020	1.4660778724177
25	1692064	1040	1.2449142611643
25	1752698	1060	1.3644965699328
25	1815316	1080	1.385307527028
25	1879872	1100	1.3088792208988
25	1945315	1120	1.3544515402299
25	2012833	1140	1.2034866843678
25	2082600	1160	1.2170421505089
25	2153523	1180	1.2591955444954
25	2226403	1200	1.2416158395523
25	2301428	1220	1.2586286293361
25	2378229	1240	1.0477228689087
25	2457833	1260	1.1312406589793
25	2539315	1280	1.1287594759833
25	2622020	1300	1.0885364607773
25	2706494	1320	1.0532969383473
25	2793394	1340	1.2869854639271
25	2882251	1360	1.0512285585725
25	2973323	1380	1.0515388049581
25	3066445	1400	0.97165451479802
25	3161312	1420	0.92117081460848
25	3258532	1440	0.92855335898675
25	3359090	1460	0.80369442626946
25	3461663	1480	0.90893392707478
25	3566022	1500	0.77027259299042
25	3672201	1520	0.83118631861336
25	3780546	1540	0.92784236253046
25	3892115	1560	0.7777994595701
25	4005942	1580	0.75087965486527
25	4122168	1600	0.86138909862888
25	4239868	1620	0.83375867044326
25	4360360	1640	0.70398454656566
25	4482594	1660	0.90293328933867
25	4607355	1680	0.88301741179462
25	4735143	1700	0.81419932242754
25	4863782	1720	0.66792815787448
25	4994859	1740	0.8119781231933
25	5128983	1760	0.83142177039618
25	5266697	1780	0.73051404962479
25	5405536	1800	0.79418593233343
25	5547316	1820	0.67960346276422
25	5691828	1840	0.78703634643608
25	5838939	1860	0.7430667831756
25	5988360	1880	0.70631519262412
25	6140709	1900	0.73325753294526
25	6294487	1920	0.67637466253796
25	6450907	1940	0.74138833487712
25	6610578	1960	0.72177250086955
25	6773031	1980	0.6374949228608
25	6937771	2000	0.77608323150929
