version 2
run statisticRVV-17-20150325-00:12:24-4552
attr c 15
attr configname statisticRVV
attr datetime 20150325-00:12:24
attr experiment statisticRVV
attr inifile omnetpp.ini
attr iterationvars "$sc=\"erlangen-low.launchd.xml\", $p=1/15, $c=15"
attr iterationvars2 "$sc=\"erlangen-low.launchd.xml\", $p=1/15, $c=15, $repetition=7"
attr measurement "$sc=\"erlangen-low.launchd.xml\", $p=1/15, $c=15"
attr network RSUExampleScenario
attr p 1/15
attr processid 4552
attr repetition 7
attr replication #7
attr resultdir results
attr runnumber 17
attr sc "\"erlangen-low.launchd.xml\""
attr seedset 17

vector 0  RSUExampleScenario.rsu[0].appl  Number_CH  ETV
vector 1  RSUExampleScenario.rsu[0].appl  Number_ON  ETV
vector 2  RSUExampleScenario.rsu[0].appl  Number_FN  ETV
vector 3  RSUExampleScenario.rsu[0].appl  Number_CH_Losts  ETV
vector 4  RSUExampleScenario.rsu[0].appl  Mean_Cluster_Size  ETV
vector 5  RSUExampleScenario.rsu[0].appl  StdDev_Cluster_Size  ETV
vector 6  RSUExampleScenario.rsu[0].appl  Variance_Cluster_Size  ETV
vector 7  RSUExampleScenario.rsu[0].appl  Mean_Neighbors  ETV
vector 8  RSUExampleScenario.rsu[0].appl  StdDev_Neighbors  ETV
vector 9  RSUExampleScenario.rsu[0].appl  Variance_Neighbors  ETV
vector 10  RSUExampleScenario.rsu[0].appl  Total_CH_Utility  ETV
vector 11  RSUExampleScenario.rsu[0].appl  Mean_CH_Utility  ETV
vector 12  RSUExampleScenario.rsu[0].appl  StdDev_CH_Utility  ETV
vector 13  RSUExampleScenario.rsu[0].appl  Variance_CH_Utility  ETV
vector 14  RSUExampleScenario.rsu[0].appl  Total_exp_CH_Utility  ETV
vector 15  RSUExampleScenario.rsu[0].appl  Mean_exp_CH_Utility  ETV
vector 16  RSUExampleScenario.rsu[0].appl  StdDev_exp_CH_Utility  ETV
vector 17  RSUExampleScenario.rsu[0].appl  Variance_exp_CH_Utility  ETV
vector 18  RSUExampleScenario.rsu[0].appl  Total_ON_Utility  ETV
vector 19  RSUExampleScenario.rsu[0].appl  Mean_ON_Utility  ETV
vector 20  RSUExampleScenario.rsu[0].appl  StdDev_ON_Utility  ETV
vector 21  RSUExampleScenario.rsu[0].appl  Variance_ON_Utility  ETV
vector 22  RSUExampleScenario.rsu[0].appl  Total_exp_ON_Utility  ETV
vector 23  RSUExampleScenario.rsu[0].appl  Mean_exp_ON_Utility  ETV
vector 24  RSUExampleScenario.rsu[0].appl  StdDev_exp_ON_Utility  ETV
vector 25  RSUExampleScenario.rsu[0].appl  Variance_exp_ON_Utility  ETV
0	34379	240	3
0	39655	260	3
0	44998	280	1
0	50431	300	0
0	55798	320	2
0	61107	340	1
0	66425	360	1
0	71863	380	3
0	77178	400	1
0	82434	420	4
0	87744	440	1
0	92937	460	4
0	98024	480	2
0	103327	500	5
0	108698	520	1
0	114032	540	2
0	119247	560	3
0	124627	580	1
0	129952	600	0
0	135268	620	1
0	140617	640	2
0	145936	660	2
0	151346	680	2
0	156587	700	2
0	161894	720	2
0	167297	740	3
0	172731	760	1
0	178100	780	2
0	183419	800	1
0	188716	820	1
0	194094	840	4
0	199342	860	3
0	204718	880	2
0	210189	900	1
0	215515	920	2
0	220723	940	3
0	225977	960	2
0	231270	980	2
0	236646	1000	2
0	242002	1020	0
0	247435	1040	3
0	252701	1060	1
0	258119	1080	1
0	263371	1100	1
0	268601	1120	1
0	273886	1140	0
0	279243	1160	1
0	284559	1180	0
0	289858	1200	0
0	295147	1220	1
0	300503	1240	4
0	305872	1260	5
0	311133	1280	2
0	316527	1300	2
0	321823	1320	3
0	327122	1340	2
0	332540	1360	2
0	337810	1380	3
0	343125	1400	0
0	348451	1420	2
0	353805	1440	1
0	359142	1460	2
0	364436	1480	2
0	369811	1500	4
0	375180	1520	2
0	380497	1540	1
0	385937	1560	2
0	391280	1580	1
0	396643	1600	4
0	401899	1620	0
0	407273	1640	1
0	412662	1660	2
0	417965	1680	2
0	423268	1700	3
0	428580	1720	0
0	433891	1740	1
0	439289	1760	2
0	444575	1780	1
0	449841	1800	2
0	454687	1820	2
0	458974	1840	0
0	462814	1860	0
0	466081	1880	2
0	469007	1900	4
0	471467	1920	2
0	473556	1940	1
0	475091	1960	0
0	476140	1980	1
0	476683	2000	1
1	34379	240	3
1	39655	260	5
1	44998	280	2
1	50431	300	0
1	55798	320	2
1	61107	340	2
1	66425	360	2
1	71863	380	4
1	77178	400	1
1	82434	420	7
1	87744	440	1
1	92937	460	5
1	98024	480	2
1	103327	500	6
1	108698	520	1
1	114032	540	3
1	119247	560	4
1	124627	580	2
1	129952	600	0
1	135268	620	1
1	140617	640	3
1	145936	660	2
1	151346	680	2
1	156587	700	3
1	161894	720	2
1	167297	740	4
1	172731	760	1
1	178100	780	2
1	183419	800	2
1	188716	820	2
1	194094	840	6
1	199342	860	3
1	204718	880	2
1	210189	900	1
1	215515	920	4
1	220723	940	4
1	225977	960	3
1	231270	980	4
1	236646	1000	2
1	242002	1020	0
1	247435	1040	4
1	252701	1060	1
1	258119	1080	1
1	263371	1100	1
1	268601	1120	1
1	273886	1140	0
1	279243	1160	1
1	284559	1180	0
1	289858	1200	0
1	295147	1220	2
1	300503	1240	6
1	305872	1260	5
1	311133	1280	4
1	316527	1300	3
1	321823	1320	6
1	327122	1340	4
1	332540	1360	3
1	337810	1380	3
1	343125	1400	0
1	348451	1420	3
1	353805	1440	1
1	359142	1460	2
1	364436	1480	2
1	369811	1500	5
1	375180	1520	2
1	380497	1540	2
1	385937	1560	3
1	391280	1580	1
1	396643	1600	6
1	401899	1620	0
1	407273	1640	1
1	412662	1660	4
1	417965	1680	3
1	423268	1700	4
1	428580	1720	0
1	433891	1740	1
1	439289	1760	3
1	444575	1780	2
1	449841	1800	3
1	454687	1820	4
1	458974	1840	0
1	462814	1860	0
1	466081	1880	3
1	469007	1900	5
1	471467	1920	3
1	473556	1940	2
1	475091	1960	0
1	476140	1980	1
1	476683	2000	1
2	34379	240	34
2	39655	260	33
2	44998	280	37
2	50431	300	41
2	55798	320	37
2	61107	340	37
2	66425	360	38
2	71863	380	33
2	77178	400	38
2	82434	420	29
2	87744	440	39
2	92937	460	31
2	98024	480	36
2	103327	500	30
2	108698	520	39
2	114032	540	36
2	119247	560	32
2	124627	580	37
2	129952	600	41
2	135268	620	38
2	140617	640	35
2	145936	660	37
2	151346	680	36
2	156587	700	36
2	161894	720	36
2	167297	740	33
2	172731	760	39
2	178100	780	37
2	183419	800	37
2	188716	820	37
2	194094	840	31
2	199342	860	34
2	204718	880	37
2	210189	900	39
2	215515	920	34
2	220723	940	33
2	225977	960	34
2	231270	980	35
2	236646	1000	38
2	242002	1020	41
2	247435	1040	35
2	252701	1060	39
2	258119	1080	39
2	263371	1100	38
2	268601	1120	38
2	273886	1140	41
2	279243	1160	39
2	284559	1180	40
2	289858	1200	39
2	295147	1220	37
2	300503	1240	32
2	305872	1260	31
2	311133	1280	35
2	316527	1300	36
2	321823	1320	31
2	327122	1340	34
2	332540	1360	35
2	337810	1380	34
2	343125	1400	40
2	348451	1420	35
2	353805	1440	38
2	359142	1460	37
2	364436	1480	37
2	369811	1500	31
2	375180	1520	37
2	380497	1540	38
2	385937	1560	35
2	391280	1580	38
2	396643	1600	30
2	401899	1620	39
2	407273	1640	39
2	412662	1660	34
2	417965	1680	35
2	423268	1700	33
2	428580	1720	40
2	433891	1740	39
2	439289	1760	37
2	444575	1780	37
2	449841	1800	36
2	454687	1820	31
2	458974	1840	34
2	462814	1860	31
2	466081	1880	22
2	469007	1900	15
2	471467	1920	16
2	473556	1940	15
2	475091	1960	13
2	476140	1980	8
2	476683	2000	6
3	34379	240	0
3	39655	260	1
3	44998	280	0
3	50431	300	1
3	55798	320	0
3	61107	340	0
3	66425	360	2
3	71863	380	2
3	77178	400	2
3	82434	420	1
3	87744	440	0
3	92937	460	0
3	98024	480	0
3	103327	500	2
3	108698	520	1
3	114032	540	1
3	119247	560	1
3	124627	580	0
3	129952	600	0
3	135268	620	0
3	140617	640	0
3	145936	660	2
3	151346	680	0
3	156587	700	3
3	161894	720	0
3	167297	740	0
3	172731	760	0
3	178100	780	2
3	183419	800	1
3	188716	820	0
3	194094	840	1
3	199342	860	2
3	204718	880	0
3	210189	900	1
3	215515	920	0
3	220723	940	0
3	225977	960	1
3	231270	980	2
3	236646	1000	1
3	242002	1020	2
3	247435	1040	0
3	252701	1060	0
3	258119	1080	0
3	263371	1100	1
3	268601	1120	0
3	273886	1140	0
3	279243	1160	0
3	284559	1180	1
3	289858	1200	1
3	295147	1220	4
3	300503	1240	0
3	305872	1260	1
3	311133	1280	0
3	316527	1300	0
3	321823	1320	1
3	327122	1340	1
3	332540	1360	1
3	337810	1380	0
3	343125	1400	2
3	348451	1420	0
3	353805	1440	1
3	359142	1460	1
3	364436	1480	0
3	369811	1500	0
3	375180	1520	0
3	380497	1540	0
3	385937	1560	0
3	391280	1580	2
3	396643	1600	1
3	401899	1620	2
3	407273	1640	1
3	412662	1660	5
3	417965	1680	1
3	423268	1700	0
3	428580	1720	1
3	433891	1740	0
3	439289	1760	1
3	444575	1780	0
3	449841	1800	1
3	454687	1820	0
3	458974	1840	2
3	462814	1860	2
3	466081	1880	0
3	469007	1900	2
3	471467	1920	0
3	473556	1940	0
3	475091	1960	0
3	476140	1980	1
3	476683	2000	0
4	34379	240	1
4	39655	260	1.6666666666667
4	44998	280	2
4	50431	300	nan
4	55798	320	1
4	61107	340	2
4	66425	360	2
4	71863	380	1.3333333333333
4	77178	400	1
4	82434	420	1.75
4	87744	440	1
4	92937	460	1.25
4	98024	480	1
4	103327	500	1.2
4	108698	520	1
4	114032	540	1.5
4	119247	560	1.3333333333333
4	124627	580	2
4	129952	600	nan
4	135268	620	1
4	140617	640	1.5
4	145936	660	1
4	151346	680	1
4	156587	700	1.5
4	161894	720	1
4	167297	740	1.3333333333333
4	172731	760	1
4	178100	780	1
4	183419	800	2
4	188716	820	2
4	194094	840	1.5
4	199342	860	1
4	204718	880	1
4	210189	900	1
4	215515	920	2
4	220723	940	1.3333333333333
4	225977	960	1.5
4	231270	980	2
4	236646	1000	1
4	242002	1020	nan
4	247435	1040	1.3333333333333
4	252701	1060	1
4	258119	1080	1
4	263371	1100	1
4	268601	1120	1
4	273886	1140	nan
4	279243	1160	1
4	284559	1180	nan
4	289858	1200	nan
4	295147	1220	2
4	300503	1240	1.5
4	305872	1260	1
4	311133	1280	2
4	316527	1300	1.5
4	321823	1320	2
4	327122	1340	2
4	332540	1360	1.5
4	337810	1380	1
4	343125	1400	nan
4	348451	1420	1.5
4	353805	1440	1
4	359142	1460	1
4	364436	1480	1
4	369811	1500	1.25
4	375180	1520	1
4	380497	1540	2
4	385937	1560	1.5
4	391280	1580	1
4	396643	1600	1.5
4	401899	1620	nan
4	407273	1640	1
4	412662	1660	2
4	417965	1680	1.5
4	423268	1700	1.3333333333333
4	428580	1720	nan
4	433891	1740	1
4	439289	1760	1.5
4	444575	1780	2
4	449841	1800	1.5
4	454687	1820	2
4	458974	1840	nan
4	462814	1860	nan
4	466081	1880	1.5
4	469007	1900	1.25
4	471467	1920	1.5
4	473556	1940	2
4	475091	1960	nan
4	476140	1980	1
4	476683	2000	1
5	34379	240	0
5	39655	260	0.57735026918963
5	44998	280	nan
5	50431	300	nan
5	55798	320	0
5	61107	340	nan
5	66425	360	nan
5	71863	380	0.57735026918963
5	77178	400	nan
5	82434	420	0.5
5	87744	440	nan
5	92937	460	0.5
5	98024	480	0
5	103327	500	0.44721359549996
5	108698	520	nan
5	114032	540	0.70710678118655
5	119247	560	0.57735026918963
5	124627	580	nan
5	129952	600	nan
5	135268	620	nan
5	140617	640	0.70710678118655
5	145936	660	0
5	151346	680	0
5	156587	700	0.70710678118655
5	161894	720	0
5	167297	740	0.57735026918963
5	172731	760	nan
5	178100	780	0
5	183419	800	nan
5	188716	820	nan
5	194094	840	0.57735026918963
5	199342	860	0
5	204718	880	0
5	210189	900	nan
5	215515	920	0
5	220723	940	0.57735026918963
5	225977	960	0.70710678118655
5	231270	980	0
5	236646	1000	0
5	242002	1020	nan
5	247435	1040	0.57735026918963
5	252701	1060	nan
5	258119	1080	nan
5	263371	1100	nan
5	268601	1120	nan
5	273886	1140	nan
5	279243	1160	nan
5	284559	1180	nan
5	289858	1200	nan
5	295147	1220	nan
5	300503	1240	0.57735026918963
5	305872	1260	0
5	311133	1280	0
5	316527	1300	0.70710678118655
5	321823	1320	0
5	327122	1340	0
5	332540	1360	0.70710678118655
5	337810	1380	0
5	343125	1400	nan
5	348451	1420	0.70710678118655
5	353805	1440	nan
5	359142	1460	0
5	364436	1480	0
5	369811	1500	0.5
5	375180	1520	0
5	380497	1540	nan
5	385937	1560	0.70710678118655
5	391280	1580	nan
5	396643	1600	0.57735026918963
5	401899	1620	nan
5	407273	1640	nan
5	412662	1660	0
5	417965	1680	0.70710678118655
5	423268	1700	0.57735026918963
5	428580	1720	nan
5	433891	1740	nan
5	439289	1760	0.70710678118655
5	444575	1780	nan
5	449841	1800	0.70710678118655
5	454687	1820	0
5	458974	1840	nan
5	462814	1860	nan
5	466081	1880	0.70710678118655
5	469007	1900	0.5
5	471467	1920	0.70710678118655
5	473556	1940	nan
5	475091	1960	nan
5	476140	1980	nan
5	476683	2000	nan
6	34379	240	0
6	39655	260	0.33333333333333
6	44998	280	nan
6	50431	300	nan
6	55798	320	0
6	61107	340	nan
6	66425	360	nan
6	71863	380	0.33333333333333
6	77178	400	nan
6	82434	420	0.25
6	87744	440	nan
6	92937	460	0.25
6	98024	480	0
6	103327	500	0.2
6	108698	520	nan
6	114032	540	0.5
6	119247	560	0.33333333333333
6	124627	580	nan
6	129952	600	nan
6	135268	620	nan
6	140617	640	0.5
6	145936	660	0
6	151346	680	0
6	156587	700	0.5
6	161894	720	0
6	167297	740	0.33333333333333
6	172731	760	nan
6	178100	780	0
6	183419	800	nan
6	188716	820	nan
6	194094	840	0.33333333333333
6	199342	860	0
6	204718	880	0
6	210189	900	nan
6	215515	920	0
6	220723	940	0.33333333333333
6	225977	960	0.5
6	231270	980	0
6	236646	1000	0
6	242002	1020	nan
6	247435	1040	0.33333333333333
6	252701	1060	nan
6	258119	1080	nan
6	263371	1100	nan
6	268601	1120	nan
6	273886	1140	nan
6	279243	1160	nan
6	284559	1180	nan
6	289858	1200	nan
6	295147	1220	nan
6	300503	1240	0.33333333333333
6	305872	1260	0
6	311133	1280	0
6	316527	1300	0.5
6	321823	1320	0
6	327122	1340	0
6	332540	1360	0.5
6	337810	1380	0
6	343125	1400	nan
6	348451	1420	0.5
6	353805	1440	nan
6	359142	1460	0
6	364436	1480	0
6	369811	1500	0.25
6	375180	1520	0
6	380497	1540	nan
6	385937	1560	0.5
6	391280	1580	nan
6	396643	1600	0.33333333333333
6	401899	1620	nan
6	407273	1640	nan
6	412662	1660	0
6	417965	1680	0.5
6	423268	1700	0.33333333333333
6	428580	1720	nan
6	433891	1740	nan
6	439289	1760	0.5
6	444575	1780	nan
6	449841	1800	0.5
6	454687	1820	0
6	458974	1840	nan
6	462814	1860	nan
6	466081	1880	0.5
6	469007	1900	0.25
6	471467	1920	0.5
6	473556	1940	nan
6	475091	1960	nan
6	476140	1980	nan
6	476683	2000	nan
7	34379	240	8.85
7	39655	260	8.8292682926829
7	44998	280	8.8
7	50431	300	9.0975609756098
7	55798	320	9.125
7	61107	340	8.925
7	66425	360	9
7	71863	380	9.2051282051282
7	77178	400	9
7	82434	420	9.1794871794872
7	87744	440	8.8536585365854
7	92937	460	8.85
7	98024	480	8.675
7	103327	500	8.975
7	108698	520	8.9268292682927
7	114032	540	9.0487804878049
7	119247	560	9.1538461538462
7	124627	580	9.125
7	129952	600	9.0243902439024
7	135268	620	9.05
7	140617	640	9.075
7	145936	660	9.1
7	151346	680	9.15
7	156587	700	8.9512195121951
7	161894	720	8.85
7	167297	740	9.25
7	172731	760	8.9756097560976
7	178100	780	9.3170731707317
7	183419	800	8.95
7	188716	820	8.775
7	194094	840	8.9024390243902
7	199342	860	9
7	204718	880	8.5853658536585
7	210189	900	9.25
7	215515	920	8.875
7	220723	940	8.775
7	225977	960	9
7	231270	980	8.8536585365854
7	236646	1000	8.7619047619048
7	242002	1020	8.8536585365854
7	247435	1040	8.8095238095238
7	252701	1060	8.8048780487805
7	258119	1080	9.35
7	263371	1100	8.925
7	268601	1120	9.05
7	273886	1140	9.1
7	279243	1160	9.15
7	284559	1180	8.95
7	289858	1200	9.1538461538462
7	295147	1220	9.025
7	300503	1240	9.175
7	305872	1260	9.25
7	311133	1280	8.9756097560976
7	316527	1300	9.275
7	321823	1320	9.075
7	327122	1340	8.925
7	332540	1360	9.15
7	337810	1380	9.15
7	343125	1400	8.9
7	348451	1420	9.025
7	353805	1440	9.4615384615385
7	359142	1460	8.7560975609756
7	364436	1480	9.025
7	369811	1500	9.05
7	375180	1520	8.8048780487805
7	380497	1540	8.8048780487805
7	385937	1560	9.175
7	391280	1580	9.025
7	396643	1600	9.05
7	401899	1620	9.1794871794872
7	407273	1640	9.1219512195122
7	412662	1660	8.975
7	417965	1680	8.8
7	423268	1700	8.75
7	428580	1720	9.125
7	433891	1740	8.925
7	439289	1760	8.8333333333333
7	444575	1780	9.1
7	449841	1800	8.8292682926829
7	454687	1820	8.8108108108108
7	458974	1840	8.2647058823529
7	462814	1860	8.4516129032258
7	466081	1880	8.2962962962963
7	469007	1900	7.9583333333333
7	471467	1920	8.1428571428571
7	473556	1940	7.9444444444444
7	475091	1960	7.1538461538462
7	476140	1980	6.5
7	476683	2000	5.375
8	34379	240	1.9683391410931
8	39655	260	1.3398216117153
8	44998	280	1.4358058578856
8	50431	300	1.6401962999711
8	55798	320	1.4355826120072
8	61107	340	1.3279538916926
8	66425	360	2.0615528128088
8	71863	380	1.2392588442819
8	77178	400	1.9348358440937
8	82434	420	2.0884619733921
8	87744	440	1.9178239701515
8	92937	460	1.5940594847827
8	98024	480	1.5423508530312
8	103327	500	1.9412855904245
8	108698	520	2.4019808898328
8	114032	540	1.6116950628484
8	119247	560	1.5983290870297
8	124627	580	1.8971976634919
8	129952	600	1.6044906493658
8	135268	620	1.7089507952287
8	140617	640	1.4212219372328
8	145936	660	1.6455067024149
8	151346	680	1.9421109318973
8	156587	700	1.7599889134906
8	161894	720	2.1067656581741
8	167297	740	1.4632243987255
8	172731	760	2.1152754534345
8	178100	780	1.8498516750032
8	183419	800	1.7967206594808
8	188716	820	1.7901081474277
8	194094	840	1.7292321713521
8	199342	860	1.4849674087764
8	204718	880	1.7025805378322
8	210189	900	1.3540064007727
8	215515	920	1.8836339673824
8	220723	940	1.993418658666
8	225977	960	1.45095250022
8	231270	980	2.1744076849772
8	236646	1000	1.935666820372
8	242002	1020	1.9178239701515
8	247435	1040	2.0628904093244
8	252701	1060	1.6312497079712
8	258119	1080	1.4944341180973
8	263371	1100	1.9267017120404
8	268601	1120	1.893985081034
8	273886	1140	1.7066987176478
8	279243	1160	1.6100644994247
8	284559	1180	2.062485431184
8	289858	1200	1.5481476459315
8	295147	1220	1.9280320776138
8	300503	1240	1.6312257464549
8	305872	1260	1.5483655567843
8	311133	1280	1.6805922301089
8	316527	1300	1.7095133510552
8	321823	1320	1.4743534002124
8	327122	1340	1.8311758867474
8	332540	1360	1.1886212655091
8	337810	1380	1.6725537053966
8	343125	1400	1.7945787306532
8	348451	1420	1.7318657495196
8	353805	1440	1.7747669060612
8	359142	1460	2.1304986247928
8	364436	1480	1.3865193462177
8	369811	1500	1.6004806970215
8	375180	1520	1.4180887171669
8	380497	1540	1.9133676096757
8	385937	1560	1.7229595884958
8	391280	1580	1.8325756009871
8	396643	1600	1.5012815038647
8	401899	1620	1.6201331146057
8	407273	1640	1.9773103189841
8	412662	1660	1.8603487403972
8	417965	1680	1.856381923569
8	423268	1700	1.3349349355123
8	428580	1720	1.8836339673824
8	433891	1740	1.5914434666969
8	439289	1760	2.0232389712931
8	444575	1780	1.6298497649815
8	449841	1800	1.9092202469122
8	454687	1820	1.5245734893157
8	458974	1840	1.5822658001703
8	462814	1860	1.4569079055182
8	466081	1880	1.564382768792
8	469007	1900	1.9444271910898
8	471467	1920	1.7113069358158
8	473556	1940	1.9242178616479
8	475091	1960	1.7722938923964
8	476140	1980	1.1785113019776
8	476683	2000	1.3024701806293
9	34379	240	3.874358974359
9	39655	260	1.7951219512195
9	44998	280	2.0615384615385
9	50431	300	2.690243902439
9	55798	320	2.0608974358974
9	61107	340	1.7634615384615
9	66425	360	4.25
9	71863	380	1.5357624831309
9	77178	400	3.7435897435897
9	82434	420	4.361673414305
9	87744	440	3.6780487804878
9	92937	460	2.5410256410256
9	98024	480	2.3788461538462
9	103327	500	3.7685897435897
9	108698	520	5.769512195122
9	114032	540	2.5975609756098
9	119247	560	2.5546558704453
9	124627	580	3.599358974359
9	129952	600	2.5743902439024
9	135268	620	2.9205128205128
9	140617	640	2.0198717948718
9	145936	660	2.7076923076923
9	151346	680	3.7717948717949
9	156587	700	3.0975609756098
9	161894	720	4.4384615384615
9	167297	740	2.1410256410256
9	172731	760	4.4743902439024
9	178100	780	3.4219512195122
9	183419	800	3.2282051282051
9	188716	820	3.2044871794872
9	194094	840	2.990243902439
9	199342	860	2.2051282051282
9	204718	880	2.8987804878049
9	210189	900	1.8333333333333
9	215515	920	3.5480769230769
9	220723	940	3.9737179487179
9	225977	960	2.1052631578947
9	231270	980	4.7280487804878
9	236646	1000	3.746806039489
9	242002	1020	3.6780487804878
9	247435	1040	4.2555168408827
9	252701	1060	2.6609756097561
9	258119	1080	2.2333333333333
9	263371	1100	3.7121794871795
9	268601	1120	3.5871794871795
9	273886	1140	2.9128205128205
9	279243	1160	2.5923076923077
9	284559	1180	4.2538461538462
9	289858	1200	2.3967611336032
9	295147	1220	3.7173076923077
9	300503	1240	2.6608974358974
9	305872	1260	2.3974358974359
9	311133	1280	2.8243902439024
9	316527	1300	2.9224358974359
9	321823	1320	2.1737179487179
9	327122	1340	3.3532051282051
9	332540	1360	1.4128205128205
9	337810	1380	2.7974358974359
9	343125	1400	3.2205128205128
9	348451	1420	2.999358974359
9	353805	1440	3.1497975708502
9	359142	1460	4.5390243902439
9	364436	1480	1.9224358974359
9	369811	1500	2.5615384615385
9	375180	1520	2.0109756097561
9	380497	1540	3.6609756097561
9	385937	1560	2.9685897435897
9	391280	1580	3.3583333333333
9	396643	1600	2.2538461538462
9	401899	1620	2.6248313090418
9	407273	1640	3.909756097561
9	412662	1660	3.4608974358974
9	417965	1680	3.4461538461538
9	423268	1700	1.7820512820513
9	428580	1720	3.5480769230769
9	433891	1740	2.5326923076923
9	439289	1760	4.0934959349593
9	444575	1780	2.6564102564103
9	449841	1800	3.6451219512195
9	454687	1820	2.3243243243243
9	458974	1840	2.5035650623886
9	462814	1860	2.1225806451613
9	466081	1880	2.4472934472934
9	469007	1900	3.7807971014493
9	471467	1920	2.9285714285714
9	473556	1940	3.702614379085
9	475091	1960	3.1410256410256
9	476140	1980	1.3888888888889
9	476683	2000	1.6964285714286
10	34379	240	137.3895407638
10	39655	260	139.11410429374
10	44998	280	47.527987620911
10	50431	300	0
10	55798	320	92.315345420575
10	61107	340	45.489253417079
10	66425	360	47.391568437785
10	71863	380	140.2624617095
10	77178	400	51.379531184437
10	82434	420	189.81832881446
10	87744	440	47.624822669943
10	92937	460	186.45973881902
10	98024	480	85.793730895998
10	103327	500	231.5323711283
10	108698	520	47.328511189822
10	114032	540	98.748598591944
10	119247	560	139.41977843385
10	124627	580	46.421445500799
10	129952	600	0
10	135268	620	45.93889531624
10	140617	640	92.414488961182
10	145936	660	95.567474243064
10	151346	680	94.257491759204
10	156587	700	100.44585411885
10	161894	720	95.258508890468
10	167297	740	142.97000357625
10	172731	760	44.90425501402
10	178100	780	95.498356644157
10	183419	800	52.543652685827
10	188716	820	46.22673103942
10	194094	840	186.46855019953
10	199342	860	140.97525517429
10	204718	880	97.832133666355
10	210189	900	46.913917438676
10	215515	920	93.446143665157
10	220723	940	139.28821848677
10	225977	960	95.895216926005
10	231270	980	97.52113076218
10	236646	1000	93.393787586946
10	242002	1020	0
10	247435	1040	138.83608051347
10	252701	1060	50.240863110416
10	258119	1080	45.705021937173
10	263371	1100	44.816600278067
10	268601	1120	45.613492504856
10	273886	1140	0
10	279243	1160	46.484484922726
10	284559	1180	0
10	289858	1200	0
10	295147	1220	45.355377380225
10	300503	1240	184.36421563812
10	305872	1260	229.59458113355
10	311133	1280	92.287761426396
10	316527	1300	94.469620485783
10	321823	1320	145.85716275395
10	327122	1340	93.108254205082
10	332540	1360	94.048413212715
10	337810	1380	140.68055570522
10	343125	1400	0
10	348451	1420	93.040253960877
10	353805	1440	46.432165143782
10	359142	1460	104.46612918696
10	364436	1480	94.217716614267
10	369811	1500	187.84826196691
10	375180	1520	92.736458877244
10	380497	1540	45.767175951258
10	385937	1560	91.819876903293
10	391280	1580	44.47332688245
10	396643	1600	186.63368629519
10	401899	1620	0
10	407273	1640	47.603008031142
10	412662	1660	95.71568350937
10	417965	1680	95.146702038999
10	423268	1700	141.65507553519
10	428580	1720	0
10	433891	1740	48.493611026111
10	439289	1760	91.59476521109
10	444575	1780	46.451849744701
10	449841	1800	91.728703158806
10	454687	1820	95.030646209492
10	458974	1840	0
10	462814	1860	0
10	466081	1880	93.982638906799
10	469007	1900	191.41140121673
10	471467	1920	93.023525446356
10	473556	1940	45.453140558569
10	475091	1960	0
10	476140	1980	47.842948013909
10	476683	2000	47.842948013909
11	34379	240	45.796513587933
11	39655	260	46.371368097914
11	44998	280	47.527987620911
11	50431	300	nan
11	55798	320	46.157672710288
11	61107	340	45.489253417079
11	66425	360	47.391568437785
11	71863	380	46.754153903166
11	77178	400	51.379531184437
11	82434	420	47.454582203616
11	87744	440	47.624822669943
11	92937	460	46.614934704754
11	98024	480	42.896865447999
11	103327	500	46.30647422566
11	108698	520	47.328511189822
11	114032	540	49.374299295972
11	119247	560	46.473259477951
11	124627	580	46.421445500799
11	129952	600	nan
11	135268	620	45.93889531624
11	140617	640	46.207244480591
11	145936	660	47.783737121532
11	151346	680	47.128745879602
11	156587	700	50.222927059425
11	161894	720	47.629254445234
11	167297	740	47.656667858751
11	172731	760	44.90425501402
11	178100	780	47.749178322079
11	183419	800	52.543652685827
11	188716	820	46.22673103942
11	194094	840	46.617137549883
11	199342	860	46.991751724762
11	204718	880	48.916066833177
11	210189	900	46.913917438676
11	215515	920	46.723071832579
11	220723	940	46.429406162258
11	225977	960	47.947608463003
11	231270	980	48.76056538109
11	236646	1000	46.696893793473
11	242002	1020	nan
11	247435	1040	46.278693504492
11	252701	1060	50.240863110416
11	258119	1080	45.705021937173
11	263371	1100	44.816600278067
11	268601	1120	45.613492504856
11	273886	1140	nan
11	279243	1160	46.484484922726
11	284559	1180	nan
11	289858	1200	nan
11	295147	1220	45.355377380225
11	300503	1240	46.09105390953
11	305872	1260	45.91891622671
11	311133	1280	46.143880713198
11	316527	1300	47.234810242892
11	321823	1320	48.619054251318
11	327122	1340	46.554127102541
11	332540	1360	47.024206606358
11	337810	1380	46.893518568406
11	343125	1400	nan
11	348451	1420	46.520126980439
11	353805	1440	46.432165143782
11	359142	1460	52.233064593482
11	364436	1480	47.108858307134
11	369811	1500	46.962065491728
11	375180	1520	46.368229438622
11	380497	1540	45.767175951258
11	385937	1560	45.909938451647
11	391280	1580	44.47332688245
11	396643	1600	46.658421573798
11	401899	1620	nan
11	407273	1640	47.603008031142
11	412662	1660	47.857841754685
11	417965	1680	47.5733510195
11	423268	1700	47.218358511729
11	428580	1720	nan
11	433891	1740	48.493611026111
11	439289	1760	45.797382605545
11	444575	1780	46.451849744701
11	449841	1800	45.864351579403
11	454687	1820	47.515323104746
11	458974	1840	nan
11	462814	1860	nan
11	466081	1880	46.991319453399
11	469007	1900	47.852850304184
11	471467	1920	46.511762723178
11	473556	1940	45.453140558569
11	475091	1960	nan
11	476140	1980	47.842948013909
11	476683	2000	47.842948013909
12	34379	240	0.37777996746805
12	39655	260	1.4195576197613
12	44998	280	nan
12	50431	300	nan
12	55798	320	0.57933024594299
12	61107	340	nan
12	66425	360	nan
12	71863	380	1.0170014851497
12	77178	400	nan
12	82434	420	1.7675510684879
12	87744	440	nan
12	92937	460	0.354260879836
12	98024	480	3.1056621590305
12	103327	500	0.9089015331785
12	108698	520	nan
12	114032	540	1.7146072613741
12	119247	560	0.93622177732849
12	124627	580	nan
12	129952	600	nan
12	135268	620	nan
12	140617	640	0.20074133498376
12	145936	660	2.6973843129858
12	151346	680	1.8177377264799
12	156587	700	7.8459777866039
12	161894	720	4.2230829503396
12	167297	740	3.4866732063259
12	172731	760	nan
12	178100	780	0.20776838684735
12	183419	800	nan
12	188716	820	nan
12	194094	840	1.9010707693854
12	199342	860	1.5982043303495
12	204718	880	2.1925743149861
12	210189	900	nan
12	215515	920	1.0955803245896
12	220723	940	0.11628839999083
12	225977	960	1.9233737175533
12	231270	980	3.2848123020225
12	236646	1000	1.2228743721393
12	242002	1020	nan
12	247435	1040	1.590403189094
12	252701	1060	nan
12	258119	1080	nan
12	263371	1100	nan
12	268601	1120	nan
12	273886	1140	nan
12	279243	1160	nan
12	284559	1180	nan
12	289858	1200	nan
12	295147	1220	nan
12	300503	1240	1.2707796709755
12	305872	1260	1.1609145113516
12	311133	1280	0.61828624545328
12	316527	1300	4.0083940341149
12	321823	1320	0.64139543796905
12	327122	1340	0.2318348700644
12	332540	1360	0.39500994111738
12	337810	1380	1.1756113198811
12	343125	1400	nan
12	348451	1420	0.030865607997278
12	353805	1440	nan
12	359142	1460	3.5508314307879
12	364436	1480	2.5054719485271
12	369811	1500	1.7931337662062
12	375180	1520	1.1825061487349
12	380497	1540	nan
12	385937	1560	0.26515034320917
12	391280	1580	nan
12	396643	1600	1.2699457774662
12	401899	1620	nan
12	407273	1640	nan
12	412662	1660	2.0426856480747
12	417965	1680	0.59646347123835
12	423268	1700	3.1005150069978
12	428580	1720	nan
12	433891	1740	nan
12	439289	1760	1.9440380052475
12	444575	1780	nan
12	449841	1800	0.22183758192621
12	454687	1820	0.21949091332718
12	458974	1840	nan
12	462814	1860	nan
12	466081	1880	0.55608268436922
12	469007	1900	1.0990519956919
12	471467	1920	0.21999237376681
12	473556	1940	nan
12	475091	1960	nan
12	476140	1980	nan
12	476683	2000	nan
13	34379	240	0.14271770382016
13	39655	260	2.0151438358222
13	44998	280	nan
13	50431	300	nan
13	55798	320	0.33562353386437
13	61107	340	nan
13	66425	360	nan
13	71863	380	1.0342920207966
13	77178	400	nan
13	82434	420	3.1242367797127
13	87744	440	nan
13	92937	460	0.12550077098217
13	98024	480	9.6451374460343
13	103327	500	0.82610199701423
13	108698	520	nan
13	114032	540	2.9398780607568
13	119247	560	0.87651121634413
13	124627	580	nan
13	129952	600	nan
13	135268	620	nan
13	140617	640	0.040297083571061
13	145936	660	7.275882131942
13	151346	680	3.3041704422683
13	156587	700	61.559367427883
13	161894	720	17.834429605449
13	167297	740	12.156890047711
13	172731	760	nan
13	178100	780	0.043167702573149
13	183419	800	nan
13	188716	820	nan
13	194094	840	3.6140700702116
13	199342	860	2.5542570815478
13	204718	880	4.8073821267367
13	210189	900	nan
13	215515	920	1.2002962476277
13	220723	940	0.013522991972428
13	225977	960	3.6993664573746
13	231270	980	10.789991859518
13	236646	1000	1.4954217300352
13	242002	1020	nan
13	247435	1040	2.5293823038804
13	252701	1060	nan
13	258119	1080	nan
13	263371	1100	nan
13	268601	1120	nan
13	273886	1140	nan
13	279243	1160	nan
13	284559	1180	nan
13	289858	1200	nan
13	295147	1220	nan
13	300503	1240	1.6148809721647
13	305872	1260	1.3477225026667
13	311133	1280	0.38227788131671
13	316527	1300	16.067222732728
13	321823	1320	0.41138810784751
13	327122	1340	0.053747406977775
13	332540	1360	0.15603285358156
13	337810	1380	1.3820619754325
13	343125	1400	nan
13	348451	1420	0.00095268575704166
13	353805	1440	nan
13	359142	1460	12.608403849871
13	364436	1480	6.277389684856
13	369811	1500	3.2153287035088
13	375180	1520	1.3983207917959
13	380497	1540	nan
13	385937	1560	0.070304704503942
13	391280	1580	nan
13	396643	1600	1.6127622777042
13	401899	1620	nan
13	407273	1640	nan
13	412662	1660	4.1725646568504
13	417965	1680	0.3557686725217
13	423268	1700	9.6131933086185
13	428580	1720	nan
13	433891	1740	nan
13	439289	1760	3.7792837658468
13	444575	1780	nan
13	449841	1800	0.049211912754867
13	454687	1820	0.048176261033199
13	458974	1840	nan
13	462814	1860	nan
13	466081	1880	0.30922795185528
13	469007	1900	1.2079152892343
13	471467	1920	0.048396644515555
13	473556	1940	nan
13	475091	1960	nan
13	476140	1980	nan
13	476683	2000	nan
14	34379	240	133.09295254825
14	39655	260	180.98556626486
14	44998	280	44.872176576741
14	50431	300	44.579177867896
14	55798	320	88.454345289523
14	61107	340	44.315201484701
14	66425	360	135.20121361503
14	71863	380	177.5322185419
14	77178	400	134.67522534258
14	82434	420	226.01360633029
14	87744	440	44.488294558251
14	92937	460	178.285828387
14	98024	480	89.66609662904
14	103327	500	316.37188690343
14	108698	520	90.803358029189
14	114032	540	134.62856312685
14	119247	560	178.55315717754
14	124627	580	44.295008736258
14	129952	600	0
14	135268	620	45.182832349168
14	140617	640	88.811527320361
14	145936	660	177.28227726814
14	151346	680	89.646400023688
14	156587	700	232.04203618336
14	161894	720	88.750704090725
14	167297	740	133.01914888551
14	172731	760	44.73315410921
14	178100	780	180.56016768144
14	183419	800	90.126836225906
14	188716	820	44.510404369885
14	194094	840	223.58221921029
14	199342	860	222.81841399449
14	204718	880	90.639674657503
14	210189	900	89.006580293278
14	215515	920	89.17347981842
14	220723	940	133.86475039205
14	225977	960	134.66727238261
14	231270	980	180.35244054492
14	236646	1000	136.10838468512
14	242002	1020	89.302996085193
14	247435	1040	132.93629667743
14	252701	1060	47.900697812884
14	258119	1080	44.919364777916
14	263371	1100	88.639591011696
14	268601	1120	44.965128944862
14	273886	1140	0
14	279243	1160	44.855433398327
14	284559	1180	47.647995552742
14	289858	1200	44.044745417219
14	295147	1220	222.30795752397
14	300503	1240	180.41735830545
14	305872	1260	268.70494035453
14	311133	1280	89.385444701988
14	316527	1300	89.61875385089
14	321823	1320	182.19157169764
14	327122	1340	133.38291461468
14	332540	1360	133.50282820566
14	337810	1380	135.60413793514
14	343125	1400	90.639898492096
14	348451	1420	88.586220131271
14	353805	1440	45.914734621983
14	359142	1460	137.38274811875
14	364436	1480	89.321794432969
14	369811	1500	179.22046583234
14	375180	1520	89.625228213005
14	380497	1540	44.138845747219
14	385937	1560	88.255372700524
14	391280	1580	133.84019278305
14	396643	1600	226.08025883716
14	401899	1620	89.007140518403
14	407273	1640	89.813152762343
14	412662	1660	312.46928934052
14	417965	1680	135.34420845718
14	423268	1700	134.05182638671
14	428580	1720	44.54833443011
14	433891	1740	44.459257941714
14	439289	1760	133.95785503295
14	444575	1780	44.334391208337
14	449841	1800	130.97151104705
14	454687	1820	90.224895261953
14	458974	1840	89.44255675143
14	462814	1860	88.823020440751
14	466081	1880	91.751417554338
14	469007	1900	271.33861742138
14	471467	1920	91.066920043274
14	473556	1940	46.540478674307
14	475091	1960	0
14	476140	1980	91.757221708317
14	476683	2000	46.223573235898
15	34379	240	44.364317516083
15	39655	260	45.246391566214
15	44998	280	44.872176576741
15	50431	300	44.579177867896
15	55798	320	44.227172644761
15	61107	340	44.315201484701
15	66425	360	45.067071205011
15	71863	380	44.383054635476
15	77178	400	44.891741780861
15	82434	420	45.202721266059
15	87744	440	44.488294558251
15	92937	460	44.571457096749
15	98024	480	44.83304831452
15	103327	500	45.195983843346
15	108698	520	45.401679014594
15	114032	540	44.876187708952
15	119247	560	44.638289294386
15	124627	580	44.295008736258
15	129952	600	nan
15	135268	620	45.182832349168
15	140617	640	44.40576366018
15	145936	660	44.320569317035
15	151346	680	44.823200011844
15	156587	700	46.408407236672
15	161894	720	44.375352045362
15	167297	740	44.33971629517
15	172731	760	44.73315410921
15	178100	780	45.14004192036
15	183419	800	45.063418112953
15	188716	820	44.510404369885
15	194094	840	44.716443842059
15	199342	860	44.563682798898
15	204718	880	45.319837328752
15	210189	900	44.503290146639
15	215515	920	44.58673990921
15	220723	940	44.621583464016
15	225977	960	44.889090794204
15	231270	980	45.08811013623
15	236646	1000	45.369461561705
15	242002	1020	44.651498042596
15	247435	1040	44.312098892476
15	252701	1060	47.900697812884
15	258119	1080	44.919364777916
15	263371	1100	44.319795505848
15	268601	1120	44.965128944862
15	273886	1140	nan
15	279243	1160	44.855433398327
15	284559	1180	47.647995552742
15	289858	1200	44.044745417219
15	295147	1220	44.461591504793
15	300503	1240	45.104339576361
15	305872	1260	44.784156725755
15	311133	1280	44.692722350994
15	316527	1300	44.809376925445
15	321823	1320	45.547892924409
15	327122	1340	44.460971538226
15	332540	1360	44.50094273522
15	337810	1380	45.201379311714
15	343125	1400	45.319949246048
15	348451	1420	44.293110065636
15	353805	1440	45.914734621983
15	359142	1460	45.794249372916
15	364436	1480	44.660897216485
15	369811	1500	44.805116458084
15	375180	1520	44.812614106502
15	380497	1540	44.138845747219
15	385937	1560	44.127686350262
15	391280	1580	44.61339759435
15	396643	1600	45.216051767433
15	401899	1620	44.503570259202
15	407273	1640	44.906576381172
15	412662	1660	44.638469905789
15	417965	1680	45.114736152394
15	423268	1700	44.683942128903
15	428580	1720	44.54833443011
15	433891	1740	44.459257941714
15	439289	1760	44.652618344316
15	444575	1780	44.334391208337
15	449841	1800	43.657170349017
15	454687	1820	45.112447630976
15	458974	1840	44.721278375715
15	462814	1860	44.411510220375
15	466081	1880	45.875708777169
15	469007	1900	45.223102903564
15	471467	1920	45.533460021637
15	473556	1940	46.540478674307
15	475091	1960	nan
15	476140	1980	45.878610854158
15	476683	2000	46.223573235898
16	34379	240	0.27518811143073
16	39655	260	0.8781847382634
16	44998	280	nan
16	50431	300	nan
16	55798	320	0.11862534356682
16	61107	340	nan
16	66425	360	0.45707707537783
16	71863	380	0.45921883520132
16	77178	400	0.35005248257689
16	82434	420	2.0869555843863
16	87744	440	nan
16	92937	460	1.117780470922
16	98024	480	0.19242258547422
16	103327	500	0.74880718892042
16	108698	520	0.38447220106775
16	114032	540	0.37143035660386
16	119247	560	0.25705217355458
16	124627	580	nan
16	129952	600	nan
16	135268	620	nan
16	140617	640	0.00094159716882814
16	145936	660	0.25152389691171
16	151346	680	0.94089496832814
16	156587	700	2.4853759655595
16	161894	720	0.75777441102349
16	167297	740	0.17973823537339
16	172731	760	nan
16	178100	780	1.1464898675066
16	183419	800	0.92131566724795
16	188716	820	nan
16	194094	840	0.62767096677696
16	199342	860	0.62428877483288
16	204718	880	0.073188336515521
16	210189	900	0.16673700405559
16	215515	920	0.015924362323893
16	220723	940	0.1130869313754
16	225977	960	0.56754433659283
16	231270	980	0.79319794824151
16	236646	1000	0.48384207310959
16	242002	1020	0.091536604603739
16	247435	1040	0.13905049842136
16	252701	1060	nan
16	258119	1080	nan
16	263371	1100	0.02942222868736
16	268601	1120	nan
16	273886	1140	nan
16	279243	1160	nan
16	284559	1180	nan
16	289858	1200	nan
16	295147	1220	0.39403421312915
16	300503	1240	2.0101981722804
16	305872	1260	0.72218135807914
16	311133	1280	0.42875916001415
16	316527	1300	0.47413040721505
16	321823	1320	0.76716436346062
16	327122	1340	0.12630650283746
16	332540	1360	0.54529250413003
16	337810	1380	1.472998640956
16	343125	1400	1.2313361602013
16	348451	1420	0.91314649662887
16	353805	1440	nan
16	359142	1460	1.8557133853752
16	364436	1480	0.2657912089001
16	369811	1500	0.55887991332565
16	375180	1520	0.53988826214095
16	380497	1540	nan
16	385937	1560	0.29441480740939
16	391280	1580	0.2868278522298
16	396643	1600	1.0205839383255
16	401899	1620	0.54554136428812
16	407273	1640	0.42172771183478
16	412662	1660	0.52264566093682
16	417965	1680	0.40609993864872
16	423268	1700	0.4348421008796
16	428580	1720	nan
16	433891	1740	nan
16	439289	1760	0.099182539245684
16	444575	1780	nan
16	449841	1800	0.92482614931322
16	454687	1820	0.76011789168966
16	458974	1840	0.79531912528422
16	462814	1860	0.24569484421205
16	466081	1880	0.43116813571146
16	469007	1900	1.2849233625308
16	471467	1920	0.65930772017474
16	473556	1940	nan
16	475091	1960	nan
16	476140	1980	1.2706381872973
16	476683	2000	nan
17	34379	240	0.075728496672814
17	39655	260	0.77120843451876
17	44998	280	nan
17	50431	300	nan
17	55798	320	0.014071972136347
17	61107	340	nan
17	66425	360	0.20891945283595
17	71863	380	0.21088193860366
17	77178	400	0.12253674055824
17	82434	420	4.355383611201
17	87744	440	nan
17	92937	460	1.2494331811745
17	98024	480	0.037026451400585
17	103327	500	0.5607122061789
17	108698	520	0.14781887339388
17	114032	540	0.13796050980687
17	119247	560	0.066075819929132
17	124627	580	nan
17	129952	600	nan
17	135268	620	nan
17	140617	640	8.8660522834516e-007
17	145936	660	0.063264270717654
17	151346	680	0.88528334142521
17	156587	700	6.1770936901809
17	161894	720	0.57422205800199
17	167297	740	0.032305833255139
17	172731	760	nan
17	178100	780	1.3144390162953
17	183419	800	0.84882255871653
17	188716	820	nan
17	194094	840	0.39397084253472
17	199342	860	0.38973647438233
17	204718	880	0.0053565326019092
17	210189	900	0.027801228521435
17	215515	920	0.00025358531542263
17	220723	940	0.012788654047904
17	225977	960	0.3221065739986
17	231270	980	0.62916298509454
17	236646	1000	0.23410315171099
17	242002	1020	0.0083789499823812
17	247435	1040	0.01933504111123
17	252701	1060	nan
17	258119	1080	nan
17	263371	1100	0.00086566754093131
17	268601	1120	nan
17	273886	1140	nan
17	279243	1160	nan
17	284559	1180	nan
17	289858	1200	nan
17	295147	1220	0.15526296111631
17	300503	1240	4.0408966918393
17	305872	1260	0.52154591395703
17	311133	1280	0.18383441729604
17	316527	1300	0.22479964304591
17	321823	1320	0.58854116056394
17	327122	1340	0.015953332659028
17	332540	1360	0.2973439150604
17	337810	1380	2.1697249962582
17	343125	1400	1.5161887394193
17	348451	1420	0.83383652430558
17	353805	1440	nan
17	359142	1460	3.4436721686607
17	364436	1480	0.070644966728577
17	369811	1500	0.31234675751889
17	375180	1520	0.29147933559758
17	380497	1540	nan
17	385937	1560	0.086680078821905
17	391280	1580	0.082270216814762
17	396643	1600	1.0415915751679
17	401899	1620	0.29761538014934
17	407273	1640	0.1778542629294
17	412662	1660	0.27315848689609
17	417965	1680	0.16491716017049
17	423268	1700	0.18908765269738
17	428580	1720	nan
17	433891	1740	nan
17	439289	1760	0.0098371760912217
17	444575	1780	nan
17	449841	1800	0.85530340645351
17	454687	1820	0.57777920926673
17	458974	1840	0.63253251104286
17	462814	1860	0.060365956472383
17	466081	1880	0.18590596125289
17	469007	1900	1.6510280475774
17	471467	1920	0.43468666988202
17	473556	1940	nan
17	475091	1960	nan
17	476140	1980	1.6145214030183
17	476683	2000	nan
18	34379	240	745.39324780484
18	39655	260	705.27696560617
18	44998	280	846.44782941894
18	50431	300	704.30535065701
18	55798	320	706.5805877427
18	61107	340	607.64130516397
18	66425	360	556.74818525926
18	71863	380	610.596191175
18	77178	400	573.9609121242
18	82434	420	715.77651085166
18	87744	440	660.0793719911
18	92937	460	653.74546850777
18	98024	480	663.38213281178
18	103327	500	609.23565258317
18	108698	520	606.10569003959
18	114032	540	625.64920160134
18	119247	560	567.81177037142
18	124627	580	525.21314061093
18	129952	600	517.35755579951
18	135268	620	318.05169301872
18	140617	640	419.60025446028
18	145936	660	426.38578636067
18	151346	680	324.32220337123
18	156587	700	392.52726077125
18	161894	720	283.70432503712
18	167297	740	380.54004989007
18	172731	760	429.71465602594
18	178100	780	521.2417956686
18	183419	800	583.49027871235
18	188716	820	521.23215775458
18	194094	840	526.82304064256
18	199342	860	718.74903281714
18	204718	880	522.70880968663
18	210189	900	468.74770713269
18	215515	920	465.33859315762
18	220723	940	548.16685595801
18	225977	960	654.97748409811
18	231270	980	716.28364577239
18	236646	1000	606.99946373973
18	242002	1020	520.93131805545
18	247435	1040	612.97599999388
18	252701	1060	517.32036009183
18	258119	1080	414.95630263592
18	263371	1100	370.15070960909
18	268601	1120	346.00639190077
18	273886	1140	275.41410526735
18	279243	1160	235.62828443277
18	284559	1180	135.63015419429
18	289858	1200	95.585410032304
18	295147	1220	139.0903528915
18	300503	1240	408.06888687249
18	305872	1260	551.28835867747
18	311133	1280	553.310471815
18	316527	1300	608.20792129886
18	321823	1320	755.80529306536
18	327122	1340	704.37458021573
18	332540	1360	758.21577458031
18	337810	1380	651.29746211616
18	343125	1400	561.21796408932
18	348451	1420	659.512961876
18	353805	1440	610.19723409563
18	359142	1460	581.0201855356
18	364436	1480	517.29758684673
18	369811	1500	565.12625167906
18	375180	1520	566.96625682973
18	380497	1540	610.49314112344
18	385937	1560	596.28049253046
18	391280	1580	499.85244175025
18	396643	1600	649.37463946435
18	401899	1620	556.66284044766
18	407273	1640	563.1947104272
18	412662	1660	516.27975158481
18	417965	1680	518.70148980376
18	423268	1700	470.46890887065
18	428580	1720	425.99172383443
18	433891	1740	420.93740813582
18	439289	1760	471.20608368811
18	444575	1780	472.03146433542
18	449841	1800	564.27110884942
18	454687	1820	655.03505105563
18	458974	1840	511.06535737123
18	462814	1860	525.21672260384
18	466081	1880	467.64318634977
18	469007	1900	469.10949709757
18	471467	1920	328.32523031042
18	473556	1940	241.54565447036
18	475091	1960	142.63931733125
18	476140	1980	143.40037124885
18	476683	2000	141.90103723906
19	34379	240	46.587077987803
19	39655	260	47.018464373745
19	44998	280	47.024879412164
19	50431	300	46.953690043801
19	55798	320	47.10537251618
19	61107	340	46.741638858767
19	66425	360	46.395682104938
19	71863	380	46.968937782692
19	77178	400	47.83007601035
19	82434	420	47.718434056777
19	87744	440	47.148526570793
19	92937	460	46.696104893412
19	98024	480	47.384438057984
19	103327	500	46.864280967936
19	108698	520	46.62351461843
19	114032	540	48.126861661642
19	119247	560	47.317647530952
19	124627	580	47.746649146448
19	129952	600	47.032505072683
19	135268	620	45.435956145531
19	140617	640	46.622250495587
19	145936	660	47.376198484519
19	151346	680	46.331743338747
19	156587	700	49.065907596406
19	161894	720	47.284054172853
19	167297	740	47.567506236259
19	172731	760	47.746072891771
19	178100	780	47.385617788054
19	183419	800	48.624189892696
19	188716	820	47.384741614053
19	194094	840	47.893003694778
19	199342	860	47.916602187809
19	204718	880	47.518982698785
19	210189	900	46.874770713269
19	215515	920	46.533859315762
19	220723	940	45.680571329834
19	225977	960	46.784106007008
19	231270	980	47.752243051493
19	236646	1000	46.692266441518
19	242002	1020	47.357392550495
19	247435	1040	47.151999999529
19	252701	1060	47.029123644712
19	258119	1080	46.106255848436
19	263371	1100	46.268838701136
19	268601	1120	49.429484557253
19	273886	1140	45.902350877892
19	279243	1160	47.125656886553
19	284559	1180	45.210051398095
19	289858	1200	47.792705016152
19	295147	1220	46.363450963833
19	300503	1240	45.340987430276
19	305872	1260	45.940696556456
19	311133	1280	46.109205984584
19	316527	1300	46.785224715297
19	321823	1320	47.237830816585
19	327122	1340	46.958305347715
19	332540	1360	47.388485911269
19	337810	1380	46.521247294012
19	343125	1400	46.76816367411
19	348451	1420	47.108068705429
19	353805	1440	46.938248776587
19	359142	1460	48.418348794633
19	364436	1480	47.027053349703
19	369811	1500	47.093854306588
19	375180	1520	47.247188069144
19	380497	1540	46.961010855649
19	385937	1560	45.867730194651
19	391280	1580	45.441131068205
19	396643	1600	46.383902818882
19	401899	1620	46.388570037305
19	407273	1640	46.9328925356
19	412662	1660	46.934522871346
19	417965	1680	47.154680891251
19	423268	1700	47.046890887065
19	428580	1720	47.332413759381
19	433891	1740	46.770823126203
19	439289	1760	47.120608368811
19	444575	1780	47.203146433542
19	449841	1800	47.022592404118
19	454687	1820	46.788217932545
19	458974	1840	46.460487033749
19	462814	1860	47.746974782167
19	466081	1880	46.764318634977
19	469007	1900	46.910949709757
19	471467	1920	46.90360433006
19	473556	1940	48.309130894072
19	475091	1960	47.546439110415
19	476140	1980	47.800123749617
19	476683	2000	47.300345746355
20	34379	240	1.5768844123258
20	39655	260	2.0616835883417
20	44998	280	1.9041048960159
20	50431	300	1.8581476101727
20	55798	320	2.785899101296
20	61107	340	2.6777173244398
20	66425	360	2.4869118046878
20	71863	380	1.9807909882742
20	77178	400	1.7970390007459
20	82434	420	2.2729839451487
20	87744	440	2.5199796908688
20	92937	460	2.2451904996419
20	98024	480	1.9351494457205
20	103327	500	1.270722951651
20	108698	520	1.5317983245724
20	114032	540	3.0802643089093
20	119247	560	1.9582087556965
20	124627	580	2.2146234812267
20	129952	600	3.1057118156748
20	135268	620	2.4115734615638
20	140617	640	1.2467066474591
20	145936	660	1.2726087178439
20	151346	680	2.8456752499903
20	156587	700	4.5028997564296
20	161894	720	2.4506640136364
20	167297	740	2.3130954921237
20	172731	760	2.4434183619397
20	178100	780	2.0824379363139
20	183419	800	4.0626057080206
20	188716	820	4.5074837913466
20	194094	840	4.0509205293439
20	199342	860	3.3624187813967
20	204718	880	3.8630112904055
20	210189	900	1.9890031163253
20	215515	920	1.3341110967321
20	220723	940	1.9490902846154
20	225977	960	1.9090306362633
20	231270	980	2.8489154848622
20	236646	1000	1.6133177581448
20	242002	1020	2.5093802124438
20	247435	1040	2.3155527937185
20	252701	1060	2.2004896705964
20	258119	1080	2.9196550509053
20	263371	1100	1.2691283094695
20	268601	1120	4.318655472343
20	273886	1140	2.8128889578667
20	279243	1160	1.0575281247003
20	284559	1180	3.9056180966683
20	289858	1200	1.004964433557
20	295147	1220	1.9361998896113
20	300503	1240	1.9733193726811
20	305872	1260	0.95057848279839
20	311133	1280	1.2083135942968
20	316527	1300	1.9682174746804
20	321823	1320	2.5763011860934
20	327122	1340	2.945001268361
20	332540	1360	2.7570067826495
20	337810	1380	2.4338690072702
20	343125	1400	1.8635934619209
20	348451	1420	2.0217901689017
20	353805	1440	1.9866845010942
20	359142	1460	2.886541585385
20	364436	1480	3.7090720908522
20	369811	1500	2.9352028519907
20	375180	1520	2.7277289536303
20	380497	1540	2.418001516137
20	385937	1560	2.0294563523301
20	391280	1580	1.9359635603371
20	396643	1600	1.5066398707142
20	401899	1620	1.2445559812346
20	407273	1640	1.5828939852443
20	412662	1660	3.422910610707
20	417965	1680	1.696874035771
20	423268	1700	2.1985180539017
20	428580	1720	2.0393397907891
20	433891	1740	3.2775331209441
20	439289	1760	2.3631273635206
20	444575	1780	2.4612064794371
20	449841	1800	2.0572242443595
20	454687	1820	1.9510579277642
20	458974	1840	1.379695362389
20	462814	1860	3.2090601030476
20	466081	1880	1.5702627869257
20	469007	1900	1.4899073914302
20	471467	1920	1.6676198124915
20	473556	1940	1.9883461932595
20	475091	1960	2.2778411716854
20	476140	1980	1.7551746473813
20	476683	2000	0.70941417023536
21	34379	240	2.486564449836
21	39655	260	4.2505392184375
21	44998	280	3.6256154550319
21	50431	300	3.4527125411906
21	55798	320	7.761233802602
21	61107	340	7.170170069605
21	66425	360	6.1847303242954
21	71863	380	3.9235329392284
21	77178	400	3.2293491702018
21	82434	420	5.1664560149037
21	87744	440	6.3502976423912
21	92937	460	5.0408803796821
21	98024	480	3.7448033772724
21	103327	500	1.6147368198527
21	108698	520	2.3464061071628
21	114032	540	9.4880282127408
21	119247	560	3.8345815308864
21	124627	580	4.9045571636008
21	129952	600	9.6454458820218
21	135268	620	5.8156865605187
21	140617	640	1.5542774648188
21	145936	660	1.6195329487322
21	151346	680	8.0978676284075
21	156587	700	20.276106216454
21	161894	720	6.0057541077326
21	167297	740	5.3504107556828
21	172731	760	5.9702932914641
21	178100	780	4.3365477585992
21	183419	800	16.504765138842
21	188716	820	20.317410129252
21	194094	840	16.40995713506
21	199342	860	11.305860061489
21	204718	880	14.9228562298
21	210189	900	3.9561333967516
21	215515	920	1.7798524184236
21	220723	940	3.7989529375822
21	225977	960	3.6443979701917
21	231270	980	8.1163194398875
21	236646	1000	2.6027941887453
21	242002	1020	6.2969890506043
21	247435	1040	5.3617847404975
21	252701	1060	4.8421547904012
21	258119	1080	8.5243856162765
21	263371	1100	1.610686665897
21	268601	1120	18.650785088798
21	273886	1140	7.9123442892887
21	279243	1160	1.1183657345322
21	284559	1180	15.253852717023
21	289858	1200	1.0099535127145
21	295147	1220	3.7488700125307
21	300503	1240	3.8939893465986
21	305872	1260	0.90359945195929
21	311133	1280	1.4600217421625
21	316527	1300	3.8738800276371
21	321823	1320	6.6373278014661
21	327122	1340	8.673032470648
21	332540	1360	7.6010863995752
21	337810	1380	5.9237183445503
21	343125	1400	3.4729805913143
21	348451	1420	4.0876354870675
21	353805	1440	3.9469153068879
21	359142	1460	8.3321223241568
21	364436	1480	13.757215775139
21	369811	1500	8.6154157823342
21	375180	1520	7.440505244473
21	380497	1540	5.8467313320407
21	385937	1560	4.1186930860132
21	391280	1580	3.7479549069532
21	396643	1600	2.2699637000258
21	401899	1620	1.5489195904267
21	407273	1640	2.5055533685225
21	412662	1660	11.71631704889
21	417965	1680	2.8793814932737
21	423268	1700	4.8334816333315
21	428580	1720	4.1589067822957
21	433891	1740	10.742223358886
21	439289	1760	5.5843709362198
21	444575	1780	6.0575373344232
21	449841	1800	4.2321715915804
21	454687	1820	3.8066270374916
21	458974	1840	1.9035592929977
21	462814	1860	10.298066744972
21	466081	1880	2.4657252200037
21	469007	1900	2.2198240350385
21	471467	1920	2.7809558390142
21	473556	1940	3.9535205842496
21	475091	1960	5.1885604034251
21	476140	1980	3.0806380428102
21	476683	2000	0.50326846493072
22	34379	240	1659.3754570004
22	39655	260	1660.3886992113
22	44998	280	1748.5893582744
22	50431	300	1792.8463601585
22	55798	320	1706.9809141619
22	61107	340	1748.5912996622
22	66425	360	1706.3106404563
22	71863	380	1566.2989631837
22	77178	400	1659.0819002736
22	82434	420	1516.9471155674
22	87744	440	1798.2841702003
22	92937	460	1611.7916039659
22	98024	480	1709.3775522009
22	103327	500	1478.994388299
22	108698	520	1747.4124132312
22	114032	540	1705.1913648095
22	119247	560	1574.0845005578
22	124627	580	1756.1474348882
22	129952	600	1841.7276878469
22	135268	620	1749.9522788179
22	140617	640	1707.4302503752
22	145936	660	1619.3924078144
22	151346	680	1703.4823479962
22	156587	700	1621.8945151823
22	161894	720	1714.3234484585
22	167297	740	1666.6339318927
22	172731	760	1797.4961318672
22	178100	780	1657.5663719248
22	183419	800	1704.7828962917
22	188716	820	1750.7128655484
22	194094	840	1622.7967847774
22	199342	860	1574.2888007625
22	204718	880	1755.3026131628
22	210189	900	1704.4675683428
22	215515	920	1701.5909474311
22	220723	940	1659.9417435864
22	225977	960	1615.3940913409
22	231270	980	1670.521102514
22	236646	1000	1752.4946488772
22	242002	1020	1757.5409516539
22	247435	1040	1755.9370037854
22	252701	1060	1798.9631322482
22	258119	1080	1749.4087804375
22	263371	1100	1699.984675184
22	268601	1120	1751.831814369
22	273886	1140	1791.3621513041
22	279243	1160	1746.572847855
22	284559	1180	1744.4453147429
22	289858	1200	1700.1720836561
22	295147	1220	1570.6779691523
22	300503	1240	1623.4226136604
22	305872	1260	1526.8345454139
22	311133	1280	1751.5177268085
22	316527	1300	1703.3707698927
22	321823	1320	1612.2568773935
22	327122	1340	1662.9323916247
22	332540	1360	1663.3142109527
22	337810	1380	1660.3504257643
22	343125	1400	1703.9538386505
22	348451	1420	1705.9802279827
22	353805	1440	1699.4803767133
22	359142	1460	1705.7860932011
22	364436	1480	1706.6575342333
22	369811	1500	1615.6404577576
22	375180	1520	1753.5664165072
22	380497	1540	1795.6642820769
22	385937	1560	1702.6177978942
22	391280	1580	1654.658308356
22	396643	1600	1565.9850689872
22	401899	1620	1656.0458108495
22	407273	1640	1750.7429669099
22	412662	1660	1481.2018566388
22	417965	1680	1657.6341674995
22	423268	1700	1658.8014534258
22	428580	1720	1750.5027491734
22	433891	1740	1750.6462853913
22	439289	1760	1759.1237095331
22	444575	1780	1748.1103410358
22	449841	1800	1707.7128752458
22	454687	1820	1569.7548720994
22	458974	1840	1441.7500507578
22	462814	1860	1306.4261214929
22	466081	1880	1118.8083424091
22	469007	1900	808.56003922343
22	471467	1920	853.73524196606
22	473556	1940	771.99199180576
22	475091	1960	592.60494568524
22	476140	1980	368.36279395954
22	476683	2000	325.65034419381
23	34379	240	44.847985324334
23	39655	260	44.875370248955
23	44998	280	44.835624571138
23	50431	300	44.821159003964
23	55798	320	44.920550372682
23	61107	340	44.835674350314
23	66425	360	44.902911590955
23	71863	380	44.751398948106
23	77178	400	44.840051358747
23	82434	420	44.616091634334
23	87744	440	44.957104255007
23	92937	460	44.771988999054
23	98024	480	44.983619794761
23	103327	500	44.818011766635
23	108698	520	44.805446493107
23	114032	540	44.873456968671
23	119247	560	44.973842873081
23	124627	580	45.029421407391
23	129952	600	44.920187508462
23	135268	620	44.87057125174
23	140617	640	44.932375009875
23	145936	660	44.983122439289
23	151346	680	44.828482842006
23	156587	700	45.05262542173
23	161894	720	45.113774959433
23	167297	740	45.044160321424
23	172731	760	44.937403296679
23	178100	780	44.799091133103
23	183419	800	44.86270779715
23	188716	820	44.890073475601
23	194094	840	45.077688466039
23	199342	860	44.979680021786
23	204718	880	45.007759311866
23	210189	900	44.854409693232
23	215515	920	44.778709142924
23	220723	940	44.863290367199
23	225977	960	44.872058092803
23	231270	980	45.149218986865
23	236646	1000	44.935760227622
23	242002	1020	45.065152606509
23	247435	1040	45.024025738086
23	252701	1060	44.974078306206
23	258119	1080	44.856635395833
23	263371	1100	44.736438820632
23	268601	1120	44.918764471001
23	273886	1140	44.784053782601
23	279243	1160	44.78391917577
23	284559	1180	44.72936704469
23	289858	1200	44.74137062253
23	295147	1220	44.87651340435
23	300503	1240	45.095072601678
23	305872	1260	44.906898394525
23	311133	1280	44.910710943807
23	316527	1300	44.825546576124
23	321823	1320	44.784913260932
23	327122	1340	44.94411869256
23	332540	1360	44.954438133858
23	337810	1380	44.874335831467
23	343125	1400	44.840890490803
23	348451	1420	44.894216525862
23	353805	1440	44.723167808245
23	359142	1460	44.889107715818
23	364436	1480	44.912040374561
23	369811	1500	44.878901604377
23	375180	1520	44.963241448903
23	380497	1540	44.891607051923
23	385937	1560	44.805731523532
23	391280	1580	44.720494820434
23	396643	1600	44.742430542492
23	401899	1620	44.757994887824
23	407273	1640	44.890845305382
23	412662	1660	44.884904746629
23	417965	1680	44.800923445932
23	423268	1700	44.83247171421
23	428580	1720	44.884685876241
23	433891	1740	44.888366292085
23	439289	1760	45.105736141876
23	444575	1780	44.823342077841
23	449841	1800	44.939812506469
23	454687	1820	44.850139202841
23	458974	1840	45.05468908618
23	462814	1860	45.049176603202
23	466081	1880	44.752333696363
23	469007	1900	44.920002179079
23	471467	1920	44.933433787687
23	473556	1940	45.411293635633
23	475091	1960	45.584995821942
23	476140	1980	46.045349244942
23	476683	2000	46.521477741972
24	34379	240	0.79298608070937
24	39655	260	0.76023375609872
24	44998	280	0.73671956021593
24	50431	300	0.77339579537281
24	55798	320	0.84306973970135
24	61107	340	0.73901440094809
24	66425	360	1.0834434692934
24	71863	380	0.5766096377465
24	77178	400	0.80560538705758
24	82434	420	0.65559462195976
24	87744	440	1.1339892046581
24	92937	460	0.75003120262391
24	98024	480	1.1049859297874
24	103327	500	0.78091561325907
24	108698	520	1.0278707163194
24	114032	540	0.89407000114571
24	119247	560	0.76695775048886
24	124627	580	0.96910103904078
24	129952	600	0.69935589291366
24	135268	620	0.77008707736243
24	140617	640	0.75704259532976
24	145936	660	0.60732107932369
24	151346	680	0.73604621236102
24	156587	700	1.1600110018263
24	161894	720	1.1407885773062
24	167297	740	0.88822920968813
24	172731	760	0.7585227844254
24	178100	780	0.68701763440815
24	183419	800	0.86348412881058
24	188716	820	0.74465029650076
24	194094	840	1.177602455441
24	199342	860	0.92006407752508
24	204718	880	1.3069540316944
24	210189	900	0.78626940676724
24	215515	920	0.7349282736144
24	220723	940	1.0442519246636
24	225977	960	0.79950921580526
24	231270	980	1.7571396308342
24	236646	1000	1.0022724171593
24	242002	1020	1.3628015834004
24	247435	1040	1.1830315299215
24	252701	1060	1.1124851617517
24	258119	1080	0.85206821296012
24	263371	1100	0.68098585033463
24	268601	1120	0.9865634375518
24	273886	1140	0.67530558599944
24	279243	1160	0.74580249747292
24	284559	1180	0.68716386617653
24	289858	1200	0.64428245845804
24	295147	1220	0.76884903341052
24	300503	1240	1.2845066942092
24	305872	1260	0.81600293413628
24	311133	1280	0.97282704893866
24	316527	1300	0.81960527924047
24	321823	1320	0.76790132883012
24	327122	1340	0.75107880479948
24	332540	1360	0.74078401778313
24	337810	1380	0.80188359989566
24	343125	1400	0.67885073472006
24	348451	1420	0.80486825406144
24	353805	1440	0.65855560720509
24	359142	1460	0.92931550941315
24	364436	1480	1.0512264112603
24	369811	1500	0.83487610399219
24	375180	1520	1.0490297843347
24	380497	1540	0.92843737661874
24	385937	1560	0.7150602588583
24	391280	1580	0.56537754440322
24	396643	1600	0.73430450902632
24	401899	1620	0.6414908524862
24	407273	1640	0.80958089187448
24	412662	1660	0.68090913948149
24	417965	1680	0.70491801759369
24	423268	1700	0.57058959202566
24	428580	1720	0.79636533799149
24	433891	1740	0.78676214640395
24	439289	1760	1.1757076497868
24	444575	1780	0.74177043067797
24	449841	1800	1.028420035902
24	454687	1820	0.91293578942355
24	458974	1840	1.1948543233321
24	462814	1860	1.2127485873319
24	466081	1880	0.62463807358609
24	469007	1900	0.69902997712127
24	471467	1920	0.67104199394863
24	473556	1940	1.1637540155337
24	475091	1960	1.0070851885431
24	476140	1980	0.76136447247836
24	476683	2000	0.6628246449501
25	34379	240	0.6288269241988
25	39655	260	0.57795536391197
25	44998	280	0.54275571040475
25	50431	300	0.59814105630034
25	55798	320	0.71076658600011
25	61107	340	0.54614228480866
25	66425	360	1.1738497511546
25	71863	380	0.33247867434215
25	77178	400	0.6490000396562
25	82434	420	0.42980430834257
25	87744	440	1.2859315162811
25	92937	460	0.56254680490948
25	98024	480	1.220993905028
25	103327	500	0.60982919503179
25	108698	520	1.056518209467
25	114032	540	0.79936116694869
25	119247	560	0.58822419103494
25	124627	580	0.93915682386992
25	129952	600	0.48909866495307
25	135268	620	0.59303410672061
25	140617	640	0.57311349114363
25	145936	660	0.36883889339089
25	151346	680	0.54176402673101
25	156587	700	1.345625524358
25	161894	720	1.3013985781122
25	167297	740	0.78895112894321
25	172731	760	0.57535681449247
25	178100	780	0.47199322998777
25	183419	800	0.74560484070776
25	188716	820	0.55450406407867
25	194094	840	1.3867475430607
25	199342	860	0.84651790675208
25	204718	880	1.7081288409622
25	210189	900	0.61821958001811
25	215515	920	0.54011956735784
25	220723	940	1.0904620821636
25	225977	960	0.63921498615754
25	231270	980	3.0875396822482
25	236646	1000	1.0045499981984
25	242002	1020	1.8572281557186
25	247435	1040	1.3995636007884
25	252701	1060	1.2376232351178
25	258119	1080	0.72602023953705
25	263371	1100	0.46374172835598
25	268601	1120	0.97330741631403
25	273886	1140	0.45603763448204
25	279243	1160	0.55622136523685
25	284559	1180	0.47219417897868
25	289858	1200	0.41509988627673
25	295147	1220	0.59112883617629
25	300503	1240	1.6499574474682
25	305872	1260	0.66586078851902
25	311133	1280	0.9463924671467
25	316527	1300	0.67175281375885
25	321823	1320	0.58967245081906
25	327122	1340	0.56411937101901
25	332540	1360	0.54876096100292
25	337810	1380	0.64301730778162
25	343125	1400	0.46083832002997
25	348451	1420	0.64781290639591
25	353805	1440	0.43369548778127
25	359142	1460	0.86362731603582
25	364436	1480	1.1050769677312
25	369811	1500	0.69701810901717
25	375180	1520	1.1004634884214
25	380497	1540	0.86199596230269
25	385937	1560	0.5113111737985
25	391280	1580	0.31965176771541
25	396643	1600	0.53920311197639
25	401899	1620	0.41151051382347
25	407273	1640	0.65542122048828
25	412662	1660	0.46363725622943
25	417965	1680	0.49690941152821
25	423268	1700	0.32557248252801
25	428580	1720	0.6341977515543
25	433891	1740	0.61899467501416
25	439289	1760	1.3822884777673
25	444575	1780	0.55022337182818
25	449841	1800	1.0576477702447
25	454687	1820	0.8334517556104
25	458974	1840	1.4276768539854
25	462814	1860	1.4707591360755
25	466081	1880	0.39017272297334
25	469007	1900	0.48864290891417
25	471467	1920	0.45029735764255
25	473556	1940	1.3543234086708
25	475091	1960	1.0142205769829
25	476140	1980	0.57967585995225
25	476683	2000	0.43933650995323
