version 2
run statisticRVV-192-20150327-14:28:41-17448
attr c 8
attr configname statisticRVV
attr datetime 20150327-14:28:41
attr experiment statisticRVV
attr inifile omnetpp.ini
attr iterationvars "$sc=\"erlangen-medium.launchd.xml\", $p=1/8, $c=8"
attr iterationvars2 "$sc=\"erlangen-medium.launchd.xml\", $p=1/8, $c=8, $repetition=2"
attr measurement "$sc=\"erlangen-medium.launchd.xml\", $p=1/8, $c=8"
attr network RSUExampleScenario
attr p 1/8
attr processid 17448
attr repetition 2
attr replication #2
attr resultdir results
attr runnumber 192
attr sc "\"erlangen-medium.launchd.xml\""
attr seedset 192

vector 0  RSUExampleScenario.rsu[0].appl  Number_CH  ETV
vector 1  RSUExampleScenario.rsu[0].appl  Number_ON  ETV
vector 2  RSUExampleScenario.rsu[0].appl  Number_FN  ETV
vector 3  RSUExampleScenario.rsu[0].appl  Number_CH_Losts  ETV
vector 4  RSUExampleScenario.rsu[0].appl  Number_CH_Losts  ETV
vector 5  RSUExampleScenario.rsu[0].appl  Mean_Cluster_Size  ETV
vector 6  RSUExampleScenario.rsu[0].appl  StdDev_Cluster_Size  ETV
vector 7  RSUExampleScenario.rsu[0].appl  Variance_Cluster_Size  ETV
vector 8  RSUExampleScenario.rsu[0].appl  Mean_Neighbors  ETV
vector 9  RSUExampleScenario.rsu[0].appl  StdDev_Neighbors  ETV
vector 10  RSUExampleScenario.rsu[0].appl  Variance_Neighbors  ETV
vector 11  RSUExampleScenario.rsu[0].appl  Total_CH_Utility  ETV
vector 12  RSUExampleScenario.rsu[0].appl  Mean_CH_Utility  ETV
vector 13  RSUExampleScenario.rsu[0].appl  StdDev_CH_Utility  ETV
vector 14  RSUExampleScenario.rsu[0].appl  Variance_CH_Utility  ETV
vector 15  RSUExampleScenario.rsu[0].appl  Total_exp_CH_Utility  ETV
vector 16  RSUExampleScenario.rsu[0].appl  Mean_exp_CH_Utility  ETV
vector 17  RSUExampleScenario.rsu[0].appl  StdDev_exp_CH_Utility  ETV
vector 18  RSUExampleScenario.rsu[0].appl  Variance_exp_CH_Utility  ETV
vector 19  RSUExampleScenario.rsu[0].appl  Total_ON_Utility  ETV
vector 20  RSUExampleScenario.rsu[0].appl  Mean_ON_Utility  ETV
vector 21  RSUExampleScenario.rsu[0].appl  StdDev_ON_Utility  ETV
vector 22  RSUExampleScenario.rsu[0].appl  Variance_ON_Utility  ETV
vector 23  RSUExampleScenario.rsu[0].appl  Total_exp_ON_Utility  ETV
vector 24  RSUExampleScenario.rsu[0].appl  Mean_exp_ON_Utility  ETV
vector 25  RSUExampleScenario.rsu[0].appl  StdDev_exp_ON_Utility  ETV
vector 26  RSUExampleScenario.rsu[0].appl  Variance_exp_ON_Utility  ETV
0	145499	240	9
0	171314	260	12
0	198378	280	13
0	225590	300	16
0	252761	320	13
0	279923	340	13
0	307933	360	12
0	336326	380	8
0	365060	400	7
0	393899	420	18
0	423589	440	9
0	453973	460	10
0	484492	480	13
0	515792	500	15
0	547984	520	8
0	581355	540	21
0	615368	560	4
0	649946	580	11
0	685439	600	12
0	722293	620	20
0	760239	640	12
0	799347	660	14
0	839331	680	15
0	880420	700	15
0	922739	720	12
0	966804	740	16
0	1011719	760	14
0	1057947	780	10
0	1105209	800	18
0	1153542	820	20
0	1202909	840	11
0	1253353	860	15
0	1304640	880	18
0	1357696	900	16
0	1411850	920	15
0	1467970	940	23
0	1525103	960	19
0	1583206	980	20
0	1643680	1000	14
0	1705698	1020	15
0	1767832	1040	10
0	1832187	1060	24
0	1898470	1080	18
0	1966959	1100	15
0	2037251	1120	15
0	2108698	1140	19
0	2181863	1160	24
0	2257265	1180	20
0	2334226	1200	15
0	2413554	1220	22
0	2494879	1240	20
0	2578858	1260	19
0	2664655	1280	24
0	2752910	1300	23
0	2842565	1320	17
0	2934285	1340	14
0	3027664	1360	17
0	3122937	1380	22
0	3220451	1400	22
0	3320212	1420	16
0	3422520	1440	16
0	3527135	1460	16
0	3634063	1480	25
0	3743433	1500	22
0	3855586	1520	18
0	3969025	1540	18
0	4085073	1560	14
0	4203434	1580	19
0	4323333	1600	19
0	4445557	1620	25
0	4570817	1640	22
0	4698352	1660	25
1	145499	240	56
1	171314	260	58
1	198378	280	49
1	225590	300	61
1	252761	320	70
1	279923	340	73
1	307933	360	73
1	336326	380	45
1	365060	400	43
1	393899	420	67
1	423589	440	43
1	453973	460	50
1	484492	480	72
1	515792	500	73
1	547984	520	50
1	581355	540	79
1	615368	560	32
1	649946	580	72
1	685439	600	75
1	722293	620	85
1	760239	640	75
1	799347	660	69
1	839331	680	84
1	880420	700	77
1	922739	720	79
1	966804	740	83
1	1011719	760	88
1	1057947	780	64
1	1105209	800	99
1	1153542	820	92
1	1202909	840	78
1	1253353	860	92
1	1304640	880	89
1	1357696	900	95
1	1411850	920	97
1	1467970	940	103
1	1525103	960	102
1	1583206	980	103
1	1643680	1000	97
1	1705698	1020	98
1	1767832	1040	75
1	1832187	1060	98
1	1898470	1080	89
1	1966959	1100	76
1	2037251	1120	85
1	2108698	1140	110
1	2181863	1160	103
1	2257265	1180	115
1	2334226	1200	102
1	2413554	1220	115
1	2494879	1240	99
1	2578858	1260	97
1	2664655	1280	115
1	2752910	1300	115
1	2842565	1320	98
1	2934285	1340	91
1	3027664	1360	104
1	3122937	1380	105
1	3220451	1400	113
1	3320212	1420	105
1	3422520	1440	91
1	3527135	1460	94
1	3634063	1480	124
1	3743433	1500	119
1	3855586	1520	124
1	3969025	1540	109
1	4085073	1560	94
1	4203434	1580	117
1	4323333	1600	115
1	4445557	1620	135
1	4570817	1640	119
1	4698352	1660	123
2	145499	240	14
2	171314	260	15
2	198378	280	30
2	225590	300	16
2	252761	320	13
2	279923	340	9
2	307933	360	9
2	336326	380	44
2	365060	400	48
2	393899	420	12
2	423589	440	48
2	453973	460	41
2	484492	480	16
2	515792	500	16
2	547984	520	46
2	581355	540	6
2	615368	560	72
2	649946	580	26
2	685439	600	23
2	722293	620	7
2	760239	640	27
2	799347	660	31
2	839331	680	15
2	880420	700	23
2	922739	720	26
2	966804	740	21
2	1011719	760	19
2	1057947	780	45
2	1105209	800	7
2	1153542	820	11
2	1202909	840	34
2	1253353	860	19
2	1304640	880	21
2	1357696	900	18
2	1411850	920	17
2	1467970	940	5
2	1525103	960	11
2	1583206	980	9
2	1643680	1000	23
2	1705698	1020	24
2	1767832	1040	52
2	1832187	1060	16
2	1898470	1080	32
2	1966959	1100	50
2	2037251	1120	42
2	2108698	1140	15
2	2181863	1160	17
2	2257265	1180	10
2	2334226	1200	30
2	2413554	1220	11
2	2494879	1240	32
2	2578858	1260	35
2	2664655	1280	12
2	2752910	1300	14
2	2842565	1320	38
2	2934285	1340	50
2	3027664	1360	36
2	3122937	1380	30
2	3220451	1400	23
2	3320212	1420	38
2	3422520	1440	56
2	3527135	1460	52
2	3634063	1480	15
2	3743433	1500	26
2	3855586	1520	27
2	3969025	1540	39
2	4085073	1560	60
2	4203434	1580	34
2	4323333	1600	38
2	4445557	1620	14
2	4570817	1640	33
2	4698352	1660	27
3	145499	240	0
3	171314	260	2
3	198378	280	1
3	225590	300	1
3	252761	320	0
3	279923	340	0
3	307933	360	0
3	336326	380	0
3	365060	400	0
3	393899	420	3
3	423589	440	1
3	453973	460	1
3	484492	480	1
3	515792	500	1
3	547984	520	0
3	581355	540	1
3	615368	560	0
3	649946	580	0
3	685439	600	1
3	722293	620	1
3	760239	640	0
3	799347	660	2
3	839331	680	0
3	880420	700	2
3	922739	720	0
3	966804	740	1
3	1011719	760	0
3	1057947	780	0
3	1105209	800	0
3	1153542	820	0
3	1202909	840	0
3	1253353	860	1
3	1304640	880	0
3	1357696	900	0
3	1411850	920	0
3	1467970	940	1
3	1525103	960	0
3	1583206	980	1
3	1643680	1000	0
3	1705698	1020	0
3	1767832	1040	0
3	1832187	1060	0
3	1898470	1080	0
3	1966959	1100	3
3	2037251	1120	0
3	2108698	1140	1
3	2181863	1160	1
3	2257265	1180	1
3	2334226	1200	0
3	2413554	1220	2
3	2494879	1240	0
3	2578858	1260	0
3	2664655	1280	0
3	2752910	1300	1
3	2842565	1320	0
3	2934285	1340	0
3	3027664	1360	0
3	3122937	1380	0
3	3220451	1400	1
3	3320212	1420	0
3	3422520	1440	2
3	3527135	1460	1
3	3634063	1480	0
3	3743433	1500	0
3	3855586	1520	0
3	3969025	1540	1
3	4085073	1560	0
3	4203434	1580	0
3	4323333	1600	3
3	4445557	1620	2
3	4570817	1640	0
3	4698352	1660	0
4	145499	240	14
4	171314	260	12
4	198378	280	29
4	225590	300	15
4	252761	320	13
4	279923	340	9
4	307933	360	9
4	336326	380	44
4	365060	400	48
4	393899	420	8
4	423589	440	47
4	453973	460	40
4	484492	480	15
4	515792	500	14
4	547984	520	46
4	581355	540	5
4	615368	560	72
4	649946	580	26
4	685439	600	22
4	722293	620	6
4	760239	640	27
4	799347	660	29
4	839331	680	15
4	880420	700	21
4	922739	720	26
4	966804	740	20
4	1011719	760	18
4	1057947	780	45
4	1105209	800	7
4	1153542	820	11
4	1202909	840	33
4	1253353	860	18
4	1304640	880	21
4	1357696	900	18
4	1411850	920	17
4	1467970	940	3
4	1525103	960	11
4	1583206	980	8
4	1643680	1000	22
4	1705698	1020	24
4	1767832	1040	52
4	1832187	1060	16
4	1898470	1080	32
4	1966959	1100	47
4	2037251	1120	41
4	2108698	1140	13
4	2181863	1160	16
4	2257265	1180	9
4	2334226	1200	30
4	2413554	1220	9
4	2494879	1240	31
4	2578858	1260	35
4	2664655	1280	12
4	2752910	1300	13
4	2842565	1320	38
4	2934285	1340	50
4	3027664	1360	36
4	3122937	1380	30
4	3220451	1400	22
4	3320212	1420	38
4	3422520	1440	54
4	3527135	1460	51
4	3634063	1480	14
4	3743433	1500	26
4	3855586	1520	27
4	3969025	1540	38
4	4085073	1560	60
4	4203434	1580	34
4	4323333	1600	35
4	4445557	1620	12
4	4570817	1640	33
4	4698352	1660	26
5	145499	240	6.2222222222222
5	171314	260	4.8333333333333
5	198378	280	3.7692307692308
5	225590	300	3.8125
5	252761	320	5.3846153846154
5	279923	340	5.6153846153846
5	307933	360	6.0833333333333
5	336326	380	5.625
5	365060	400	6.1428571428571
5	393899	420	3.7222222222222
5	423589	440	4.7777777777778
5	453973	460	5
5	484492	480	5.5384615384615
5	515792	500	4.8666666666667
5	547984	520	6.25
5	581355	540	3.7619047619048
5	615368	560	8
5	649946	580	6.5454545454545
5	685439	600	6.25
5	722293	620	4.25
5	760239	640	6.25
5	799347	660	4.9285714285714
5	839331	680	5.6
5	880420	700	5.1333333333333
5	922739	720	6.5833333333333
5	966804	740	5.1875
5	1011719	760	6.2857142857143
5	1057947	780	6.4
5	1105209	800	5.5
5	1153542	820	4.6
5	1202909	840	7.0909090909091
5	1253353	860	6.1333333333333
5	1304640	880	4.9444444444444
5	1357696	900	5.9375
5	1411850	920	6.4666666666667
5	1467970	940	4.4782608695652
5	1525103	960	5.3684210526316
5	1583206	980	5.15
5	1643680	1000	6.9285714285714
5	1705698	1020	6.5333333333333
5	1767832	1040	7.5
5	1832187	1060	4.0833333333333
5	1898470	1080	4.9444444444444
5	1966959	1100	5.0666666666667
5	2037251	1120	5.6666666666667
5	2108698	1140	5.7894736842105
5	2181863	1160	4.2916666666667
5	2257265	1180	5.75
5	2334226	1200	6.8
5	2413554	1220	5.2272727272727
5	2494879	1240	4.95
5	2578858	1260	5.1052631578947
5	2664655	1280	4.7916666666667
5	2752910	1300	5
5	2842565	1320	5.7647058823529
5	2934285	1340	6.5
5	3027664	1360	6.1176470588235
5	3122937	1380	4.7727272727273
5	3220451	1400	5.1363636363636
5	3320212	1420	6.5625
5	3422520	1440	5.6875
5	3527135	1460	5.875
5	3634063	1480	4.96
5	3743433	1500	5.4090909090909
5	3855586	1520	6.8888888888889
5	3969025	1540	6.0555555555556
5	4085073	1560	6.7142857142857
5	4203434	1580	6.1578947368421
5	4323333	1600	6.0526315789474
5	4445557	1620	5.4
5	4570817	1640	5.4090909090909
5	4698352	1660	4.92
6	145499	240	1.2018504251547
6	171314	260	1.8989630344113
6	198378	280	2.2043081361222
6	225590	300	2.1360009363294
6	252761	320	2.6937724952954
6	279923	340	2.180919589625
6	307933	360	1.8809249819913
6	336326	380	2.8252686345094
6	365060	400	2.0354009783964
6	393899	420	2.1910393868599
6	423589	440	2.1081851067789
6	453973	460	2.2607766610418
6	484492	480	2.3669736167867
6	515792	500	2.356349072693
6	547984	520	1.3887301496588
6	581355	540	2.1657507221461
6	615368	560	0
6	649946	580	1.7529196424044
6	685439	600	1.5447859516333
6	722293	620	2.1244194253341
6	760239	640	1.815338686156
6	799347	660	2.1649048909394
6	839331	680	2.1646510771287
6	880420	700	2.5597618936887
6	922739	720	1.564279289951
6	966804	740	1.7969882210707
6	1011719	760	2.0164161440373
6	1057947	780	1.6465452046971
6	1105209	800	1.6538724611188
6	1153542	820	2.2571523745873
6	1202909	840	1.136181803634
6	1253353	860	1.7265434778633
6	1304640	880	2.182071930184
6	1357696	900	1.481834448693
6	1411850	920	1.3020130933436
6	1467970	940	2.2936585546278
6	1525103	960	1.7065405655168
6	1583206	980	2.1588252165911
6	1643680	1000	1.1411388181101
6	1705698	1020	1.3557637102737
6	1767832	1040	0.70710678118655
6	1832187	1060	2.3941353466275
6	1898470	1080	2.0714366206096
6	1966959	1100	2.7115274205475
6	2037251	1120	1.8771812708978
6	2108698	1140	1.7505220608093
6	2181863	1160	2.3494526035296
6	2257265	1180	1.773340588298
6	2334226	1200	1.0823255385643
6	2413554	1220	1.7163587753985
6	2494879	1240	2.0384462607326
6	2578858	1260	2.2334511621182
6	2664655	1280	2.2453655975512
6	2752910	1300	2.3548788812707
6	2842565	1320	2.3326329481057
6	2934285	1340	1.6525039276108
6	3027664	1360	2.0273860307418
6	3122937	1380	1.9006720160391
6	3220451	1400	2.210267265577
6	3320212	1420	1.6720745597411
6	3422520	1440	2.4143667216615
6	3527135	1460	2.125245083906
6	3634063	1480	2.2634781495153
6	3743433	1500	2.0853021000529
6	3855586	1520	1.1826634392157
6	3969025	1540	1.661757475836
6	4085073	1560	1.5406577730393
6	4203434	1580	1.5004872502971
6	4323333	1600	1.6823820483841
6	4445557	1620	1.9148542155127
6	4570817	1640	2.01563155432
6	4698352	1660	1.8466185312619
7	145499	240	1.4444444444444
7	171314	260	3.6060606060606
7	198378	280	4.8589743589744
7	225590	300	4.5625
7	252761	320	7.2564102564103
7	279923	340	4.7564102564103
7	307933	360	3.5378787878788
7	336326	380	7.9821428571429
7	365060	400	4.1428571428571
7	393899	420	4.8006535947712
7	423589	440	4.4444444444444
7	453973	460	5.1111111111111
7	484492	480	5.6025641025641
7	515792	500	5.552380952381
7	547984	520	1.9285714285714
7	581355	540	4.6904761904762
7	615368	560	0
7	649946	580	3.0727272727273
7	685439	600	2.3863636363636
7	722293	620	4.5131578947368
7	760239	640	3.2954545454545
7	799347	660	4.6868131868132
7	839331	680	4.6857142857143
7	880420	700	6.552380952381
7	922739	720	2.4469696969697
7	966804	740	3.2291666666667
7	1011719	760	4.0659340659341
7	1057947	780	2.7111111111111
7	1105209	800	2.7352941176471
7	1153542	820	5.0947368421053
7	1202909	840	1.2909090909091
7	1253353	860	2.9809523809524
7	1304640	880	4.7614379084967
7	1357696	900	2.1958333333333
7	1411850	920	1.6952380952381
7	1467970	940	5.2608695652174
7	1525103	960	2.9122807017544
7	1583206	980	4.6605263157895
7	1643680	1000	1.3021978021978
7	1705698	1020	1.8380952380952
7	1767832	1040	0.5
7	1832187	1060	5.731884057971
7	1898470	1080	4.2908496732026
7	1966959	1100	7.352380952381
7	2037251	1120	3.5238095238095
7	2108698	1140	3.0643274853801
7	2181863	1160	5.5199275362319
7	2257265	1180	3.1447368421053
7	2334226	1200	1.1714285714286
7	2413554	1220	2.9458874458874
7	2494879	1240	4.1552631578947
7	2578858	1260	4.9883040935673
7	2664655	1280	5.0416666666667
7	2752910	1300	5.5454545454545
7	2842565	1320	5.4411764705882
7	2934285	1340	2.7307692307692
7	3027664	1360	4.1102941176471
7	3122937	1380	3.6125541125541
7	3220451	1400	4.8852813852814
7	3320212	1420	2.7958333333333
7	3422520	1440	5.8291666666667
7	3527135	1460	4.5166666666667
7	3634063	1480	5.1233333333333
7	3743433	1500	4.3484848484848
7	3855586	1520	1.3986928104575
7	3969025	1540	2.7614379084967
7	4085073	1560	2.3736263736264
7	4203434	1580	2.2514619883041
7	4323333	1600	2.8304093567251
7	4445557	1620	3.6666666666667
7	4570817	1640	4.0627705627706
7	4698352	1660	3.41
8	145499	240	22.658227848101
8	171314	260	22.833333333333
8	198378	280	22.304347826087
8	225590	300	22.139784946237
8	252761	320	21.979166666667
8	279923	340	22.168421052632
8	307933	360	22.446808510638
8	336326	380	22.010309278351
8	365060	400	22.010204081633
8	393899	420	22.375
8	423589	440	22.24
8	453973	460	22.60396039604
8	484492	480	22.524752475248
8	515792	500	22.592233009709
8	547984	520	23.086538461538
8	581355	540	23.047169811321
8	615368	560	23.333333333333
8	649946	580	23.935779816514
8	685439	600	24.254545454545
8	722293	620	24.508928571429
8	760239	640	25.008771929825
8	799347	660	26.087719298246
8	839331	680	26.771929824561
8	880420	700	26.895652173913
8	922739	720	27.162393162393
8	966804	740	27.583333333333
8	1011719	760	28.333333333333
8	1057947	780	28.470588235294
8	1105209	800	29.016129032258
8	1153542	820	29.333333333333
8	1202909	840	29.696721311475
8	1253353	860	29.666666666667
8	1304640	880	30.2890625
8	1357696	900	30.53488372093
8	1411850	920	31.162790697674
8	1467970	940	31.584615384615
8	1525103	960	31.757575757576
8	1583206	980	31.924242424242
8	1643680	1000	32.87969924812
8	1705698	1020	33.284671532847
8	1767832	1040	33.846715328467
8	1832187	1060	33.913043478261
8	1898470	1080	34.920863309353
8	1966959	1100	35.489361702128
8	2037251	1120	36.375886524823
8	2108698	1140	36.545454545455
8	2181863	1160	37.375
8	2257265	1180	38.144827586207
8	2334226	1200	38.530612244898
8	2413554	1220	39.682432432432
8	2494879	1240	40.473333333333
8	2578858	1260	40.562913907285
8	2664655	1280	41.794701986755
8	2752910	1300	42.25
8	2842565	1320	43.424836601307
8	2934285	1340	43.741935483871
8	3027664	1360	44.43949044586
8	3122937	1380	44.31847133758
8	3220451	1400	45.613924050633
8	3320212	1420	46.289308176101
8	3422520	1440	46.852760736196
8	3527135	1460	48.111111111111
8	3634063	1480	48.355828220859
8	3743433	1500	48.640718562874
8	3855586	1520	49.603550295858
8	3969025	1540	50.44578313253
8	4085073	1560	50.970238095238
8	4203434	1580	51.217647058824
8	4323333	1600	51.31976744186
8	4445557	1620	51.862068965517
8	4570817	1640	52.591954022989
8	4698352	1660	53.465517241379
9	145499	240	4.8619033836063
9	171314	260	3.8521886544819
9	198378	280	4.1077229071693
9	225590	300	4.8355373736928
9	252761	320	4.7968831254574
9	279923	340	4.5186437232232
9	307933	360	4.716972377972
9	336326	380	4.9021569346242
9	365060	400	4.6117172550359
9	393899	420	4.147922752161
9	423589	440	3.9263934668555
9	453973	460	3.6690031559561
9	484492	480	3.3692552868726
9	515792	500	3.119944988215
9	547984	520	2.7768480312753
9	581355	540	3.6888043629383
9	615368	560	3.8910393105041
9	649946	580	3.1747710018257
9	685439	600	3.8704629873501
9	722293	620	4.5480330085768
9	760239	640	4.7587750599726
9	799347	660	4.0757460981755
9	839331	680	5.1181355283997
9	880420	700	5.5997711623725
9	922739	720	6.5165006276603
9	966804	740	7.62303379618
9	1011719	760	7.5763157421064
9	1057947	780	7.0444394821127
9	1105209	800	7.9816699263051
9	1153542	820	8.3584321483244
9	1202909	840	8.0882419958139
9	1253353	860	9.3432328452201
9	1304640	880	9.1884490510949
9	1357696	900	9.5222162201972
9	1411850	920	10.23992698466
9	1467970	940	10.897538741666
9	1525103	960	10.802969066098
9	1583206	980	10.585616924924
9	1643680	1000	11.632007561417
9	1705698	1020	12.682171892017
9	1767832	1040	12.885177594104
9	1832187	1060	13.540681209006
9	1898470	1080	13.45742871633
9	1966959	1100	14.725399350043
9	2037251	1120	15.063455782168
9	2108698	1140	15.207821964754
9	2181863	1160	15.387705109322
9	2257265	1180	16.128812775048
9	2334226	1200	17.512933038049
9	2413554	1220	17.771810270806
9	2494879	1240	18.667596253619
9	2578858	1260	18.726656992619
9	2664655	1280	19.350906225392
9	2752910	1300	20.08895779192
9	2842565	1320	20.78261318179
9	2934285	1340	21.110051372672
9	3027664	1360	21.31098716854
9	3122937	1380	21.862342701949
9	3220451	1400	22.471985300753
9	3320212	1420	22.894459534273
9	3422520	1440	23.617380377839
9	3527135	1460	24.179710194565
9	3634063	1480	24.565277356965
9	3743433	1500	25.270159924565
9	3855586	1520	25.699087193098
9	3969025	1540	25.616402421483
9	4085073	1560	26.086779544605
9	4203434	1580	26.284846924851
9	4323333	1600	26.600071757224
9	4445557	1620	27.061767247571
9	4570817	1640	27.017017623091
9	4698352	1660	27.173313700699
10	145499	240	23.638104511522
10	171314	260	14.839357429719
10	198378	280	16.873387482083
10	225590	300	23.38242169238
10	252761	320	23.010087719298
10	279923	340	20.418141097424
10	307933	360	22.24982841455
10	336326	380	24.031142611684
10	365060	400	21.267936040396
10	393899	420	17.205263157895
10	423589	440	15.416565656566
10	453973	460	13.461584158416
10	484492	480	11.351881188119
10	515792	500	9.7340567294879
10	547984	520	7.7108849887976
10	581355	540	13.607277628032
10	615368	560	15.140186915888
10	649946	580	10.079170914033
10	685439	600	14.980483736447
10	722293	620	20.684604247104
10	760239	640	22.645940071417
10	799347	660	16.611706256792
10	839331	680	26.195311287067
10	880420	700	31.357437070938
10	922739	720	42.464780430298
10	966804	740	58.110644257703
10	1011719	760	57.40056022409
10	1057947	780	49.624127617149
10	1105209	800	63.707054812484
10	1153542	820	69.863387978142
10	1202909	840	65.419658582848
10	1253353	860	87.296
10	1304640	880	84.427595964567
10	1357696	900	90.672601744186
10	1411850	920	104.85610465116
10	1467970	940	118.75635062612
10	1525103	960	116.70414064307
10	1583206	980	112.05528568124
10	1643680	1000	135.30359990886
10	1705698	1020	160.83748389867
10	1767832	1040	166.0278016316
10	1832187	1060	183.35004760394
10	1898470	1080	181.10238765509
10	1966959	1100	216.83738601824
10	2037251	1120	226.90770010132
10	2108698	1140	231.27784891165
10	2181863	1160	236.78146853147
10	2257265	1180	260.13860153257
10	2334226	1200	306.70282359519
10	2413554	1220	315.83724030153
10	2494879	1240	348.47914988814
10	2578858	1260	350.68768211921
10	2664655	1280	374.45757174393
10	2752910	1300	403.56622516556
10	2842565	1320	431.91701066391
10	2934285	1340	445.63426895685
10	3027664	1360	454.15817409766
10	3122937	1380	477.96202841744
10	3220451	1400	504.99012335725
10	3320212	1420	524.15627736645
10	3422520	1440	557.78065591154
10	3527135	1460	584.65838509317
10	3634063	1480	603.45285162463
10	3743433	1500	638.58098261309
10	3855586	1520	660.44308255847
10	3969025	1540	656.20007301935
10	4085073	1560	680.52006700884
10	4203434	1580	690.89317786286
10	4323333	1600	707.56381748946
10	4445557	1620	732.33924656169
10	4570817	1640	729.91924124643
10	4698352	1660	738.38897747658
11	145499	240	422.53163816717
11	171314	260	568.155635287
11	198378	280	617.96241165219
11	225590	300	764.10981666708
11	252761	320	614.34556885393
11	279923	340	606.98346866338
11	307933	360	570.68103863308
11	336326	380	376.63635010921
11	365060	400	327.52130943801
11	393899	420	863.18246413788
11	423589	440	431.39406514045
11	453973	460	471.00963269956
11	484492	480	619.23894263415
11	515792	500	701.0463423939
11	547984	520	381.60717013253
11	581355	540	1007.6708496547
11	615368	560	184.86191122148
11	649946	580	514.5694248513
11	685439	600	570.13149474731
11	722293	620	965.73998540585
11	760239	640	567.5800935483
11	799347	660	685.07476454433
11	839331	680	720.74637894972
11	880420	700	734.69316812904
11	922739	720	563.28002352226
11	966804	740	760.66366110595
11	1011719	760	664.66599392586
11	1057947	780	469.26537986045
11	1105209	800	868.4808694561
11	1153542	820	971.06226157003
11	1202909	840	521.6599169065
11	1253353	860	715.92563869929
11	1304640	880	877.09315045089
11	1357696	900	761.10413358236
11	1411850	920	715.82848187833
11	1467970	940	1112.3634578164
11	1525103	960	912.77853452937
11	1583206	980	961.71216967871
11	1643680	1000	668.3067606014
11	1705698	1020	723.65907748705
11	1767832	1040	481.18667666098
11	1832187	1060	1172.2966863807
11	1898470	1080	874.02166702271
11	1966959	1100	719.02782772247
11	2037251	1120	720.91315101462
11	2108698	1140	920.25401011079
11	2181863	1160	1158.8360643284
11	2257265	1180	966.4930849642
11	2334226	1200	722.57913780463
11	2413554	1220	1058.9655653471
11	2494879	1240	980.45841683193
11	2578858	1260	919.49561638425
11	2664655	1280	1183.348164303
11	2752910	1300	1106.3403790504
11	2842565	1320	805.45894488654
11	2934285	1340	685.47310028525
11	3027664	1360	829.29546534605
11	3122937	1380	1061.8732314777
11	3220451	1400	1066.4781912343
11	3320212	1420	784.16899808579
11	3422520	1440	772.37726941437
11	3527135	1460	780.68238301223
11	3634063	1480	1215.8366843416
11	3743433	1500	1069.7543212425
11	3855586	1520	879.24419216199
11	3969025	1540	881.77552462372
11	4085073	1560	691.39451390271
11	4203434	1580	911.91792322584
11	4323333	1600	930.19035504442
11	4445557	1620	1221.1416729184
11	4570817	1640	1057.6753608285
11	4698352	1660	1229.2315981856
12	145499	240	46.947959796352
12	171314	260	47.346302940583
12	198378	280	47.535570127092
12	225590	300	47.756863541693
12	252761	320	47.257351450302
12	279923	340	46.691036051029
12	307933	360	47.556753219423
12	336326	380	47.079543763651
12	365060	400	46.788758491145
12	393899	420	47.954581340993
12	423589	440	47.932673904494
12	453973	460	47.100963269956
12	484492	480	47.633764818011
12	515792	500	46.73642282626
12	547984	520	47.700896266566
12	581355	540	47.984326174031
12	615368	560	46.215477805371
12	649946	580	46.779038622846
12	685439	600	47.510957895609
12	722293	620	48.286999270293
12	760239	640	47.298341129025
12	799347	660	48.933911753166
12	839331	680	48.049758596648
12	880420	700	48.979544541936
12	922739	720	46.940001960188
12	966804	740	47.541478819122
12	1011719	760	47.476142423276
12	1057947	780	46.926537986045
12	1105209	800	48.248937192005
12	1153542	820	48.553113078501
12	1202909	840	47.423628809682
12	1253353	860	47.728375913286
12	1304640	880	48.727397247272
12	1357696	900	47.569008348898
12	1411850	920	47.721898791889
12	1467970	940	48.363628600712
12	1525103	960	48.040975501546
12	1583206	980	48.085608483936
12	1643680	1000	47.736197185814
12	1705698	1020	48.243938499137
12	1767832	1040	48.118667666098
12	1832187	1060	48.845695265864
12	1898470	1080	48.55675927904
12	1966959	1100	47.935188514831
12	2037251	1120	48.060876734308
12	2108698	1140	48.434421584779
12	2181863	1160	48.284836013681
12	2257265	1180	48.32465424821
12	2334226	1200	48.171942520309
12	2413554	1220	48.134798424868
12	2494879	1240	49.022920841596
12	2578858	1260	48.394506125487
12	2664655	1280	49.306173512623
12	2752910	1300	48.101755610888
12	2842565	1320	47.379937934502
12	2934285	1340	48.962364306089
12	3027664	1360	48.782086196826
12	3122937	1380	48.266965067167
12	3220451	1400	48.47628141974
12	3320212	1420	49.010562380362
12	3422520	1440	48.273579338398
12	3527135	1460	48.792648938264
12	3634063	1480	48.633467373665
12	3743433	1500	48.625196420113
12	3855586	1520	48.846899564555
12	3969025	1540	48.987529145762
12	4085073	1560	49.385322421622
12	4203434	1580	47.995680169781
12	4323333	1600	48.957387107601
12	4445557	1620	48.845666916737
12	4570817	1640	48.076152764931
12	4698352	1660	49.169263927424
13	145499	240	1.551385862605
13	171314	260	1.7526207694592
13	198378	280	1.6312350287213
13	225590	300	1.7400045445665
13	252761	320	0.92132105679534
13	279923	340	1.4501526372295
13	307933	360	1.8642939550667
13	336326	380	0.98190421289185
13	365060	400	1.1121423098124
13	393899	420	2.3540670373968
13	423589	440	1.8401580191195
13	453973	460	1.3277741962675
13	484492	480	2.8920625771006
13	515792	500	1.6757099522367
13	547984	520	2.1463475871819
13	581355	540	2.7083064430728
13	615368	560	0.55125100703911
13	649946	580	1.6230432579114
13	685439	600	1.7160833050118
13	722293	620	2.2383452703744
13	760239	640	1.929259415302
13	799347	660	3.579247588635
13	839331	680	1.5791350279786
13	880420	700	2.132528430452
13	922739	720	1.9895337347864
13	966804	740	1.9430932728704
13	1011719	760	2.3779277508135
13	1057947	780	1.498673125938
13	1105209	800	1.9993552881607
13	1153542	820	2.4088119201813
13	1202909	840	2.2489827008893
13	1253353	860	2.2972497336386
13	1304640	880	2.0306624828917
13	1357696	900	2.4156060511184
13	1411850	920	1.7926261559872
13	1467970	940	2.1718568218407
13	1525103	960	2.142744455504
13	1583206	980	1.644991354923
13	1643680	1000	1.5960403558225
13	1705698	1020	1.9618423238592
13	1767832	1040	1.6128147028462
13	1832187	1060	2.0605022168717
13	1898470	1080	1.9663987812254
13	1966959	1100	1.7878038698405
13	2037251	1120	1.9911903468773
13	2108698	1140	1.8398925026951
13	2181863	1160	1.5660281686616
13	2257265	1180	1.8992958259499
13	2334226	1200	2.1095258858
13	2413554	1220	2.3675871297614
13	2494879	1240	2.3306770558289
13	2578858	1260	2.2902091481979
13	2664655	1280	2.4660339109796
13	2752910	1300	1.7066857897432
13	2842565	1320	1.9503152464205
13	2934285	1340	2.0319922391504
13	3027664	1360	2.4004381465688
13	3122937	1380	2.1210158822395
13	3220451	1400	2.0762354376131
13	3320212	1420	1.8262196412257
13	3422520	1440	1.9434884381924
13	3527135	1460	1.7308924915205
13	3634063	1480	2.5834972542562
13	3743433	1500	2.0844546589695
13	3855586	1520	2.0407615039569
13	3969025	1540	2.3564473719792
13	4085073	1560	1.7870214731547
13	4203434	1580	2.0555654167178
13	4323333	1600	1.9217012737866
13	4445557	1620	2.1972282605047
13	4570817	1640	1.6442823767153
13	4698352	1660	2.1403570002791
14	145499	240	2.4067980946906
14	171314	260	3.0716795615398
14	198378	280	2.6609277189275
14	225590	300	3.0276158151122
14	252761	320	0.84883248969448
14	279923	340	2.1029426712637
14	307933	360	3.4755919508983
14	336326	380	0.96413588329476
14	365060	400	1.2368605172748
14	393899	420	5.5416316165584
14	423589	440	3.3861815353298
14	453973	460	1.7629843162739
14	484492	480	8.364025949866
14	515792	500	2.808003844025
14	547984	520	4.6068079650017
14	581355	540	7.3349237895895
14	615368	560	0.30387767276164
14	649946	580	2.6342694170518
14	685439	600	2.9449419097401
14	722293	620	5.0101895494073
14	760239	640	3.7220418915316
14	799347	660	12.81101330075
14	839331	680	2.493667436589
14	880420	700	4.5476775066861
14	922739	720	3.958244481853
14	966804	740	3.7756114670744
14	1011719	760	5.6545403880889
14	1057947	780	2.2460211384087
14	1105209	800	3.9974215682962
14	1153542	820	5.8023748668076
14	1202909	840	5.0579231888993
14	1253353	860	5.2773563387028
14	1304640	880	4.1235901194238
14	1357696	900	5.8351525941997
14	1411850	920	3.2135085351296
14	1467970	940	4.7169620545758
14	1525103	960	4.5913538015933
14	1583206	980	2.7059965577714
14	1643680	1000	2.5473448174139
14	1705698	1020	3.8488253036853
14	1767832	1040	2.6011712657169
14	1832187	1060	4.245669385733
14	1898470	1080	3.8667241668048
14	1966959	1100	3.1962426770165
14	2037251	1120	3.9648389974975
14	2108698	1140	3.3852044214738
14	2181863	1160	2.4524442250415
14	2257265	1180	3.6073246344706
14	2334226	1200	4.4500994628604
14	2413554	1220	5.6054688170119
14	2494879	1240	5.4320555385673
14	2578858	1260	5.2450579424893
14	2664655	1280	6.0813232501016
14	2752910	1300	2.9127763849114
14	2842565	1320	3.8037295604204
14	2934285	1340	4.1289924599676
14	3027664	1360	5.7621032955027
14	3122937	1380	4.4987083727123
14	3220451	1400	4.3107535924003
14	3320212	1420	3.3350781779987
14	3422520	1440	3.7771473093876
14	3527135	1460	2.9959888172022
14	3634063	1480	6.6744580627495
14	3743433	1500	4.3449512252999
14	3855586	1520	4.1647075160324
14	3969025	1540	5.5528442169078
14	4085073	1560	3.1934457455159
14	4203434	1580	4.2253491824064
14	4323333	1600	3.6929357856731
14	4445557	1620	4.8278120287603
14	4570817	1640	2.7036645343766
14	4698352	1660	4.5811280886438
15	145499	240	405.24916841039
15	171314	260	628.98398203688
15	198378	280	633.80189085377
15	225590	300	761.39281443045
15	252761	320	586.83889604116
15	279923	340	587.18572475323
15	307933	360	542.48760630533
15	336326	380	359.17858419382
15	365060	400	313.89579665307
15	393899	420	952.44521270086
15	423589	440	450.94919403042
15	453973	460	496.14739245857
15	484492	480	635.52171173153
15	515792	500	720.5393456838
15	547984	520	371.09762731878
15	581355	540	1005.7680217624
15	615368	560	178.44476603512
15	649946	580	500.82598681899
15	685439	600	588.95442813917
15	722293	620	956.77483006749
15	760239	640	547.42991267765
15	799347	660	739.24167974626
15	839331	680	683.17522133317
15	880420	700	781.54043487742
15	922739	720	540.75222604369
15	966804	740	776.18473029873
15	1011719	760	638.01592603058
15	1057947	780	450.86541735921
15	1105209	800	822.94650907758
15	1153542	820	916.42789385844
15	1202909	840	499.67788213817
15	1253353	860	734.16057507162
15	1304640	880	827.32703371341
15	1357696	900	728.2181753889
15	1411850	920	684.34837072467
15	1467970	940	1094.7510028939
15	1525103	960	868.00407619337
15	1583206	980	955.52099782353
15	1643680	1000	636.79413332073
15	1705698	1020	685.35474563294
15	1767832	1040	457.23437274171
15	1832187	1060	1096.4728911835
15	1898470	1080	825.43616314788
15	1966959	1100	813.20914502158
15	2037251	1120	691.8342603481
15	2108698	1140	913.39431447799
15	2181863	1160	1134.1978821545
15	2257265	1180	960.31518491649
15	2334226	1200	688.16095895092
15	2413554	1220	1098.8191791546
15	2494879	1240	921.42028949511
15	2578858	1260	866.34224533031
15	2664655	1280	1099.4761784958
15	2752910	1300	1089.3339554484
15	2842565	1320	769.4671792507
15	2934285	1340	644.22214515927
15	3027664	1360	779.35682818947
15	3122937	1380	1000.7320024497
15	3220451	1400	1050.1193726267
15	3320212	1420	733.11990831988
15	3422520	1440	815.17607504393
15	3527135	1460	776.2122945677
15	3634063	1480	1141.9318712509
15	3743433	1500	997.43982200778
15	3855586	1520	823.10394088982
15	3969025	1540	872.50248607505
15	4085073	1560	642.89458401788
15	4203434	1580	862.20793439712
15	4323333	1600	1005.0023071242
15	4445557	1620	1235.5792981768
15	4570817	1640	997.14454177597
15	4698352	1660	1139.1444432048
16	145499	240	45.027685378932
16	171314	260	44.927427288349
16	198378	280	45.271563632412
16	225590	300	44.787812613556
16	252761	320	45.141453541628
16	279923	340	45.168132673326
16	307933	360	45.207300525444
16	336326	380	44.897323024227
16	365060	400	44.842256664724
16	393899	420	45.354533938136
16	423589	440	45.094919403042
16	453973	460	45.104308405325
16	484492	480	45.394407980824
16	515792	500	45.033709105238
16	547984	520	46.387203414847
16	581355	540	45.716728261926
16	615368	560	44.61119150878
16	649946	580	45.529635165363
16	685439	600	45.304186779936
16	722293	620	45.56070619369
16	760239	640	45.619159389804
16	799347	660	46.202604984142
16	839331	680	45.545014755545
16	880420	700	45.972966757495
16	922739	720	45.062685503641
16	966804	740	45.65792531169
16	1011719	760	45.572566145042
16	1057947	780	45.086541735921
16	1105209	800	45.71925050431
16	1153542	820	45.821394692922
16	1202909	840	45.425262012561
16	1253353	860	45.885035941976
16	1304640	880	45.962612984079
16	1357696	900	45.513635961806
16	1411850	920	45.623224714978
16	1467970	940	45.614625120581
16	1525103	960	45.684425062809
16	1583206	980	45.500999896359
16	1643680	1000	45.485295237195
16	1705698	1020	45.690316375529
16	1767832	1040	45.723437274171
16	1832187	1060	45.686370465979
16	1898470	1080	45.857564619327
16	1966959	1100	45.178285834532
16	2037251	1120	46.122284023207
16	2108698	1140	45.669715723899
16	2181863	1160	45.36791528618
16	2257265	1180	45.729294519833
16	2334226	1200	45.877397263394
16	2413554	1220	45.784132464774
16	2494879	1240	46.071014474755
16	2578858	1260	45.596960280542
16	2664655	1280	45.811507437325
16	2752910	1300	45.388914810348
16	2842565	1320	45.262775250041
16	2934285	1340	46.015867511376
16	3027664	1360	45.844519305263
16	3122937	1380	45.48781829317
16	3220451	1400	45.657364027248
16	3320212	1420	45.819994269993
16	3422520	1440	45.287559724663
16	3527135	1460	45.659546739277
16	3634063	1480	45.677274850037
16	3743433	1500	45.338173727626
16	3855586	1520	45.727996716101
16	3969025	1540	45.921183477634
16	4085073	1560	45.921041715563
16	4203434	1580	45.37936496827
16	4323333	1600	45.681923051099
16	4445557	1620	45.762196228769
16	4570817	1640	45.324751898908
16	4698352	1660	45.565777728193
17	145499	240	0.92956899555077
17	171314	260	0.33003194025191
17	198378	280	0.66551630041628
17	225590	300	0.33275369629412
17	252761	320	0.79836048412646
17	279923	340	0.78355891160355
17	307933	360	1.0149103278474
17	336326	380	0.4605615070438
17	365060	400	0.42544404283894
17	393899	420	1.2512396455067
17	423589	440	1.3744788258069
17	453973	460	0.46195425538619
17	484492	480	1.7602272252
17	515792	500	0.8807726845857
17	547984	520	1.8456138495184
17	581355	540	1.4248884121152
17	615368	560	0.32568489837366
17	649946	580	1.4166528324289
17	685439	600	1.307049501933
17	722293	620	1.2930800500176
17	760239	640	1.3868393843878
17	799347	660	1.4180965242239
17	839331	680	1.3777780884015
17	880420	700	1.2366758379119
17	922739	720	0.9761481827735
17	966804	740	1.3130392763489
17	1011719	760	1.393750321925
17	1057947	780	1.0032803357511
17	1105209	800	1.286102159265
17	1153542	820	1.2296055647521
17	1202909	840	1.3047161660107
17	1253353	860	1.28460943156
17	1304640	880	1.2782478507541
17	1357696	900	1.2289082552863
17	1411850	920	1.2042605456485
17	1467970	940	1.1067197349704
17	1525103	960	1.2996326719684
17	1583206	980	1.1188423988448
17	1643680	1000	1.1252609276421
17	1705698	1020	1.2319338550939
17	1767832	1040	1.2359738805225
17	1832187	1060	0.99438994773706
17	1898470	1080	0.97642085026797
17	1966959	1100	0.68680030006571
17	2037251	1120	1.24298610629
17	2108698	1140	1.0294281719331
17	2181863	1160	1.0032391282607
17	2257265	1180	1.0368692922343
17	2334226	1200	1.1170546711356
17	2413554	1220	1.1027149242058
17	2494879	1240	1.0387494467809
17	2578858	1260	1.0822809537541
17	2664655	1280	0.93958630473736
17	2752910	1300	0.94176961540007
17	2842565	1320	1.0142677575963
17	2934285	1340	1.0657005538284
17	3027664	1360	1.1176424829256
17	3122937	1380	0.88141443481098
17	3220451	1400	0.85241449986024
17	3320212	1420	0.87135905471239
17	3422520	1440	0.77166855770465
17	3527135	1460	0.93869387655727
17	3634063	1480	0.94342444745172
17	3743433	1500	0.79972691663916
17	3855586	1520	0.98142882298068
17	3969025	1540	1.0636975028191
17	4085073	1560	0.96459945992562
17	4203434	1580	0.91897488542798
17	4323333	1600	0.97562510849298
17	4445557	1620	1.0447672445933
17	4570817	1640	0.79398052212403
17	4698352	1660	0.75705055988784
18	145499	240	0.86409851748926
18	171314	260	0.10892108158644
18	198378	280	0.44291194611978
18	225590	300	0.1107250223974
18	252761	320	0.63737946261464
18	279923	340	0.61396456795335
18	307933	360	1.0300429735713
18	336326	380	0.21211690177045
18	365060	400	0.18100263358714
18	393899	420	1.5656006504877
18	423589	440	1.8891920425916
18	453973	460	0.21340173406941
18	484492	480	3.0983998843354
18	515792	500	0.77576052191231
18	547984	520	3.4062904815343
18	581355	540	2.0303069869802
18	615368	560	0.10607065302866
18	649946	580	2.0069052476287
18	685439	600	1.7083784005032
18	722293	620	1.6720560157534
18	760239	640	1.9233234780891
18	799347	660	2.0109977520159
18	839331	680	1.8982724608794
18	880420	700	1.529367128075
18	922739	720	0.95286527473201
18	966804	740	1.7240721412348
18	1011719	760	1.9425399598662
18	1057947	780	1.0065714321048
18	1105209	800	1.6540587640662
18	1153542	820	1.5119298448694
18	1202909	840	1.7022842738497
18	1253353	860	1.6502213916528
18	1304640	880	1.6339175679575
18	1357696	900	1.5102154999108
18	1411850	920	1.4502434618056
18	1467970	940	1.224828571773
18	1525103	960	1.6890450820478
18	1583206	980	1.2518083134529
18	1643680	1000	1.2662121552779
18	1705698	1020	1.5176610233265
18	1767832	1040	1.5276314333338
18	1832187	1060	0.98881136816052
18	1898470	1080	0.95339767683803
18	1966959	1100	0.47169465217035
18	2037251	1120	1.54501446043
18	2108698	1140	1.0597223611696
18	2181863	1160	1.0064887484732
18	2257265	1180	1.0750979291784
18	2334226	1200	1.2478111383058
18	2413554	1220	1.2159802040662
18	2494879	1240	1.0790004131877
18	2578858	1260	1.1713320628588
18	2664655	1280	0.88282242405
18	2752910	1300	0.8869300084908
18	2842565	1320	1.0287390840994
18	2934285	1340	1.1357176704301
18	3027664	1360	1.2491247196402
18	3122937	1380	0.77689140589316
18	3220451	1400	0.72661047957199
18	3320212	1420	0.75926660222927
18	3422520	1440	0.59547236294997
18	3527135	1460	0.88114619388611
18	3634063	1480	0.89004968804958
18	3743433	1500	0.63956314119717
18	3855586	1520	0.96320253457724
18	3969025	1540	1.1314523775035
18	4085073	1560	0.9304521180888
18	4203434	1580	0.84451484004737
18	4323333	1600	0.95184435232194
18	4445557	1620	1.0915385953752
18	4570817	1640	0.63040506951234
18	4698352	1660	0.57312555022649
19	145499	240	2624.201854482
19	171314	260	2730.2939530376
19	198378	280	2327.1778930432
19	225590	300	2886.6694897791
19	252761	320	3300.8029947967
19	279923	340	3405.0945652449
19	307933	360	3439.6871439074
19	336326	380	2117.1544125259
19	365060	400	2010.2890285332
19	393899	420	3185.5163564714
19	423589	440	2063.7272822564
19	453973	460	2339.0259964665
19	484492	480	3431.061062247
19	515792	500	3414.9590842417
19	547984	520	2376.0407407624
19	581355	540	3748.4126790836
19	615368	560	1478.8952897719
19	649946	580	3373.7925163978
19	685439	600	3567.0130141864
19	722293	620	4071.0081335429
19	760239	640	3565.6263848797
19	799347	660	3313.1178116536
19	839331	680	4019.0822887165
19	880420	700	3721.5755844226
19	922739	720	3729.6006866127
19	966804	740	3952.6423398649
19	1011719	760	4190.3360679638
19	1057947	780	3015.2995298271
19	1105209	800	4760.4319251541
19	1153542	820	4431.2926508392
19	1202909	840	3710.8176989273
19	1253353	860	4416.7445266028
19	1304640	880	4301.3074316478
19	1357696	900	4525.3869934051
19	1411850	920	4630.2620577
19	1467970	940	4963.2693001892
19	1525103	960	4898.6698395503
19	1583206	980	4962.3128198072
19	1643680	1000	4635.4015348617
19	1705698	1020	4730.2852253726
19	1767832	1040	3606.7713892432
19	1832187	1060	4748.3656646031
19	1898470	1080	4305.0943264102
19	1966959	1100	3637.5553367159
19	2037251	1120	4086.0177962688
19	2108698	1140	5318.9988415138
19	2181863	1160	4985.1745068467
19	2257265	1180	5545.2332392054
19	2334226	1200	4920.5236621374
19	2413554	1220	5555.858794751
19	2494879	1240	4808.4090994761
19	2578858	1260	4664.3617131374
19	2664655	1280	5646.3272940517
19	2752910	1300	5560.1649666615
19	2842565	1320	4691.9086050609
19	2934285	1340	4433.7166925421
19	3027664	1360	5073.6929304082
19	3122937	1380	5060.575752727
19	3220451	1400	5487.907028434
19	3320212	1420	5119.6773030599
19	3422520	1440	4401.3730216077
19	3527135	1460	4575.3964548201
19	3634063	1480	6047.479496226
19	3743433	1500	5796.3205459912
19	3855586	1520	6046.8279640703
19	3969025	1540	5323.8364606768
19	4085073	1560	4629.9343401278
19	4203434	1580	5624.3182759407
19	4323333	1600	5633.3264743435
19	4445557	1620	6586.7035905367
19	4570817	1640	5734.4496401798
19	4698352	1660	6016.3471532523
20	145499	240	46.860747401465
20	171314	260	47.074033673063
20	198378	280	47.493426388637
20	225590	300	47.322450652116
20	252761	320	47.154328497096
20	279923	340	46.645131030753
20	307933	360	47.119001971335
20	336326	380	47.047875833909
20	365060	400	46.750907640308
20	393899	420	47.545020245842
20	423589	440	47.993657726892
20	453973	460	46.78051992933
20	484492	480	47.653625864541
20	515792	500	46.780261427968
20	547984	520	47.520814815248
20	581355	540	47.448261760552
20	615368	560	46.215477805371
20	649946	580	46.858229394414
20	685439	600	47.560173522486
20	722293	620	47.894213335798
20	760239	640	47.541685131729
20	799347	660	48.016200168893
20	839331	680	47.846217722815
20	880420	700	48.332150447047
20	922739	720	47.210135273579
20	966804	740	47.622196865842
20	1011719	760	47.61745531777
20	1057947	780	47.114055153548
20	1105209	800	48.085170961152
20	1153542	820	48.166224465643
20	1202909	840	47.574585883684
20	1253353	860	48.008092680465
20	1304640	880	48.329296984807
20	1357696	900	47.635652562159
20	1411850	920	47.73466038866
20	1467970	940	48.187080584361
20	1525103	960	48.026174897552
20	1583206	980	48.17779436706
20	1643680	1000	47.787644689295
20	1705698	1020	48.268216585435
20	1767832	1040	48.09028518991
20	1832187	1060	48.452710863297
20	1898470	1080	48.371846364159
20	1966959	1100	47.862570219946
20	2037251	1120	48.070797603163
20	2108698	1140	48.354534922853
20	2181863	1160	48.399752493658
20	2257265	1180	48.219419471351
20	2334226	1200	48.240428060171
20	2413554	1220	48.31181560653
20	2494879	1240	48.569788883597
20	2578858	1260	48.086203228221
20	2664655	1280	49.098498209146
20	2752910	1300	48.349260579665
20	2842565	1320	47.876618418989
20	2934285	1340	48.722161456507
20	3027664	1360	48.785508946233
20	3122937	1380	48.195959549781
20	3220451	1400	48.565548924195
20	3320212	1420	48.758831457713
20	3422520	1440	48.366736501184
20	3527135	1460	48.674430370427
20	3634063	1480	48.769995937307
20	3743433	1500	48.708576016733
20	3855586	1520	48.764741645728
20	3969025	1540	48.842536336485
20	4085073	1560	49.254620639658
20	4203434	1580	48.071096375561
20	4323333	1600	48.985447602987
20	4445557	1620	48.790396966938
20	4570817	1640	48.188652438486
20	4698352	1660	48.913391489856
21	145499	240	2.5691284494466
21	171314	260	2.7021512345786
21	198378	280	2.8540922736318
21	225590	300	3.0684840364322
21	252761	320	2.1112785542718
21	279923	340	2.5878732221311
21	307933	360	2.4706531611415
21	336326	380	2.2030250206462
21	365060	400	2.3132249442485
21	393899	420	2.8947147712956
21	423589	440	2.8882356184457
21	453973	460	2.4090806671084
21	484492	480	3.9872719298005
21	515792	500	2.3471360968912
21	547984	520	2.98680472711
21	581355	540	3.2095902221835
21	615368	560	1.6792526205629
21	649946	580	2.2034754237501
21	685439	600	2.5813610570568
21	722293	620	2.8320785627052
21	760239	640	2.6614772855912
21	799347	660	3.3212086239971
21	839331	680	2.2805957546413
21	880420	700	2.7710047075926
21	922739	720	2.8065868743685
21	966804	740	3.0342883653186
21	1011719	760	2.8791471815454
21	1057947	780	3.2795047920674
21	1105209	800	2.5523922327867
21	1153542	820	2.7601605009092
21	1202909	840	2.9959308068833
21	1253353	860	2.8669866463821
21	1304640	880	2.9601305751083
21	1357696	900	3.1069118910145
21	1411850	920	2.4782089061878
21	1467970	940	2.8344137758241
21	1525103	960	2.8071480354803
21	1583206	980	2.7805687150228
21	1643680	1000	2.5829192562352
21	1705698	1020	2.7195834475815
21	1767832	1040	2.5932214386376
21	1832187	1060	2.7882185465707
21	1898470	1080	2.8917292430041
21	1966959	1100	2.3485166057073
21	2037251	1120	2.5771282044429
21	2108698	1140	2.5568942458692
21	2181863	1160	2.2051033147519
21	2257265	1180	2.5251798930629
21	2334226	1200	2.8200523202129
21	2413554	1220	3.2156162415344
21	2494879	1240	2.8349178678726
21	2578858	1260	3.0895665751597
21	2664655	1280	3.2472365453496
21	2752910	1300	2.3689305470634
21	2842565	1320	2.6274468601968
21	2934285	1340	2.7987884054306
21	3027664	1360	2.9015374654592
21	3122937	1380	2.659500908108
21	3220451	1400	2.863715643325
21	3320212	1420	2.8516918259412
21	3422520	1440	2.8150208989533
21	3527135	1460	2.7668500237049
21	3634063	1480	3.3167153106177
21	3743433	1500	2.6939427020857
21	3855586	1520	2.919954368411
21	3969025	1540	3.1508469116786
21	4085073	1560	2.5696892187175
21	4203434	1580	2.8350335548146
21	4323333	1600	2.7550366269183
21	4445557	1620	3.1100180583467
21	4570817	1640	2.6650059784823
21	4698352	1660	2.8015268767016
22	145499	240	6.6004209897558
22	171314	260	7.3016212945348
22	198378	280	8.145842706405
22	225590	300	9.4155942818392
22	252761	320	4.4574971337278
22	279923	340	6.6970878138234
22	307933	360	6.1041270426586
22	336326	380	4.853319241593
22	365060	400	5.3510096426933
22	393899	420	8.379373607157
22	423589	440	8.3419049876586
22	453973	460	5.8036696606356
22	484492	480	15.898337442175
22	515792	500	5.5090478573298
22	547984	520	8.9210024778866
22	581355	540	10.301469394336
22	615368	560	2.8198893636673
22	649946	580	4.8553039430708
22	685439	600	6.6634249068896
22	722293	620	8.0206689853343
22	760239	640	7.0834613417176
22	799347	660	11.030426724113
22	839331	680	5.2011169960879
22	880420	700	7.6784670895002
22	922739	720	7.8769298833776
22	966804	740	9.2069058839077
22	1011719	760	8.2894884930007
22	1057947	780	10.755151681193
22	1105209	800	6.51470610999
22	1153542	820	7.6184859907795
22	1202909	840	8.9756013996324
22	1253353	860	8.219612430533
22	1304640	880	8.7623730216909
22	1357696	900	9.6529014985275
22	1411850	920	6.1415193827086
22	1467970	940	8.0339014525813
22	1525103	960	7.8800800931009
22	1583206	980	7.7315623789637
22	1643680	1000	6.6714718842307
22	1705698	1020	7.3961341283593
22	1767832	1040	6.7247974298099
22	1832187	1060	7.7741626634407
22	1898470	1080	8.3620980148448
22	1966959	1100	5.5155302472828
22	2037251	1120	6.6415897821353
22	2108698	1140	6.5377081845588
22	2181863	1160	4.86248062873
22	2257265	1180	6.3765334923294
22	2334226	1200	7.9526950887384
22	2413554	1220	10.34018781282
22	2494879	1240	8.0367593175832
22	2578858	1260	9.5454216223442
22	2664655	1280	10.544545181454
22	2752910	1300	5.6118319368099
22	2842565	1320	6.9034770031582
22	2934285	1340	7.8332165383726
22	3027664	1360	8.4189196634631
22	3122937	1380	7.0729450802273
22	3220451	1400	8.2008672858241
22	3320212	1420	8.1321462701396
22	3422520	1440	7.9243426615438
22	3527135	1460	7.6554590536755
22	3634063	1480	11.000600451686
22	3743433	1500	7.2573272821211
22	3855586	1520	8.5261335136024
22	3969025	1540	9.9278362608344
22	4085073	1560	6.603302680793
22	4203434	1580	8.0374152569246
22	4323333	1600	7.5902268156615
22	4445557	1620	9.6722123232428
22	4570817	1640	7.1022568653464
22	4698352	1660	7.8485528408816
23	145499	240	3140.3194107009
23	171314	260	3141.2856596422
23	198378	280	3513.2277743202
23	225590	300	3422.1899023696
23	252761	320	3745.9493113908
23	279923	340	3699.1320733613
23	307933	360	3699.3330344048
23	336326	380	4032.4740804954
23	365060	400	4125.8247860267
23	393899	420	3392.3884216324
23	423589	440	4083.6064136656
23	453973	460	4090.0251810173
23	484492	480	3961.6528952011
23	515792	500	3959.6966217003
23	547984	520	4359.9737711655
23	581355	540	3814.3707920265
23	615368	560	4727.129119352
23	649946	580	4464.0880438005
23	685439	600	4419.7076963304
23	722293	620	4137.8896585116
23	760239	640	4645.7059782997
23	799347	660	4453.4430259029
23	839331	680	4506.5991559969
23	880420	700	4457.1061863524
23	922739	720	4779.9311373212
23	966804	740	4689.6664953454
23	1011719	760	4829.5233461135
23	1057947	780	4970.0483719048
23	1105209	800	4832.1745126987
23	1153542	820	4695.4117492376
23	1202909	840	5058.2137398108
23	1253353	860	5010.2437478953
23	1304640	880	5022.5646815139
23	1357696	900	5168.1134346431
23	1411850	920	5209.3155057424
23	1467970	940	4831.9438818177
23	1525103	960	5163.160630296
23	1583206	980	5076.1190116908
23	1643680	1000	5440.4478345459
23	1705698	1020	5578.8886194714
23	1767832	1040	5808.9094237146
23	1832187	1060	5203.6937612554
23	1898470	1080	5531.9901692985
23	1966959	1100	5627.7242953638
23	2037251	1120	5752.4325469416
23	2108698	1140	5619.8129810868
23	2181863	1160	5447.8592332199
23	2257265	1180	5668.0093392307
23	2334226	1200	6025.6705232058
23	2413554	1220	5661.7928729194
23	2494879	1240	5929.717801775
23	2578858	1260	6031.9044892885
23	2664655	1280	5791.0386485888
23	2752910	1300	5844.7555832842
23	2842565	1320	6214.3577005751
23	2934285	1340	6429.0882165037
23	3027664	1360	6396.1326353043
23	3122937	1380	6163.4578607612
23	3220451	1400	6159.9009261366
23	3320212	1420	6520.5484690078
23	3422520	1440	6621.7933265662
23	3527135	1460	6622.2663900246
23	3634063	1480	6290.1176846872
23	3743433	1500	6619.1407664184
23	3855586	1520	6892.4980768053
23	3969025	1540	6699.5197750503
23	4085073	1560	7019.8793793437
23	4203434	1580	6895.1182608265
23	4323333	1600	6848.4758533279
23	4445557	1620	6705.5957480112
23	4570817	1640	6939.8577805641
23	4698352	1660	6793.5300992112
24	145499	240	44.861705867155
24	171314	260	44.87550942346
24	198378	280	45.041381722054
24	225590	300	45.028814504863
24	252761	320	45.131919414347
24	279923	340	45.111366748308
24	307933	360	45.113817492742
24	336326	380	45.308697533656
24	365060	400	45.338733912381
24	393899	420	45.231845621766
24	423589	440	45.373404596284
24	453973	460	45.444724233526
24	484492	480	45.536240174725
24	515792	500	45.513754272417
24	547984	520	45.416393449641
24	581355	540	45.409176095553
24	615368	560	45.453164609154
24	649946	580	45.551918814291
24	685439	600	45.563996869386
24	722293	620	45.471314928699
24	760239	640	45.546137042154
24	799347	660	45.443296182682
24	839331	680	45.521203595928
24	880420	700	45.480675370943
24	922739	720	45.523153688773
24	966804	740	45.530742673256
24	1011719	760	45.561541001071
24	1057947	780	45.596774054172
24	1105209	800	45.586552006591
24	1153542	820	45.586521837258
24	1202909	840	45.569493151449
24	1253353	860	45.547670435412
24	1304640	880	45.659678922853
24	1357696	900	45.735517120735
24	1411850	920	45.695750050372
24	1467970	940	45.584376243564
24	1525103	960	45.69168699377
24	1583206	980	45.730801907125
24	1643680	1000	45.718049029797
24	1705698	1020	45.728595241569
24	1767832	1040	45.739444281217
24	1832187	1060	45.64643650224
24	1898470	1080	45.718927018996
24	1966959	1100	45.753856059868
24	2037251	1120	45.654226563028
24	2108698	1140	45.6895364316
24	2181863	1160	45.780329690924
24	2257265	1180	45.709752735732
24	2334226	1200	45.649019115195
24	2413554	1220	45.659619942899
24	2494879	1240	45.613213859808
24	2578858	1260	45.696246130973
24	2664655	1280	45.598729516447
24	2752910	1300	45.662152994408
24	2842565	1320	45.693806621876
24	2934285	1340	45.596370329814
24	3027664	1360	45.686661680745
24	3122937	1380	45.655243413046
24	3220451	1400	45.62889574916
24	3320212	1420	45.598241042013
24	3422520	1440	45.667540183215
24	3527135	1460	45.670802689825
24	3634063	1480	45.580562932516
24	3743433	1500	45.649246664955
24	3855586	1520	45.64568262785
24	3969025	1540	45.574964456125
24	4085073	1560	45.583632333401
24	4203434	1580	45.66303483991
24	4323333	1600	45.656505688852
24	4445557	1620	45.616297605518
24	4570817	1640	45.656959082658
24	4698352	1660	45.594161739673
25	145499	240	0.45296140416468
25	171314	260	0.49687081785094
25	198378	280	0.77779076309549
25	225590	300	0.57245252066713
25	252761	320	0.8719275466927
25	279923	340	0.84625712891206
25	307933	360	0.81867263786311
25	336326	380	1.16450757561
25	365060	400	1.3024423380986
25	393899	420	1.1408129729419
25	423589	440	1.3052900897651
25	453973	460	1.34645440512
25	484492	480	1.5079001929981
25	515792	500	1.3880028814367
25	547984	520	1.2933280749423
25	581355	540	1.3320257866682
25	615368	560	1.2821632254329
25	649946	580	1.3601636083568
25	685439	600	1.4191690150916
25	722293	620	1.2835018244193
25	760239	640	1.2494171885732
25	799347	660	1.1997662409938
25	839331	680	1.1885493421907
25	880420	700	1.2264455303771
25	922739	720	1.1375754350864
25	966804	740	1.2076430946464
25	1011719	760	1.1616108520366
25	1057947	780	1.1496748909388
25	1105209	800	1.1628007727019
25	1153542	820	1.1597414398398
25	1202909	840	1.1361748213636
25	1253353	860	1.2033145244812
25	1304640	880	1.2230946112943
25	1357696	900	1.2190795242207
25	1411850	920	1.1905537822379
25	1467970	940	1.1525605815068
25	1525103	960	1.157120495699
25	1583206	980	1.2050000616103
25	1643680	1000	1.1648710661021
25	1705698	1020	1.1465852272258
25	1767832	1040	1.1478605805475
25	1832187	1060	1.1055947332403
25	1898470	1080	1.1441307963299
25	1966959	1100	1.1111665572491
25	2037251	1120	1.0300476584901
25	2108698	1140	1.0968483635312
25	2181863	1160	1.0910722559907
25	2257265	1180	1.0932503615384
25	2334226	1200	1.0474704718495
25	2413554	1220	1.041188646189
25	2494879	1240	1.0310578055162
25	2578858	1260	1.0256796672578
25	2664655	1280	0.98656773867837
25	2752910	1300	1.0107421523322
25	2842565	1320	0.98123678259234
25	2934285	1340	0.96850213410783
25	3027664	1360	1.0507166561887
25	3122937	1380	0.97329542808653
25	3220451	1400	0.96103036125688
25	3320212	1420	0.92871823442024
25	3422520	1440	0.97849656912589
25	3527135	1460	0.97244418004548
25	3634063	1480	0.9045303082101
25	3743433	1500	0.940072190852
25	3855586	1520	0.98661721565524
25	3969025	1540	0.90091969652409
25	4085073	1560	0.88172379094093
25	4203434	1580	0.90389917465578
25	4323333	1600	0.93168752447414
25	4445557	1620	0.93252681683915
25	4570817	1640	0.92111241222703
25	4698352	1660	0.88989585826224
26	145499	240	0.20517403366284
26	171314	260	0.24688060963186
26	198378	280	0.60495847115666
26	225590	300	0.32770188841815
26	252761	320	0.76025764668154
26	279923	340	0.71615112823448
26	307933	360	0.67022488798574
26	336326	380	1.356077893653
26	365060	400	1.6963560440718
26	393899	420	1.3014542392326
26	423589	440	1.7037822184389
26	453973	460	1.8129394650671
26	484492	480	2.2737629920438
26	515792	500	1.9265519988765
26	547984	520	1.6726975094339
26	581355	540	1.7742926963491
26	615368	560	1.6439425366526
26	649946	580	1.8500450414981
26	685439	600	2.0140406933961
26	722293	620	1.6473769332877
26	760239	640	1.5610433111022
26	799347	660	1.4394390330284
26	839331	680	1.412649538822
26	880420	700	1.5041686389821
26	922739	720	1.294077870512
26	966804	740	1.4584018440471
26	1011719	760	1.3493397715691
26	1057947	780	1.3217523548552
26	1105209	800	1.3521056369962
26	1153542	820	1.3450002072817
26	1202909	840	1.2908932247005
26	1253353	860	1.4479658448274
26	1304640	880	1.4959604281772
26	1357696	900	1.4861548863743
26	1411850	920	1.4174183084009
26	1467970	940	1.3283958940433
26	1525103	960	1.3389278415667
26	1583206	980	1.4520251484808
26	1643680	1000	1.3569246006418
26	1705698	1020	1.3146576832925
26	1767832	1040	1.3175839123748
26	1832187	1060	1.2223397141686
26	1898470	1080	1.3090352791104
26	1966959	1100	1.2346911179487
26	2037251	1120	1.060998178761
26	2108698	1140	1.2030763325812
26	2181863	1160	1.1904386677927
26	2257265	1180	1.1951963530038
26	2334226	1200	1.0971943893967
26	2413554	1220	1.0840737969528
26	2494879	1240	1.0630801983158
26	2578858	1260	1.0520187798261
26	2664655	1280	0.97331590300096
26	2752910	1300	1.0215996985011
26	2842565	1320	0.96282562351217
26	2934285	1340	0.93799638377142
26	3027664	1360	1.1040054915923
26	3122937	1380	0.94730399033415
26	3220451	1400	0.92357935525753
26	3320212	1420	0.86251755894465
26	3422520	1440	0.95745553579113
26	3527135	1460	0.94564768330432
26	3634063	1480	0.81817507847066
26	3743433	1500	0.88373572401327
26	3855586	1520	0.9734135302273
26	3969025	1540	0.81165629958505
26	4085073	1560	0.77743684351124
26	4203434	1580	0.81703371794339
26	4323333	1600	0.86804164326076
26	4445557	1620	0.86960626412416
26	4570817	1640	0.8484480759587
26	4698352	1660	0.79191463855229
