version 2
run statisticRVV-60-20150325-02:24:13-4868
attr c 7
attr configname statisticRVV
attr datetime 20150325-02:24:13
attr experiment statisticRVV
attr inifile omnetpp.ini
attr iterationvars "$sc=\"erlangen-low.launchd.xml\", $p=1/8, $c=7"
attr iterationvars2 "$sc=\"erlangen-low.launchd.xml\", $p=1/8, $c=7, $repetition=0"
attr measurement "$sc=\"erlangen-low.launchd.xml\", $p=1/8, $c=7"
attr network RSUExampleScenario
attr p 1/8
attr processid 4868
attr repetition 0
attr replication #0
attr resultdir results
attr runnumber 60
attr sc "\"erlangen-low.launchd.xml\""
attr seedset 60

vector 0  RSUExampleScenario.rsu[0].appl  Number_CH  ETV
vector 1  RSUExampleScenario.rsu[0].appl  Number_ON  ETV
vector 2  RSUExampleScenario.rsu[0].appl  Number_FN  ETV
vector 3  RSUExampleScenario.rsu[0].appl  Number_CH_Losts  ETV
vector 4  RSUExampleScenario.rsu[0].appl  Mean_Cluster_Size  ETV
vector 5  RSUExampleScenario.rsu[0].appl  StdDev_Cluster_Size  ETV
vector 6  RSUExampleScenario.rsu[0].appl  Variance_Cluster_Size  ETV
vector 7  RSUExampleScenario.rsu[0].appl  Mean_Neighbors  ETV
vector 8  RSUExampleScenario.rsu[0].appl  StdDev_Neighbors  ETV
vector 9  RSUExampleScenario.rsu[0].appl  Variance_Neighbors  ETV
vector 10  RSUExampleScenario.rsu[0].appl  Total_CH_Utility  ETV
vector 11  RSUExampleScenario.rsu[0].appl  Mean_CH_Utility  ETV
vector 12  RSUExampleScenario.rsu[0].appl  StdDev_CH_Utility  ETV
vector 13  RSUExampleScenario.rsu[0].appl  Variance_CH_Utility  ETV
vector 14  RSUExampleScenario.rsu[0].appl  Total_exp_CH_Utility  ETV
vector 15  RSUExampleScenario.rsu[0].appl  Mean_exp_CH_Utility  ETV
vector 16  RSUExampleScenario.rsu[0].appl  StdDev_exp_CH_Utility  ETV
vector 17  RSUExampleScenario.rsu[0].appl  Variance_exp_CH_Utility  ETV
vector 18  RSUExampleScenario.rsu[0].appl  Total_ON_Utility  ETV
vector 19  RSUExampleScenario.rsu[0].appl  Mean_ON_Utility  ETV
vector 20  RSUExampleScenario.rsu[0].appl  StdDev_ON_Utility  ETV
vector 21  RSUExampleScenario.rsu[0].appl  Variance_ON_Utility  ETV
vector 22  RSUExampleScenario.rsu[0].appl  Total_exp_ON_Utility  ETV
vector 23  RSUExampleScenario.rsu[0].appl  Mean_exp_ON_Utility  ETV
vector 24  RSUExampleScenario.rsu[0].appl  StdDev_exp_ON_Utility  ETV
vector 25  RSUExampleScenario.rsu[0].appl  Variance_exp_ON_Utility  ETV
0	34301	240	0
0	39583	260	4
0	44940	280	4
0	50334	300	5
0	55634	320	3
0	60949	340	7
0	66298	360	4
0	71563	380	5
0	76856	400	5
0	82118	420	2
0	87396	440	2
0	92695	460	2
0	98068	480	1
0	103465	500	3
0	108881	520	2
0	114151	540	4
0	119399	560	1
0	124716	580	2
0	129963	600	7
0	135272	620	6
0	140615	640	4
0	145878	660	5
0	151181	680	4
0	156510	700	4
0	161795	720	2
0	167045	740	3
0	172323	760	6
0	177712	780	3
0	183002	800	2
0	188301	820	1
0	193707	840	3
0	199155	860	2
0	204484	880	4
0	209733	900	4
0	214952	920	0
0	220338	940	6
0	225726	960	5
0	231005	980	1
0	236334	1000	6
0	241541	1020	5
0	246828	1040	5
0	252094	1060	5
0	257303	1080	4
0	262624	1100	3
0	267984	1120	3
0	273307	1140	1
0	278624	1160	5
0	283871	1180	5
0	289148	1200	4
0	294592	1220	6
0	300040	1240	1
0	305279	1260	3
0	310605	1280	3
0	316027	1300	5
0	321344	1320	3
0	326517	1340	3
0	331757	1360	5
0	337220	1380	3
0	342550	1400	1
0	347832	1420	6
0	353177	1440	5
0	358598	1460	5
0	363941	1480	3
0	369274	1500	6
0	374538	1520	2
0	379745	1540	2
0	385013	1560	5
0	390431	1580	6
0	395662	1600	6
0	400961	1620	4
0	406196	1640	4
0	411511	1660	5
0	416797	1680	4
0	422069	1700	3
0	427384	1720	3
0	432684	1740	3
0	437970	1760	4
0	443346	1780	3
0	448644	1800	4
0	453453	1820	2
0	457751	1840	5
0	461546	1860	5
0	464901	1880	4
0	467872	1900	1
0	470424	1920	4
0	472451	1940	2
0	474041	1960	1
0	475120	1980	1
0	475747	2000	1
1	34301	240	0
1	39583	260	5
1	44940	280	7
1	50334	300	7
1	55634	320	6
1	60949	340	9
1	66298	360	4
1	71563	380	9
1	76856	400	8
1	82118	420	3
1	87396	440	3
1	92695	460	4
1	98068	480	1
1	103465	500	3
1	108881	520	3
1	114151	540	6
1	119399	560	1
1	124716	580	2
1	129963	600	8
1	135272	620	9
1	140615	640	5
1	145878	660	8
1	151181	680	6
1	156510	700	5
1	161795	720	3
1	167045	740	6
1	172323	760	9
1	177712	780	4
1	183002	800	3
1	188301	820	2
1	193707	840	5
1	199155	860	3
1	204484	880	5
1	209733	900	8
1	214952	920	0
1	220338	940	7
1	225726	960	6
1	231005	980	1
1	236334	1000	7
1	241541	1020	9
1	246828	1040	7
1	252094	1060	6
1	257303	1080	6
1	262624	1100	5
1	267984	1120	3
1	273307	1140	1
1	278624	1160	8
1	283871	1180	8
1	289148	1200	6
1	294592	1220	8
1	300040	1240	1
1	305279	1260	4
1	310605	1280	4
1	316027	1300	7
1	321344	1320	4
1	326517	1340	5
1	331757	1360	9
1	337220	1380	5
1	342550	1400	2
1	347832	1420	7
1	353177	1440	7
1	358598	1460	8
1	363941	1480	5
1	369274	1500	8
1	374538	1520	3
1	379745	1540	4
1	385013	1560	8
1	390431	1580	8
1	395662	1600	8
1	400961	1620	6
1	406196	1640	6
1	411511	1660	6
1	416797	1680	6
1	422069	1700	5
1	427384	1720	4
1	432684	1740	5
1	437970	1760	5
1	443346	1780	3
1	448644	1800	6
1	453453	1820	3
1	457751	1840	7
1	461546	1860	8
1	464901	1880	5
1	467872	1900	1
1	470424	1920	5
1	472451	1940	4
1	474041	1960	2
1	475120	1980	1
1	475747	2000	2
2	34301	240	40
2	39583	260	32
2	44940	280	29
2	50334	300	29
2	55634	320	30
2	60949	340	24
2	66298	360	32
2	71563	380	26
2	76856	400	27
2	82118	420	34
2	87396	440	35
2	92695	460	35
2	98068	480	39
2	103465	500	34
2	108881	520	35
2	114151	540	30
2	119399	560	37
2	124716	580	37
2	129963	600	25
2	135272	620	26
2	140615	640	31
2	145878	660	26
2	151181	680	31
2	156510	700	32
2	161795	720	35
2	167045	740	31
2	172323	760	24
2	177712	780	34
2	183002	800	35
2	188301	820	37
2	193707	840	32
2	199155	860	35
2	204484	880	32
2	209733	900	27
2	214952	920	40
2	220338	940	27
2	225726	960	30
2	231005	980	38
2	236334	1000	27
2	241541	1020	25
2	246828	1040	29
2	252094	1060	30
2	257303	1080	30
2	262624	1100	33
2	267984	1120	36
2	273307	1140	38
2	278624	1160	27
2	283871	1180	27
2	289148	1200	30
2	294592	1220	27
2	300040	1240	38
2	305279	1260	32
2	310605	1280	33
2	316027	1300	29
2	321344	1320	33
2	326517	1340	33
2	331757	1360	26
2	337220	1380	33
2	342550	1400	37
2	347832	1420	27
2	353177	1440	29
2	358598	1460	28
2	363941	1480	32
2	369274	1500	26
2	374538	1520	35
2	379745	1540	34
2	385013	1560	28
2	390431	1580	27
2	395662	1600	25
2	400961	1620	31
2	406196	1640	31
2	411511	1660	28
2	416797	1680	31
2	422069	1700	33
2	427384	1720	33
2	432684	1740	32
2	437970	1760	31
2	443346	1780	34
2	448644	1800	31
2	453453	1820	33
2	457751	1840	22
2	461546	1860	17
2	464901	1880	19
2	467872	1900	22
2	470424	1920	12
2	472451	1940	11
2	474041	1960	12
2	475120	1980	8
2	475747	2000	4
3	34301	240	0
3	39583	260	1
3	44940	280	4
3	50334	300	0
3	55634	320	1
3	60949	340	2
3	66298	360	2
3	71563	380	1
3	76856	400	1
3	82118	420	0
3	87396	440	1
3	92695	460	0
3	98068	480	2
3	103465	500	0
3	108881	520	3
3	114151	540	1
3	119399	560	0
3	124716	580	0
3	129963	600	1
3	135272	620	1
3	140615	640	1
3	145878	660	1
3	151181	680	2
3	156510	700	1
3	161795	720	1
3	167045	740	0
3	172323	760	0
3	177712	780	3
3	183002	800	0
3	188301	820	2
3	193707	840	0
3	199155	860	6
3	204484	880	1
3	209733	900	3
3	214952	920	0
3	220338	940	0
3	225726	960	0
3	231005	980	0
3	236334	1000	0
3	241541	1020	0
3	246828	1040	1
3	252094	1060	3
3	257303	1080	2
3	262624	1100	1
3	267984	1120	0
3	273307	1140	1
3	278624	1160	3
3	283871	1180	1
3	289148	1200	1
3	294592	1220	1
3	300040	1240	0
3	305279	1260	1
3	310605	1280	4
3	316027	1300	4
3	321344	1320	2
3	326517	1340	2
3	331757	1360	2
3	337220	1380	2
3	342550	1400	0
3	347832	1420	3
3	353177	1440	2
3	358598	1460	0
3	363941	1480	2
3	369274	1500	4
3	374538	1520	1
3	379745	1540	0
3	385013	1560	0
3	390431	1580	0
3	395662	1600	0
3	400961	1620	1
3	406196	1640	1
3	411511	1660	1
3	416797	1680	1
3	422069	1700	1
3	427384	1720	0
3	432684	1740	1
3	437970	1760	1
3	443346	1780	1
3	448644	1800	1
3	453453	1820	1
3	457751	1840	1
3	461546	1860	0
3	464901	1880	0
3	467872	1900	0
3	470424	1920	0
3	472451	1940	0
3	474041	1960	0
3	475120	1980	0
3	475747	2000	0
4	34301	240	nan
4	39583	260	1.25
4	44940	280	1.75
4	50334	300	1.4
4	55634	320	2
4	60949	340	1.2857142857143
4	66298	360	1
4	71563	380	1.8
4	76856	400	1.6
4	82118	420	1.5
4	87396	440	1.5
4	92695	460	2
4	98068	480	1
4	103465	500	1
4	108881	520	1.5
4	114151	540	1.5
4	119399	560	1
4	124716	580	1
4	129963	600	1.1428571428571
4	135272	620	1.5
4	140615	640	1.25
4	145878	660	1.6
4	151181	680	1.5
4	156510	700	1.25
4	161795	720	1.5
4	167045	740	2
4	172323	760	1.5
4	177712	780	1.3333333333333
4	183002	800	1.5
4	188301	820	2
4	193707	840	1.6666666666667
4	199155	860	1.5
4	204484	880	1.25
4	209733	900	2
4	214952	920	nan
4	220338	940	1.1666666666667
4	225726	960	1.2
4	231005	980	1
4	236334	1000	1.1666666666667
4	241541	1020	1.8
4	246828	1040	1.4
4	252094	1060	1.2
4	257303	1080	1.5
4	262624	1100	1.6666666666667
4	267984	1120	1
4	273307	1140	1
4	278624	1160	1.6
4	283871	1180	1.6
4	289148	1200	1.5
4	294592	1220	1.3333333333333
4	300040	1240	1
4	305279	1260	1.3333333333333
4	310605	1280	1.3333333333333
4	316027	1300	1.4
4	321344	1320	1.3333333333333
4	326517	1340	1.6666666666667
4	331757	1360	1.8
4	337220	1380	1.6666666666667
4	342550	1400	2
4	347832	1420	1.1666666666667
4	353177	1440	1.4
4	358598	1460	1.6
4	363941	1480	1.6666666666667
4	369274	1500	1.3333333333333
4	374538	1520	1.5
4	379745	1540	2
4	385013	1560	1.6
4	390431	1580	1.3333333333333
4	395662	1600	1.3333333333333
4	400961	1620	1.5
4	406196	1640	1.5
4	411511	1660	1.2
4	416797	1680	1.5
4	422069	1700	1.6666666666667
4	427384	1720	1.3333333333333
4	432684	1740	1.6666666666667
4	437970	1760	1.25
4	443346	1780	1
4	448644	1800	1.5
4	453453	1820	1.5
4	457751	1840	1.4
4	461546	1860	1.6
4	464901	1880	1.25
4	467872	1900	1
4	470424	1920	1.25
4	472451	1940	2
4	474041	1960	2
4	475120	1980	1
4	475747	2000	2
5	34301	240	nan
5	39583	260	0.5
5	44940	280	0.5
5	50334	300	0.54772255750517
5	55634	320	0
5	60949	340	0.48795003647427
5	66298	360	0
5	71563	380	0.44721359549996
5	76856	400	0.54772255750517
5	82118	420	0.70710678118655
5	87396	440	0.70710678118655
5	92695	460	0
5	98068	480	nan
5	103465	500	0
5	108881	520	0.70710678118655
5	114151	540	0.57735026918963
5	119399	560	nan
5	124716	580	0
5	129963	600	0.37796447300923
5	135272	620	0.54772255750517
5	140615	640	0.5
5	145878	660	0.54772255750517
5	151181	680	0.57735026918963
5	156510	700	0.5
5	161795	720	0.70710678118655
5	167045	740	1
5	172323	760	0.83666002653408
5	177712	780	0.57735026918963
5	183002	800	0.70710678118655
5	188301	820	nan
5	193707	840	1.1547005383793
5	199155	860	0.70710678118655
5	204484	880	0.5
5	209733	900	0.81649658092773
5	214952	920	nan
5	220338	940	0.40824829046386
5	225726	960	0.44721359549996
5	231005	980	nan
5	236334	1000	0.40824829046386
5	241541	1020	0.44721359549996
5	246828	1040	0.54772255750517
5	252094	1060	0.44721359549996
5	257303	1080	0.57735026918963
5	262624	1100	0.57735026918963
5	267984	1120	0
5	273307	1140	nan
5	278624	1160	0.54772255750517
5	283871	1180	0.54772255750517
5	289148	1200	0.57735026918963
5	294592	1220	0.51639777949432
5	300040	1240	nan
5	305279	1260	0.57735026918963
5	310605	1280	0.57735026918963
5	316027	1300	0.54772255750517
5	321344	1320	0.57735026918963
5	326517	1340	0.57735026918963
5	331757	1360	0.44721359549996
5	337220	1380	0.57735026918963
5	342550	1400	nan
5	347832	1420	0.40824829046386
5	353177	1440	0.54772255750517
5	358598	1460	0.54772255750517
5	363941	1480	0.57735026918963
5	369274	1500	0.51639777949432
5	374538	1520	0.70710678118655
5	379745	1540	0
5	385013	1560	0.54772255750517
5	390431	1580	0.51639777949432
5	395662	1600	0.51639777949432
5	400961	1620	0.57735026918963
5	406196	1640	0.57735026918963
5	411511	1660	0.44721359549996
5	416797	1680	0.57735026918963
5	422069	1700	0.57735026918963
5	427384	1720	0.57735026918963
5	432684	1740	0.57735026918963
5	437970	1760	0.5
5	443346	1780	0
5	448644	1800	0.57735026918963
5	453453	1820	0.70710678118655
5	457751	1840	0.54772255750517
5	461546	1860	0.54772255750517
5	464901	1880	0.5
5	467872	1900	nan
5	470424	1920	0.5
5	472451	1940	0
5	474041	1960	nan
5	475120	1980	nan
5	475747	2000	nan
6	34301	240	nan
6	39583	260	0.25
6	44940	280	0.25
6	50334	300	0.3
6	55634	320	0
6	60949	340	0.23809523809524
6	66298	360	0
6	71563	380	0.2
6	76856	400	0.3
6	82118	420	0.5
6	87396	440	0.5
6	92695	460	0
6	98068	480	nan
6	103465	500	0
6	108881	520	0.5
6	114151	540	0.33333333333333
6	119399	560	nan
6	124716	580	0
6	129963	600	0.14285714285714
6	135272	620	0.3
6	140615	640	0.25
6	145878	660	0.3
6	151181	680	0.33333333333333
6	156510	700	0.25
6	161795	720	0.5
6	167045	740	1
6	172323	760	0.7
6	177712	780	0.33333333333333
6	183002	800	0.5
6	188301	820	nan
6	193707	840	1.3333333333333
6	199155	860	0.5
6	204484	880	0.25
6	209733	900	0.66666666666667
6	214952	920	nan
6	220338	940	0.16666666666667
6	225726	960	0.2
6	231005	980	nan
6	236334	1000	0.16666666666667
6	241541	1020	0.2
6	246828	1040	0.3
6	252094	1060	0.2
6	257303	1080	0.33333333333333
6	262624	1100	0.33333333333333
6	267984	1120	0
6	273307	1140	nan
6	278624	1160	0.3
6	283871	1180	0.3
6	289148	1200	0.33333333333333
6	294592	1220	0.26666666666667
6	300040	1240	nan
6	305279	1260	0.33333333333333
6	310605	1280	0.33333333333333
6	316027	1300	0.3
6	321344	1320	0.33333333333333
6	326517	1340	0.33333333333333
6	331757	1360	0.2
6	337220	1380	0.33333333333333
6	342550	1400	nan
6	347832	1420	0.16666666666667
6	353177	1440	0.3
6	358598	1460	0.3
6	363941	1480	0.33333333333333
6	369274	1500	0.26666666666667
6	374538	1520	0.5
6	379745	1540	0
6	385013	1560	0.3
6	390431	1580	0.26666666666667
6	395662	1600	0.26666666666667
6	400961	1620	0.33333333333333
6	406196	1640	0.33333333333333
6	411511	1660	0.2
6	416797	1680	0.33333333333333
6	422069	1700	0.33333333333333
6	427384	1720	0.33333333333333
6	432684	1740	0.33333333333333
6	437970	1760	0.25
6	443346	1780	0
6	448644	1800	0.33333333333333
6	453453	1820	0.5
6	457751	1840	0.3
6	461546	1860	0.3
6	464901	1880	0.25
6	467872	1900	nan
6	470424	1920	0.25
6	472451	1940	0
6	474041	1960	nan
6	475120	1980	nan
6	475747	2000	nan
7	34301	240	8.725
7	39583	260	8.8292682926829
7	44940	280	9.075
7	50334	300	9.05
7	55634	320	9.1794871794872
7	60949	340	9.075
7	66298	360	8.85
7	71563	380	9
7	76856	400	9.2307692307692
7	82118	420	9.1025641025641
7	87396	440	8.9
7	92695	460	8.780487804878
7	98068	480	9.275
7	103465	500	9.15
7	108881	520	9.15
7	114151	540	9.125
7	119399	560	9.0769230769231
7	124716	580	8.8780487804878
7	129963	600	9.025
7	135272	620	9.25
7	140615	640	9.175
7	145878	660	9.0769230769231
7	151181	680	8.609756097561
7	156510	700	8.780487804878
7	161795	720	9
7	167045	740	8.875
7	172323	760	9.0512820512821
7	177712	780	8.9756097560976
7	183002	800	9.025
7	188301	820	8.925
7	193707	840	9.15
7	199155	860	9.075
7	204484	880	9.125
7	209733	900	8.7692307692308
7	214952	920	9.3333333333333
7	220338	940	8.9
7	225726	960	8.9268292682927
7	231005	980	8.75
7	236334	1000	8.9
7	241541	1020	8.7692307692308
7	246828	1040	9.075
7	252094	1060	8.975
7	257303	1080	9.125
7	262624	1100	8.975
7	267984	1120	8.8095238095238
7	273307	1140	9.15
7	278624	1160	9.2051282051282
7	283871	1180	8.85
7	289148	1200	8.975
7	294592	1220	9.075
7	300040	1240	8.925
7	305279	1260	9.2051282051282
7	310605	1280	9.3589743589744
7	316027	1300	9.0243902439024
7	321344	1320	9.15
7	326517	1340	8.7560975609756
7	331757	1360	8.85
7	337220	1380	9.1463414634146
7	342550	1400	8.95
7	347832	1420	8.925
7	353177	1440	8.8780487804878
7	358598	1460	9.1219512195122
7	363941	1480	9.4102564102564
7	369274	1500	9.1
7	374538	1520	8.8
7	379745	1540	8.925
7	385013	1560	9.1
7	390431	1580	9.0487804878049
7	395662	1600	9.0512820512821
7	400961	1620	8.95
7	406196	1640	8.8292682926829
7	411511	1660	9
7	416797	1680	9
7	422069	1700	9
7	427384	1720	9.05
7	432684	1740	9.125
7	437970	1760	8.975
7	443346	1780	9.175
7	448644	1800	8.8536585365854
7	453453	1820	8.7368421052632
7	457751	1840	8.3823529411765
7	461546	1860	8.5666666666667
7	464901	1880	8.2857142857143
7	467872	1900	8.2083333333333
7	470424	1920	8.1428571428571
7	472451	1940	7.7647058823529
7	474041	1960	7.4666666666667
7	475120	1980	7
7	475747	2000	5.2857142857143
8	34301	240	1.8395581966805
8	39583	260	1.9987801157755
8	44940	280	1.8863545089228
8	50334	300	1.852925614625
8	55634	320	1.5538033959457
8	60949	340	1.5087352489029
8	66298	360	1.8334498797454
8	71563	380	1.8536173919926
8	76856	400	1.3467609966829
8	82118	420	1.3336706725755
8	87396	440	1.8088103471052
8	92695	460	1.6509420813879
8	98068	480	1.7829318982637
8	103465	500	1.8612099731364
8	108881	520	1.7621373967793
8	114151	540	1.3045777389344
8	119399	560	1.6284415440378
8	124716	580	1.8465524897931
8	129963	600	1.6561849890482
8	135272	620	1.5483655567843
8	140615	640	1.3938969538487
8	145878	660	1.6445222532078
8	151181	680	2.4277360727691
8	156510	700	1.3325200771837
8	161795	720	2.1720839573895
8	167045	740	1.7274184087749
8	172323	760	1.4317585423586
8	177712	780	1.890605787546
8	183002	800	1.7612277186449
8	188301	820	1.685344064393
8	193707	840	1.7029386365926
8	199155	860	1.5087352489029
8	204484	880	1.620185174602
8	209733	900	1.5124316158797
8	214952	920	1.4017532881009
8	220338	940	1.8783517051407
8	225726	960	1.737674363948
8	231005	980	1.9047847983972
8	236334	1000	1.7066987176478
8	241541	1020	1.6134555669112
8	246828	1040	1.6546360665779
8	252094	1060	1.7466084351225
8	257303	1080	1.9106650741669
8	262624	1100	1.5930538323674
8	267984	1120	2.0271101049198
8	273307	1140	1.6878145480822
8	278624	1160	1.74987950231
8	283871	1180	1.6571523304011
8	289148	1200	1.440930966869
8	294592	1220	1.3846688023884
8	300040	1240	2.4113779441936
8	305279	1260	1.2603150646082
8	310605	1280	1.3857769906252
8	316027	1300	1.968347084206
8	321344	1320	1.6725537053966
8	326517	1340	1.5456469164217
8	331757	1360	1.9020906177017
8	337220	1380	1.4240957764448
8	342550	1400	1.4667249405673
8	347832	1420	1.5256356388614
8	353177	1440	1.8999358140635
8	358598	1460	1.4524999475253
8	363941	1480	1.5511956121845
8	369274	1500	2.204889671058
8	374538	1520	1.856381923569
8	379745	1540	1.3279538916926
8	385013	1560	1.9321835661586
8	390431	1580	2.1207453820791
8	395662	1600	1.3945140249284
8	400961	1620	1.4491376746189
8	406196	1640	1.6109382207954
8	411511	1660	2.0774478269464
8	416797	1680	2.0976176963403
8	422069	1700	2.1679483388679
8	427384	1720	1.3577885489242
8	432684	1740	1.4882014614102
8	437970	1760	1.8043750249794
8	443346	1780	2.1470014868685
8	448644	1800	2.139637534838
8	453453	1820	1.3493584166401
8	457751	1840	1.6517154697071
8	461546	1860	1.5013403972803
8	464901	1880	1.7608319342087
8	467872	1900	1.7687914485337
8	470424	1920	1.558387444948
8	472451	1940	1.6404805608687
8	474041	1960	1.3020130933436
8	475120	1980	0.94280904158206
8	475747	2000	0.95118973121134
9	34301	240	3.3839743589744
9	39583	260	3.9951219512195
9	44940	280	3.5583333333333
9	50334	300	3.4333333333333
9	55634	320	2.4143049932524
9	60949	340	2.2762820512821
9	66298	360	3.3615384615385
9	71563	380	3.4358974358974
9	76856	400	1.8137651821862
9	82118	420	1.778677462888
9	87396	440	3.2717948717949
9	92695	460	2.7256097560976
9	98068	480	3.1788461538462
9	103465	500	3.4641025641026
9	108881	520	3.1051282051282
9	114151	540	1.7019230769231
9	119399	560	2.6518218623482
9	124716	580	3.409756097561
9	129963	600	2.7429487179487
9	135272	620	2.3974358974359
9	140615	640	1.9429487179487
9	145878	660	2.7044534412955
9	151181	680	5.8939024390244
9	156510	700	1.7756097560976
9	161795	720	4.7179487179487
9	167045	740	2.9839743589744
9	172323	760	2.0499325236167
9	177712	780	3.5743902439024
9	183002	800	3.1019230769231
9	188301	820	2.8403846153846
9	193707	840	2.9
9	199155	860	2.2762820512821
9	204484	880	2.625
9	209733	900	2.2874493927126
9	214952	920	1.9649122807018
9	220338	940	3.5282051282051
9	225726	960	3.019512195122
9	231005	980	3.6282051282051
9	236334	1000	2.9128205128205
9	241541	1020	2.6032388663968
9	246828	1040	2.7378205128205
9	252094	1060	3.050641025641
9	257303	1080	3.650641025641
9	262624	1100	2.5378205128205
9	267984	1120	4.1091753774681
9	273307	1140	2.8487179487179
9	278624	1160	3.0620782726046
9	283871	1180	2.7461538461538
9	289148	1200	2.0762820512821
9	294592	1220	1.9173076923077
9	300040	1240	5.8147435897436
9	305279	1260	1.5883940620783
9	310605	1280	1.9203778677463
9	316027	1300	3.8743902439024
9	321344	1320	2.7974358974359
9	326517	1340	2.3890243902439
9	331757	1360	3.6179487179487
9	337220	1380	2.0280487804878
9	342550	1400	2.1512820512821
9	347832	1420	2.3275641025641
9	353177	1440	3.609756097561
9	358598	1460	2.109756097561
9	363941	1480	2.4062078272605
9	369274	1500	4.8615384615385
9	374538	1520	3.4461538461538
9	379745	1540	1.7634615384615
9	385013	1560	3.7333333333333
9	390431	1580	4.4975609756098
9	395662	1600	1.944669365722
9	400961	1620	2.1
9	406196	1640	2.5951219512195
9	411511	1660	4.3157894736842
9	416797	1680	4.4
9	422069	1700	4.7
9	427384	1720	1.8435897435897
9	432684	1740	2.2147435897436
9	437970	1760	3.2557692307692
9	443346	1780	4.6096153846154
9	448644	1800	4.5780487804878
9	453453	1820	1.8207681365576
9	457751	1840	2.7281639928699
9	461546	1860	2.2540229885057
9	464901	1880	3.1005291005291
9	467872	1900	3.1286231884058
9	470424	1920	2.4285714285714
9	472451	1940	2.6911764705882
9	474041	1960	1.6952380952381
9	475120	1980	0.88888888888889
9	475747	2000	0.9047619047619
10	34301	240	0
10	39583	260	182.4766263341
10	44940	280	184.24673674643
10	50334	300	231.78919396325
10	55634	320	137.77593011146
10	60949	340	329.11933954376
10	66298	360	190.20949126992
10	71563	380	236.75399098308
10	76856	400	245.12917359005
10	82118	420	99.457373639954
10	87396	440	93.031643266294
10	92695	460	93.538456650576
10	98068	480	45.221343882258
10	103465	500	141.71762206586
10	108881	520	91.671347282532
10	114151	540	184.95138012133
10	119399	560	46.012797555757
10	124716	580	92.84835454127
10	129963	600	330.25080362434
10	135272	620	279.05227982702
10	140615	640	183.8253224919
10	145878	660	230.87207483127
10	151181	680	187.07438262285
10	156510	700	190.22420477154
10	161795	720	93.691744220672
10	167045	740	142.72946514366
10	172323	760	284.69840407933
10	177712	780	143.74632547485
10	183002	800	94.691627177551
10	188301	820	47.07805163027
10	193707	840	138.64111827898
10	199155	860	95.421660907186
10	204484	880	188.84986935894
10	209733	900	187.05782265582
10	214952	920	0
10	220338	940	292.66253579839
10	225726	960	232.50455215434
10	231005	980	45.848509078043
10	236334	1000	276.43210997415
10	241541	1020	232.11347860861
10	246828	1040	233.06238509916
10	252094	1060	235.15110028607
10	257303	1080	189.34044421804
10	262624	1100	137.30209293719
10	267984	1120	143.00348305787
10	273307	1140	45.495895959584
10	278624	1160	230.58776663191
10	283871	1180	234.77567878616
10	289148	1200	189.98216316442
10	294592	1220	290.07938721214
10	300040	1240	46.402337100654
10	305279	1260	146.26742558833
10	310605	1280	136.90269459899
10	316027	1300	238.3372812227
10	321344	1320	142.18516735428
10	326517	1340	142.65318047037
10	331757	1360	239.44295261789
10	337220	1380	150.05152217459
10	342550	1400	45.199725965931
10	347832	1420	288.8776017276
10	353177	1440	235.75405859852
10	358598	1460	238.54452103254
10	363941	1480	138.05442095191
10	369274	1500	282.39521674263
10	374538	1520	94.144992594917
10	379745	1540	96.579514726962
10	385013	1560	231.55247201171
10	390431	1580	275.4062415773
10	395662	1600	284.10949727064
10	400961	1620	192.31426463464
10	406196	1640	186.29342478604
10	411511	1660	235.21729033718
10	416797	1680	179.30189322631
10	422069	1700	143.55940302321
10	427384	1720	136.3905364265
10	432684	1740	137.72288759695
10	437970	1760	190.14837498004
10	443346	1780	136.6546537421
10	448644	1800	187.0417275805
10	453453	1820	94.808294412471
10	457751	1840	229.55729540515
10	461546	1860	233.14337335647
10	464901	1880	183.24989138178
10	467872	1900	45.362788966702
10	470424	1920	191.44421649068
10	472451	1940	92.999529235702
10	474041	1960	45.979295420198
10	475120	1980	47.019174201817
10	475747	2000	46.593041513933
11	34301	240	nan
11	39583	260	45.619156583525
11	44940	280	46.061684186608
11	50334	300	46.35783879265
11	55634	320	45.925310037154
11	60949	340	47.017048506251
11	66298	360	47.55237281748
11	71563	380	47.350798196617
11	76856	400	49.025834718009
11	82118	420	49.728686819977
11	87396	440	46.515821633147
11	92695	460	46.769228325288
11	98068	480	45.221343882258
11	103465	500	47.239207355286
11	108881	520	45.835673641266
11	114151	540	46.237845030333
11	119399	560	46.012797555757
11	124716	580	46.424177270635
11	129963	600	47.178686232048
11	135272	620	46.508713304504
11	140615	640	45.956330622975
11	145878	660	46.174414966254
11	151181	680	46.768595655712
11	156510	700	47.556051192886
11	161795	720	46.845872110336
11	167045	740	47.576488381219
11	172323	760	47.449734013222
11	177712	780	47.915441824951
11	183002	800	47.345813588775
11	188301	820	47.07805163027
11	193707	840	46.213706092993
11	199155	860	47.710830453593
11	204484	880	47.212467339734
11	209733	900	46.764455663956
11	214952	920	nan
11	220338	940	48.777089299732
11	225726	960	46.500910430868
11	231005	980	45.848509078043
11	236334	1000	46.072018329024
11	241541	1020	46.422695721721
11	246828	1040	46.612477019832
11	252094	1060	47.030220057215
11	257303	1080	47.335111054509
11	262624	1100	45.767364312396
11	267984	1120	47.667827685958
11	273307	1140	45.495895959584
11	278624	1160	46.117553326382
11	283871	1180	46.955135757233
11	289148	1200	47.495540791106
11	294592	1220	48.346564535357
11	300040	1240	46.402337100654
11	305279	1260	48.755808529442
11	310605	1280	45.634231532995
11	316027	1300	47.66745624454
11	321344	1320	47.39505578476
11	326517	1340	47.551060156791
11	331757	1360	47.888590523579
11	337220	1380	50.017174058195
11	342550	1400	45.199725965931
11	347832	1420	48.1462669546
11	353177	1440	47.150811719703
11	358598	1460	47.708904206508
11	363941	1480	46.018140317302
11	369274	1500	47.065869457105
11	374538	1520	47.072496297458
11	379745	1540	48.289757363481
11	385013	1560	46.310494402343
11	390431	1580	45.901040262883
11	395662	1600	47.351582878441
11	400961	1620	48.078566158659
11	406196	1640	46.573356196511
11	411511	1660	47.043458067437
11	416797	1680	44.825473306577
11	422069	1700	47.853134341069
11	427384	1720	45.463512142167
11	432684	1740	45.907629198982
11	437970	1760	47.53709374501
11	443346	1780	45.551551247365
11	448644	1800	46.760431895125
11	453453	1820	47.404147206236
11	457751	1840	45.911459081031
11	461546	1860	46.628674671293
11	464901	1880	45.812472845445
11	467872	1900	45.362788966702
11	470424	1920	47.861054122671
11	472451	1940	46.499764617851
11	474041	1960	45.979295420198
11	475120	1980	47.019174201817
11	475747	2000	46.593041513933
12	34301	240	nan
12	39583	260	1.2076072030347
12	44940	280	1.2609878915877
12	50334	300	1.3421737185092
12	55634	320	0.18905489433709
12	60949	340	1.9089410335127
12	66298	360	2.2106205305062
12	71563	380	1.4507072317671
12	76856	400	3.2823798076443
12	82118	420	4.1244425490292
12	87396	440	0.15278625371377
12	92695	460	1.2638440144445
12	98068	480	nan
12	103465	500	0.96015520493957
12	108881	520	0.10518692244782
12	114151	540	0.33043307301172
12	119399	560	nan
12	124716	580	0.80349265265025
12	129963	600	1.2060398823472
12	135272	620	1.5127809898693
12	140615	640	1.3518473028862
12	145878	660	0.79592066954399
12	151181	680	0.86245168180115
12	156510	700	0.91646953757816
12	161795	720	1.1668390037611
12	167045	740	1.7901175823697
12	172323	760	2.0898643492009
12	177712	780	3.1289768323716
12	183002	800	0.83197336935024
12	188301	820	nan
12	193707	840	0.66446828002279
12	199155	860	1.7703179577578
12	204484	880	0.53451969098086
12	209733	900	0.77875878611345
12	214952	920	nan
12	220338	940	2.4007602324367
12	225726	960	0.88865305947607
12	231005	980	nan
12	236334	1000	1.1976081299222
12	241541	1020	0.36300543834961
12	246828	1040	1.5844484517066
12	252094	1060	1.8478803288024
12	257303	1080	1.1448994190596
12	262624	1100	1.8379352642047
12	267984	1120	1.7775729941255
12	273307	1140	nan
12	278624	1160	0.4176724672624
12	283871	1180	1.7472250073019
12	289148	1200	4.3149185136819
12	294592	1220	3.1976477699302
12	300040	1240	nan
12	305279	1260	4.6759451521842
12	310605	1280	0.32719691223332
12	316027	1300	3.8189729852562
12	321344	1320	2.8971844057059
12	326517	1340	1.970642406911
12	331757	1360	2.589063834533
12	337220	1380	2.7970653652823
12	342550	1400	nan
12	347832	1420	2.3233461922574
12	353177	1440	2.0255784457516
12	358598	1460	1.2151253028421
12	363941	1480	0.56454024978603
12	369274	1500	1.626243786919
12	374538	1520	0.98163893268623
12	379745	1540	2.3949039297299
12	385013	1560	1.009384587594
12	390431	1580	0.75562686100527
12	395662	1600	2.7952865061559
12	400961	1620	3.3221636114736
12	406196	1640	0.71980364067117
12	411511	1660	2.6203337655692
12	416797	1680	1.0883608734707
12	422069	1700	1.6225298980606
12	427384	1720	0.83519897512068
12	432684	1740	0.93966063177588
12	437970	1760	1.3727994750014
12	443346	1780	5.4471683612643
12	448644	1800	1.1569410239158
12	453453	1820	0.30064271029505
12	457751	1840	0.99775159745937
12	461546	1860	0.64136567345499
12	464901	1880	0.91914079892136
12	467872	1900	nan
12	470424	1920	1.6506186944156
12	472451	1940	0.52361623435851
12	474041	1960	nan
12	475120	1980	nan
12	475747	2000	nan
13	34301	240	nan
13	39583	260	1.4583151568212
13	44940	280	1.5900904627309
13	50334	300	1.8014302906567
13	55634	320	0.035741753072809
13	60949	340	3.6440558694286
13	66298	360	4.8868431298954
13	71563	380	2.1045514723015
13	76856	400	10.774017201631
13	82118	420	17.011026340242
13	87396	440	0.023343639323889
13	92695	460	1.5973016928471
13	98068	480	nan
13	103465	500	0.92189801757254
13	108881	520	0.011064288654043
13	114151	540	0.10918601573997
13	119399	560	nan
13	124716	580	0.64560044286293
13	129963	600	1.4545321978121
13	135272	620	2.28850632331
13	140615	640	1.8274911303206
13	145878	660	0.63348971220736
13	151181	680	0.74382290344163
13	156510	700	0.83991641330872
13	161795	720	1.3615132606981
13	167045	740	3.2045209587091
13	172323	760	4.3675329980611
13	177712	780	9.790496017518
13	183002	800	0.69217968730798
13	188301	820	nan
13	193707	840	0.44151809515644
13	199155	860	3.1340256715598
13	204484	880	0.28571130004628
13	209733	900	0.60646524694889
13	214952	920	nan
13	220338	940	5.7636496936495
13	225726	960	0.78970426011618
13	231005	980	nan
13	236334	1000	1.4342652328558
13	241541	1020	0.13177294827139
13	246828	1040	2.5104768961154
13	252094	1060	3.4146617095748
13	257303	1080	1.3107946797631
13	262624	1100	3.3780060354073
13	267984	1120	3.1597657494441
13	273307	1140	nan
13	278624	1160	0.17445028990906
13	283871	1180	3.0527952261411
13	289148	1200	18.618521779715
13	294592	1220	10.22495126054
13	300040	1240	nan
13	305279	1260	21.864463066235
13	310605	1280	0.10705781937502
13	316027	1300	14.584554662117
13	321344	1320	8.3936774806655
13	326517	1340	3.8834314959161
13	331757	1360	6.7032515392866
13	337220	1380	7.8235746576616
13	342550	1400	nan
13	347832	1420	5.3979375290768
13	353177	1440	4.1029680398933
13	358598	1460	1.476529501607
13	363941	1480	0.31870569362847
13	369274	1500	2.6446688544925
13	374538	1520	0.96361499416536
13	379745	1540	5.7355648326357
13	385013	1560	1.0188572456724
13	390431	1580	0.57097195307268
13	395662	1600	7.813626651497
13	400961	1620	11.036771061399
13	406196	1640	0.51811728112348
13	411511	1660	6.8661490429818
13	416797	1680	1.184529390902
13	422069	1700	2.6326032701004
13	427384	1720	0.69755732804264
13	432684	1740	0.88296210290945
13	437970	1760	1.8845783985641
13	443346	1780	29.671643155959
13	448644	1800	1.3385125328193
13	453453	1820	0.090386039253554
13	457751	1840	0.99550825023272
13	461546	1860	0.41134992708637
13	464901	1880	0.8448198082418
13	467872	1900	nan
13	470424	1920	2.7245420743542
13	472451	1940	0.27417396088378
13	474041	1960	nan
13	475120	1980	nan
13	475747	2000	nan
14	34301	240	0
14	39583	260	222.96856519356
14	44940	280	358.89171213898
14	50334	300	224.30552601602
14	55634	320	178.04954311821
14	60949	340	401.56765501653
14	66298	360	266.33598721095
14	71563	380	267.01717962017
14	76856	400	270.48528817373
14	82118	420	91.789900146219
14	87396	440	134.05196830079
14	92695	460	94.06323058939
14	98068	480	133.13187901935
14	103465	500	136.38064568333
14	108881	520	222.12111769761
14	114151	540	223.10718871786
14	119399	560	44.117443476
14	124716	580	89.678454446937
14	129963	600	360.18197939208
14	135272	620	314.39113915756
14	140615	640	221.9776498761
14	145878	660	266.78643235839
14	151181	680	268.03218573835
14	156510	700	225.79232244919
14	161795	720	134.53820921238
14	167045	740	136.47388852035
14	172323	760	268.36853867965
14	177712	780	269.39856062611
14	183002	800	89.414688552131
14	188301	820	136.15548385285
14	193707	840	133.64295419413
14	199155	860	357.47879819094
14	204484	880	178.63857579348
14	209733	900	315.8141007443
14	214952	920	0
14	220338	940	272.44624712256
14	225726	960	221.61982251269
14	231005	980	47.858260442031
14	236334	1000	269.01878466531
14	241541	1020	222.29585960459
14	246828	1040	268.59781558951
14	252094	1060	364.7961091234
14	257303	1080	271.15488206457
14	262624	1100	180.71258803986
14	267984	1120	136.87291809233
14	273307	1140	88.472176633284
14	278624	1160	356.1099630865
14	283871	1180	269.45370812695
14	289148	1200	223.76777281233
14	294592	1220	315.38097111737
14	300040	1240	45.304092071127
14	305279	1260	179.38904116311
14	310605	1280	313.74496553701
14	316027	1300	403.7397039415
14	321344	1320	224.24023949771
14	326517	1340	223.74238087868
14	331757	1360	313.077130864
14	337220	1380	227.50013471556
14	342550	1400	44.225888722608
14	347832	1420	405.87823304074
14	353177	1440	311.94140855923
14	358598	1460	223.6541309448
14	363941	1480	222.13684608269
14	369274	1500	452.6064176335
14	374538	1520	134.60570062404
14	379745	1540	92.051250952329
14	385013	1560	224.37608958106
14	390431	1580	270.22995453428
14	395662	1600	268.11521247861
14	400961	1620	227.60211172806
14	406196	1640	225.50724170855
14	411511	1660	267.82039901884
14	416797	1680	223.53945333318
14	422069	1700	183.55243226801
14	427384	1720	132.82798840115
14	432684	1740	180.43997139869
14	437970	1760	222.87595006472
14	443346	1780	183.57204039972
14	448644	1800	223.13969187065
14	453453	1820	135.58905182886
14	457751	1840	267.99833502616
14	461546	1860	223.4293570173
14	464901	1880	179.14057461038
14	467872	1900	46.14065117217
14	470424	1920	181.30822265496
14	472451	1940	91.317905876755
14	474041	1960	46.475156871525
14	475120	1980	45.803775582812
14	475747	2000	45.846475048632
15	34301	240	nan
15	39583	260	44.593713038712
15	44940	280	44.861464017372
15	50334	300	44.861105203205
15	55634	320	44.512385779553
15	60949	340	44.61862833517
15	66298	360	44.389331201826
15	71563	380	44.502863270028
15	76856	400	45.080881362288
15	82118	420	45.89495007311
15	87396	440	44.683989433595
15	92695	460	47.031615294695
15	98068	480	44.377293006449
15	103465	500	45.460215227775
15	108881	520	44.424223539523
15	114151	540	44.621437743573
15	119399	560	44.117443476
15	124716	580	44.839227223468
15	129963	600	45.02274742401
15	135272	620	44.913019879652
15	140615	640	44.39552997522
15	145878	660	44.464405393065
15	151181	680	44.672030956392
15	156510	700	45.158464489838
15	161795	720	44.84606973746
15	167045	740	45.491296173448
15	172323	760	44.728089779942
15	177712	780	44.899760104351
15	183002	800	44.707344276065
15	188301	820	45.385161284285
15	193707	840	44.547651398044
15	199155	860	44.684849773867
15	204484	880	44.659643948371
15	209733	900	45.116300106329
15	214952	920	nan
15	220338	940	45.40770785376
15	225726	960	44.323964502538
15	231005	980	47.858260442031
15	236334	1000	44.836464110886
15	241541	1020	44.459171920918
15	246828	1040	44.766302598252
15	252094	1060	45.599513640426
15	257303	1080	45.192480344095
15	262624	1100	45.178147009964
15	267984	1120	45.624306030776
15	273307	1140	44.236088316642
15	278624	1160	44.513745385813
15	283871	1180	44.908951354492
15	289148	1200	44.753554562466
15	294592	1220	45.054424445338
15	300040	1240	45.304092071127
15	305279	1260	44.847260290778
15	310605	1280	44.82070936243
15	316027	1300	44.859967104611
15	321344	1320	44.848047899543
15	326517	1340	44.748476175735
15	331757	1360	44.725304409143
15	337220	1380	45.500026943112
15	342550	1400	44.225888722608
15	347832	1420	45.097581448971
15	353177	1440	44.563058365604
15	358598	1460	44.73082618896
15	363941	1480	44.427369216539
15	369274	1500	45.26064176335
15	374538	1520	44.868566874679
15	379745	1540	46.025625476164
15	385013	1560	44.875217916213
15	390431	1580	45.038325755713
15	395662	1600	44.685868746434
15	400961	1620	45.520422345612
15	406196	1640	45.101448341709
15	411511	1660	44.636733169807
15	416797	1680	44.707890666635
15	422069	1700	45.888108067003
15	427384	1720	44.275996133716
15	432684	1740	45.109992849672
15	437970	1760	44.575190012944
15	443346	1780	45.893010099929
15	448644	1800	44.627938374129
15	453453	1820	45.19635060962
15	457751	1840	44.666389171027
15	461546	1860	44.685871403459
15	464901	1880	44.785143652594
15	467872	1900	46.14065117217
15	470424	1920	45.32705566374
15	472451	1940	45.658952938378
15	474041	1960	46.475156871525
15	475120	1980	45.803775582812
15	475747	2000	45.846475048632
16	34301	240	nan
16	39583	260	0.62857059625589
16	44940	280	0.73547912288241
16	50334	300	0.80775676529779
16	55634	320	0.51419418069116
16	60949	340	0.82668334759112
16	66298	360	0.57102273178895
16	71563	380	0.28592566727943
16	76856	400	1.3374993272608
16	82118	420	0.86975266937834
16	87396	440	0.96789826699531
16	92695	460	3.3218480633409
16	98068	480	1.0447494627417
16	103465	500	0.90293645673505
16	108881	520	0.45245999492195
16	114151	540	0.64353155123492
16	119399	560	nan
16	124716	580	0.0024531537616486
16	129963	600	0.42878943004941
16	135272	620	0.81464458567513
16	140615	640	0.40858183744865
16	145878	660	0.31834686111749
16	151181	680	0.30376793172101
16	156510	700	1.2741522264787
16	161795	720	0.72313693774959
16	167045	740	1.834596718687
16	172323	760	0.40845314211031
16	177712	780	0.9817034657552
16	183002	800	0.41415406072129
16	188301	820	1.365626464956
16	193707	840	0.16960140159855
16	199155	860	0.58465785760331
16	204484	880	0.62039048536328
16	209733	900	1.2681682710786
16	214952	920	nan
16	220338	940	1.5509616412239
16	225726	960	0.43465088888005
16	231005	980	nan
16	236334	1000	1.0272661365277
16	241541	1020	0.45181419696125
16	246828	1040	1.011867801771
16	252094	1060	1.3524430279582
16	257303	1080	0.88375210679887
16	262624	1100	1.3779874003184
16	267984	1120	0.98674083229742
16	273307	1140	0.043777195511176
16	278624	1160	0.37417622457585
16	283871	1180	0.90839455771241
16	289148	1200	0.81295152699655
16	294592	1220	1.0799570704715
16	300040	1240	nan
16	305279	1260	1.112108275988
16	310605	1280	1.0004036649534
16	316027	1300	0.89079574471335
16	321344	1320	0.60266590832203
16	326517	1340	0.4449086468696
16	331757	1360	0.6760374632793
16	337220	1380	0.82147696228336
16	342550	1400	nan
16	347832	1420	0.97005973019243
16	353177	1440	0.59980337223751
16	358598	1460	0.55446710037944
16	363941	1480	0.69527296074944
16	369274	1500	1.0969676002753
16	374538	1520	0.90000409025951
16	379745	1540	2.3520192227559
16	385013	1560	0.46316722664341
16	390431	1580	1.7301952158057
16	395662	1600	0.47416662579434
16	400961	1620	1.3384215231346
16	406196	1640	1.0057571341171
16	411511	1660	0.31232325940242
16	416797	1680	0.52294199601405
16	422069	1700	1.5572218011283
16	427384	1720	0.30429575651418
16	432684	1740	0.99898572686145
16	437970	1760	0.23037333705742
16	443346	1780	2.3874977942385
16	448644	1800	0.7358146424634
16	453453	1820	1.2042815107573
16	457751	1840	0.65012004507192
16	461546	1860	0.79203725201708
16	464901	1880	0.75057497887297
16	467872	1900	nan
16	470424	1920	0.99966970310703
16	472451	1940	1.5597613821334
16	474041	1960	nan
16	475120	1980	nan
16	475747	2000	nan
17	34301	240	nan
17	39583	260	0.39510099447748
17	44940	280	0.54092954019588
17	50334	300	0.65247099188435
17	55634	320	0.26439565545666
17	60949	340	0.68340535718447
17	66298	360	0.32606696021971
17	71563	380	0.081753487209186
17	76856	400	1.7889044504232
17	82118	420	0.75646970589075
17	87396	440	0.93682705525252
17	92695	460	11.034674555922
17	98068	480	1.091501439899
17	103465	500	0.81529424490125
17	108881	520	0.20472004700477
17	114151	540	0.41413285743482
17	119399	560	nan
17	124716	580	6.0179633782909e-006
17	129963	600	0.1838603753221
17	135272	620	0.6636458009698
17	140615	640	0.16693911789292
17	145878	660	0.10134472398336
17	151181	680	0.092274956342058
17	156510	700	1.6234638962406
17	161795	720	0.52292703073786
17	167045	740	3.3657451202172
17	172323	760	0.16683396929978
17	177712	780	0.96374169467577
17	183002	800	0.17152358601194
17	188301	820	1.8649356417883
17	193707	840	0.028764635424193
17	199155	860	0.34182481045729
17	204484	880	0.38488435432929
17	209733	900	1.6082507637706
17	214952	920	nan
17	220338	940	2.405482012548
17	225726	960	0.18892139520422
17	231005	980	nan
17	236334	1000	1.0552757152565
17	241541	1020	0.20413606857574
17	246828	1040	1.0238764482609
17	252094	1060	1.8291021438726
17	257303	1080	0.78101778627144
17	262624	1100	1.8988492754362
17	267984	1120	0.973657470123
17	273307	1140	0.0019164428468237
17	278624	1160	0.14000784703784
17	283871	1180	0.82518067248153
17	289148	1200	0.66089018524602
17	294592	1220	1.1663072740614
17	300040	1240	nan
17	305279	1260	1.2367848175209
17	310605	1280	1.0008074928521
17	316027	1300	0.79351705879941
17	321344	1320	0.36320619705361
17	326517	1340	0.19794370405934
17	331757	1360	0.45702665175712
17	337220	1380	0.6748243995623
17	342550	1400	nan
17	347832	1420	0.941015880141
17	353177	1440	0.35976408534749
17	358598	1460	0.30743376540318
17	363941	1480	0.48340448994929
17	369274	1500	1.2033379160538
17	374538	1520	0.81000736248384
17	379745	1540	5.5319944242135
17	385013	1560	0.21452387983655
17	390431	1580	2.9935754847969
17	395662	1600	0.22483398901719
17	400961	1620	1.79137217359
17	406196	1640	1.0115474128274
17	411511	1660	0.097545818363752
17	416797	1680	0.27346833119516
17	422069	1700	2.4249397379093
17	427384	1720	0.092595907432535
17	432684	1740	0.99797248247291
17	437970	1760	0.053071874426973
17	443346	1780	5.7001457174939
17	448644	1800	0.54142318806354
17	453453	1820	1.450293957152
17	457751	1840	0.42265607300432
17	461546	1860	0.62732300858277
17	464901	1880	0.56336279891016
17	467872	1900	nan
17	470424	1920	0.99933951531009
17	472451	1940	2.4328555691947
17	474041	1960	nan
17	475120	1980	nan
17	475747	2000	nan
18	34301	240	657.90555711158
18	39583	260	746.09810366447
18	44940	280	604.08674416652
18	50334	300	793.65103035515
18	55634	320	831.92045376045
18	60949	340	787.19395874287
18	66298	360	845.8328114109
18	71563	380	994.47338061076
18	76856	400	907.97530868315
18	82118	420	895.485581542
18	87396	440	800.21217094974
18	92695	460	849.92577578141
18	98068	480	698.32507650432
18	103465	500	614.10119473483
18	108881	520	602.86323548391
18	114151	540	705.51698671478
18	119399	560	649.02751832828
18	124716	580	649.5944378583
18	129963	600	742.76444785549
18	135272	620	738.01532683026
18	140615	640	742.07951966601
18	145878	660	882.03046621302
18	151181	680	937.85692098055
18	156510	700	930.27690386896
18	161795	720	832.85186632895
18	167045	740	1034.8790769072
18	172323	760	751.68710785497
18	177712	780	754.78100935311
18	183002	800	837.10633183054
18	188301	820	659.49535107558
18	193707	840	608.47656832113
18	199155	860	473.88457546566
18	204484	880	663.74958140702
18	209733	900	565.90066839938
18	214952	920	566.25284231538
18	220338	940	762.27769066137
18	225726	960	768.18629374518
18	231005	980	811.53384858985
18	236334	1000	790.50549162474
18	241541	1020	881.89740948788
18	246828	1040	1025.9193830447
18	252094	1060	877.2978589469
18	257303	1080	889.1739928848
18	262624	1100	796.65858165125
18	267984	1120	750.2186002639
18	273307	1140	652.14601073132
18	278624	1160	555.9998435174
18	283871	1180	742.80004308755
18	289148	1200	754.02847858048
18	294592	1220	900.27622318164
18	300040	1240	804.18299452861
18	305279	1260	759.28534462786
18	310605	1280	624.3549114044
18	316027	1300	668.3810761615
18	321344	1320	707.37957665926
18	326517	1340	904.93715038766
18	331757	1360	721.34608855046
18	337220	1380	857.82722797564
18	342550	1400	811.53269626315
18	347832	1420	757.14972213076
18	353177	1440	851.87044438627
18	358598	1460	1005.7415665492
18	363941	1480	854.79103287048
18	369274	1500	802.32582906088
18	374538	1520	893.89944004434
18	379745	1540	852.06010528463
18	385013	1560	754.334334177
18	390431	1580	787.19251361613
18	395662	1600	797.89490885576
18	400961	1620	805.92946821522
18	406196	1640	888.79765455117
18	411511	1660	843.20028176933
18	416797	1680	878.13820375453
18	422069	1700	837.24037739095
18	427384	1720	880.06072301433
18	432684	1740	773.68933869898
18	437970	1760	833.01467408304
18	443346	1780	697.66618785322
18	448644	1800	793.67124758406
18	453453	1820	791.18445668305
18	457751	1840	561.91292233632
18	461546	1860	604.01286884177
18	464901	1880	848.6532123542
18	467872	1900	700.65807053637
18	470424	1920	521.77651258036
18	472451	1940	509.04769968407
18	474041	1960	475.93788108527
18	475120	1980	275.62605806279
18	475747	2000	188.6506084623
19	34301	240	46.993254079399
19	39583	260	46.631131479029
19	44940	280	46.468211089732
19	50334	300	46.685354726773
19	55634	320	46.217802986692
19	60949	340	46.305526984874
19	66298	360	46.99071174505
19	71563	380	47.355875267179
19	76856	400	47.788174141218
19	82118	420	47.130820081158
19	87396	440	47.071304173514
19	92695	460	47.218098654523
19	98068	480	46.555005100288
19	103465	500	47.238553441141
19	108881	520	46.374095037224
19	114151	540	47.034465780985
19	119399	560	46.35910845202
19	124716	580	46.399602704164
19	129963	600	46.422777990968
19	135272	620	46.125957926891
19	140615	640	46.379969979125
19	145878	660	46.422656116475
19	151181	680	46.892846049027
19	156510	700	46.513845193448
19	161795	720	46.269548129386
19	167045	740	47.039958041238
19	172323	760	46.980444240936
19	177712	780	47.17381308457
19	183002	800	46.505907323919
19	188301	820	47.106810791113
19	193707	840	46.805889870856
19	199155	860	47.388457546566
19	204484	880	47.410684386215
19	209733	900	47.158389033282
19	214952	920	47.187736859615
19	220338	940	47.642355666336
19	225726	960	48.011643359074
19	231005	980	47.737285211167
19	236334	1000	46.500323036749
19	241541	1020	46.415653130941
19	246828	1040	46.632699229304
19	252094	1060	46.173571523521
19	257303	1080	46.798631204463
19	262624	1100	46.862269508897
19	267984	1120	46.888662516494
19	273307	1140	46.58185790938
19	278624	1160	46.333320293116
19	283871	1180	46.425002692972
19	289148	1200	47.12677991128
19	294592	1220	47.382959114823
19	300040	1240	47.304882031095
19	305279	1260	47.455334039241
19	310605	1280	48.027300877261
19	316027	1300	47.741505440107
19	321344	1320	47.158638443951
19	326517	1340	47.628271073035
19	331757	1360	48.089739236698
19	337220	1380	47.657068220869
19	342550	1400	47.737217427244
19	347832	1420	47.321857633173
19	353177	1440	47.326135799237
19	358598	1460	47.892455549963
19	363941	1480	47.488390715027
19	369274	1500	47.195637003581
19	374538	1520	47.047338949702
19	379745	1540	47.336672515813
19	385013	1560	47.145895886063
19	390431	1580	46.30544197742
19	395662	1600	46.934994638574
19	400961	1620	47.407615777366
19	406196	1640	46.778823923746
19	411511	1660	46.844460098296
19	416797	1680	46.217800197607
19	422069	1700	46.513354299497
19	427384	1720	46.318985421807
19	432684	1740	45.511137570528
19	437970	1760	46.278593004613
19	443346	1780	46.511079190215
19	448644	1800	46.686543975533
19	453453	1820	46.540262157826
19	457751	1840	46.82607686136
19	461546	1860	46.462528372444
19	464901	1880	47.147400686344
19	467872	1900	46.710538035758
19	470424	1920	47.434228416396
19	472451	1940	46.277063607642
19	474041	1960	47.593788108527
19	475120	1980	45.937676343799
19	475747	2000	47.162652115575
20	34301	240	1.9252642238364
20	39583	260	1.8351386629745
20	44940	280	2.1821028409416
20	50334	300	2.2699910206141
20	55634	320	2.3546372786648
20	60949	340	2.253439528576
20	66298	360	2.7266048398522
20	71563	380	1.6947021521315
20	76856	400	2.9129397695849
20	82118	420	2.5783745795287
20	87396	440	1.446261962502
20	92695	460	1.9752841722988
20	98068	480	2.2474646212817
20	103465	500	1.4057647210509
20	108881	520	2.4987872363081
20	114151	540	2.4079924570375
20	119399	560	1.3675576832567
20	124716	580	1.1741784514506
20	129963	600	2.0345264206348
20	135272	620	1.9499062199471
20	140615	640	1.9883478904144
20	145878	660	2.1092897960413
20	151181	680	1.338780828205
20	156510	700	1.9416124125737
20	161795	720	1.7822020187474
20	167045	740	1.758175406133
20	172323	760	2.0980461105199
20	177712	780	1.9541668715171
20	183002	800	2.3870747443387
20	188301	820	2.0860718083199
20	193707	840	3.1390235621227
20	199155	860	2.9056348259695
20	204484	880	2.6821075691218
20	209733	900	2.5252111872385
20	214952	920	2.4829449046884
20	220338	940	2.3318087810619
20	225726	960	2.5649391773069
20	231005	980	2.7350439406327
20	236334	1000	2.6721161665397
20	241541	1020	1.2043610328715
20	246828	1040	1.6336929129711
20	252094	1060	1.6886175804919
20	257303	1080	1.1686336148608
20	262624	1100	1.7328558820187
20	267984	1120	1.5019383046614
20	273307	1140	1.1471215940351
20	278624	1160	1.1922906665701
20	283871	1180	1.8248505033013
20	289148	1200	4.120063380621
20	294592	1220	3.877459770699
20	300040	1240	4.3576769845525
20	305279	1260	4.5705736038222
20	310605	1280	3.2540858114361
20	316027	1300	4.2003382638099
20	321344	1320	3.2263958887922
20	326517	1340	2.8363908860354
20	331757	1360	3.126673743204
20	337220	1380	3.1982588035128
20	342550	1400	3.0953366908749
20	347832	1420	3.6127454239693
20	353177	1440	2.67884400273
20	358598	1460	3.0202704674869
20	363941	1480	3.3060862895985
20	369274	1500	2.8780648435348
20	374538	1520	3.4334155133457
20	379745	1540	2.5626169561816
20	385013	1560	2.4802851621694
20	390431	1580	1.809073337363
20	395662	1600	2.0639148234217
20	400961	1620	2.646295272426
20	406196	1640	2.2828918996034
20	411511	1660	2.2655080049241
20	416797	1680	1.8424941142134
20	422069	1700	2.2361497525086
20	427384	1720	2.2161877828053
20	432684	1740	1.7069001258887
20	437970	1760	1.9901772533713
20	443346	1780	1.9200016377334
20	448644	1800	1.597909562656
20	453453	1820	1.2629992631843
20	457751	1840	1.6685124021014
20	461546	1860	0.9298411273317
20	464901	1880	1.4279414191595
20	467872	1900	2.098304954599
20	470424	1920	1.4551104535773
20	472451	1940	2.0065407608208
20	474041	1960	1.6318243137171
20	475120	1980	2.5705676521214
20	475747	2000	1.0041118352554
21	34301	240	3.7066423315845
21	39583	260	3.3677339123437
21	44940	280	4.7615728084456
21	50334	300	5.1528592336689
21	55634	320	5.544316714078
21	60949	340	5.0779897089487
21	66298	360	7.4343739527053
21	71563	380	2.8720153844391
21	76856	400	8.4852181012293
21	82118	420	6.6480154723599
21	87396	440	2.0916736641802
21	92695	460	3.9017475613343
21	98068	480	5.0510972239129
21	103465	500	1.9761744509513
21	108881	520	6.2439376523362
21	114151	540	5.7984276731493
21	119399	560	1.8702140170343
21	124716	580	1.378695035851
21	129963	600	4.1392977562612
21	135272	620	3.8021342665885
21	140615	640	3.9535273333155
21	145878	660	4.4491034436839
21	151181	680	1.7923341059694
21	156510	700	3.7698587606601
21	161795	720	3.1762440356271
21	167045	740	3.091180758731
21	172323	760	4.4017974818677
21	177712	780	3.8187681617347
21	183002	800	5.6981258350595
21	188301	820	4.3516955894669
21	193707	840	9.8534689235615
21	199155	860	8.4427137418866
21	204484	880	7.1937010123404
21	209733	900	6.3766915401545
21	214952	920	6.1650153997179
21	220338	940	5.4373321914374
21	225726	960	6.5789129832839
21	231005	980	7.4804653571915
21	236334	1000	7.1402048074831
21	241541	1020	1.4504854974994
21	246828	1040	2.668952533892
21	252094	1060	2.8514293331462
21	257303	1080	1.3657045257827
21	262624	1100	3.0027895078468
21	267984	1120	2.2558186710092
21	273307	1140	1.3158879515017
21	278624	1160	1.4215570335901
21	283871	1180	3.3300793593991
21	289148	1200	16.974922260334
21	294592	1220	15.034694273389
21	300040	1240	18.989348701699
21	305279	1260	20.890143067956
21	310605	1280	10.589074468189
21	316027	1300	17.642841530426
21	321344	1320	10.409630431215
21	326517	1340	8.0451132583846
21	331757	1360	9.7760886964412
21	337220	1380	10.228859374247
21	342550	1400	9.5811092298766
21	347832	1420	13.051929498411
21	353177	1440	7.1762051909625
21	358598	1460	9.1220336967734
21	363941	1480	10.930206554271
21	369274	1500	8.2832572435911
21	374538	1520	11.788342087283
21	379745	1540	6.5670056641092
21	385013	1560	6.1518144856779
21	390431	1580	3.2727463399576
21	395662	1600	4.2597443983398
21	400961	1620	7.002878668864
21	406196	1640	5.2115954252748
21	411511	1660	5.1325265203752
21	416797	1680	3.3947845609109
21	422069	1700	5.0003657156442
21	427384	1720	4.9114882886553
21	432684	1740	2.9135080397588
21	437970	1760	3.9608054998365
21	443346	1780	3.686406288899
21	448644	1800	2.5533149704276
21	453453	1820	1.595167138804
21	457751	1840	2.7839336359662
21	461546	1860	0.86460452207748
21	464901	1880	2.0390166965511
21	467872	1900	4.4028836824948
21	470424	1920	2.1173464321098
21	472451	1940	4.0262058248355
21	474041	1960	2.6628505908381
21	475120	1980	6.6078180541329
21	475747	2000	1.0082405777
22	34301	240	1794.1050992556
22	39583	260	1615.1499433521
22	44940	280	1434.9277249536
22	50334	300	1567.6430274335
22	55634	320	1568.7291693612
22	60949	340	1389.3705407512
22	66298	360	1529.7464079678
22	71563	380	1524.5635895776
22	76856	400	1478.9453713726
22	82118	420	1655.6345232687
22	87396	440	1656.6660424668
22	92695	460	1750.9459347018
22	98068	480	1661.4306411672
22	103465	500	1651.4112285765
22	108881	520	1572.9187131945
22	114151	540	1569.538543956
22	119399	560	1700.4983323529
22	124716	580	1747.4699790659
22	129963	600	1431.0623750827
22	135272	620	1477.9169293209
22	140615	640	1569.4754594162
22	145878	660	1478.7585447027
22	151181	680	1565.4709589859
22	156510	700	1621.2635871306
22	161795	720	1652.8072167232
22	167045	740	1659.7181868595
22	172323	760	1478.5392225726
22	177712	780	1574.0350232072
22	183002	800	1703.8909007987
22	188301	820	1658.2280257976
22	193707	840	1662.7208047229
22	199155	860	1435.1225651796
22	204484	880	1617.6520905129
22	209733	900	1432.2900693614
22	214952	920	1745.7527567795
22	220338	940	1526.1741904233
22	225726	960	1617.4258262777
22	231005	980	1746.3611113784
22	236334	1000	1524.7667858768
22	241541	1020	1522.3620302719
22	246828	1040	1525.152006407
22	252094	1060	1426.0690043875
22	257303	1080	1521.8201484874
22	262624	1100	1616.8887194522
22	267984	1120	1749.1498321996
22	273307	1140	1703.2410255892
22	278624	1160	1393.5216619391
22	283871	1180	1521.244608248
22	289148	1200	1573.1192768827
22	294592	1220	1479.1800345716
22	300040	1240	1742.6810142479
22	305279	1260	1566.8108748062
22	310605	1280	1435.6294439213
22	316027	1300	1437.3416276662
22	321344	1320	1569.9745587575
22	326517	1340	1619.5060961911
22	331757	1360	1484.5551663581
22	337220	1380	1614.1585994251
22	342550	1400	1750.4475290359
22	347832	1420	1388.285843765
22	353177	1440	1525.1410957021
22	358598	1460	1621.0114757742
22	363941	1480	1523.6897154552
22	369274	1500	1338.8801119718
22	374538	1520	1661.0245064278
22	379745	1540	1703.5057839248
22	385013	1560	1568.1036255492
22	390431	1580	1574.443360795
22	395662	1600	1477.1044012032
22	400961	1620	1573.7034637331
22	406196	1640	1617.1523082219
22	411511	1660	1481.9059045348
22	416797	1680	1611.0453553321
22	422069	1700	1655.722767942
22	427384	1720	1662.0057016275
22	432684	1740	1612.9388813126
22	437970	1760	1568.2032058487
22	443346	1780	1610.1389529122
22	448644	1800	1614.490532814
22	453453	1820	1567.8826658807
22	457751	1840	1256.686352069
22	461546	1860	1117.0594945725
22	464901	1880	1079.9136476324
22	467872	1900	1035.9316228708
22	470424	1920	763.38730594145
22	472451	1940	673.72645295451
22	474041	1960	635.79348809943
22	475120	1980	409.11864303963
22	475747	2000	277.37806478198
23	34301	240	44.852627481389
23	39583	260	44.865276204225
23	44940	280	44.841491404799
23	50334	300	44.789800783813
23	55634	320	44.820833410321
23	60949	340	44.818404540362
23	66298	360	44.992541410817
23	71563	380	44.840105575812
23	76856	400	44.816526405229
23	82118	420	44.746879007262
23	87396	440	44.774757904508
23	92695	460	44.896049607738
23	98068	480	44.903530842358
23	103465	500	44.632735907473
23	108881	520	44.940534662699
23	114151	540	44.843958398743
23	119399	560	44.749956114551
23	124716	580	44.80692254015
23	129963	600	44.720699221334
23	135272	620	44.785361494574
23	140615	640	44.842155983321
23	145878	660	44.81086499099
23	151181	680	44.72774168531
23	156510	700	45.035099642516
23	161795	720	44.670465316843
23	167045	740	44.857248293501
23	172323	760	44.804218865836
23	177712	780	44.972429234491
23	183002	800	44.839234231545
23	188301	820	44.816973670206
23	193707	840	44.938400127645
23	199155	860	44.847580161862
23	204484	880	44.934780292026
23	209733	900	44.759064667544
23	214952	920	44.762891199474
23	220338	940	44.887476188922
23	225726	960	44.928495174381
23	231005	980	44.778490035345
23	236334	1000	44.846081937552
23	241541	1020	44.775353831526
23	246828	1040	44.857411953147
23	252094	1060	44.564656387109
23	257303	1080	44.759416131983
23	262624	1100	44.91357554034
23	267984	1120	44.849995697426
23	273307	1140	44.822132252347
23	278624	1160	44.952311675454
23	283871	1180	44.742488477884
23	289148	1200	44.94626505379
23	294592	1220	44.823637411262
23	300040	1240	44.68412857046
23	305279	1260	44.766024994461
23	310605	1280	44.863420122542
23	316027	1300	44.91692586457
23	321344	1320	44.856415964499
23	326517	1340	44.986280449754
23	331757	1360	44.986520192668
23	337220	1380	44.837738872921
23	342550	1400	44.88326997528
23	347832	1420	44.783414314999
23	353177	1440	44.857091050063
23	358598	1460	45.028096549284
23	363941	1480	44.814403395741
23	369274	1500	44.629337065726
23	374538	1520	44.892554227778
23	379745	1540	44.829099576968
23	385013	1560	44.802960729978
23	390431	1580	44.984096022713
23	395662	1600	44.760739430401
23	400961	1620	44.962956106661
23	406196	1640	44.920897450608
23	411511	1660	44.906239531357
23	416797	1680	44.751259870336
23	422069	1700	44.749263998433
23	427384	1720	44.91907301696
23	432684	1740	44.80385781424
23	437970	1760	44.805805881392
23	443346	1780	44.72608202534
23	448644	1800	44.846959244833
23	453453	1820	44.796647596591
23	457751	1840	44.881655431036
23	461546	1860	44.6823797829
23	464901	1880	44.996401984684
23	467872	1900	45.04050534221
23	470424	1920	44.905135643615
23	472451	1940	44.915096863634
23	474041	1960	45.413820578531
23	475120	1980	45.457627004403
23	475747	2000	46.229677463664
24	34301	240	0.8199049752086
24	39583	260	0.71834144726642
24	44940	280	0.84525690473447
24	50334	300	0.74816547628097
24	55634	320	0.80586386427928
24	60949	340	0.69730314055942
24	66298	360	1.0778467217593
24	71563	380	0.80775454463123
24	76856	400	0.95582555939175
24	82118	420	0.62190599196412
24	87396	440	0.69350145136305
24	92695	460	1.0834227448697
24	98068	480	1.0968514809494
24	103465	500	0.52836693010686
24	108881	520	1.075827083265
24	114151	540	0.75047743546025
24	119399	560	0.70033069278757
24	124716	580	0.76320412770327
24	129963	600	0.81307216412839
24	135272	620	0.75719082875495
24	140615	640	0.71843563061183
24	145878	660	0.84605171184665
24	151181	680	0.58943663930573
24	156510	700	1.1293363609941
24	161795	720	0.49576787682658
24	167045	740	0.80098459966309
24	172323	760	0.5504572206167
24	177712	780	0.84099405396047
24	183002	800	0.62550228521414
24	188301	820	0.53732919047684
24	193707	840	0.7387942660781
24	199155	860	0.66124929751071
24	204484	880	0.91246391526173
24	209733	900	0.54465194008501
24	214952	920	0.76501383534604
24	220338	940	1.0781587916283
24	225726	960	0.89408722247928
24	231005	980	0.95050110878636
24	236334	1000	0.7506563097738
24	241541	1020	0.59817321854525
24	246828	1040	0.8913207865695
24	252094	1060	0.74339066455229
24	257303	1080	0.84254096170461
24	262624	1100	0.90708199040454
24	267984	1120	0.83177722490707
24	273307	1140	0.82115067006136
24	278624	1160	0.88249248405931
24	283871	1180	0.61413472130433
24	289148	1200	0.87390719643398
24	294592	1220	0.68148546806782
24	300040	1240	0.65828046301682
24	305279	1260	0.64718140041961
24	310605	1280	0.71657045345777
24	316027	1300	0.81383799296706
24	321344	1320	0.77347728954482
24	326517	1340	0.83382703929435
24	331757	1360	0.94241951638617
24	337220	1380	0.68615750475533
24	342550	1400	0.59933482087158
24	347832	1420	0.63604818770384
24	353177	1440	0.81209960630915
24	358598	1460	1.065220575356
24	363941	1480	0.60127381397352
24	369274	1500	0.80486307719309
24	374538	1520	0.76106093329435
24	379745	1540	0.76247595908798
24	385013	1560	0.79540954596355
24	390431	1580	1.0356358823753
24	395662	1600	0.61655330118142
24	400961	1620	1.1023844217089
24	406196	1640	0.92318847001973
24	411511	1660	1.0304984539961
24	416797	1680	0.61777623745383
24	422069	1700	0.78876802024447
24	427384	1720	0.98765851782756
24	432684	1740	0.73321146499981
24	437970	1760	0.90875095561495
24	443346	1780	0.89140551386622
24	448644	1800	0.85000218653883
24	453453	1820	0.91363204369304
24	457751	1840	0.98006261619292
24	461546	1860	0.4826416919075
24	464901	1880	1.1761871338395
24	467872	1900	1.2811819403782
24	470424	1920	0.75846549607626
24	472451	1940	0.5570618041796
24	474041	1960	0.79969916595685
24	475120	1980	0.49559401144425
24	475747	2000	0.78617087292098
25	34301	240	0.67224416837181
25	39583	260	0.51601443486082
25	44940	280	0.7144592350013
25	50334	300	0.55975157989873
25	55634	320	0.64941656775113
25	60949	340	0.48623166983403
25	66298	360	1.1617535556074
25	71563	380	0.65246740437241
25	76856	400	0.91360249998656
25	82118	420	0.38676706284088
25	87396	440	0.48094426304266
25	92695	460	1.1738048441011
25	98068	480	1.2030831712609
25	103465	500	0.27917161283055
25	108881	520	1.1574039130864
25	114151	540	0.56321638113499
25	119399	560	0.49046307926031
25	124716	580	0.58248054054331
25	129963	600	0.66108634408042
25	135272	620	0.5733379511506
25	140615	640	0.51614975533262
25	145878	660	0.71580349911865
25	151181	680	0.34743555175604
25	156510	700	1.2754006162633
25	161795	720	0.24578578769314
25	167045	740	0.64157632889744
25	172323	760	0.30300315172906
25	177712	780	0.70727099879687
25	183002	800	0.39125310880811
25	188301	820	0.28872265893849
25	193707	840	0.54581696758987
25	199155	860	0.4372506334584
25	204484	880	0.83259039665477
25	209733	900	0.29664573583837
25	214952	920	0.58524616827085
25	220338	940	1.1624263799655
25	225726	960	0.79939196140071
25	231005	980	0.90345235780409
25	236334	1000	0.56348489540322
25	241541	1020	0.35781119938478
25	246828	1040	0.79445274457088
25	252094	1060	0.55262968014349
25	257303	1080	0.70987527215012
25	262624	1100	0.82279773731627
25	267984	1120	0.69185335187411
25	273307	1140	0.67428842294222
25	278624	1160	0.77879298442117
25	283871	1180	0.37716145591155
25	289148	1200	0.7637137879791
25	294592	1220	0.46442244318762
25	300040	1240	0.43333316798964
25	305279	1260	0.41884376504909
25	310605	1280	0.51347321476868
25	316027	1300	0.66233227879664
25	321344	1320	0.59826711744161
25	326517	1340	0.69526753145838
25	331757	1360	0.88815454486555
25	337220	1380	0.47081212133206
25	342550	1400	0.35920222750917
25	347832	1420	0.40455729708135
25	353177	1440	0.65950577056747
25	358598	1460	1.1346948741618
25	363941	1480	0.36153019937026
25	369274	1500	0.64780457302873
25	374538	1520	0.57921374418687
25	379745	1540	0.58136958818714
25	385013	1560	0.63267634580995
25	390431	1580	1.0725416808632
25	395662	1600	0.38013797319771
25	400961	1620	1.2152514132265
25	406196	1640	0.85227695117738
25	411511	1660	1.0619270636884
25	416797	1680	0.38164747956261
25	422069	1700	0.62215498976037
25	427384	1720	0.97546934783734
25	432684	1740	0.53759905240716
25	437970	1760	0.82582829933108
25	443346	1780	0.7946037901511
25	448644	1800	0.72250371712079
25	453453	1820	0.83472351126273
25	457751	1840	0.9605227316589
25	461546	1860	0.23294300276733
25	464901	1880	1.3834161738096
25	467872	1900	1.6414271643513
25	470424	1920	0.5752699087382
25	472451	1940	0.31031785367583
25	474041	1960	0.63951875603208
25	475120	1980	0.24561342417941
25	475747	2000	0.61806464142934
