version 2
run statisticRVV-9-20150327-01:33:41-13924
attr c 14
attr configname statisticRVV
attr datetime 20150327-01:33:41
attr experiment statisticRVV
attr inifile omnetpp.ini
attr iterationvars "$sc=\"erlangen-low.launchd.xml\", $p=1/15, $c=14"
attr iterationvars2 "$sc=\"erlangen-low.launchd.xml\", $p=1/15, $c=14, $repetition=9"
attr measurement "$sc=\"erlangen-low.launchd.xml\", $p=1/15, $c=14"
attr network RSUExampleScenario
attr p 1/15
attr processid 13924
attr repetition 9
attr replication #9
attr resultdir results
attr runnumber 9
attr sc "\"erlangen-low.launchd.xml\""
attr seedset 9

vector 0  RSUExampleScenario.rsu[0].appl  Number_CH  ETV
vector 1  RSUExampleScenario.rsu[0].appl  Number_ON  ETV
vector 2  RSUExampleScenario.rsu[0].appl  Number_FN  ETV
vector 3  RSUExampleScenario.rsu[0].appl  Number_CH_Losts  ETV
vector 4  RSUExampleScenario.rsu[0].appl  Number_CH_Losts  ETV
vector 5  RSUExampleScenario.rsu[0].appl  Mean_Cluster_Size  ETV
vector 6  RSUExampleScenario.rsu[0].appl  StdDev_Cluster_Size  ETV
vector 7  RSUExampleScenario.rsu[0].appl  Variance_Cluster_Size  ETV
vector 8  RSUExampleScenario.rsu[0].appl  Mean_Neighbors  ETV
vector 9  RSUExampleScenario.rsu[0].appl  StdDev_Neighbors  ETV
vector 10  RSUExampleScenario.rsu[0].appl  Variance_Neighbors  ETV
vector 11  RSUExampleScenario.rsu[0].appl  Total_CH_Utility  ETV
vector 12  RSUExampleScenario.rsu[0].appl  Mean_CH_Utility  ETV
vector 13  RSUExampleScenario.rsu[0].appl  StdDev_CH_Utility  ETV
vector 14  RSUExampleScenario.rsu[0].appl  Variance_CH_Utility  ETV
vector 15  RSUExampleScenario.rsu[0].appl  Total_exp_CH_Utility  ETV
vector 16  RSUExampleScenario.rsu[0].appl  Mean_exp_CH_Utility  ETV
vector 17  RSUExampleScenario.rsu[0].appl  StdDev_exp_CH_Utility  ETV
vector 18  RSUExampleScenario.rsu[0].appl  Variance_exp_CH_Utility  ETV
vector 19  RSUExampleScenario.rsu[0].appl  Total_ON_Utility  ETV
vector 20  RSUExampleScenario.rsu[0].appl  Mean_ON_Utility  ETV
vector 21  RSUExampleScenario.rsu[0].appl  StdDev_ON_Utility  ETV
vector 22  RSUExampleScenario.rsu[0].appl  Variance_ON_Utility  ETV
vector 23  RSUExampleScenario.rsu[0].appl  Total_exp_ON_Utility  ETV
vector 24  RSUExampleScenario.rsu[0].appl  Mean_exp_ON_Utility  ETV
vector 25  RSUExampleScenario.rsu[0].appl  StdDev_exp_ON_Utility  ETV
vector 26  RSUExampleScenario.rsu[0].appl  Variance_exp_ON_Utility  ETV
0	34608	240	5
0	39768	260	2
0	45002	280	6
0	50183	300	2
0	55589	320	2
0	60922	340	2
0	66187	360	2
0	71542	380	4
0	76809	400	2
0	82132	420	1
0	87526	440	2
0	92836	460	0
0	98148	480	2
0	103428	500	0
0	108742	520	3
0	114035	540	2
0	119376	560	2
0	124801	580	2
0	130099	600	4
0	135332	620	5
0	140609	640	2
0	145798	660	2
0	151029	680	4
0	156309	700	3
0	161607	720	3
0	166858	740	2
0	172125	760	2
0	177431	780	3
0	182855	800	1
0	188167	820	3
0	193533	840	3
0	198864	860	0
0	204160	880	6
0	209498	900	1
0	214873	920	3
0	220218	940	3
0	225659	960	6
0	230856	980	4
0	236223	1000	2
0	241502	1020	1
0	246703	1040	1
0	252053	1060	1
0	257325	1080	2
0	262662	1100	3
0	267912	1120	4
0	273250	1140	1
0	278539	1160	2
0	283827	1180	5
0	289148	1200	1
0	294487	1220	3
0	299767	1240	5
0	305088	1260	2
0	310342	1280	5
0	315675	1300	0
0	321010	1320	1
0	326255	1340	1
0	331617	1360	1
0	336994	1380	3
0	342270	1400	5
0	347589	1420	3
0	352989	1440	3
0	358174	1460	5
0	363503	1480	4
0	368773	1500	3
0	374037	1520	1
0	379377	1540	6
0	384650	1560	3
0	389882	1580	2
0	395194	1600	6
0	400379	1620	3
0	405617	1640	3
0	411037	1660	2
0	416410	1680	3
0	421716	1700	3
0	427002	1720	3
0	432337	1740	1
0	437603	1760	2
0	442808	1780	0
0	448054	1800	6
0	452997	1820	0
0	457374	1840	5
0	461191	1860	1
0	464545	1880	2
0	467529	1900	1
0	470032	1920	1
0	472092	1940	1
0	473705	1960	1
0	474733	1980	0
0	475366	2000	0
1	34608	240	18
1	39768	260	10
1	45002	280	16
1	50183	300	7
1	55589	320	5
1	60922	340	10
1	66187	360	9
1	71542	380	14
1	76809	400	4
1	82132	420	10
1	87526	440	13
1	92836	460	0
1	98148	480	10
1	103428	500	0
1	108742	520	15
1	114035	540	6
1	119376	560	13
1	124801	580	8
1	130099	600	13
1	135332	620	11
1	140609	640	6
1	145798	660	3
1	151029	680	14
1	156309	700	12
1	161607	720	10
1	166858	740	8
1	172125	760	9
1	177431	780	13
1	182855	800	7
1	188167	820	8
1	193533	840	9
1	198864	860	0
1	204160	880	19
1	209498	900	3
1	214873	920	4
1	220218	940	3
1	225659	960	24
1	230856	980	12
1	236223	1000	9
1	241502	1020	1
1	246703	1040	5
1	252053	1060	4
1	257325	1080	12
1	262662	1100	12
1	267912	1120	10
1	273250	1140	6
1	278539	1160	8
1	283827	1180	13
1	289148	1200	2
1	294487	1220	15
1	299767	1240	15
1	305088	1260	2
1	310342	1280	19
1	315675	1300	0
1	321010	1320	6
1	326255	1340	5
1	331617	1360	7
1	336994	1380	16
1	342270	1400	20
1	347589	1420	9
1	352989	1440	5
1	358174	1460	14
1	363503	1480	10
1	368773	1500	4
1	374037	1520	2
1	379377	1540	19
1	384650	1560	11
1	389882	1580	10
1	395194	1600	13
1	400379	1620	8
1	405617	1640	8
1	411037	1660	11
1	416410	1680	5
1	421716	1700	12
1	427002	1720	7
1	432337	1740	4
1	437603	1760	4
1	442808	1780	0
1	448054	1800	23
1	452997	1820	0
1	457374	1840	17
1	461191	1860	3
1	464545	1880	8
1	467529	1900	3
1	470032	1920	2
1	472092	1940	2
1	473705	1960	3
1	474733	1980	0
1	475366	2000	0
2	34608	240	17
2	39768	260	28
2	45002	280	18
2	50183	300	30
2	55589	320	33
2	60922	340	27
2	66187	360	30
2	71542	380	22
2	76809	400	34
2	82132	420	29
2	87526	440	26
2	92836	460	40
2	98148	480	29
2	103428	500	39
2	108742	520	22
2	114035	540	32
2	119376	560	25
2	124801	580	31
2	130099	600	23
2	135332	620	23
2	140609	640	33
2	145798	660	35
2	151029	680	23
2	156309	700	25
2	161607	720	27
2	166858	740	30
2	172125	760	29
2	177431	780	24
2	182855	800	32
2	188167	820	29
2	193533	840	29
2	198864	860	40
2	204160	880	15
2	209498	900	36
2	214873	920	34
2	220218	940	35
2	225659	960	11
2	230856	980	23
2	236223	1000	29
2	241502	1020	37
2	246703	1040	33
2	252053	1060	36
2	257325	1080	27
2	262662	1100	27
2	267912	1120	26
2	273250	1140	34
2	278539	1160	31
2	283827	1180	23
2	289148	1200	37
2	294487	1220	22
2	299767	1240	20
2	305088	1260	36
2	310342	1280	15
2	315675	1300	40
2	321010	1320	34
2	326255	1340	34
2	331617	1360	32
2	336994	1380	21
2	342270	1400	16
2	347589	1420	27
2	352989	1440	32
2	358174	1460	20
2	363503	1480	26
2	368773	1500	33
2	374037	1520	37
2	379377	1540	17
2	384650	1560	26
2	389882	1580	27
2	395194	1600	20
2	400379	1620	28
2	405617	1640	29
2	411037	1660	27
2	416410	1680	33
2	421716	1700	25
2	427002	1720	30
2	432337	1740	35
2	437603	1760	34
2	442808	1780	41
2	448054	1800	10
2	452997	1820	37
2	457374	1840	12
2	461191	1860	26
2	464545	1880	17
2	467529	1900	20
2	470032	1920	18
2	472092	1940	15
2	473705	1960	11
2	474733	1980	10
2	475366	2000	8
3	34608	240	0
3	39768	260	0
3	45002	280	0
3	50183	300	0
3	55589	320	0
3	60922	340	0
3	66187	360	0
3	71542	380	0
3	76809	400	0
3	82132	420	0
3	87526	440	0
3	92836	460	1
3	98148	480	0
3	103428	500	0
3	108742	520	0
3	114035	540	0
3	119376	560	0
3	124801	580	0
3	130099	600	0
3	135332	620	0
3	140609	640	0
3	145798	660	0
3	151029	680	1
3	156309	700	0
3	161607	720	0
3	166858	740	0
3	172125	760	0
3	177431	780	0
3	182855	800	0
3	188167	820	0
3	193533	840	0
3	198864	860	0
3	204160	880	0
3	209498	900	0
3	214873	920	1
3	220218	940	1
3	225659	960	0
3	230856	980	1
3	236223	1000	1
3	241502	1020	0
3	246703	1040	0
3	252053	1060	0
3	257325	1080	0
3	262662	1100	0
3	267912	1120	1
3	273250	1140	0
3	278539	1160	0
3	283827	1180	0
3	289148	1200	0
3	294487	1220	0
3	299767	1240	0
3	305088	1260	1
3	310342	1280	0
3	315675	1300	0
3	321010	1320	0
3	326255	1340	0
3	331617	1360	0
3	336994	1380	0
3	342270	1400	1
3	347589	1420	1
3	352989	1440	1
3	358174	1460	1
3	363503	1480	1
3	368773	1500	0
3	374037	1520	0
3	379377	1540	0
3	384650	1560	0
3	389882	1580	0
3	395194	1600	1
3	400379	1620	0
3	405617	1640	0
3	411037	1660	1
3	416410	1680	1
3	421716	1700	0
3	427002	1720	0
3	432337	1740	0
3	437603	1760	0
3	442808	1780	0
3	448054	1800	0
3	452997	1820	0
3	457374	1840	1
3	461191	1860	0
3	464545	1880	0
3	467529	1900	0
3	470032	1920	0
3	472092	1940	0
3	473705	1960	0
3	474733	1980	0
3	475366	2000	0
4	34608	240	17
4	39768	260	28
4	45002	280	17
4	50183	300	30
4	55589	320	33
4	60922	340	26
4	66187	360	29
4	71542	380	22
4	76809	400	34
4	82132	420	29
4	87526	440	25
4	92836	460	39
4	98148	480	29
4	103428	500	39
4	108742	520	22
4	114035	540	32
4	119376	560	25
4	124801	580	29
4	130099	600	23
4	135332	620	23
4	140609	640	33
4	145798	660	35
4	151029	680	22
4	156309	700	25
4	161607	720	27
4	166858	740	30
4	172125	760	29
4	177431	780	24
4	182855	800	32
4	188167	820	29
4	193533	840	29
4	198864	860	40
4	204160	880	15
4	209498	900	36
4	214873	920	33
4	220218	940	34
4	225659	960	11
4	230856	980	22
4	236223	1000	27
4	241502	1020	37
4	246703	1040	33
4	252053	1060	36
4	257325	1080	27
4	262662	1100	26
4	267912	1120	25
4	273250	1140	33
4	278539	1160	31
4	283827	1180	23
4	289148	1200	37
4	294487	1220	22
4	299767	1240	20
4	305088	1260	35
4	310342	1280	15
4	315675	1300	40
4	321010	1320	34
4	326255	1340	34
4	331617	1360	32
4	336994	1380	20
4	342270	1400	15
4	347589	1420	25
4	352989	1440	31
4	358174	1460	19
4	363503	1480	25
4	368773	1500	33
4	374037	1520	36
4	379377	1540	16
4	384650	1560	26
4	389882	1580	27
4	395194	1600	19
4	400379	1620	28
4	405617	1640	29
4	411037	1660	26
4	416410	1680	32
4	421716	1700	25
4	427002	1720	30
4	432337	1740	35
4	437603	1760	34
4	442808	1780	40
4	448054	1800	10
4	452997	1820	37
4	457374	1840	11
4	461191	1860	26
4	464545	1880	17
4	467529	1900	20
4	470032	1920	18
4	472092	1940	15
4	473705	1960	11
4	474733	1980	10
4	475366	2000	8
5	34608	240	3.6
5	39768	260	5
5	45002	280	2.6666666666667
5	50183	300	3.5
5	55589	320	2.5
5	60922	340	5
5	66187	360	4.5
5	71542	380	3.5
5	76809	400	2
5	82132	420	10
5	87526	440	6.5
5	92836	460	nan
5	98148	480	5
5	103428	500	nan
5	108742	520	5
5	114035	540	3
5	119376	560	6.5
5	124801	580	4
5	130099	600	3.25
5	135332	620	2.2
5	140609	640	3
5	145798	660	1.5
5	151029	680	3.5
5	156309	700	4
5	161607	720	3.3333333333333
5	166858	740	4
5	172125	760	4.5
5	177431	780	4.3333333333333
5	182855	800	7
5	188167	820	2.6666666666667
5	193533	840	3
5	198864	860	nan
5	204160	880	3.1666666666667
5	209498	900	3
5	214873	920	1.3333333333333
5	220218	940	1
5	225659	960	4
5	230856	980	3
5	236223	1000	4.5
5	241502	1020	1
5	246703	1040	5
5	252053	1060	4
5	257325	1080	6
5	262662	1100	4
5	267912	1120	2.5
5	273250	1140	6
5	278539	1160	4
5	283827	1180	2.6
5	289148	1200	2
5	294487	1220	5
5	299767	1240	3
5	305088	1260	1
5	310342	1280	3.8
5	315675	1300	nan
5	321010	1320	6
5	326255	1340	5
5	331617	1360	7
5	336994	1380	5.3333333333333
5	342270	1400	4
5	347589	1420	3
5	352989	1440	1.6666666666667
5	358174	1460	2.8
5	363503	1480	2.5
5	368773	1500	1.3333333333333
5	374037	1520	2
5	379377	1540	3.1666666666667
5	384650	1560	3.6666666666667
5	389882	1580	5
5	395194	1600	2.1666666666667
5	400379	1620	2.6666666666667
5	405617	1640	2.6666666666667
5	411037	1660	5.5
5	416410	1680	1.6666666666667
5	421716	1700	4
5	427002	1720	2.3333333333333
5	432337	1740	4
5	437603	1760	2
5	442808	1780	nan
5	448054	1800	3.8333333333333
5	452997	1820	nan
5	457374	1840	3.4
5	461191	1860	3
5	464545	1880	4
5	467529	1900	3
5	470032	1920	2
5	472092	1940	2
5	473705	1960	3
5	474733	1980	nan
5	475366	2000	nan
6	34608	240	2.6076809620811
6	39768	260	2.8284271247462
6	45002	280	1.8618986725025
6	50183	300	2.1213203435596
6	55589	320	0.70710678118655
6	60922	340	4.2426406871193
6	66187	360	4.9497474683058
6	71542	380	3.1091263510296
6	76809	400	0
6	82132	420	nan
6	87526	440	3.5355339059327
6	92836	460	nan
6	98148	480	2.8284271247462
6	103428	500	nan
6	108742	520	3.4641016151378
6	114035	540	1.4142135623731
6	119376	560	2.1213203435596
6	124801	580	1.4142135623731
6	130099	600	0.95742710775634
6	135332	620	0.83666002653408
6	140609	640	1.4142135623731
6	145798	660	0.70710678118655
6	151029	680	2.5166114784236
6	156309	700	2.6457513110646
6	161607	720	2.5166114784236
6	166858	740	2.8284271247462
6	172125	760	3.5355339059327
6	177431	780	2.5166114784236
6	182855	800	nan
6	188167	820	1.1547005383793
6	193533	840	1.7320508075689
6	198864	860	nan
6	204160	880	1.8348478592697
6	209498	900	nan
6	214873	920	0.57735026918963
6	220218	940	0
6	225659	960	2.8284271247462
6	230856	980	0.81649658092773
6	236223	1000	0.70710678118655
6	241502	1020	nan
6	246703	1040	nan
6	252053	1060	nan
6	257325	1080	1.4142135623731
6	262662	1100	2
6	267912	1120	1.7320508075689
6	273250	1140	nan
6	278539	1160	2.8284271247462
6	283827	1180	0.54772255750517
6	289148	1200	nan
6	294487	1220	3
6	299767	1240	1.2247448713916
6	305088	1260	0
6	310342	1280	2.1679483388679
6	315675	1300	nan
6	321010	1320	nan
6	326255	1340	nan
6	331617	1360	nan
6	336994	1380	2.3094010767585
6	342270	1400	2.3452078799117
6	347589	1420	2
6	352989	1440	0.57735026918963
6	358174	1460	2.0493901531919
6	363503	1480	1.2909944487358
6	368773	1500	0.57735026918963
6	374037	1520	nan
6	379377	1540	2.4832774042919
6	384650	1560	3.0550504633039
6	389882	1580	4.2426406871193
6	395194	1600	1.16904519445
6	400379	1620	0.57735026918963
6	405617	1640	0.57735026918963
6	411037	1660	0.70710678118655
6	416410	1680	0.57735026918963
6	421716	1700	2.6457513110646
6	427002	1720	1.5275252316519
6	432337	1740	nan
6	437603	1760	0
6	442808	1780	nan
6	448054	1800	2.1369760566433
6	452997	1820	nan
6	457374	1840	2.1908902300207
6	461191	1860	nan
6	464545	1880	2.8284271247462
6	467529	1900	nan
6	470032	1920	nan
6	472092	1940	nan
6	473705	1960	nan
6	474733	1980	nan
6	475366	2000	nan
7	34608	240	6.8
7	39768	260	8
7	45002	280	3.4666666666667
7	50183	300	4.5
7	55589	320	0.5
7	60922	340	18
7	66187	360	24.5
7	71542	380	9.6666666666667
7	76809	400	0
7	82132	420	nan
7	87526	440	12.5
7	92836	460	nan
7	98148	480	8
7	103428	500	nan
7	108742	520	12
7	114035	540	2
7	119376	560	4.5
7	124801	580	2
7	130099	600	0.91666666666667
7	135332	620	0.7
7	140609	640	2
7	145798	660	0.5
7	151029	680	6.3333333333333
7	156309	700	7
7	161607	720	6.3333333333333
7	166858	740	8
7	172125	760	12.5
7	177431	780	6.3333333333333
7	182855	800	nan
7	188167	820	1.3333333333333
7	193533	840	3
7	198864	860	nan
7	204160	880	3.3666666666667
7	209498	900	nan
7	214873	920	0.33333333333333
7	220218	940	0
7	225659	960	8
7	230856	980	0.66666666666667
7	236223	1000	0.5
7	241502	1020	nan
7	246703	1040	nan
7	252053	1060	nan
7	257325	1080	2
7	262662	1100	4
7	267912	1120	3
7	273250	1140	nan
7	278539	1160	8
7	283827	1180	0.3
7	289148	1200	nan
7	294487	1220	9
7	299767	1240	1.5
7	305088	1260	0
7	310342	1280	4.7
7	315675	1300	nan
7	321010	1320	nan
7	326255	1340	nan
7	331617	1360	nan
7	336994	1380	5.3333333333333
7	342270	1400	5.5
7	347589	1420	4
7	352989	1440	0.33333333333333
7	358174	1460	4.2
7	363503	1480	1.6666666666667
7	368773	1500	0.33333333333333
7	374037	1520	nan
7	379377	1540	6.1666666666667
7	384650	1560	9.3333333333333
7	389882	1580	18
7	395194	1600	1.3666666666667
7	400379	1620	0.33333333333333
7	405617	1640	0.33333333333333
7	411037	1660	0.5
7	416410	1680	0.33333333333333
7	421716	1700	7
7	427002	1720	2.3333333333333
7	432337	1740	nan
7	437603	1760	0
7	442808	1780	nan
7	448054	1800	4.5666666666667
7	452997	1820	nan
7	457374	1840	4.8
7	461191	1860	nan
7	464545	1880	8
7	467529	1900	nan
7	470032	1920	nan
7	472092	1940	nan
7	473705	1960	nan
7	474733	1980	nan
7	475366	2000	nan
8	34608	240	8.925
8	39768	260	8.975
8	45002	280	9.0769230769231
8	50183	300	9.0512820512821
8	55589	320	9.125
8	60922	340	9.3157894736842
8	66187	360	9.025
8	71542	380	8.825
8	76809	400	9.175
8	82132	420	9.15
8	87526	440	9.15
8	92836	460	8.875
8	98148	480	8.9024390243902
8	103428	500	9.0512820512821
8	108742	520	9.05
8	114035	540	8.775
8	119376	560	9.05
8	124801	580	9.2307692307692
8	130099	600	8.9
8	135332	620	8.8205128205128
8	140609	640	8.6829268292683
8	145798	660	8.9
8	151029	680	8.9756097560976
8	156309	700	8.825
8	161607	720	8.8
8	166858	740	8.75
8	172125	760	8.95
8	177431	780	9.2
8	182855	800	8.975
8	188167	820	8.9
8	193533	840	8.8536585365854
8	198864	860	8.95
8	204160	880	8.95
8	209498	900	8.95
8	214873	920	8.9024390243902
8	220218	940	9.0975609756098
8	225659	960	9.0243902439024
8	230856	980	8.8974358974359
8	236223	1000	9.2051282051282
8	241502	1020	9.1794871794872
8	246703	1040	9
8	252053	1060	8.6341463414634
8	257325	1080	8.7560975609756
8	262662	1100	8.9512195121951
8	267912	1120	8.95
8	273250	1140	9.05
8	278539	1160	8.8048780487805
8	283827	1180	9.0487804878049
8	289148	1200	8.875
8	294487	1220	8.925
8	299767	1240	8.775
8	305088	1260	8.875
8	310342	1280	8.9230769230769
8	315675	1300	9.175
8	321010	1320	8.780487804878
8	326255	1340	8.75
8	331617	1360	8.95
8	336994	1380	9.2051282051282
8	342270	1400	8.9024390243902
8	347589	1420	9.3684210526316
8	352989	1440	8.85
8	358174	1460	8.9487179487179
8	363503	1480	8.775
8	368773	1500	8.8
8	374037	1520	9.0769230769231
8	379377	1540	8.8780487804878
8	384650	1560	9.075
8	389882	1580	9.025641025641
8	395194	1600	9.1025641025641
8	400379	1620	8.8974358974359
8	405617	1640	8.95
8	411037	1660	8.825
8	416410	1680	8.9756097560976
8	421716	1700	9
8	427002	1720	8.875
8	432337	1740	9.175
8	437603	1760	8.9
8	442808	1780	9.1
8	448054	1800	9.025641025641
8	452997	1820	8.8108108108108
8	457374	1840	8.5294117647059
8	461191	1860	8.4666666666667
8	464545	1880	8.5555555555556
8	467529	1900	8.4166666666667
8	470032	1920	8.3809523809524
8	472092	1940	7.8333333333333
8	473705	1960	7.1333333333333
8	474733	1980	6.4
8	475366	2000	5.125
9	34608	240	1.8451252476423
9	39768	260	1.2086759019263
9	45002	280	1.5455303192145
9	50183	300	1.6535244328199
9	55589	320	1.9373190568941
9	60922	340	1.4162238172078
9	66187	360	1.3865193462177
9	71542	380	1.6929340332764
9	76809	400	1.5340160130211
9	82132	420	1.6725537053966
9	87526	440	1.2310095919141
9	92836	460	1.7858058584579
9	98148	480	1.9468548745192
9	103428	500	1.413258980042
9	108742	520	1.9735429549092
9	114035	540	1.7466084351225
9	119376	560	1.9341731155782
9	124801	580	1.4772224730276
9	130099	600	1.6610160622265
9	135332	620	1.8619711523543
9	140609	640	1.7383760293769
9	145798	660	1.3549529275578
9	151029	680	1.8505108062107
9	156309	700	1.4302142568555
9	161607	720	1.4710889042143
9	166858	740	2.0724072463857
9	172125	760	1.5681117176319
9	177431	780	1.5721942856387
9	182855	800	1.8740809713509
9	188167	820	1.6298497649815
9	193533	840	2.0923787373436
9	198864	860	1.6004806970215
9	204160	880	1.431334324579
9	209498	900	1.9735429549092
9	214873	920	1.6553682075113
9	220218	940	1.7292321713521
9	225659	960	1.5730194671085
9	230856	980	1.586038955433
9	236223	1000	2.0154598166683
9	241502	1020	1.6201331146057
9	246703	1040	1.3572417850766
9	252053	1060	2.0464126851759
9	257325	1080	1.7432797796808
9	262662	1100	1.9868469935075
9	267912	1120	1.738699779455
9	273250	1140	1.738699779455
9	278539	1160	1.7061581432435
9	283827	1180	1.6271327467695
9	289148	1200	1.9106650741669
9	294487	1220	2.0925692709791
9	299767	1240	1.3298833571369
9	305088	1260	1.7274184087749
9	310342	1280	1.4213524949778
9	315675	1300	1.6929340332764
9	321010	1320	1.8508402837894
9	326255	1340	1.5972733176517
9	331617	1360	1.5843788720683
9	336994	1380	1.2178386199261
9	342270	1400	1.7861253882186
9	347589	1420	1.5669052409573
9	352989	1440	1.9421109318973
9	358174	1460	1.6375321282299
9	363503	1480	1.8043750249794
9	368773	1500	1.6824889987067
9	374037	1520	1.8408324116039
9	379377	1540	1.4696108660326
9	384650	1560	1.6700606468337
9	389882	1580	1.5472756956253
9	395194	1600	1.8889550410474
9	400379	1620	1.6826494114447
9	405617	1640	1.8250395148515
9	411037	1660	2.0741077785214
9	416410	1680	2.0185118884719
9	421716	1700	1.6329931618555
9	427002	1720	1.6822984887136
9	432337	1740	1.6777197590014
9	437603	1760	1.481509971236
9	442808	1780	1.6455067024149
9	448054	1800	1.8846635814157
9	452997	1820	1.5426859304084
9	457374	1840	1.5022265115417
9	461191	1860	1.5916448515084
9	464545	1880	1.8257418583506
9	467529	1900	1.8630658852423
9	470032	1920	1.5321941938341
9	472092	1940	1.4245742398015
9	473705	1960	1.8847761013927
9	474733	1980	1.0749676997731
9	475366	2000	0.99103120896511
10	34608	240	3.4044871794872
10	39768	260	1.4608974358974
10	45002	280	2.3886639676113
10	50183	300	2.7341430499325
10	55589	320	3.7532051282051
10	60922	340	2.0056899004267
10	66187	360	1.9224358974359
10	71542	380	2.8660256410256
10	76809	400	2.3532051282051
10	82132	420	2.7974358974359
10	87526	440	1.5153846153846
10	92836	460	3.1891025641026
10	98148	480	3.790243902439
10	103428	500	1.9973009446694
10	108742	520	3.8948717948718
10	114035	540	3.050641025641
10	119376	560	3.7410256410256
10	124801	580	2.1821862348178
10	130099	600	2.7589743589744
10	135332	620	3.4669365721997
10	140609	640	3.0219512195122
10	145798	660	1.8358974358974
10	151029	680	3.4243902439024
10	156309	700	2.0455128205128
10	161607	720	2.1641025641026
10	166858	740	4.2948717948718
10	172125	760	2.4589743589744
10	177431	780	2.4717948717949
10	182855	800	3.5121794871795
10	188167	820	2.6564102564103
10	193533	840	4.3780487804878
10	198864	860	2.5615384615385
10	204160	880	2.0487179487179
10	209498	900	3.8948717948718
10	214873	920	2.740243902439
10	220218	940	2.990243902439
10	225659	960	2.4743902439024
10	230856	980	2.5155195681511
10	236223	1000	4.0620782726046
10	241502	1020	2.6248313090418
10	246703	1040	1.8421052631579
10	252053	1060	4.1878048780488
10	257325	1080	3.0390243902439
10	262662	1100	3.9475609756098
10	267912	1120	3.0230769230769
10	273250	1140	3.0230769230769
10	278539	1160	2.9109756097561
10	283827	1180	2.6475609756098
10	289148	1200	3.650641025641
10	294487	1220	4.3788461538462
10	299767	1240	1.7685897435897
10	305088	1260	2.9839743589744
10	310342	1280	2.0202429149798
10	315675	1300	2.8660256410256
10	321010	1320	3.4256097560976
10	326255	1340	2.5512820512821
10	331617	1360	2.5102564102564
10	336994	1380	1.4831309041835
10	342270	1400	3.190243902439
10	347589	1420	2.4551920341394
10	352989	1440	3.7717948717949
10	358174	1460	2.6815114709852
10	363503	1480	3.2557692307692
10	368773	1500	2.8307692307692
10	374037	1520	3.3886639676113
10	379377	1540	2.159756097561
10	384650	1560	2.7891025641026
10	389882	1580	2.3940620782726
10	395194	1600	3.5681511470985
10	400379	1620	2.8313090418354
10	405617	1640	3.3307692307692
10	411037	1660	4.3019230769231
10	416410	1680	4.0743902439024
10	421716	1700	2.6666666666667
10	427002	1720	2.8301282051282
10	432337	1740	2.8147435897436
10	437603	1760	2.1948717948718
10	442808	1780	2.7076923076923
10	448054	1800	3.5519568151147
10	452997	1820	2.3798798798799
10	457374	1840	2.2566844919786
10	461191	1860	2.5333333333333
10	464545	1880	3.3333333333333
10	467529	1900	3.4710144927536
10	470032	1920	2.347619047619
10	472092	1940	2.0294117647059
10	473705	1960	3.552380952381
10	474733	1980	1.1555555555556
10	475366	2000	0.98214285714286
11	34608	240	230.64183847668
11	39768	260	91.091833682144
11	45002	280	277.73964417494
11	50183	300	93.422456823677
11	55589	320	91.098786556759
11	60922	340	93.265266649323
11	66187	360	92.396138512534
11	71542	380	191.82202377735
11	76809	400	96.69614970338
11	82132	420	45.386009955007
11	87526	440	90.531052976585
11	92836	460	0
11	98148	480	91.674046036747
11	103428	500	0
11	108742	520	137.14746737656
11	114035	540	94.483752447554
11	119376	560	90.656505033967
11	124801	580	91.899312783636
11	130099	600	181.18384229589
11	135332	620	227.71823995576
11	140609	640	90.382839518989
11	145798	660	98.354769566367
11	151029	680	183.82866766879
11	156309	700	140.17691028333
11	161607	720	135.97579647838
11	166858	740	90.20100242758
11	172125	760	89.848492318001
11	177431	780	136.85519213037
11	182855	800	45.43302213324
11	188167	820	136.86478661869
11	193533	840	139.60288263258
11	198864	860	0
11	204160	880	276.38546164617
11	209498	900	45.208137333466
11	214873	920	145.46026162673
11	220218	940	141.09379763454
11	225659	960	273.91293433059
11	230856	980	183.55918548918
11	236223	1000	91.318124418006
11	241502	1020	50.112704669681
11	246703	1040	44.876678409675
11	252053	1060	45.092604170153
11	257325	1080	89.923207547174
11	262662	1100	135.2328033999
11	267912	1120	183.89319374387
11	273250	1140	45.729275820143
11	278539	1160	92.564779709206
11	283827	1180	229.53496193996
11	289148	1200	45.065316870709
11	294487	1220	135.67454764407
11	299767	1240	232.4522958855
11	305088	1260	96.065497961501
11	310342	1280	227.80945796821
11	315675	1300	0
11	321010	1320	46.043823439126
11	326255	1340	45.590996983991
11	331617	1360	45.077380162973
11	336994	1380	134.89594634425
11	342270	1400	232.49430707702
11	347589	1420	135.88352904765
11	352989	1440	147.39238265808
11	358174	1460	237.94977123227
11	363503	1480	184.48873635435
11	368773	1500	142.50877097035
11	374037	1520	48.098616918829
11	379377	1540	273.03404074598
11	384650	1560	136.17411740452
11	389882	1580	89.522781238943
11	395194	1600	279.80730880113
11	400379	1620	141.2995565437
11	405617	1640	135.78679954035
11	411037	1660	91.189524415656
11	416410	1680	135.59185678699
11	421716	1700	138.21831560919
11	427002	1720	139.06013946215
11	432337	1740	46.044076173736
11	437603	1760	90.061558629948
11	442808	1780	0
11	448054	1800	274.32738162214
11	452997	1820	0
11	457374	1840	236.85509609996
11	461191	1860	47.897238129508
11	464545	1880	92.978138355538
11	467529	1900	45.864940998751
11	470032	1920	47.565934311617
11	472092	1940	50.207421842383
11	473705	1960	47.229595509093
11	474733	1980	0
11	475366	2000	0
12	34608	240	46.128367695336
12	39768	260	45.545916841072
12	45002	280	46.289940695824
12	50183	300	46.711228411838
12	55589	320	45.549393278379
12	60922	340	46.632633324662
12	66187	360	46.198069256267
12	71542	380	47.955505944337
12	76809	400	48.34807485169
12	82132	420	45.386009955007
12	87526	440	45.265526488293
12	92836	460	nan
12	98148	480	45.837023018374
12	103428	500	nan
12	108742	520	45.715822458853
12	114035	540	47.241876223777
12	119376	560	45.328252516984
12	124801	580	45.949656391818
12	130099	600	45.295960573972
12	135332	620	45.543647991151
12	140609	640	45.191419759495
12	145798	660	49.177384783183
12	151029	680	45.957166917197
12	156309	700	46.725636761109
12	161607	720	45.325265492795
12	166858	740	45.10050121379
12	172125	760	44.924246159
12	177431	780	45.61839737679
12	182855	800	45.43302213324
12	188167	820	45.621595539563
12	193533	840	46.534294210859
12	198864	860	nan
12	204160	880	46.064243607695
12	209498	900	45.208137333466
12	214873	920	48.486753875575
12	220218	940	47.031265878179
12	225659	960	45.652155721765
12	230856	980	45.889796372296
12	236223	1000	45.659062209003
12	241502	1020	50.112704669681
12	246703	1040	44.876678409675
12	252053	1060	45.092604170153
12	257325	1080	44.961603773587
12	262662	1100	45.0776011333
12	267912	1120	45.973298435967
12	273250	1140	45.729275820143
12	278539	1160	46.282389854603
12	283827	1180	45.906992387993
12	289148	1200	45.065316870709
12	294487	1220	45.22484921469
12	299767	1240	46.4904591771
12	305088	1260	48.032748980751
12	310342	1280	45.561891593642
12	315675	1300	nan
12	321010	1320	46.043823439126
12	326255	1340	45.590996983991
12	331617	1360	45.077380162973
12	336994	1380	44.965315448082
12	342270	1400	46.498861415405
12	347589	1420	45.29450968255
12	352989	1440	49.130794219361
12	358174	1460	47.589954246454
12	363503	1480	46.122184088587
12	368773	1500	47.502923656783
12	374037	1520	48.098616918829
12	379377	1540	45.505673457663
12	384650	1560	45.391372468174
12	389882	1580	44.761390619472
12	395194	1600	46.634551466854
12	400379	1620	47.099852181233
12	405617	1640	45.262266513449
12	411037	1660	45.594762207828
12	416410	1680	45.197285595663
12	421716	1700	46.072771869729
12	427002	1720	46.353379820716
12	432337	1740	46.044076173736
12	437603	1760	45.030779314974
12	442808	1780	nan
12	448054	1800	45.721230270357
12	452997	1820	nan
12	457374	1840	47.371019219993
12	461191	1860	47.897238129508
12	464545	1880	46.489069177769
12	467529	1900	45.864940998751
12	470032	1920	47.565934311617
12	472092	1940	50.207421842383
12	473705	1960	47.229595509093
12	474733	1980	nan
12	475366	2000	nan
13	34608	240	2.093078350664
13	39768	260	0.33873572196259
13	45002	280	0.95859586896374
13	50183	300	2.1760327993838
13	55589	320	0.076681277813886
13	60922	340	1.904205968687
13	66187	360	1.6157142120325
13	71542	380	3.5431684968956
13	76809	400	0.8787266241027
13	82132	420	nan
13	87526	440	0.14845084618965
13	92836	460	nan
13	98148	480	0.16439560130031
13	103428	500	nan
13	108742	520	1.1856682468182
13	114035	540	1.5543703541326
13	119376	560	0.14955469782998
13	124801	580	1.5100876179863
13	130099	600	0.72469608167213
13	135332	620	1.2861756597329
13	140609	640	1.2317217522693
13	145798	660	2.398285170166
13	151029	680	1.7592974033676
13	156309	700	2.286851608443
13	161607	720	1.1612076270751
13	166858	740	0.3050298150062
13	172125	760	0.77343911669875
13	177431	780	0.42677099156067
13	182855	800	nan
13	188167	820	1.2475621351865
13	193533	840	0.91538967507881
13	198864	860	nan
13	204160	880	1.6368210523598
13	209498	900	nan
13	214873	920	3.3645833853485
13	220218	940	1.6241079854687
13	225659	960	0.90992703962031
13	230856	980	0.60407009946414
13	236223	1000	0.048047728117433
13	241502	1020	nan
13	246703	1040	nan
13	252053	1060	nan
13	257325	1080	0.3820339547957
13	262662	1100	0.91484442710344
13	267912	1120	2.2870356108073
13	273250	1140	nan
13	278539	1160	0.71155045217798
13	283827	1180	1.5098892688176
13	289148	1200	nan
13	294487	1220	0.38453398706969
13	299767	1240	1.6128819842227
13	305088	1260	0.2598157780794
13	310342	1280	1.2862922512483
13	315675	1300	nan
13	321010	1320	nan
13	326255	1340	nan
13	331617	1360	nan
13	336994	1380	0.67962500915308
13	342270	1400	1.863397709463
13	347589	1420	0.28218148012138
13	352989	1440	2.2568222122898
13	358174	1460	2.6099057468672
13	363503	1480	0.92786444048473
13	368773	1500	3.1027687408695
13	374037	1520	nan
13	379377	1540	0.93734011458373
13	384650	1560	0.79817777936247
13	389882	1580	1.2770327449207
13	395194	1600	1.9920794563623
13	400379	1620	0.50669447485499
13	405617	1640	0.65168753049389
13	411037	1660	0.08404596410908
13	416410	1680	1.3451366891983
13	421716	1700	1.1903034078452
13	427002	1720	0.79669805280464
13	432337	1740	nan
13	437603	1760	1.7259799348466
13	442808	1780	nan
13	448054	1800	0.94122876790634
13	452997	1820	nan
13	457374	1840	2.9612443510063
13	461191	1860	nan
13	464545	1880	2.5318097472821
13	467529	1900	nan
13	470032	1920	nan
13	472092	1940	nan
13	473705	1960	nan
13	474733	1980	nan
13	475366	2000	nan
14	34608	240	4.3809769820185
14	39768	260	0.11474188933352
14	45002	280	0.91890603999434
14	50183	300	4.7351187439942
14	55589	320	0.0058800183671703
14	60922	340	3.6260003711833
14	66187	360	2.6105324149638
14	71542	380	12.554042997394
14	76809	400	0.77216047990692
14	82132	420	nan
14	87526	440	0.022037653734422
14	92836	460	nan
14	98148	480	0.027025913726889
14	103428	500	nan
14	108742	520	1.4058091915129
14	114035	540	2.4160671978064
14	119376	560	0.022366607643017
14	124801	580	2.2803646139956
14	130099	600	0.52518441079093
14	135332	620	1.6542478276895
14	140609	640	1.5171384750134
14	145798	660	5.7517717574382
14	151029	680	3.0951273534961
14	156309	700	5.2296902790384
14	161607	720	1.3484031531773
14	166858	740	0.093043188042715
14	172125	760	0.59820806723974
14	177431	780	0.18213347923768
14	182855	800	nan
14	188167	820	1.556411281151
14	193533	840	0.83793825724088
14	198864	860	nan
14	204160	880	2.6791831574482
14	209498	900	nan
14	214873	920	11.320421356963
14	220218	940	2.6377267484633
14	225659	960	0.82796721743219
14	230856	980	0.36490068506661
14	236223	1000	0.0023085841772468
14	241502	1020	nan
14	246703	1040	nan
14	252053	1060	nan
14	257325	1080	0.14594994261685
14	262662	1100	0.83694032580222
14	267912	1120	5.2305318851007
14	273250	1140	nan
14	278539	1160	0.50630404599468
14	283827	1180	2.2797656040906
14	289148	1200	nan
14	294487	1220	0.14786638721172
14	299767	1240	2.6013882950301
14	305088	1260	0.067504238539005
14	310342	1280	1.6545477556215
14	315675	1300	nan
14	321010	1320	nan
14	326255	1340	nan
14	331617	1360	nan
14	336994	1380	0.46189015306633
14	342270	1400	3.4722510236318
14	347589	1420	0.07962638772349
14	352989	1440	5.0932464978848
14	358174	1460	6.8116080075307
14	363503	1480	0.86093241991605
14	368773	1500	9.6271738593167
14	374037	1520	nan
14	379377	1540	0.87860649040784
14	384650	1560	0.637087767468
14	389882	1580	1.6308126315996
14	395194	1600	3.9683805604609
14	400379	1620	0.25673929084858
14	405617	1640	0.42469663740123
14	411037	1660	0.0070637240830247
14	416410	1680	1.8093927126272
14	421716	1700	1.4168222027279
14	427002	1720	0.63472778734271
14	432337	1740	nan
14	437603	1760	2.9790067354929
14	442808	1780	nan
14	448054	1800	0.88591159353448
14	452997	1820	nan
14	457374	1840	8.7689681063665
14	461191	1860	nan
14	464545	1880	6.4100605964326
14	467529	1900	nan
14	470032	1920	nan
14	472092	1940	nan
14	473705	1960	nan
14	474733	1980	nan
14	475366	2000	nan
15	34608	240	222.12138531065
15	39768	260	89.097981389459
15	45002	280	269.60321105332
15	50183	300	89.536687743715
15	55589	320	88.637840776048
15	60922	340	89.731693991554
15	66187	360	91.514175540743
15	71542	380	184.26492036479
15	76809	400	90.564330159199
15	82132	420	45.094878665967
15	87526	440	88.980435010477
15	92836	460	45.318346483381
15	98148	480	89.810328941003
15	103428	500	0
15	108742	520	133.84546897136
15	114035	540	91.926909995181
15	119376	560	89.302849401934
15	124801	580	90.96219140952
15	130099	600	178.82806582685
15	135332	620	222.91312782672
15	140609	640	88.738416378578
15	145798	660	93.328152315736
15	151029	680	222.95386010513
15	156309	700	137.85392584573
15	161607	720	135.01199487533
15	166858	740	89.054921289193
15	172125	760	89.780296846572
15	177431	780	133.55572800799
15	182855	800	44.771923406997
15	188167	820	133.52669843532
15	193533	840	133.99456099185
15	198864	860	0
15	204160	880	269.73066552229
15	209498	900	44.486950645043
15	214873	920	183.07909917541
15	220218	940	179.47640459766
15	225659	960	268.42180743572
15	230856	980	222.62739535017
15	236223	1000	134.42452044564
15	241502	1020	46.022719736982
15	246703	1040	44.279505888903
15	252053	1060	43.957006638399
15	257325	1080	89.264576837452
15	262662	1100	132.65967507705
15	267912	1120	225.81704252373
15	273250	1140	44.775100915496
15	278539	1160	91.005764100868
15	283827	1180	223.71950919836
15	289148	1200	44.222894164138
15	294487	1220	134.60770232838
15	299767	1240	224.72130347087
15	305088	1260	135.64608280631
15	310342	1280	223.30498852598
15	315675	1300	0
15	321010	1320	45.318058181086
15	326255	1340	44.719364241565
15	331617	1360	44.465691316877
15	336994	1380	134.88520121118
15	342270	1400	273.20792124011
15	347589	1420	177.36371550374
15	352989	1440	182.85209841031
15	358174	1460	267.62073296928
15	363503	1480	225.82119989931
15	368773	1500	137.76929283426
15	374037	1520	45.964438941182
15	379377	1540	272.18936160108
15	384650	1560	134.74384749324
15	389882	1580	88.891128256238
15	395194	1600	311.81247269402
15	400379	1620	135.65351142866
15	405617	1640	135.41059083271
15	411037	1660	133.85762307227
15	416410	1680	177.72086335417
15	421716	1700	135.10520404052
15	427002	1720	133.50406627587
15	432337	1740	44.397553835315
15	437603	1760	88.096010315413
15	442808	1780	0
15	448054	1800	268.66599005878
15	452997	1820	0
15	457374	1840	269.9071726266
15	461191	1860	45.178906901398
15	464545	1880	89.120798521717
15	467529	1900	44.572023010815
15	470032	1920	46.397979606438
15	472092	1940	47.284271580997
15	473705	1960	45.884175048139
15	474733	1980	0
15	475366	2000	0
16	34608	240	44.42427706213
16	39768	260	44.54899069473
16	45002	280	44.933868508886
16	50183	300	44.768343871857
16	55589	320	44.318920388024
16	60922	340	44.865846995777
16	66187	360	45.757087770372
16	71542	380	46.066230091198
16	76809	400	45.282165079599
16	82132	420	45.094878665967
16	87526	440	44.490217505239
16	92836	460	45.318346483381
16	98148	480	44.905164470502
16	103428	500	nan
16	108742	520	44.615156323786
16	114035	540	45.96345499759
16	119376	560	44.651424700967
16	124801	580	45.48109570476
16	130099	600	44.707016456714
16	135332	620	44.582625565343
16	140609	640	44.369208189289
16	145798	660	46.664076157868
16	151029	680	44.590772021026
16	156309	700	45.951308615243
16	161607	720	45.003998291776
16	166858	740	44.527460644597
16	172125	760	44.890148423286
16	177431	780	44.518576002663
16	182855	800	44.771923406997
16	188167	820	44.50889947844
16	193533	840	44.664853663951
16	198864	860	nan
16	204160	880	44.955110920381
16	209498	900	44.486950645043
16	214873	920	45.769774793853
16	220218	940	44.869101149414
16	225659	960	44.736967905954
16	230856	980	44.525479070034
16	236223	1000	44.80817348188
16	241502	1020	46.022719736982
16	246703	1040	44.279505888903
16	252053	1060	43.957006638399
16	257325	1080	44.632288418726
16	262662	1100	44.21989169235
16	267912	1120	45.163408504745
16	273250	1140	44.775100915496
16	278539	1160	45.502882050434
16	283827	1180	44.743901839673
16	289148	1200	44.222894164138
16	294487	1220	44.869234109461
16	299767	1240	44.944260694174
16	305088	1260	45.215360935436
16	310342	1280	44.660997705196
16	315675	1300	nan
16	321010	1320	45.318058181086
16	326255	1340	44.719364241565
16	331617	1360	44.465691316877
16	336994	1380	44.961733737061
16	342270	1400	45.534653540018
16	347589	1420	44.340928875934
16	352989	1440	45.713024602577
16	358174	1460	44.603455494881
16	363503	1480	45.164239979862
16	368773	1500	45.923097611419
16	374037	1520	45.964438941182
16	379377	1540	45.36489360018
16	384650	1560	44.91461583108
16	389882	1580	44.445564128119
16	395194	1600	44.544638956288
16	400379	1620	45.217837142887
16	405617	1640	45.136863610903
16	411037	1660	44.619207690758
16	416410	1680	44.430215838543
16	421716	1700	45.035068013507
16	427002	1720	44.501355425291
16	432337	1740	44.397553835315
16	437603	1760	44.048005157707
16	442808	1780	nan
16	448054	1800	44.777665009797
16	452997	1820	nan
16	457374	1840	44.984528771099
16	461191	1860	45.178906901398
16	464545	1880	44.560399260859
16	467529	1900	44.572023010815
16	470032	1920	46.397979606438
16	472092	1940	47.284271580997
16	473705	1960	45.884175048139
16	474733	1980	nan
16	475366	2000	nan
17	34608	240	0.48504696086842
17	39768	260	0.32995105359992
17	45002	280	0.81812798357701
17	50183	300	0.45579461938365
17	55589	320	0.085910561291542
17	60922	340	0.19049388937464
17	66187	360	1.1799158998981
17	71542	380	1.8009308267752
17	76809	400	0.24594151479094
17	82132	420	nan
17	87526	440	0.67302056587875
17	92836	460	nan
17	98148	480	0.7274229483183
17	103428	500	nan
17	108742	520	0.45549510976911
17	114035	540	0.33260937290585
17	119376	560	0.22207207802835
17	124801	580	2.0410176281728
17	130099	600	0.46739240342195
17	135332	620	0.42720381672551
17	140609	640	0.26206984387169
17	145798	660	2.2996903343765
17	151029	680	0.22714874437181
17	156309	700	2.4657916841809
17	161607	720	0.60788348594555
17	166858	740	0.21336250886698
17	172125	760	0.55122706209699
17	177431	780	0.075079743705441
17	182855	800	nan
17	188167	820	0.51418003981982
17	193533	840	0.15596235090978
17	198864	860	nan
17	204160	880	0.88424753600278
17	209498	900	nan
17	214873	920	1.8471402458408
17	220218	940	1.1014761165905
17	225659	960	0.58760379606997
17	230856	980	0.39317037421181
17	236223	1000	0.41440163882585
17	241502	1020	nan
17	246703	1040	nan
17	252053	1060	nan
17	257325	1080	0.25894747808283
17	262662	1100	0.30395151683648
17	267912	1120	1.3558104741641
17	273250	1140	nan
17	278539	1160	0.99548506843077
17	283827	1180	1.3705729992405
17	289148	1200	nan
17	294487	1220	0.16503159929268
17	299767	1240	0.82071327395538
17	305088	1260	0.83943544552225
17	310342	1280	0.39776113302112
17	315675	1300	nan
17	321010	1320	nan
17	326255	1340	nan
17	331617	1360	nan
17	336994	1380	0.84194447085303
17	342270	1400	1.5505737183224
17	347589	1420	0.45956969185898
17	352989	1440	1.1026389087634
17	358174	1460	0.39147076220781
17	363503	1480	1.0032967808371
17	368773	1500	1.9239094820659
17	374037	1520	nan
17	379377	1540	1.6505941881695
17	384650	1560	0.16169565581496
17	389882	1580	0.30453991871219
17	395194	1600	0.48478297773807
17	400379	1620	0.8783816316167
17	405617	1640	1.3822240058688
17	411037	1660	0.069745970950952
17	416410	1680	0.75183961381587
17	421716	1700	0.89408794317814
17	427002	1720	0.50087910470965
17	432337	1740	nan
17	437603	1760	0.19199434640149
17	442808	1780	nan
17	448054	1800	0.45370434944783
17	452997	1820	nan
17	457374	1840	0.92544607305099
17	461191	1860	nan
17	464545	1880	0.45269091443865
17	467529	1900	nan
17	470032	1920	nan
17	472092	1940	nan
17	473705	1960	nan
17	474733	1980	nan
17	475366	2000	nan
18	34608	240	0.23527055424769
18	39768	260	0.10886769777169
18	45002	280	0.66933339751178
18	50183	300	0.20774873505909
18	55589	320	0.0073806245414278
18	60922	340	0.036287921889076
18	66187	360	1.3922015308323
18	71542	380	3.2433518428294
18	76809	400	0.060487228697664
18	82132	420	nan
18	87526	440	0.45295668209576
18	92836	460	nan
18	98148	480	0.52914414574009
18	103428	500	nan
18	108742	520	0.20747579502357
18	114035	540	0.11062899494483
18	119376	560	0.049316007839829
18	124801	580	4.165752958512
18	130099	600	0.21845565877655
18	135332	620	0.18250310102484
18	140609	640	0.068680603066933
18	145798	660	5.2885756340248
18	151029	680	0.051596552069691
18	156309	700	6.0801286297756
18	161607	720	0.36952233248532
18	166858	740	0.045523560190011
18	172125	760	0.30385127398808
18	177431	780	0.0056369679148747
18	182855	800	nan
18	188167	820	0.26438111334911
18	193533	840	0.024324254901304
18	198864	860	nan
18	204160	880	0.78189370492699
18	209498	900	nan
18	214873	920	3.4119270878049
18	220218	940	1.2132496354193
18	225659	960	0.34527822115584
18	230856	980	0.15458294315785
18	236223	1000	0.17172871826155
18	241502	1020	nan
18	246703	1040	nan
18	252053	1060	nan
18	257325	1080	0.067053796405458
18	262662	1100	0.092386524587196
18	267912	1120	1.8382220418532
18	273250	1140	nan
18	278539	1160	0.99099052146862
18	283827	1180	1.8784703462471
18	289148	1200	nan
18	294487	1220	0.027235428765099
18	299767	1240	0.67357027804655
18	305088	1260	0.70465186719913
18	310342	1280	0.15821391894225
18	315675	1300	nan
18	321010	1320	nan
18	326255	1340	nan
18	331617	1360	nan
18	336994	1380	0.70887049199998
18	342270	1400	2.4042788559523
18	347589	1420	0.21120430167536
18	352989	1440	1.2158125631189
18	358174	1460	0.15324935766356
18	363503	1480	1.0066044304382
18	368773	1500	3.7014276951832
18	374037	1520	nan
18	379377	1540	2.7244611740189
18	384650	1560	0.026145485109432
18	389882	1580	0.092744562089228
18	395194	1600	0.23501453550459
18	400379	1620	0.77155429076161
18	405617	1640	1.9105432024001
18	411037	1660	0.004864500463891
18	416410	1680	0.5652628049028
18	421716	1700	0.79939325013652
18	427002	1720	0.25087987753474
18	432337	1740	nan
18	437603	1760	0.036861829050134
18	442808	1780	nan
18	448054	1800	0.20584763670788
18	452997	1820	nan
18	457374	1840	0.8564504341255
18	461191	1860	nan
18	464545	1880	0.2049290640153
18	467529	1900	nan
18	470032	1920	nan
18	472092	1940	nan
18	473705	1960	nan
18	474733	1980	nan
18	475366	2000	nan
19	34608	240	1550.1034570998
19	39768	260	1741.4942234077
19	45002	280	1506.4436373585
19	50183	300	1605.9317240924
19	55589	320	1479.6456615777
19	60922	340	1650.6863194322
19	66187	360	1556.044195815
19	71542	380	1509.8694832245
19	76809	400	1464.7979607766
19	82132	420	1748.2859619059
19	87526	440	1658.3862986299
19	92836	460	1467.4171985791
19	98148	480	1473.3100877425
19	103428	500	1357.8153913323
19	108742	520	1552.0773062157
19	114035	540	1560.9529667696
19	119376	560	1595.6949761908
19	124801	580	1501.9856259988
19	130099	600	1561.3645918954
19	135332	620	1564.0732636228
19	140609	640	1604.0832591895
19	145798	660	1478.3202463403
19	151029	680	1506.9829724299
19	156309	700	1606.817974035
19	161607	720	1560.8263389989
19	166858	740	1418.1938702014
19	172125	760	1503.9070304461
19	177431	780	1689.1817533341
19	182855	800	1727.7646043695
19	188167	820	1563.041902056
19	193533	840	1663.1903719412
19	198864	860	1610.0802824792
19	204160	880	1420.0407149795
19	209498	900	1472.7518076113
19	214873	920	1290.3286510104
19	220218	940	1057.3916530973
19	225659	960	1502.3197231838
19	230856	980	1572.944956999
19	236223	1000	1610.2605355295
19	241502	1020	1505.0065482628
19	246703	1040	1373.6054507775
19	252053	1060	1245.6307618827
19	257325	1080	1684.6634548579
19	262662	1100	1652.8606739077
19	267912	1120	1409.0078360246
19	273250	1140	1692.1641563214
19	278539	1160	1674.3330329497
19	283827	1180	1460.2144018865
19	289148	1200	1451.2567121391
19	294487	1220	1541.0045581493
19	299767	1240	1392.044241159
19	305088	1260	1334.8776626665
19	310342	1280	1571.3295459685
19	315675	1300	1557.2303879813
19	321010	1320	1661.4413428919
19	326255	1340	1566.3187872211
19	331617	1360	1713.7276363412
19	336994	1380	1544.4087964555
19	342270	1400	1386.7183595079
19	347589	1420	1288.873631334
19	352989	1440	1159.7611566626
19	358174	1460	1541.5848147769
19	363503	1480	1382.0641534501
19	368773	1500	1344.0899715033
19	374037	1520	1238.4896589618
19	379377	1540	1394.4749131248
19	384650	1560	1508.8536745637
19	389882	1580	1504.621176318
19	395194	1600	1472.1591822665
19	400379	1620	1381.7129720005
19	405617	1640	1305.0251964702
19	411037	1660	1603.7931694357
19	416410	1680	1450.9416020047
19	421716	1700	1648.89154153
19	427002	1720	1472.539975405
19	432337	1740	1474.0308211669
19	437603	1760	1394.2262956258
19	442808	1780	1386.176412179
19	448054	1800	1463.4665828588
19	452997	1820	1520.9526354111
19	457374	1840	1222.0299657029
19	461191	1860	1214.7690149629
19	464545	1880	1169.1897398461
19	467529	1900	1103.3488130389
19	470032	1920	930.10727130953
19	472092	1940	793.62444848125
19	473705	1960	663.39342712282
19	474733	1980	456.46474699201
19	475366	2000	375.82524705468
20	34608	240	45.591278149995
20	39768	260	45.828795352833
20	45002	280	45.649807192682
20	50183	300	45.883763545498
20	55589	320	46.238926924304
20	60922	340	45.852397762006
20	66187	360	45.766005759264
20	71542	380	45.753620703773
20	76809	400	45.774936274269
20	82132	420	46.007525313314
20	87526	440	46.066286073052
20	92836	460	45.856787455597
20	98148	480	46.040940241955
20	103428	500	45.26051304441
20	108742	520	45.649332535757
20	114035	540	45.910381375576
20	119376	560	45.591285034022
20	124801	580	45.514715939359
20	130099	600	45.922487996923
20	135332	620	46.002154812436
20	140609	640	45.830950262558
20	145798	660	46.197507698133
20	151029	680	45.666150679694
20	156309	700	45.90908497243
20	161607	720	45.906657029378
20	166858	740	45.748189361336
20	172125	760	45.572940316549
20	177431	780	45.653560900921
20	182855	800	45.467489588671
20	188167	820	45.971820648705
20	193533	840	46.199732553921
20	198864	860	46.00229378512
20	204160	880	45.807764999337
20	209498	900	46.023493987852
20	214873	920	46.083166107515
20	220218	940	45.973550134666
20	225659	960	45.524840096478
20	230856	980	46.263086970558
20	236223	1000	46.00744387227
20	241502	1020	45.606259038268
20	246703	1040	45.786848359249
20	252053	1060	46.13447266232
20	257325	1080	45.531444725888
20	262662	1100	45.912796497437
20	267912	1120	45.451865678212
20	273250	1140	45.734166387065
20	278539	1160	45.252244133776
20	283827	1180	45.631700058952
20	289148	1200	45.351772254346
20	294487	1220	45.32366347498
20	299767	1240	46.401474705299
20	305088	1260	46.030264229879
20	310342	1280	46.215574881426
20	315675	1300	45.800893764157
20	321010	1320	46.151148413663
20	326255	1340	46.06819962415
20	331617	1360	46.316963144356
20	336994	1380	45.423788131045
20	342270	1400	46.223945316929
20	347589	1420	46.031201119071
20	352989	1440	46.390446266502
20	358174	1460	46.714691356876
20	363503	1480	46.068805115002
20	368773	1500	46.347930051837
20	374037	1520	45.869987368956
20	379377	1540	46.482497104161
20	384650	1560	45.722838623142
20	389882	1580	45.594581100547
20	395194	1600	46.004974445829
20	400379	1620	46.057099066684
20	405617	1640	46.60804273108
20	411037	1660	45.822661983876
20	416410	1680	45.341925062646
20	421716	1700	45.802542820277
20	427002	1720	46.016874231406
20	432337	1740	46.063463161466
20	437603	1760	46.474209854192
20	442808	1780	46.205880405968
20	448054	1800	45.733330714339
20	452997	1820	46.089473800335
20	457374	1840	47.001152527034
20	461191	1860	46.721885190882
20	464545	1880	46.767589593842
20	467529	1900	47.971687523432
20	470032	1920	46.505363565477
20	472092	1940	46.683791087132
20	473705	1960	47.385244794487
20	474733	1980	45.646474699201
20	475366	2000	46.978155881835
21	34608	240	2.0114665051558
21	39768	260	2.3355462204623
21	45002	280	1.7937347566232
21	50183	300	1.8975573621203
21	55589	320	1.8208406681812
21	60922	340	2.0285748842472
21	66187	360	1.624181201141
21	71542	380	2.2328014348946
21	76809	400	2.4602037479405
21	82132	420	2.655400827192
21	87526	440	3.1133529166339
21	92836	460	2.5799427587398
21	98148	480	2.5643157564518
21	103428	500	2.6284628230661
21	108742	520	2.2137146258206
21	114035	540	2.419778469802
21	119376	560	2.2697017238841
21	124801	580	2.2885534849183
21	130099	600	2.3403543831095
21	135332	620	2.206049749678
21	140609	640	1.4322163876305
21	145798	660	2.2145273529437
21	151029	680	1.9879028026106
21	156309	700	1.6670979258946
21	161607	720	2.496416014515
21	166858	740	1.5207607952344
21	172125	760	1.4157218193387
21	177431	780	1.873522250884
21	182855	800	1.8570684409042
21	188167	820	1.8858017812415
21	193533	840	1.6160988365208
21	198864	860	1.9624379040801
21	204160	880	1.7531376364335
21	209498	900	1.6558220103027
21	214873	920	2.6634699028013
21	220218	940	2.1423972323545
21	225659	960	1.9316160179687
21	230856	980	1.5059048378909
21	236223	1000	1.8683683670776
21	241502	1020	2.0735212014558
21	246703	1040	1.7931652687119
21	252053	1060	1.7865508955181
21	257325	1080	1.9250690615926
21	262662	1100	2.1334408305442
21	267912	1120	1.6172947661186
21	273250	1140	2.4300385907669
21	278539	1160	2.0923789307677
21	283827	1180	1.5701475914309
21	289148	1200	2.0415336620533
21	294487	1220	1.667722917068
21	299767	1240	2.5283394384655
21	305088	1260	2.1491760715741
21	310342	1280	2.4514360069148
21	315675	1300	2.1841967790746
21	321010	1320	2.2020756191239
21	326255	1340	2.4273606607232
21	331617	1360	2.5752365229192
21	336994	1380	2.3112270503403
21	342270	1400	2.469505351707
21	347589	1420	2.2668363707559
21	352989	1440	2.7184017758024
21	358174	1460	2.1661790918402
21	363503	1480	2.1099488546315
21	368773	1500	2.0517143834757
21	374037	1520	2.1325954564011
21	379377	1540	2.7512744351822
21	384650	1560	2.0588309543034
21	389882	1580	2.1760229428971
21	395194	1600	1.7029680114378
21	400379	1620	1.7324028853797
21	405617	1640	2.2444630374978
21	411037	1660	1.9006274724797
21	416410	1680	1.6792673092164
21	421716	1700	1.9418352051664
21	427002	1720	2.0720071977385
21	432337	1740	2.2886807663727
21	437603	1760	2.6459826262078
21	442808	1780	3.1373888032517
21	448054	1800	2.4043480700934
21	452997	1820	2.8672872251534
21	457374	1840	4.4760413111184
21	461191	1860	3.9310464562412
21	464545	1880	3.906110465136
21	467529	1900	4.4879827017961
21	470032	1920	3.1959760220958
21	472092	1940	3.6258624983696
21	473705	1960	2.9805863798057
21	474733	1980	2.2905856933296
21	475366	2000	1.6756347571733
22	34608	240	4.0459975013637
22	39768	260	5.4547761479159
22	45002	280	3.2174843771182
22	50183	300	3.6007239425369
22	55589	320	3.3154607389024
22	60922	340	4.1151160609983
22	66187	360	2.63796457414
22	71542	380	4.9854022476676
22	76809	400	6.0526024813803
22	82132	420	7.051153553052
22	87526	440	9.6929663835127
22	92836	460	6.656104638374
22	98148	480	6.5757152987871
22	103428	500	6.9088168122409
22	108742	520	4.900532444572
22	114035	540	5.8553278429174
22	119376	560	5.1515459154023
22	124801	580	5.2374770533316
22	130099	600	5.47725863854
22	135332	620	4.8666554980543
22	140609	640	2.0512437809973
22	145798	660	4.904131396936
22	151029	680	3.9517575526272
22	156309	700	2.7792154945222
22	161607	720	6.232092917527
22	166858	740	2.3127133963221
22	172125	760	2.0042682697516
22	177431	780	3.5100856245576
22	182855	800	3.4487031942022
22	188167	820	3.5562483581338
22	193533	840	2.611775449404
22	198864	860	3.8511625273702
22	204160	880	3.0734915722796
22	209498	900	2.7417465298028
22	214873	920	7.0940719231285
22	220218	940	4.5898659012001
22	225659	960	3.7311404408734
22	230856	980	2.2677493807831
22	236223	1000	3.4908003550962
22	241502	1020	4.2994901728867
22	246703	1040	3.2154416809147
22	252053	1060	3.1917641022766
22	257325	1080	3.7058908919011
22	262662	1100	4.5515697774332
22	267912	1120	2.6156423605147
22	273250	1140	5.9050875526166
22	278539	1160	4.3780495899206
22	283827	1180	2.4653634588763
22	289148	1200	4.1678596932968
22	294487	1220	2.7812997281137
22	299767	1240	6.3925003161
22	305088	1260	4.6189577866268
22	310342	1280	6.0095384959984
22	315675	1300	4.7707155697196
22	321010	1320	4.84913703234
22	326255	1340	5.8920797772267
22	331617	1360	6.6318431489768
22	336994	1380	5.3417704782247
22	342270	1400	6.0984566821097
22	347589	1420	5.1385471317816
22	352989	1440	7.3897082146856
22	358174	1460	4.6923318579256
22	363503	1480	4.4518841691606
22	368773	1500	4.2095319113612
22	374037	1520	4.5479633806625
22	379377	1540	7.569511017687
22	384650	1560	4.2387848983977
22	389882	1580	4.7350758480146
22	395194	1600	2.9001000479804
22	400379	1620	3.0012197572718
22	405617	1640	5.0376143266939
22	411037	1660	3.6123847891446
22	416410	1680	2.819938695803
22	421716	1700	3.7707239640238
22	427002	1720	4.2932138274803
22	432337	1740	5.2380596503641
22	437603	1760	7.0012240581934
22	442808	1780	9.843208502769
22	448054	1800	5.7808896421621
22	452997	1820	8.2213360315279
22	457374	1840	20.034945818839
22	461191	1860	15.453126241127
22	464545	1880	15.257698965845
22	467529	1900	20.141988731621
22	470032	1920	10.214262733811
22	472092	1940	13.146878857083
22	473705	1960	8.8838951674832
22	474733	1980	5.2467828184864
22	475366	2000	2.8077518394473
23	34608	240	1573.8840259327
23	39768	260	1708.2253666054
23	45002	280	1481.1987503914
23	50183	300	1659.9326933031
23	55589	320	1704.6210237278
23	60922	340	1610.4013326578
23	66187	360	1702.0609951654
23	71542	380	1609.5692405688
23	76809	400	1701.472772166
23	82132	420	1745.3887486351
23	87526	440	1712.4810217394
23	92836	460	1747.5414176028
23	98148	480	1749.7439391255
23	103428	500	1745.8428234539
23	108742	520	1657.8461944983
23	114035	540	1701.1581945746
23	119376	560	1699.3723287716
23	124801	580	1656.5803950078
23	130099	600	1617.5418271798
23	135332	620	1524.6829043338
23	140609	640	1746.7588440008
23	145798	660	1702.406021146
23	151029	680	1618.1254314709
23	156309	700	1657.3939842169
23	161607	720	1662.4430418096
23	166858	740	1701.4523680725
23	172125	760	1700.8712619471
23	177431	780	1659.8526933806
23	182855	800	1747.7247891707
23	188167	820	1657.7561572843
23	193533	840	1706.1546667625
23	198864	860	1788.2475470344
23	204160	880	1522.4313543584
23	209498	900	1746.0746298181
23	214873	920	1659.370009981
23	220218	940	1653.7270628866
23	225659	960	1572.2641308813
23	230856	980	1521.7057968195
23	236223	1000	1608.7400272888
23	241502	1020	1699.2210962249
23	246703	1040	1698.5368079378
23	252053	1060	1794.682097231
23	257325	1080	1746.792448609
23	262662	1100	1705.5948629771
23	267912	1120	1566.7015182404
23	273250	1140	1751.2989731486
23	278539	1160	1749.6683005102
23	283827	1180	1618.9858833588
23	289148	1200	1753.059785496
23	294487	1220	1658.9150717847
23	299767	1240	1570.6120396905
23	305088	1260	1660.9013711186
23	310342	1280	1526.8658597054
23	315675	1300	1795.5214605738
23	321010	1320	1792.8315683579
23	326255	1340	1754.5276009168
23	331617	1360	1752.2772654697
23	336994	1380	1610.8028176764
23	342270	1400	1570.7817241928
23	347589	1420	1522.6196476182
23	352989	1440	1608.0382225955
23	358174	1460	1480.7820261085
23	363503	1480	1565.9775253996
23	368773	1500	1657.9901908268
23	374037	1520	1696.6173990681
23	379377	1540	1574.6893827835
23	384650	1560	1658.7033813058
23	389882	1580	1658.1889512227
23	395194	1600	1432.7529678818
23	400379	1620	1606.1332492334
23	405617	1640	1661.9078750189
23	411037	1660	1661.6910142432
23	416410	1680	1657.2717350072
23	421716	1700	1656.9134364364
23	427002	1720	1663.8695195543
23	432337	1740	1748.6459871595
23	437603	1760	1707.28649968
23	442808	1780	1801.1626126601
23	448054	1800	1483.2729973103
23	452997	1820	1661.8183685911
23	457374	1840	1260.6992426644
23	461191	1860	1301.3580212059
23	464545	1880	1125.6232544958
23	467529	1900	1037.5407464328
23	470032	1920	901.50336449223
23	472092	1940	768.34808394716
23	473705	1960	639.13642204484
23	474733	1980	455.00962893138
23	475366	2000	369.6178319786
24	34608	240	44.968115026648
24	39768	260	44.953299121194
24	45002	280	44.884810617921
24	50183	300	44.863045764947
24	55589	320	44.858447992837
24	60922	340	44.733370351606
24	66187	360	44.791078820141
24	71542	380	44.710256682467
24	76809	400	44.775599267527
24	82132	420	44.75355765731
24	87526	440	45.065290045773
24	92836	460	44.808754297507
24	98148	480	44.865229208346
24	103428	500	44.765200601382
24	108742	520	44.806653905359
24	114035	540	44.767320909858
24	119376	560	44.720324441359
24	124801	580	44.772443108318
24	130099	600	44.931717421661
24	135332	620	44.843614833346
24	140609	640	44.788688307714
24	145798	660	44.800158451211
24	151029	680	44.94792865197
24	156309	700	44.794432005863
24	161607	720	44.93089302188
24	166858	740	44.775062317699
24	172125	760	44.759770051239
24	177431	780	44.860883604881
24	182855	800	44.813456132582
24	188167	820	44.804220467145
24	193533	840	44.898807020065
24	198864	860	44.706188675859
24	204160	880	44.777392775246
24	209498	900	44.77114435431
24	214873	920	44.847838107594
24	220218	940	44.695326023961
24	225659	960	44.921832310895
24	230856	980	44.756052847632
24	236223	1000	44.687222980245
24	241502	1020	44.716344637498
24	246703	1040	44.698337050995
24	252053	1060	44.867052430774
24	257325	1080	44.789549964334
24	262662	1100	44.884075341503
24	267912	1120	44.762900521153
24	273250	1140	44.905101875605
24	278539	1160	44.863289756671
24	283827	1180	44.971830093301
24	289148	1200	44.950250910153
24	294487	1220	44.835542480669
24	299767	1240	44.874629705444
24	305088	1260	44.889226246448
24	310342	1280	44.907819403101
24	315675	1300	44.888036514344
24	321010	1320	44.820789208947
24	326255	1340	44.987887202996
24	331617	1360	44.930186294095
24	336994	1380	44.744522713232
24	342270	1400	44.879477834079
24	347589	1420	44.782930812299
24	352989	1440	44.667728405431
24	358174	1460	44.872182609349
24	363503	1480	44.742215011418
24	368773	1500	44.810545698021
24	374037	1520	44.647826291266
24	379377	1540	44.991125222386
24	384650	1560	44.829821116372
24	389882	1580	44.815917600613
24	395194	1600	44.773530246305
24	400379	1620	44.614812478705
24	405617	1640	44.916429054564
24	411037	1660	44.91056795252
24	416410	1680	44.791127973167
24	421716	1700	44.781444228012
24	427002	1720	44.96944647444
24	432337	1740	44.837076593834
24	437603	1760	44.928592096841
24	442808	1780	45.029065316502
24	448054	1800	44.947666585159
24	452997	1820	44.914009961921
24	457374	1840	45.024972952301
24	461191	1860	44.874414524342
24	464545	1880	45.024930179831
24	467529	1900	45.110467236207
24	470032	1920	45.075168224611
24	472092	1940	45.196946114539
24	473705	1960	45.652601574631
24	474733	1980	45.500962893138
24	475366	2000	46.202228997325
25	34608	240	0.6988869067834
25	39768	260	0.86454326257077
25	45002	280	1.0467432080831
25	50183	300	0.70039205984342
25	55589	320	0.81565005143399
25	60922	340	0.69664834784177
25	66187	360	0.80415196608593
25	71542	380	0.75478973972273
25	76809	400	0.79194208196463
25	82132	420	0.6961115968076
25	87526	440	1.1568007659736
25	92836	460	0.66918409657092
25	98148	480	0.8219722225031
25	103428	500	0.60735193235319
25	108742	520	0.74342640277975
25	114035	540	0.69512362022905
25	119376	560	0.70278371609662
25	124801	580	0.72663162877651
25	130099	600	1.1373318411731
25	135332	620	0.99515897517162
25	140609	640	0.82793539701296
25	145798	660	0.79965355747741
25	151029	680	1.0957677388312
25	156309	700	0.69501671715165
25	161607	720	0.95285619154464
25	166858	740	0.7010708564854
25	172125	760	0.6836061931486
25	177431	780	0.81565050476763
25	182855	800	0.88961578698812
25	188167	820	0.71562718943715
25	193533	840	1.0406324109001
25	198864	860	0.5519053893539
25	204160	880	0.75724305510091
25	209498	900	0.79617784358927
25	214873	920	0.8896809482019
25	220218	940	0.60035205386444
25	225659	960	0.98905064537192
25	230856	980	0.65636246507897
25	236223	1000	0.84135320952099
25	241502	1020	0.69857830685674
25	246703	1040	0.63933177403837
25	252053	1060	0.86988645863024
25	257325	1080	0.73221443713834
25	262662	1100	0.92675246410723
25	267912	1120	0.75995352442621
25	273250	1140	1.0522046163605
25	278539	1160	1.0302580467167
25	283827	1180	0.96494443079209
25	289148	1200	0.94272834858226
25	294487	1220	0.9824658020199
25	299767	1240	0.67469050722755
25	305088	1260	0.86454910209375
25	310342	1280	0.88328990245638
25	315675	1300	0.77708396262417
25	321010	1320	0.68433478163942
25	326255	1340	0.88330350306172
25	331617	1360	0.84317249498092
25	336994	1380	0.569220351863
25	342270	1400	0.95528182402648
25	347589	1420	0.63608048453583
25	352989	1440	0.55046260198344
25	358174	1460	0.88446678708392
25	363503	1480	0.64486080710825
25	368773	1500	0.82944223014041
25	374037	1520	0.73351197345775
25	379377	1540	1.2702842128657
25	384650	1560	0.96045143037431
25	389882	1580	0.82560177337126
25	395194	1600	0.66545607456046
25	400379	1620	0.56932311996118
25	405617	1640	1.1054824936696
25	411037	1660	0.95295791490725
25	416410	1680	0.68947466053479
25	421716	1700	0.64896942282887
25	427002	1720	0.84634787459096
25	432337	1740	0.74196908631335
25	437603	1760	0.64028745981598
25	442808	1780	0.86628234442866
25	448054	1800	0.74192947347496
25	452997	1820	0.80418068184313
25	457374	1840	1.023032475614
25	461191	1860	0.84405618030806
25	464545	1880	1.2588978368903
25	467529	1900	1.1114966961509
25	470032	1920	0.97668428663379
25	472092	1940	0.94473318550715
25	473705	1960	1.1530473143937
25	474733	1980	0.48205486519425
25	475366	2000	0.65182702746919
26	34608	240	0.48844290847326
26	39768	260	0.74743505285651
26	45002	280	1.0956713436682
26	50183	300	0.4905490374917
26	55589	320	0.66528500640426
26	60922	340	0.48531892055067
26	66187	360	0.64666038455987
26	71542	380	0.56970755119071
26	76809	400	0.62717226118647
26	82132	420	0.48457135521003
26	87526	440	1.338188012157
26	92836	460	0.44780735510343
26	98148	480	0.67563833456669
26	103428	500	0.36887636973315
26	108742	520	0.55268281635004
26	114035	540	0.48319684740034
26	119376	560	0.49390495161058
26	124801	580	0.52799352393841
26	130099	600	1.2935237169462
26	135332	620	0.99034138586464
26	140609	640	0.685477021627
26	145798	660	0.63944581198627
26	151029	680	1.2007069374633
26	156309	700	0.48304823712026
26	161607	720	0.90793492176496
26	166858	740	0.49150034581317
26	172125	760	0.46731742731113
26	177431	780	0.6652857459277
26	182855	800	0.79141624845849
26	188167	820	0.51212227426171
26	193533	840	1.0829158146158
26	198864	860	0.30459955879788
26	204160	880	0.57341704449856
26	209498	900	0.63389915862246
26	214873	920	0.79153218959343
26	220218	940	0.36042258857925
26	225659	960	0.9782211791106
26	230856	980	0.43081168556454
26	236223	1000	0.70787522317128
26	241502	1020	0.48801165081083
26	246703	1040	0.40874511729505
26	252053	1060	0.75670245090827
26	257325	1080	0.53613798195381
26	262662	1100	0.85887012972882
26	267912	1120	0.57752935928782
26	273250	1140	1.1071345546904
26	278539	1160	1.0614316428246
26	283827	1180	0.93111775451667
26	289148	1200	0.88873673922063
26	294487	1220	0.96523905213861
26	299767	1240	0.45520728054297
26	305088	1260	0.74744514993111
26	310342	1280	0.7802010517814
26	315675	1300	0.60385948496768
26	321010	1320	0.46831409336147
26	326255	1340	0.78022507852111
26	331617	1360	0.71093985629235
26	336994	1380	0.32401180897503
26	342270	1400	0.91256336331536
26	347589	1420	0.40459838280734
26	352989	1440	0.30300907618238
26	358174	1460	0.78228149745455
26	363503	1480	0.4158454605443
26	368773	1500	0.6879744131403
26	374037	1520	0.53803981520589
26	379377	1540	1.6136219814558
26	384650	1560	0.92246695010805
26	389882	1580	0.68161828819377
26	395194	1600	0.44283178716941
26	400379	1620	0.32412881492234
26	405617	1640	1.22209154381
26	411037	1660	0.90812878758438
26	416410	1680	0.47537530751956
26	421716	1700	0.42116131176683
26	427002	1720	0.71630472482463
26	432337	1740	0.55051812504466
26	437603	1760	0.40996803119759
26	442808	1780	0.75044510026881
26	448054	1800	0.55045934361084
26	452997	1820	0.64670656904969
26	457374	1840	1.0465954461608
26	461191	1860	0.71243083551623
26	464545	1880	1.5848237637271
26	467529	1900	1.2354249055544
26	470032	1920	0.95391219575735
26	472092	1940	0.89252079179849
26	473705	1960	1.3295181092306
26	474733	1980	0.23237689305745
26	475366	2000	0.42487847373932
