version 2
run statisticRVV-159-20150327-09:58:40-16948
attr c 9
attr configname statisticRVV
attr datetime 20150327-09:58:40
attr experiment statisticRVV
attr inifile omnetpp.ini
attr iterationvars "$sc=\"erlangen-medium.launchd.xml\", $p=1/10, $c=9"
attr iterationvars2 "$sc=\"erlangen-medium.launchd.xml\", $p=1/10, $c=9, $repetition=9"
attr measurement "$sc=\"erlangen-medium.launchd.xml\", $p=1/10, $c=9"
attr network RSUExampleScenario
attr p 1/10
attr processid 16948
attr repetition 9
attr replication #9
attr resultdir results
attr runnumber 159
attr sc "\"erlangen-medium.launchd.xml\""
attr seedset 159

vector 0  RSUExampleScenario.rsu[0].appl  Number_CH  ETV
vector 1  RSUExampleScenario.rsu[0].appl  Number_ON  ETV
vector 2  RSUExampleScenario.rsu[0].appl  Number_FN  ETV
vector 3  RSUExampleScenario.rsu[0].appl  Number_CH_Losts  ETV
vector 4  RSUExampleScenario.rsu[0].appl  Number_CH_Losts  ETV
vector 5  RSUExampleScenario.rsu[0].appl  Mean_Cluster_Size  ETV
vector 6  RSUExampleScenario.rsu[0].appl  StdDev_Cluster_Size  ETV
vector 7  RSUExampleScenario.rsu[0].appl  Variance_Cluster_Size  ETV
vector 8  RSUExampleScenario.rsu[0].appl  Mean_Neighbors  ETV
vector 9  RSUExampleScenario.rsu[0].appl  StdDev_Neighbors  ETV
vector 10  RSUExampleScenario.rsu[0].appl  Variance_Neighbors  ETV
vector 11  RSUExampleScenario.rsu[0].appl  Total_CH_Utility  ETV
vector 12  RSUExampleScenario.rsu[0].appl  Mean_CH_Utility  ETV
vector 13  RSUExampleScenario.rsu[0].appl  StdDev_CH_Utility  ETV
vector 14  RSUExampleScenario.rsu[0].appl  Variance_CH_Utility  ETV
vector 15  RSUExampleScenario.rsu[0].appl  Total_exp_CH_Utility  ETV
vector 16  RSUExampleScenario.rsu[0].appl  Mean_exp_CH_Utility  ETV
vector 17  RSUExampleScenario.rsu[0].appl  StdDev_exp_CH_Utility  ETV
vector 18  RSUExampleScenario.rsu[0].appl  Variance_exp_CH_Utility  ETV
vector 19  RSUExampleScenario.rsu[0].appl  Total_ON_Utility  ETV
vector 20  RSUExampleScenario.rsu[0].appl  Mean_ON_Utility  ETV
vector 21  RSUExampleScenario.rsu[0].appl  StdDev_ON_Utility  ETV
vector 22  RSUExampleScenario.rsu[0].appl  Variance_ON_Utility  ETV
vector 23  RSUExampleScenario.rsu[0].appl  Total_exp_ON_Utility  ETV
vector 24  RSUExampleScenario.rsu[0].appl  Mean_exp_ON_Utility  ETV
vector 25  RSUExampleScenario.rsu[0].appl  StdDev_exp_ON_Utility  ETV
vector 26  RSUExampleScenario.rsu[0].appl  Variance_exp_ON_Utility  ETV
0	145195	240	11
0	171237	260	9
0	198407	280	8
0	225790	300	12
0	253233	320	9
0	280468	340	8
0	307719	360	8
0	335537	380	11
0	363494	400	9
0	391983	420	17
0	420889	440	6
0	450677	460	10
0	481003	480	10
0	511383	500	8
0	542643	520	12
0	574574	540	9
0	607215	560	8
0	640653	580	12
0	674806	600	15
0	710212	620	18
0	746231	640	11
0	783866	660	10
0	822895	680	9
0	862431	700	14
0	903401	720	10
0	945962	740	12
0	989018	760	10
0	1033126	780	14
0	1079230	800	13
0	1126108	820	12
0	1173625	840	11
0	1222865	860	10
0	1273189	880	14
0	1324818	900	11
0	1377552	920	10
0	1431884	940	8
0	1487208	960	10
0	1543489	980	20
0	1601194	1000	15
0	1660755	1020	8
0	1721763	1040	11
0	1784403	1060	17
0	1848884	1080	13
0	1915344	1100	17
0	1983122	1120	16
0	2052900	1140	13
0	2124466	1160	17
0	2198366	1180	12
0	2273658	1200	13
0	2350254	1220	13
0	2429683	1240	18
0	2510890	1260	12
0	2594733	1280	16
0	2680030	1300	15
0	2767254	1320	22
0	2856464	1340	23
0	2948387	1360	16
0	3041599	1380	14
0	3137306	1400	15
0	3235011	1420	13
0	3335023	1440	15
0	3437756	1460	14
0	3542281	1480	11
0	3649055	1500	17
0	3758135	1520	19
0	3869430	1540	13
0	3983623	1560	24
0	4099488	1580	15
0	4217466	1600	15
0	4337727	1620	17
0	4461041	1640	19
0	4586350	1660	15
0	4714730	1680	17
0	4844707	1700	17
0	4977639	1720	26
0	5112899	1740	19
0	5250782	1760	21
0	5390323	1780	15
0	5532854	1800	19
0	5677517	1820	21
0	5825033	1840	27
0	5973713	1860	9
0	6126060	1880	24
0	6281163	1900	18
0	6438885	1920	20
0	6599154	1940	26
0	6761556	1960	21
0	6926784	1980	17
0	7094705	2000	17
1	145195	240	53
1	171237	260	55
1	198407	280	64
1	225790	300	73
1	253233	320	57
1	280468	340	55
1	307719	360	66
1	335537	380	71
1	363494	400	49
1	391983	420	76
1	420889	440	37
1	450677	460	68
1	481003	480	60
1	511383	500	57
1	542643	520	76
1	574574	540	56
1	607215	560	55
1	640653	580	57
1	674806	600	87
1	710212	620	87
1	746231	640	85
1	783866	660	54
1	822895	680	72
1	862431	700	84
1	903401	720	64
1	945962	740	69
1	989018	760	72
1	1033126	780	98
1	1079230	800	90
1	1126108	820	74
1	1173625	840	60
1	1222865	860	70
1	1273189	880	84
1	1324818	900	74
1	1377552	920	76
1	1431884	940	66
1	1487208	960	78
1	1543489	980	103
1	1601194	1000	101
1	1660755	1020	69
1	1721763	1040	73
1	1784403	1060	106
1	1848884	1080	96
1	1915344	1100	97
1	1983122	1120	111
1	2052900	1140	92
1	2124466	1160	113
1	2198366	1180	87
1	2273658	1200	101
1	2350254	1220	65
1	2429683	1240	119
1	2510890	1260	75
1	2594733	1280	97
1	2680030	1300	104
1	2767254	1320	103
1	2856464	1340	122
1	2948387	1360	110
1	3041599	1380	101
1	3137306	1400	102
1	3235011	1420	96
1	3335023	1440	103
1	3437756	1460	106
1	3542281	1480	94
1	3649055	1500	86
1	3758135	1520	132
1	3869430	1540	105
1	3983623	1560	116
1	4099488	1580	110
1	4217466	1600	109
1	4337727	1620	119
1	4461041	1640	112
1	4586350	1660	90
1	4714730	1680	125
1	4844707	1700	121
1	4977639	1720	129
1	5112899	1740	121
1	5250782	1760	132
1	5390323	1780	114
1	5532854	1800	127
1	5677517	1820	140
1	5825033	1840	137
1	5973713	1860	71
1	6126060	1880	147
1	6281163	1900	125
1	6438885	1920	134
1	6599154	1940	148
1	6761556	1960	124
1	6926784	1980	120
1	7094705	2000	128
2	145195	240	16
2	171237	260	22
2	198407	280	20
2	225790	300	8
2	253233	320	28
2	280468	340	30
2	307719	360	20
2	335537	380	14
2	363494	400	36
2	391983	420	5
2	420889	440	54
2	450677	460	23
2	481003	480	31
2	511383	500	36
2	542643	520	14
2	574574	540	38
2	607215	560	44
2	640653	580	37
2	674806	600	5
2	710212	620	5
2	746231	640	14
2	783866	660	47
2	822895	680	33
2	862431	700	15
2	903401	720	41
2	945962	740	36
2	989018	760	35
2	1033126	780	7
2	1079230	800	17
2	1126108	820	36
2	1173625	840	51
2	1222865	860	45
2	1273189	880	28
2	1324818	900	42
2	1377552	920	42
2	1431884	940	55
2	1487208	960	42
2	1543489	980	9
2	1601194	1000	17
2	1660755	1020	58
2	1721763	1040	52
2	1784403	1060	14
2	1848884	1080	30
2	1915344	1100	27
2	1983122	1120	14
2	2052900	1140	39
2	2124466	1160	14
2	2198366	1180	47
2	2273658	1200	32
2	2350254	1220	67
2	2429683	1240	11
2	2510890	1260	62
2	2594733	1280	38
2	2680030	1300	33
2	2767254	1320	27
2	2856464	1340	9
2	2948387	1360	31
2	3041599	1380	40
2	3137306	1400	40
2	3235011	1420	49
2	3335023	1440	43
2	3437756	1460	41
2	3542281	1480	59
2	3649055	1500	60
2	3758135	1520	15
2	3869430	1540	49
2	3983623	1560	28
2	4099488	1580	46
2	4217466	1600	45
2	4337727	1620	36
2	4461041	1640	41
2	4586350	1660	70
2	4714730	1680	33
2	4844707	1700	38
2	4977639	1720	23
2	5112899	1740	39
2	5250782	1760	28
2	5390323	1780	53
2	5532854	1800	36
2	5677517	1820	23
2	5825033	1840	22
2	5973713	1860	107
2	6126060	1880	18
2	6281163	1900	46
2	6438885	1920	35
2	6599154	1940	18
2	6761556	1960	48
2	6926784	1980	58
2	7094705	2000	51
3	145195	240	0
3	171237	260	0
3	198407	280	0
3	225790	300	0
3	253233	320	0
3	280468	340	0
3	307719	360	0
3	335537	380	1
3	363494	400	0
3	391983	420	0
3	420889	440	0
3	450677	460	1
3	481003	480	1
3	511383	500	0
3	542643	520	2
3	574574	540	2
3	607215	560	0
3	640653	580	1
3	674806	600	0
3	710212	620	0
3	746231	640	0
3	783866	660	0
3	822895	680	1
3	862431	700	1
3	903401	720	0
3	945962	740	0
3	989018	760	0
3	1033126	780	0
3	1079230	800	0
3	1126108	820	0
3	1173625	840	2
3	1222865	860	0
3	1273189	880	0
3	1324818	900	0
3	1377552	920	1
3	1431884	940	1
3	1487208	960	0
3	1543489	980	0
3	1601194	1000	1
3	1660755	1020	0
3	1721763	1040	0
3	1784403	1060	0
3	1848884	1080	0
3	1915344	1100	0
3	1983122	1120	0
3	2052900	1140	1
3	2124466	1160	0
3	2198366	1180	1
3	2273658	1200	0
3	2350254	1220	1
3	2429683	1240	2
3	2510890	1260	0
3	2594733	1280	0
3	2680030	1300	0
3	2767254	1320	0
3	2856464	1340	1
3	2948387	1360	0
3	3041599	1380	0
3	3137306	1400	1
3	3235011	1420	0
3	3335023	1440	0
3	3437756	1460	0
3	3542281	1480	0
3	3649055	1500	1
3	3758135	1520	1
3	3869430	1540	0
3	3983623	1560	2
3	4099488	1580	0
3	4217466	1600	0
3	4337727	1620	0
3	4461041	1640	0
3	4586350	1660	1
3	4714730	1680	0
3	4844707	1700	0
3	4977639	1720	1
3	5112899	1740	0
3	5250782	1760	0
3	5390323	1780	0
3	5532854	1800	0
3	5677517	1820	2
3	5825033	1840	0
3	5973713	1860	0
3	6126060	1880	0
3	6281163	1900	0
3	6438885	1920	1
3	6599154	1940	1
3	6761556	1960	1
3	6926784	1980	0
3	7094705	2000	0
4	145195	240	15
4	171237	260	21
4	198407	280	19
4	225790	300	8
4	253233	320	28
4	280468	340	30
4	307719	360	20
4	335537	380	13
4	363494	400	36
4	391983	420	5
4	420889	440	54
4	450677	460	21
4	481003	480	29
4	511383	500	36
4	542643	520	12
4	574574	540	36
4	607215	560	43
4	640653	580	36
4	674806	600	5
4	710212	620	5
4	746231	640	14
4	783866	660	47
4	822895	680	32
4	862431	700	14
4	903401	720	41
4	945962	740	36
4	989018	760	35
4	1033126	780	7
4	1079230	800	17
4	1126108	820	36
4	1173625	840	48
4	1222865	860	45
4	1273189	880	28
4	1324818	900	42
4	1377552	920	41
4	1431884	940	53
4	1487208	960	42
4	1543489	980	8
4	1601194	1000	16
4	1660755	1020	58
4	1721763	1040	52
4	1784403	1060	14
4	1848884	1080	30
4	1915344	1100	27
4	1983122	1120	14
4	2052900	1140	38
4	2124466	1160	14
4	2198366	1180	46
4	2273658	1200	32
4	2350254	1220	66
4	2429683	1240	9
4	2510890	1260	62
4	2594733	1280	38
4	2680030	1300	33
4	2767254	1320	27
4	2856464	1340	8
4	2948387	1360	31
4	3041599	1380	40
4	3137306	1400	39
4	3235011	1420	49
4	3335023	1440	42
4	3437756	1460	41
4	3542281	1480	59
4	3649055	1500	59
4	3758135	1520	14
4	3869430	1540	49
4	3983623	1560	26
4	4099488	1580	46
4	4217466	1600	45
4	4337727	1620	36
4	4461041	1640	40
4	4586350	1660	69
4	4714730	1680	33
4	4844707	1700	38
4	4977639	1720	22
4	5112899	1740	39
4	5250782	1760	28
4	5390323	1780	52
4	5532854	1800	36
4	5677517	1820	21
4	5825033	1840	22
4	5973713	1860	107
4	6126060	1880	18
4	6281163	1900	46
4	6438885	1920	34
4	6599154	1940	17
4	6761556	1960	47
4	6926784	1980	58
4	7094705	2000	50
5	145195	240	4.8181818181818
5	171237	260	6.1111111111111
5	198407	280	8
5	225790	300	6.0833333333333
5	253233	320	6.3333333333333
5	280468	340	6.875
5	307719	360	8.25
5	335537	380	6.4545454545455
5	363494	400	5.4444444444444
5	391983	420	4.4705882352941
5	420889	440	6.1666666666667
5	450677	460	6.8
5	481003	480	6
5	511383	500	7.125
5	542643	520	6.3333333333333
5	574574	540	6.2222222222222
5	607215	560	6.875
5	640653	580	4.75
5	674806	600	5.8
5	710212	620	4.8333333333333
5	746231	640	7.7272727272727
5	783866	660	5.4
5	822895	680	8
5	862431	700	6
5	903401	720	6.4
5	945962	740	5.75
5	989018	760	7.2
5	1033126	780	7
5	1079230	800	6.9230769230769
5	1126108	820	6.1666666666667
5	1173625	840	5.4545454545455
5	1222865	860	7
5	1273189	880	6
5	1324818	900	6.7272727272727
5	1377552	920	7.6
5	1431884	940	8.25
5	1487208	960	7.8
5	1543489	980	5.15
5	1601194	1000	6.7333333333333
5	1660755	1020	8.625
5	1721763	1040	6.6363636363636
5	1784403	1060	6.2352941176471
5	1848884	1080	7.3846153846154
5	1915344	1100	5.7058823529412
5	1983122	1120	6.9375
5	2052900	1140	7.0769230769231
5	2124466	1160	6.6470588235294
5	2198366	1180	7.25
5	2273658	1200	7.7692307692308
5	2350254	1220	5
5	2429683	1240	6.6111111111111
5	2510890	1260	6.25
5	2594733	1280	6.0625
5	2680030	1300	6.9333333333333
5	2767254	1320	4.6818181818182
5	2856464	1340	5.304347826087
5	2948387	1360	6.875
5	3041599	1380	7.2142857142857
5	3137306	1400	6.8
5	3235011	1420	7.3846153846154
5	3335023	1440	6.8666666666667
5	3437756	1460	7.5714285714286
5	3542281	1480	8.5454545454545
5	3649055	1500	5.0588235294118
5	3758135	1520	6.9473684210526
5	3869430	1540	8.0769230769231
5	3983623	1560	4.8333333333333
5	4099488	1580	7.3333333333333
5	4217466	1600	7.2666666666667
5	4337727	1620	7
5	4461041	1640	5.8947368421053
5	4586350	1660	6
5	4714730	1680	7.3529411764706
5	4844707	1700	7.1176470588235
5	4977639	1720	4.9615384615385
5	5112899	1740	6.3684210526316
5	5250782	1760	6.2857142857143
5	5390323	1780	7.6
5	5532854	1800	6.6842105263158
5	5677517	1820	6.6666666666667
5	5825033	1840	5.0740740740741
5	5973713	1860	7.8888888888889
5	6126060	1880	6.125
5	6281163	1900	6.9444444444444
5	6438885	1920	6.7
5	6599154	1940	5.6923076923077
5	6761556	1960	5.9047619047619
5	6926784	1980	7.0588235294118
5	7094705	2000	7.5294117647059
6	145195	240	2.7502066038093
6	171237	260	2.368778400592
6	198407	280	1.5118578920369
6	225790	300	2.2746961169005
6	253233	320	2.3979157616564
6	280468	340	2.6958963523951
6	307719	360	0.46291004988628
6	335537	380	2.2074254852038
6	363494	400	1.9436506316151
6	391983	420	2.3215740096652
6	420889	440	2.7868739954771
6	450677	460	1.9888578520235
6	481003	480	3.1622776601684
6	511383	500	2.1001700611413
6	542643	520	2.4618298195867
6	574574	540	2.488864087178
6	607215	560	2.8504385627478
6	640653	580	2.3788843832963
6	674806	600	2.3360528369758
6	710212	620	2.0934070175617
6	746231	640	1.5550504230352
6	783866	660	3.1340424729448
6	822895	680	1.5811388300842
6	862431	700	2.3858557568109
6	903401	720	2.1705094128133
6	945962	740	2.6671401094874
6	989018	760	1.6193277068655
6	1033126	780	1.8397324220156
6	1079230	800	1.8009968749528
6	1126108	820	2.289634084832
6	1173625	840	3.0777796010643
6	1222865	860	2.9439202887759
6	1273189	880	2.2188007849009
6	1324818	900	2.2401298663653
6	1377552	920	1.6465452046971
6	1431884	940	0.88640526042792
6	1487208	960	1.873795909674
6	1543489	980	2.207046132635
6	1601194	1000	1.7915143899851
6	1660755	1020	0.51754916950677
6	1721763	1040	2.766684921444
6	1784403	1060	2.5379472946829
6	1848884	1080	2.3992520201951
6	1915344	1100	1.8962036376123
6	1983122	1120	1.8786076404259
6	2052900	1140	1.7059473644449
6	2124466	1160	1.9020113193206
6	2198366	1180	2.0943647333651
6	2273658	1200	1.3634420996047
6	2350254	1220	2.6457513110646
6	2429683	1240	2.3549419597916
6	2510890	1260	2.0943647333651
6	2594733	1280	2.4349880218733
6	2680030	1300	1.9808608037441
6	2767254	1320	2.8011284058965
6	2856464	1340	2.4389785978541
6	2948387	1360	1.5864005379054
6	3041599	1380	1.1217137594956
6	3137306	1400	2.111194651647
6	3235011	1420	1.1208970766356
6	3335023	1440	2.4746332099545
6	3437756	1460	1.6508406117111
6	3542281	1480	0.68755165095233
6	3649055	1500	2.8825029972945
6	3758135	1520	2.0942695414585
6	3869430	1540	1.115163550153
6	3983623	1560	2.6320213205603
6	4099488	1580	1.838736626315
6	4217466	1600	2.4043611170023
6	4337727	1620	1.7320508075689
6	4461041	1640	2.4242922642405
6	4586350	1660	3.4434202266268
6	4714730	1680	1.5788119136944
6	4844707	1700	2.2880765104443
6	4977639	1720	2.6302968536767
6	5112899	1740	2.3383404921675
6	5250782	1760	2.3268617737815
6	5390323	1780	1.4540583599999
6	5532854	1800	2.3345861298442
6	5677517	1820	2.3944379994757
6	5825033	1840	2.4639856069436
6	5973713	1860	1.6914819275154
6	6126060	1880	2.5248762345905
6	6281163	1900	1.7647603477434
6	6438885	1920	1.9221698265516
6	6599154	1940	2.6194538479497
6	6761556	1960	2.4880667576406
6	6926784	1980	1.7843271923646
6	7094705	2000	1.3746657347708
7	145195	240	7.5636363636364
7	171237	260	5.6111111111111
7	198407	280	2.2857142857143
7	225790	300	5.1742424242424
7	253233	320	5.75
7	280468	340	7.2678571428571
7	307719	360	0.21428571428571
7	335537	380	4.8727272727273
7	363494	400	3.7777777777778
7	391983	420	5.3897058823529
7	420889	440	7.7666666666667
7	450677	460	3.9555555555556
7	481003	480	10
7	511383	500	4.4107142857143
7	542643	520	6.0606060606061
7	574574	540	6.1944444444444
7	607215	560	8.125
7	640653	580	5.6590909090909
7	674806	600	5.4571428571429
7	710212	620	4.3823529411765
7	746231	640	2.4181818181818
7	783866	660	9.8222222222222
7	822895	680	2.5
7	862431	700	5.6923076923077
7	903401	720	4.7111111111111
7	945962	740	7.1136363636364
7	989018	760	2.6222222222222
7	1033126	780	3.3846153846154
7	1079230	800	3.2435897435897
7	1126108	820	5.2424242424242
7	1173625	840	9.4727272727273
7	1222865	860	8.6666666666667
7	1273189	880	4.9230769230769
7	1324818	900	5.0181818181818
7	1377552	920	2.7111111111111
7	1431884	940	0.78571428571429
7	1487208	960	3.5111111111111
7	1543489	980	4.8710526315789
7	1601194	1000	3.2095238095238
7	1660755	1020	0.26785714285714
7	1721763	1040	7.6545454545455
7	1784403	1060	6.4411764705882
7	1848884	1080	5.7564102564103
7	1915344	1100	3.5955882352941
7	1983122	1120	3.5291666666667
7	2052900	1140	2.9102564102564
7	2124466	1160	3.6176470588235
7	2198366	1180	4.3863636363636
7	2273658	1200	1.8589743589744
7	2350254	1220	7
7	2429683	1240	5.5457516339869
7	2510890	1260	4.3863636363636
7	2594733	1280	5.9291666666667
7	2680030	1300	3.9238095238095
7	2767254	1320	7.8463203463203
7	2856464	1340	5.9486166007905
7	2948387	1360	2.5166666666667
7	3041599	1380	1.2582417582418
7	3137306	1400	4.4571428571429
7	3235011	1420	1.2564102564103
7	3335023	1440	6.1238095238095
7	3437756	1460	2.7252747252747
7	3542281	1480	0.47272727272727
7	3649055	1500	8.3088235294118
7	3758135	1520	4.3859649122807
7	3869430	1540	1.2435897435897
7	3983623	1560	6.9275362318841
7	4099488	1580	3.3809523809524
7	4217466	1600	5.7809523809524
7	4337727	1620	3
7	4461041	1640	5.8771929824561
7	4586350	1660	11.857142857143
7	4714730	1680	2.4926470588235
7	4844707	1700	5.2352941176471
7	4977639	1720	6.9184615384615
7	5112899	1740	5.4678362573099
7	5250782	1760	5.4142857142857
7	5390323	1780	2.1142857142857
7	5532854	1800	5.4502923976608
7	5677517	1820	5.7333333333333
7	5825033	1840	6.0712250712251
7	5973713	1860	2.8611111111111
7	6126060	1880	6.375
7	6281163	1900	3.1143790849673
7	6438885	1920	3.6947368421053
7	6599154	1940	6.8615384615385
7	6761556	1960	6.1904761904762
7	6926784	1980	3.1838235294118
7	7094705	2000	1.8897058823529
8	145195	240	22.632911392405
8	171237	260	22.882352941176
8	198407	280	22.384615384615
8	225790	300	22.634408602151
8	253233	320	22.404255319149
8	280468	340	22.387096774194
8	307719	360	22.191489361702
8	335537	380	21.9375
8	363494	400	22.446808510638
8	391983	420	21.826530612245
8	420889	440	22.247422680412
8	450677	460	22.23
8	481003	480	22.34
8	511383	500	22.60396039604
8	542643	520	22.588235294118
8	574574	540	22.834951456311
8	607215	560	23.047169811321
8	640653	580	23.018867924528
8	674806	600	23.560747663551
8	710212	620	23.927272727273
8	746231	640	24.372727272727
8	783866	660	24.864864864865
8	822895	680	25.587719298246
8	862431	700	25.752212389381
8	903401	720	27.095652173913
8	945962	740	27.153846153846
8	989018	760	27.897435897436
8	1033126	780	28.218487394958
8	1079230	800	28.525
8	1126108	820	29.024590163934
8	1173625	840	29.057851239669
8	1222865	860	29.36
8	1273189	880	30.095238095238
8	1324818	900	30.023622047244
8	1377552	920	30.703125
8	1431884	940	30.71875
8	1487208	960	31.1
8	1543489	980	31.541984732824
8	1601194	1000	31.954545454545
8	1660755	1020	31.874074074074
8	1721763	1040	32.970588235294
8	1784403	1060	33.313868613139
8	1848884	1080	34
8	1915344	1100	34.765957446809
8	1983122	1120	35.574468085106
8	2052900	1140	35.722222222222
8	2124466	1160	36.763888888889
8	2198366	1180	37.315068493151
8	2273658	1200	37.828767123288
8	2350254	1220	38.696551724138
8	2429683	1240	39.297297297297
8	2510890	1260	40.38255033557
8	2594733	1280	41.092715231788
8	2680030	1300	41.559210526316
8	2767254	1320	42.414473684211
8	2856464	1340	42.844155844156
8	2948387	1360	43.305732484076
8	3041599	1380	44.187096774194
8	3137306	1400	44.987261146497
8	3235011	1420	45.708860759494
8	3335023	1440	46.225
8	3437756	1460	46.751552795031
8	3542281	1480	47.243902439024
8	3649055	1500	48.429447852761
8	3758135	1520	48.897590361446
8	3869430	1540	49.718562874251
8	3983623	1560	49.845238095238
8	4099488	1580	50.695906432749
8	4217466	1600	50.970414201183
8	4337727	1620	51.552325581395
8	4461041	1640	52.584795321637
8	4586350	1660	52.571428571429
8	4714730	1680	53.617142857143
8	4844707	1700	53.806818181818
8	4977639	1720	54.393258426966
8	5112899	1740	55.139664804469
8	5250782	1760	55.475138121547
8	5390323	1780	55.911602209945
8	5532854	1800	56.489010989011
8	5677517	1820	56.771739130435
8	5825033	1840	57.247311827957
8	5973713	1860	57.748663101604
8	6126060	1880	58.095238095238
8	6281163	1900	59.201058201058
8	6438885	1920	60.190476190476
8	6599154	1940	60.395833333333
8	6761556	1960	61.010362694301
8	6926784	1980	61.415384615385
8	7094705	2000	61.979487179487
9	145195	240	4.9463200908116
9	171237	260	4.1873157804706
9	198407	280	4.5381573127065
9	225790	300	4.4934371134021
9	253233	320	4.3361921478082
9	280468	340	4.3289527252044
9	307719	360	4.4244593758676
9	335537	380	5.00065785146
9	363494	400	4.4033638687698
9	391983	420	4.8055498633085
9	420889	440	4.0723430188566
9	450677	460	4.1288710027774
9	481003	480	4.4748906651053
9	511383	500	3.4672156204101
9	542643	520	3.2315062275267
9	574574	540	2.7798190355074
9	607215	560	3.960235864721
9	640653	580	3.6955085533799
9	674806	600	2.7683438618807
9	710212	620	3.6865963291015
9	746231	640	3.6620019864537
9	783866	660	4.5775866735978
9	822895	680	4.9238653129045
9	862431	700	4.9615143379735
9	903401	720	5.9160411031446
9	945962	740	6.7970776994227
9	989018	760	6.857395473432
9	1033126	780	7.042437540099
9	1079230	800	7.3048418385147
9	1126108	820	8.0386084017856
9	1173625	840	7.1998813886771
9	1222865	860	8.570768023703
9	1273189	880	9.1899323796673
9	1324818	900	9.577142569291
9	1377552	920	9.845546876994
9	1431884	940	9.9510118980572
9	1487208	960	10.276676384872
9	1543489	980	10.832472224385
9	1601194	1000	11.308217397443
9	1660755	1020	12.047437102585
9	1721763	1040	12.79637748304
9	1784403	1060	12.665232531258
9	1848884	1080	13.426126379757
9	1915344	1100	14.089833365066
9	1983122	1120	13.777950315399
9	2052900	1140	15.023266079602
9	2124466	1160	15.313500653126
9	2198366	1180	16.164138009232
9	2273658	1200	16.338387034323
9	2350254	1220	16.812827501119
9	2429683	1240	17.470075273469
9	2510890	1260	17.999098068783
9	2594733	1280	18.932283184507
9	2680030	1300	19.227027594017
9	2767254	1320	19.681047486979
9	2856464	1340	20.261728587689
9	2948387	1360	21.465733701372
9	3041599	1380	21.178213228281
9	3137306	1400	21.977840606097
9	3235011	1420	22.195513346319
9	3335023	1440	22.827477098703
9	3437756	1460	23.822529005098
9	3542281	1480	24.07277360109
9	3649055	1500	24.673414823975
9	3758135	1520	25.322556603675
9	3869430	1540	25.446349473681
9	3983623	1560	26.040500030897
9	4099488	1580	26.047714942627
9	4217466	1600	26.522996768192
9	4337727	1620	26.698065842046
9	4461041	1640	26.3779676856
9	4586350	1660	26.927836422265
9	4714730	1680	27.216390068147
9	4844707	1700	27.577986233141
9	4977639	1720	27.571629559283
9	5112899	1740	27.864994388059
9	5250782	1760	28.265520625504
9	5390323	1780	28.559546529562
9	5532854	1800	28.809095212663
9	5677517	1820	28.994856623548
9	5825033	1840	29.752730844994
9	5973713	1860	29.396911838192
9	6126060	1880	29.510391760946
9	6281163	1900	30.182455784315
9	6438885	1920	30.48535948381
9	6599154	1940	30.672046439874
9	6761556	1960	31.270824667549
9	6926784	1980	31.497451528897
9	7094705	2000	31.64265015788
10	145195	240	24.466082440766
10	171237	260	17.533613445378
10	198407	280	20.594871794872
10	225790	300	20.190977092099
10	253233	320	18.802562342713
10	280468	340	18.739831697055
10	307719	360	19.575840768703
10	335537	380	25.006578947368
10	363494	400	19.389613360787
10	391983	420	23.093309488744
10	420889	440	16.58397766323
10	450677	460	17.047575757576
10	481003	480	20.024646464646
10	511383	500	12.021584158416
10	542643	520	10.442632498544
10	574574	540	7.7273938701694
10	607215	560	15.683468104223
10	640653	580	13.656783468104
10	674806	600	7.6637277376124
10	710212	620	13.590992493745
10	746231	640	13.410258548791
10	783866	660	20.9542997543
10	822895	680	24.244449619624
10	862431	700	24.616624525917
10	903401	720	34.999542334096
10	945962	740	46.200265251989
10	989018	760	47.023872679045
10	1033126	780	49.595926506196
10	1079230	800	53.360714285714
10	1126108	820	64.619225037258
10	1173625	840	51.838292011019
10	1222865	860	73.458064516129
10	1273189	880	84.454857142857
10	1324818	900	91.721659792526
10	1377552	920	96.934793307087
10	1431884	940	99.022637795276
10	1487208	960	105.61007751938
10	1543489	980	117.34245449207
10	1601194	1000	127.87578070784
10	1660755	1020	145.14074074074
10	1721763	1040	163.74727668845
10	1784403	1060	160.40811507085
10	1848884	1080	180.26086956522
10	1915344	1100	198.52340425532
10	1983122	1120	189.83191489362
10	2052900	1140	225.69852369852
10	2124466	1160	234.5033022533
10	2198366	1180	261.27935758148
10	2273658	1200	266.94289088333
10	2350254	1220	282.67116858238
10	2429683	1240	305.20353006067
10	2510890	1260	323.96753128968
10	2594733	1280	358.43134657837
10	2680030	1300	369.67859010108
10	2767254	1320	387.34363018473
10	2856464	1340	410.53764536117
10	2948387	1360	460.77772333823
10	3041599	1380	448.51671554252
10	3137306	1400	483.02547770701
10	3235011	1420	492.6408127066
10	3335023	1440	521.09371069182
10	3437756	1460	567.51288819876
10	3542281	1480	579.49842884932
10	3649055	1500	608.77739907597
10	3758135	1520	641.23187294633
10	3869430	1540	647.51670153669
10	3983623	1560	678.10764185914
10	4099488	1580	678.48345373237
10	4217466	1600	703.46935756551
10	4337727	1620	712.78671970624
10	4461041	1640	695.79717922257
10	4586350	1660	725.10837438424
10	4714730	1680	740.73188834154
10	4844707	1700	760.54532467532
10	4977639	1720	760.19475655431
10	5112899	1740	776.45791224656
10	5250782	1760	798.93965623082
10	5390323	1780	815.64769797422
10	5532854	1800	829.96396697225
10	5677517	1820	840.7017106201
10	5825033	1840	885.22499273467
10	5973713	1860	864.17842562245
10	6126060	1880	870.8632218845
10	6281163	1900	910.98063717213
10	6438885	1920	929.35714285714
10	6599154	1940	940.77443280977
10	6761556	1960	977.8644753886
10	6926784	1980	992.08945281523
10	7094705	2000	1001.257309014
11	145195	240	516.74041654395
11	171237	260	422.40272092363
11	198407	280	370.00422676636
11	225790	300	565.51702729407
11	253233	320	417.5144509414
11	280468	340	379.04325137646
11	307719	360	366.02504094367
11	335537	380	516.42333627906
11	363494	400	423.40336386712
11	391983	420	799.49929598638
11	420889	440	289.97622696346
11	450677	460	474.96623183059
11	481003	480	467.6474310779
11	511383	500	373.47796432733
11	542643	520	564.71531004527
11	574574	540	435.46388796476
11	607215	560	383.79726074403
11	640653	580	565.20860364867
11	674806	600	706.56785460982
11	710212	620	851.10131086646
11	746231	640	520.07704984654
11	783866	660	481.32426365993
11	822895	680	426.16003980314
11	862431	700	673.65556731654
11	903401	720	483.56508772884
11	945962	740	571.7159013276
11	989018	760	468.95797809848
11	1033126	780	660.56822538039
11	1079230	800	612.62398105472
11	1126108	820	572.18423585455
11	1173625	840	516.128204437
11	1222865	860	477.73228199978
11	1273189	880	666.37068693845
11	1324818	900	523.22718238612
11	1377552	920	472.99390924279
11	1431884	940	378.89137020027
11	1487208	960	474.24449364679
11	1543489	980	972.96719053784
11	1601194	1000	714.28125005786
11	1660755	1020	379.69698633949
11	1721763	1040	523.41328389557
11	1784403	1060	809.28011673512
11	1848884	1080	626.56853906468
11	1915344	1100	822.36557717807
11	1983122	1120	766.25553320676
11	2052900	1140	617.82211187403
11	2124466	1160	814.08704462772
11	2198366	1180	576.15054018117
11	2273658	1200	617.3356659432
11	2350254	1220	632.10558841003
11	2429683	1240	868.51341105049
11	2510890	1260	579.95396344212
11	2594733	1280	764.49317380285
11	2680030	1300	712.97554169538
11	2767254	1320	1071.4256718221
11	2856464	1340	1107.2049216039
11	2948387	1360	766.24274233953
11	3041599	1380	667.99571458741
11	3137306	1400	723.08704516648
11	3235011	1420	620.51115806487
11	3335023	1440	713.56449891477
11	3437756	1460	663.62549994394
11	3542281	1480	533.00732695611
11	3649055	1500	822.82802193333
11	3758135	1520	917.21126329669
11	3869430	1540	621.26799048196
11	3983623	1560	1162.2232533235
11	4099488	1580	734.01309692971
11	4217466	1600	725.81598016778
11	4337727	1620	820.34416437508
11	4461041	1640	932.64799918625
11	4586350	1660	720.22002441207
11	4714730	1680	810.56287977031
11	4844707	1700	815.04531971348
11	4977639	1720	1260.5798729228
11	5112899	1740	924.06607619812
11	5250782	1760	1011.2225211367
11	5390323	1780	731.60599625957
11	5532854	1800	915.03920950643
11	5677517	1820	1007.3889322833
11	5825033	1840	1320.6845564339
11	5973713	1860	435.74487788942
11	6126060	1880	1174.1805382658
11	6281163	1900	851.85885337394
11	6438885	1920	974.24339235333
11	6599154	1940	1286.2315679025
11	6761556	1960	1023.5365298894
11	6926784	1980	830.91266155837
11	7094705	2000	824.77459652058
12	145195	240	46.976401503996
12	171237	260	46.933635658181
12	198407	280	46.250528345795
12	225790	300	47.126418941172
12	253233	320	46.390494549045
12	280468	340	47.380406422057
12	307719	360	45.753130117958
12	335537	380	46.947576025369
12	363494	400	47.044818207458
12	391983	420	47.02937035214
12	420889	440	48.329371160577
12	450677	460	47.496623183059
12	481003	480	46.76474310779
12	511383	500	46.684745540916
12	542643	520	47.059609170439
12	574574	540	48.384876440529
12	607215	560	47.974657593004
12	640653	580	47.100716970723
12	674806	600	47.104523640654
12	710212	620	47.283406159248
12	746231	640	47.279731804231
12	783866	660	48.132426365993
12	822895	680	47.351115533683
12	862431	700	48.118254808324
12	903401	720	48.356508772884
12	945962	740	47.6429917773
12	989018	760	46.895797809848
12	1033126	780	47.183444670028
12	1079230	800	47.124921619594
12	1126108	820	47.682019654546
12	1173625	840	46.920745857909
12	1222865	860	47.773228199978
12	1273189	880	47.597906209889
12	1324818	900	47.566107489647
12	1377552	920	47.299390924279
12	1431884	940	47.361421275034
12	1487208	960	47.424449364679
12	1543489	980	48.648359526892
12	1601194	1000	47.618750003858
12	1660755	1020	47.462123292437
12	1721763	1040	47.583025808688
12	1784403	1060	47.604712749125
12	1848884	1080	48.197579928052
12	1915344	1100	48.374445716357
12	1983122	1120	47.890970825423
12	2052900	1140	47.524777836464
12	2124466	1160	47.887473213396
12	2198366	1180	48.012545015098
12	2273658	1200	47.487358918708
12	2350254	1220	48.623506800771
12	2429683	1240	48.250745058361
12	2510890	1260	48.32949695351
12	2594733	1280	47.780823362678
12	2680030	1300	47.531702779692
12	2767254	1320	48.701166901006
12	2856464	1340	48.139344417561
12	2948387	1360	47.890171396221
12	3041599	1380	47.713979613386
12	3137306	1400	48.205803011098
12	3235011	1420	47.731627543452
12	3335023	1440	47.570966594318
12	3437756	1460	47.401821424567
12	3542281	1480	48.455211541464
12	3649055	1500	48.40164834902
12	3758135	1520	48.274277015615
12	3869430	1540	47.789845421689
12	3983623	1560	48.42596888848
12	4099488	1580	48.93420646198
12	4217466	1600	48.387732011186
12	4337727	1620	48.255539080887
12	4461041	1640	49.086736799276
12	4586350	1660	48.014668294138
12	4714730	1680	47.680169398253
12	4844707	1700	47.943842336087
12	4977639	1720	48.483841266261
12	5112899	1740	48.635056642006
12	5250782	1760	48.15345338746
12	5390323	1780	48.773733083971
12	5532854	1800	48.159958395075
12	5677517	1820	47.970901537302
12	5825033	1840	48.914242830886
12	5973713	1860	48.416097543269
12	6126060	1880	48.924189094408
12	6281163	1900	47.325491854108
12	6438885	1920	48.712169617667
12	6599154	1940	49.470444919327
12	6761556	1960	48.73983475664
12	6926784	1980	48.877215385787
12	7094705	2000	48.516152736504
13	145195	240	0.80862467671669
13	171237	260	1.4710555490279
13	198407	280	1.2424179584824
13	225790	300	0.6955339127214
13	253233	320	1.2370056950565
13	280468	340	1.5543145850367
13	307719	360	0.79523551963403
13	335537	380	1.1475593821565
13	363494	400	2.0707544097083
13	391983	420	1.452197656605
13	420889	440	2.4804867662654
13	450677	460	2.1711820973901
13	481003	480	1.031237741209
13	511383	500	0.77459885272039
13	542643	520	1.2000193262763
13	574574	540	2.2849756019748
13	607215	560	2.7509032552156
13	640653	580	0.91578511898798
13	674806	600	1.81229989017
13	710212	620	1.9027234380894
13	746231	640	1.6709333967221
13	783866	660	2.4454701896371
13	822895	680	1.9946682412709
13	862431	700	1.9726937847594
13	903401	720	2.7377748120332
13	945962	740	1.5124745363494
13	989018	760	1.3765603644858
13	1033126	780	1.5734201440337
13	1079230	800	1.5242595218828
13	1126108	820	2.5925090891643
13	1173625	840	1.5033711313941
13	1222865	860	1.7394731155479
13	1273189	880	2.5715665435294
13	1324818	900	2.0734597218301
13	1377552	920	1.4647945742055
13	1431884	940	2.0757816119868
13	1487208	960	2.4851247874798
13	1543489	980	2.815259693832
13	1601194	1000	1.5045448378302
13	1660755	1020	1.5973595195024
13	1721763	1040	1.9509970595396
13	1784403	1060	2.4860687101549
13	1848884	1080	2.3147503359825
13	1915344	1100	1.9925761683289
13	1983122	1120	1.8121151841678
13	2052900	1140	1.5823143500344
13	2124466	1160	1.8433253598853
13	2198366	1180	1.8621659205656
13	2273658	1200	2.1523272909273
13	2350254	1220	2.6572670824693
13	2429683	1240	2.1447860377502
13	2510890	1260	1.6612860251324
13	2594733	1280	1.6656900810958
13	2680030	1300	1.8660568399347
13	2767254	1320	1.8350072044436
13	2856464	1340	2.0455708724009
13	2948387	1360	1.6961416546418
13	3041599	1380	1.8718946696041
13	3137306	1400	1.8476034084477
13	3235011	1420	2.0942156530975
13	3335023	1440	2.0384515883533
13	3437756	1460	1.7814731552353
13	3542281	1480	2.5758990032725
13	3649055	1500	2.0680258408755
13	3758135	1520	2.0984647990809
13	3869430	1540	2.177312521131
13	3983623	1560	2.2804568898014
13	4099488	1580	1.6616400793307
13	4217466	1600	1.9075582932449
13	4337727	1620	1.8505299770939
13	4461041	1640	1.7992542838828
13	4586350	1660	1.6942016090236
13	4714730	1680	1.8368123203499
13	4844707	1700	1.882092493577
13	4977639	1720	1.928714896571
13	5112899	1740	2.2059363645645
13	5250782	1760	1.9194015573144
13	5390323	1780	1.5346772023136
13	5532854	1800	1.3834434680906
13	5677517	1820	2.0372025995732
13	5825033	1840	2.0323289378222
13	5973713	1860	1.8381268070217
13	6126060	1880	1.5373860296042
13	6281163	1900	2.5368758048252
13	6438885	1920	1.8063541507185
13	6599154	1940	2.7561598909447
13	6761556	1960	1.8648413114375
13	6926784	1980	1.9128688945902
13	7094705	2000	1.6651846289784
14	145195	240	0.65387386779517
14	171237	260	2.1640044283257
14	198407	280	1.5436023835597
14	225790	300	0.48376742374553
14	253233	320	1.5301830896022
14	280468	340	2.415893829258
14	307719	360	0.63239953168761
14	335537	380	1.3168925355753
14	363494	400	4.2880238253266
14	391983	420	2.1088780338491
14	420889	440	6.1528145976178
14	450677	460	4.7140317000272
14	481003	480	1.0634512788939
14	511383	500	0.60000338263574
14	542643	520	1.4400463834367
14	574574	540	5.2211135016202
14	607215	560	7.5674687195556
14	640653	580	0.83866238415983
14	674806	600	3.2844308919104
14	710212	620	3.6203564818547
14	746231	640	2.7920184162813
14	783866	660	5.9803244484037
14	822895	680	3.9787013927346
14	862431	700	3.8915207684284
14	903401	720	7.4954109214033
14	945962	740	2.2875792231053
14	989018	760	1.8949184370734
14	1033126	780	2.4756509496511
14	1079230	800	2.3233670900503
14	1126108	820	6.7211033773996
14	1173625	840	2.2601247587091
14	1222865	860	3.0257667197141
14	1273189	880	6.6129544877999
14	1324818	900	4.2992352180517
14	1377552	920	2.1456231446218
14	1431884	940	4.3088693006625
14	1487208	960	6.1758452093467
14	1543489	980	7.9256871437148
14	1601194	1000	2.2636551690415
14	1660755	1020	2.5515574345449
14	1721763	1040	3.8063895263322
14	1784403	1060	6.1805376316114
14	1848884	1080	5.3580691179313
14	1915344	1100	3.9703597865924
14	1983122	1120	3.2837614406916
14	2052900	1140	2.5037187023246
14	2124466	1160	3.3978483823962
14	2198366	1180	3.467661915716
14	2273658	1200	4.6325127672703
14	2350254	1220	7.061068347575
14	2429683	1240	4.6001071477283
14	2510890	1260	2.7598712573003
14	2594733	1280	2.7745234462609
14	2680030	1300	3.4821681298672
14	2767254	1320	3.3672514403599
14	2856464	1340	4.1843601940149
14	2948387	1360	2.8768965126112
14	3041599	1380	3.5039896540922
14	3137306	1400	3.4136383549077
14	3235011	1420	4.3857392016784
14	3335023	1440	4.1552848780599
14	3437756	1460	3.1736466028241
14	3542281	1480	6.6352556750603
14	3649055	1500	4.2767308785288
14	3758135	1520	4.4035545129816
14	3869430	1540	4.7406898146739
14	3983623	1560	5.2004836262426
14	4099488	1580	2.7610477532382
14	4217466	1600	3.6387786421276
14	4337727	1620	3.4244611961231
14	4461041	1640	3.2373159780707
14	4586350	1660	2.8703190920181
14	4714730	1680	3.3738795001891
14	4844707	1700	3.542272154379
14	4977639	1720	3.7199411522549
14	5112899	1740	4.8661552445082
14	5250782	1760	3.6841023382211
14	5390323	1780	2.3552341153011
14	5532854	1800	1.9139158294025
14	5677517	1820	4.1501944317079
14	5825033	1840	4.1303609115095
14	5973713	1860	3.3787101586918
14	6126060	1880	2.3635558040222
14	6281163	1900	6.4357388491074
14	6438885	1920	3.2629153178181
14	6599154	1940	7.596417344452
14	6761556	1960	3.477633116844
14	6926784	1980	3.6590674078909
14	7094705	2000	2.7728398485859
15	145195	240	491.35310627037
15	171237	260	406.27410279464
15	198407	280	361.18275730146
15	225790	300	540.10357345951
15	253233	320	403.55297059506
15	280468	340	360.87776132307
15	307719	360	358.64610522629
15	335537	380	543.37122013493
15	363494	400	407.98846669448
15	391983	420	768.5253448437
15	420889	440	279.59582591123
15	450677	460	502.58463151739
15	481003	480	497.11011713113
15	511383	500	360.43198483123
15	542643	520	635.44519083353
15	574574	540	510.37599780163
15	607215	560	368.52698560962
15	640653	580	581.8013145641
15	674806	600	681.65686369838
15	710212	620	813.9442969324
15	746231	640	500.84722656496
15	783866	660	462.17832518625
15	822895	680	452.67795137863
15	862431	700	688.16505007577
15	903401	720	461.98454806965
15	945962	740	540.28295698902
15	989018	760	449.42292000337
15	1033126	780	637.69218655534
15	1079230	800	590.53545106216
15	1126108	820	545.84029170492
15	1173625	840	583.87822441518
15	1222865	860	454.89784735558
15	1273189	880	638.70372388675
15	1324818	900	501.81923684612
15	1377552	920	501.3095109333
15	1431884	940	410.29250560476
15	1487208	960	453.46034928374
15	1543489	980	917.78942823264
15	1601194	1000	685.79530464788
15	1660755	1020	363.7171610767
15	1721763	1040	497.78747495865
15	1784403	1060	774.59829033623
15	1848884	1080	593.8637470969
15	1915344	1100	780.68160857299
15	1983122	1120	734.0168673239
15	2052900	1140	634.43101955447
15	2124466	1160	775.26847173073
15	2198366	1180	597.55987889125
15	2273658	1200	591.97217914845
15	2350254	1220	642.87198048228
15	2429683	1240	912.7395330732
15	2510890	1260	550.52939011007
15	2594733	1280	727.45852609393
15	2680030	1300	678.56643419812
15	2767254	1320	1001.702044665
15	2856464	1340	1093.0034586109
15	2948387	1360	728.68760485114
15	3041599	1380	635.11748616551
15	3137306	1400	729.43390895268
15	3235011	1420	588.77265036918
15	3335023	1440	681.46421774173
15	3437756	1460	633.60970297342
15	3542281	1480	500.64486767541
15	3649055	1500	823.55633390763
15	3758135	1520	913.49500467679
15	3869430	1540	591.04419228427
15	3983623	1560	1180.8643223948
15	4099488	1580	685.18179907708
15	4217466	1600	684.51679988243
15	4337727	1620	774.06429303628
15	4461041	1640	866.31679642496
15	4586350	1660	722.63380003193
15	4714730	1680	773.38337718672
15	4844707	1700	770.79138603203
15	4977639	1720	1224.9628834205
15	5112899	1740	861.06918383812
15	5250782	1760	955.64777656768
15	5390323	1780	681.52638911563
15	5532854	1800	860.54746892536
15	5677517	1820	1044.5514663152
15	5825033	1840	1229.386308562
15	5973713	1860	409.038550636
15	6126060	1880	1095.499389351
15	6281163	1900	815.61670709641
15	6438885	1920	953.83390302909
15	6599154	1940	1232.6026441856
15	6761556	1960	997.13943257897
15	6926784	1980	775.33537925786
15	7094705	2000	780.39157250991
16	145195	240	44.668464206398
16	171237	260	45.141566977182
16	198407	280	45.147844662683
16	225790	300	45.008631121626
16	253233	320	44.839218955006
16	280468	340	45.109720165384
16	307719	360	44.830763153287
16	335537	380	45.280935011244
16	363494	400	45.332051854942
16	391983	420	45.2073732261
16	420889	440	46.599304318539
16	450677	460	45.689511956127
16	481003	480	45.191828830103
16	511383	500	45.053998103904
16	542643	520	45.388942202395
16	574574	540	46.397817981966
16	607215	560	46.065873201203
16	640653	580	44.753947274161
16	674806	600	45.443790913225
16	710212	620	45.219127607355
16	746231	640	45.53156605136
16	783866	660	46.217832518625
16	822895	680	45.267795137863
16	862431	700	45.877670005052
16	903401	720	46.198454806965
16	945962	740	45.023579749085
16	989018	760	44.942292000337
16	1033126	780	45.54944189681
16	1079230	800	45.425803927858
16	1126108	820	45.48669097541
16	1173625	840	44.913709570399
16	1222865	860	45.489784735558
16	1273189	880	45.621694563339
16	1324818	900	45.619930622375
16	1377552	920	45.573591903027
16	1431884	940	45.588056178307
16	1487208	960	45.346034928374
16	1543489	980	45.889471411632
16	1601194	1000	45.719686976525
16	1660755	1020	45.464645134588
16	1721763	1040	45.253406814423
16	1784403	1060	45.564605313896
16	1848884	1080	45.681826699761
16	1915344	1100	45.922447563117
16	1983122	1120	45.876054207744
16	2052900	1140	45.316501396748
16	2124466	1160	45.604027748867
16	2198366	1180	45.966144530096
16	2273658	1200	45.536321472958
16	2350254	1220	45.919427177306
16	2429683	1240	45.63697665366
16	2510890	1260	45.877449175839
16	2594733	1280	45.466157880871
16	2680030	1300	45.237762279875
16	2767254	1320	45.531911121138
16	2856464	1340	45.541810775455
16	2948387	1360	45.542975303196
16	3041599	1380	45.365534726108
16	3137306	1400	45.589619309543
16	3235011	1420	45.290203874552
16	3335023	1440	45.430947849448
16	3437756	1460	45.257835926673
16	3542281	1480	45.513169788674
16	3649055	1500	45.753129661535
16	3758135	1520	45.67475023384
16	3869430	1540	45.46493786802
16	3983623	1560	45.417858553644
16	4099488	1580	45.678786605139
16	4217466	1600	45.634453325495
16	4337727	1620	45.533193708017
16	4461041	1640	45.595620864472
16	4586350	1660	45.164612501995
16	4714730	1680	45.493139834513
16	4844707	1700	45.34066976659
16	4977639	1720	45.368995682241
16	5112899	1740	45.319430728322
16	5250782	1760	45.507036979414
16	5390323	1780	45.435092607709
16	5532854	1800	45.291972048703
16	5677517	1820	45.415281144139
16	5825033	1840	45.532826243036
16	5973713	1860	45.448727848445
16	6126060	1880	45.645807889627
16	6281163	1900	45.312039283134
16	6438885	1920	45.420662049004
16	6599154	1940	45.65194978465
16	6761556	1960	45.32451966268
16	6926784	1980	45.607963485756
16	7094705	2000	45.90538661823
17	145195	240	0.19165145583159
17	171237	260	0.71226511284295
17	198407	280	0.80061304436822
17	225790	300	0.46886155792484
17	253233	320	0.26738436551863
17	280468	340	0.46704075668403
17	307719	360	0.62878731700308
17	335537	380	0.91873392003547
17	363494	400	1.0193905523577
17	391983	420	1.1825886225973
17	420889	440	2.0893003275703
17	450677	460	1.999844519367
17	481003	480	1.0340029816773
17	511383	500	0.76545496868017
17	542643	520	1.1444660355754
17	574574	540	1.6873182053431
17	607215	560	1.8550970142817
17	640653	580	0.30113237454371
17	674806	600	1.4372121855319
17	710212	620	1.1360664965212
17	746231	640	1.3561630802515
17	783866	660	1.3098945221433
17	822895	680	1.0330973940384
17	862431	700	1.2615988888718
17	903401	720	1.4856795500488
17	945962	740	1.0132572885516
17	989018	760	0.70397208659
17	1033126	780	1.2116734407236
17	1079230	800	0.95465814360643
17	1126108	820	1.3510980619103
17	1173625	840	0.90436479331356
17	1222865	860	1.2348519797148
17	1273189	880	1.3637000064858
17	1324818	900	1.3056542422123
17	1377552	920	1.2497486321957
17	1431884	940	1.350774470706
17	1487208	960	1.2895427558477
17	1543489	980	1.3561434120307
17	1601194	1000	1.3874731080971
17	1660755	1020	1.0415691666814
17	1721763	1040	1.1033084657001
17	1784403	1060	1.1612407580299
17	1848884	1080	1.1767502491592
17	1915344	1100	1.1500985431776
17	1983122	1120	1.0525832298715
17	2052900	1140	1.0610688927903
17	2124466	1160	1.0544976512182
17	2198366	1180	0.96056139985805
17	2273658	1200	1.0854980856927
17	2350254	1220	0.88400122110178
17	2429683	1240	1.1525601018869
17	2510890	1260	0.94015782202426
17	2594733	1280	0.83496353411538
17	2680030	1300	1.0218791973657
17	2767254	1320	1.0218951506277
17	2856464	1340	1.0338821775544
17	2948387	1360	0.90416312560181
17	3041599	1380	0.81758784945832
17	3137306	1400	0.84323480907253
17	3235011	1420	0.83326319957433
17	3335023	1440	1.0814867983285
17	3437756	1460	0.82357092398446
17	3542281	1480	1.0199564012609
17	3649055	1500	1.2085726502173
17	3758135	1520	1.1105607436175
17	3869430	1540	0.79557629960221
17	3983623	1560	0.85411973552032
17	4099488	1580	0.82621151774173
17	4217466	1600	0.84447548431649
17	4337727	1620	0.91536783102579
17	4461041	1640	0.66476155783388
17	4586350	1660	0.58084337951802
17	4714730	1680	0.99928539667618
17	4844707	1700	0.92765985841915
17	4977639	1720	0.8552781859319
17	5112899	1740	0.64780354607839
17	5250782	1760	0.70672095253309
17	5390323	1780	0.52707557466659
17	5532854	1800	0.78973010846654
17	5677517	1820	0.78099779058759
17	5825033	1840	0.69140102262735
17	5973713	1860	0.50834346641745
17	6126060	1880	0.79565379223031
17	6281163	1900	0.90478314584879
17	6438885	1920	0.71150913476395
17	6599154	1940	0.75355626451214
17	6761556	1960	0.61554609562116
17	6926784	1980	0.81397067849576
17	7094705	2000	1.0332773578732
18	145195	240	0.036730280522367
18	171237	260	0.50732159097317
18	198407	280	0.64098124681254
18	225790	300	0.21983116049971
18	253233	320	0.071494398923801
18	280468	340	0.21812706840399
18	307719	360	0.39537349002393
18	335537	380	0.84407201582374
18	363494	400	1.0391570982362
18	391983	420	1.3985158502967
18	420889	440	4.3651758587855
18	450677	460	3.9993781016421
18	481003	480	1.0691621661176
18	511383	500	0.58592130907716
18	542643	520	1.3098025065857
18	574574	540	2.8470427260822
18	607215	560	3.4413849323968
18	640653	580	0.090680706998332
18	674806	600	2.0655788662415
18	710212	620	1.290647084518
18	746231	640	1.8391783002374
18	783866	660	1.7158236591412
18	822895	680	1.067290225569
18	862431	700	1.5916317564027
18	903401	720	2.2072437254332
18	945962	740	1.026690332803
18	989018	760	0.49557669869787
18	1033126	780	1.4681525269549
18	1079230	800	0.91137217115408
18	1126108	820	1.8254659728977
18	1173625	840	0.81787567938507
18	1222865	860	1.5248594118056
18	1273189	880	1.8596777076895
18	1324818	900	1.7047330002071
18	1377552	920	1.5618716436749
18	1431884	940	1.8245916707111
18	1487208	960	1.6629205191593
18	1543489	980	1.8391249539943
18	1601194	1000	1.9250816256927
18	1660755	1020	1.0848663289813
18	1721763	1040	1.2172895704855
18	1784403	1060	1.3484800981098
18	1848884	1080	1.3847411488962
18	1915344	1100	1.3227266590193
18	1983122	1120	1.1079314558067
18	2052900	1140	1.1258671952473
18	2124466	1160	1.1119652964248
18	2198366	1180	0.92267820289727
18	2273658	1200	1.1783060940425
18	2350254	1220	0.78145815890944
18	2429683	1240	1.3283947884616
18	2510890	1260	0.88389673031341
18	2594733	1280	0.69716410330245
18	2680030	1300	1.0442370940088
18	2767254	1320	1.0442696988764
18	2856464	1340	1.0689123570647
18	2948387	1360	0.81751095769803
18	3041599	1380	0.66844989158189
18	3137306	1400	0.71104494323159
18	3235011	1420	0.69432755976485
18	3335023	1440	1.1696136949589
18	3437756	1460	0.67826906683261
18	3542281	1480	1.0403110604731
18	3649055	1500	1.4606478508532
18	3758135	1520	1.2333451652642
18	3869430	1540	0.63294164848874
18	3983623	1560	0.72952052260531
18	4099488	1580	0.6826254720491
18	4217466	1600	0.71313884361157
18	4337727	1620	0.83789826607686
18	4461041	1640	0.44190792877373
18	4586350	1660	0.33737903152991
18	4714730	1680	0.99857130401028
18	4844707	1700	0.86055281292223
18	4977639	1720	0.73150077533096
18	5112899	1740	0.41964943431173
18	5250782	1760	0.49945450474928
18	5390323	1780	0.27780866141011
18	5532854	1800	0.62367364421857
18	5677517	1820	0.6099575489027
18	5825033	1840	0.47803537409015
18	5973713	1860	0.25841307984931
18	6126060	1880	0.63306495709048
18	6281163	1900	0.81863254101203
18	6438885	1920	0.50624524885255
18	6599154	1940	0.56784704378549
18	6761556	1960	0.37889699583446
18	6926784	1980	0.66254826545085
18	7094705	2000	1.0676620982933
19	145195	240	2478.447311999
19	171237	260	2562.2918548083
19	198407	280	2963.6895246306
19	225790	300	3428.1546011135
19	253233	320	2643.1923104677
19	280468	340	2587.3429171079
19	307719	360	3020.3562918854
19	335537	380	3322.8200917958
19	363494	400	2299.094033881
19	391983	420	3576.5008953492
19	420889	440	1760.8410129297
19	450677	460	3227.3139831075
19	481003	480	2798.0304803884
19	511383	500	2661.8225237324
19	542643	520	3577.340473024
19	574574	540	2673.2994160513
19	607215	560	2596.9117956092
19	640653	580	2672.5261448609
19	674806	600	4107.1676685792
19	710212	620	4132.8158034028
19	746231	640	4022.8721255956
19	783866	660	2594.6326720915
19	822895	680	3416.3076373825
19	862431	700	4007.1070698684
19	903401	720	3078.9610452329
19	945962	740	3290.9897763369
19	989018	760	3375.35251349
19	1033126	780	4637.2878667359
19	1079230	800	4246.9920730488
19	1126108	820	3487.66540331
19	1173625	840	2808.0910561156
19	1222865	860	3357.8330648223
19	1273189	880	4026.8843108135
19	1324818	900	3537.9591306293
19	1377552	920	3594.6984920717
19	1431884	940	3128.9162919774
19	1487208	960	3699.7750673541
19	1543489	980	4943.0693518225
19	1601194	1000	4794.3815832044
19	1660755	1020	3276.9043856105
19	1721763	1040	3476.3447275534
19	1784403	1060	5036.2069549925
19	1848884	1080	4616.6249677164
19	1915344	1100	4694.0880555377
19	1983122	1120	5288.6239314943
19	2052900	1140	4384.8663146034
19	2124466	1160	5422.7876417221
19	2198366	1180	4172.4672270346
19	2273658	1200	4817.2937900561
19	2350254	1220	3135.4786978794
19	2429683	1240	5718.6340003944
19	2510890	1260	3620.0767581758
19	2594733	1280	4636.0536151492
19	2680030	1300	4950.8843773864
19	2767254	1320	5011.1965712443
19	2856464	1340	5854.6555313062
19	2948387	1360	5291.4201299445
19	3041599	1380	4810.6931212424
19	3137306	1400	4902.7870690799
19	3235011	1420	4586.1800180924
19	3335023	1440	4926.3235036066
19	3437756	1460	5032.2971157489
19	3542281	1480	4556.6801934631
19	3649055	1500	4139.5086858366
19	3758135	1520	6365.988268378
19	3869430	1540	5014.0434918478
19	3983623	1560	5639.7123165475
19	4099488	1580	5382.5933361829
19	4217466	1600	5245.1645304701
19	4337727	1620	5748.2980239879
19	4461041	1640	5481.2954609668
19	4586350	1660	4330.8576322812
19	4714730	1680	5975.108751087
19	4844707	1700	5839.7799392123
19	4977639	1720	6286.5145381746
19	5112899	1740	5868.160138976
19	5250782	1760	6360.6097516275
19	5390323	1780	5557.3231110524
19	5532854	1800	6140.8657168586
19	5677517	1820	6749.7190837246
19	5825033	1840	6646.0880875851
19	5973713	1860	3458.4907959954
19	6126060	1880	7153.3837729045
19	6281163	1900	5971.6175870538
19	6438885	1920	6551.3821484565
19	6599154	1940	7207.9783332688
19	6761556	1960	6036.7076043365
19	6926784	1980	5858.4058999553
19	7094705	2000	6229.6881169123
20	145195	240	46.76315683017
20	171237	260	46.587124632879
20	198407	280	46.307648822354
20	225790	300	46.961021933062
20	253233	320	46.371794920486
20	280468	340	47.042598492872
20	307719	360	45.762974119475
20	335537	380	46.80028298304
20	363494	400	46.920286405734
20	391983	420	47.059222307226
20	420889	440	47.590297646748
20	450677	460	47.460499751581
20	481003	480	46.633841339807
20	511383	500	46.698640767235
20	542643	520	47.070269381894
20	574574	540	47.737489572345
20	607215	560	47.216578101985
20	640653	580	46.88642359405
20	674806	600	47.208823776773
20	710212	620	47.50362992417
20	746231	640	47.327907359948
20	783866	660	48.048753186879
20	822895	680	47.448717185869
20	862431	700	47.703655593671
20	903401	720	48.108766331765
20	945962	740	47.695504004883
20	989018	760	46.879896020695
20	1033126	780	47.319263946285
20	1079230	800	47.188800811653
20	1126108	820	47.130613558243
20	1173625	840	46.801517601926
20	1222865	860	47.969043783176
20	1273189	880	47.939098938255
20	1324818	900	47.810258522018
20	1377552	920	47.298664369365
20	1431884	940	47.407822605718
20	1487208	960	47.433013684027
20	1543489	980	47.990964580801
20	1601194	1000	47.469124586182
20	1660755	1020	47.491367907398
20	1721763	1040	47.621160651417
20	1784403	1060	47.511386367854
20	1848884	1080	48.089843413713
20	1915344	1100	48.392660366369
20	1983122	1120	47.645260644093
20	2052900	1140	47.661590376124
20	2124466	1160	47.989271165682
20	2198366	1180	47.95939341419
20	2273658	1200	47.695978119367
20	2350254	1220	48.238133813529
20	2429683	1240	48.055747902474
20	2510890	1260	48.26769010901
20	2594733	1280	47.794367166487
20	2680030	1300	47.604657474869
20	2767254	1320	48.652393895575
20	2856464	1340	47.988979764805
20	2948387	1360	48.103819363132
20	3041599	1380	47.630624962796
20	3137306	1400	48.066539892941
20	3235011	1420	47.772708521796
20	3335023	1440	47.828383530161
20	3437756	1460	47.474501091971
20	3542281	1480	48.475321207054
20	3649055	1500	48.133821928333
20	3758135	1520	48.227183851348
20	3869430	1540	47.752795160455
20	3983623	1560	48.618209625409
20	4099488	1580	48.932666692572
20	4217466	1600	48.1207755089
20	4337727	1620	48.305025411663
20	4461041	1640	48.940138044347
20	4586350	1660	48.12064035868
20	4714730	1680	47.800870008696
20	4844707	1700	48.262644125721
20	4977639	1720	48.732670838563
20	5112899	1740	48.497191231206
20	5250782	1760	48.18643751233
20	5390323	1780	48.748448342565
20	5532854	1800	48.353273361091
20	5677517	1820	48.212279169462
20	5825033	1840	48.511591880184
20	5973713	1860	48.711137971766
20	6126060	1880	48.662474645609
20	6281163	1900	47.77294069643
20	6438885	1920	48.890911555646
20	6599154	1940	48.70255630587
20	6761556	1960	48.683125841423
20	6926784	1980	48.820049166294
20	7094705	2000	48.669438413377
21	145195	240	1.7298164343327
21	171237	260	1.9177198112063
21	198407	280	1.8527013428895
21	225790	300	2.3107874914422
21	253233	320	1.7165530079745
21	280468	340	2.5371324930648
21	307719	360	1.6068169650815
21	335537	380	2.288706543797
21	363494	400	2.6663304818588
21	391983	420	2.1784600381416
21	420889	440	3.2536117972992
21	450677	460	3.2193761114738
21	481003	480	1.5202872102099
21	511383	500	2.2999493123194
21	542643	520	2.6680632324382
21	574574	540	2.8583854102964
21	607215	560	2.704431018315
21	640653	580	2.0364908161829
21	674806	600	2.5738495420271
21	710212	620	2.448087407467
21	746231	640	2.4437988478422
21	783866	660	2.7649470043126
21	822895	680	2.7584646855569
21	862431	700	2.5424030132776
21	903401	720	3.4605600989454
21	945962	740	2.6068786035596
21	989018	760	2.1913820770987
21	1033126	780	2.830990408167
21	1079230	800	2.3630468818323
21	1126108	820	3.1986592799569
21	1173625	840	2.2897154983875
21	1222865	860	2.9148346312751
21	1273189	880	3.4511795550709
21	1324818	900	3.2887255050049
21	1377552	920	2.223865781927
21	1431884	940	2.6180643952028
21	1487208	960	3.194130996141
21	1543489	980	2.9083670881632
21	1601194	1000	2.3562310610986
21	1660755	1020	2.2800604664161
21	1721763	1040	2.7952481417819
21	1784403	1060	2.7835479747223
21	1848884	1080	2.509889885056
21	1915344	1100	2.7547741244011
21	1983122	1120	2.3193385484575
21	2052900	1140	2.3436175434085
21	2124466	1160	2.7269409303636
21	2198366	1180	2.4318524400846
21	2273658	1200	2.7034115241086
21	2350254	1220	3.2329023419174
21	2429683	1240	2.73692453536
21	2510890	1260	2.7257996003476
21	2594733	1280	2.5829034385523
21	2680030	1300	2.4107517973754
21	2767254	1320	2.5529425997327
21	2856464	1340	2.4618666361761
21	2948387	1360	2.5630769606606
21	3041599	1380	2.5954695498391
21	3137306	1400	2.6573575975511
21	3235011	1420	2.7969781266896
21	3335023	1440	2.6263761597753
21	3437756	1460	2.5944674605404
21	3542281	1480	3.2977957283585
21	3649055	1500	2.9971370403257
21	3758135	1520	2.9319401974383
21	3869430	1540	2.6783784845388
21	3983623	1560	2.7515725964807
21	4099488	1580	2.5405811696105
21	4217466	1600	2.494280541598
21	4337727	1620	2.6793017885922
21	4461041	1640	2.4108083875619
21	4586350	1660	2.629719577103
21	4714730	1680	2.6522538611422
21	4844707	1700	2.8051255815008
21	4977639	1720	2.7838214606086
21	5112899	1740	3.2719265589022
21	5250782	1760	2.6424891195701
21	5390323	1780	2.446780154032
21	5532854	1800	2.4058536527345
21	5677517	1820	2.7729824629857
21	5825033	1840	2.7005904923513
21	5973713	1860	2.7833724298982
21	6126060	1880	2.496814516913
21	6281163	1900	2.8583221539373
21	6438885	1920	2.6080811912544
21	6599154	1940	3.147969957903
21	6761556	1960	2.4467088136617
21	6926784	1980	2.484259575491
21	7094705	2000	2.5427828932349
22	145195	240	2.9922648964875
22	171237	260	3.6776492742931
22	198407	280	3.4325022659445
22	225790	300	5.3397388306056
22	253233	320	2.9465542291863
22	280468	340	6.4370412873652
22	307719	360	2.5818607592736
22	335537	380	5.2381776436191
22	363494	400	7.1093182384895
22	391983	420	4.7456881377799
22	420889	440	10.585989727525
22	450677	460	10.364382547128
22	481003	480	2.3112732015279
22	511383	500	5.2897668392384
22	542643	520	7.1185614122887
22	574574	540	8.1703671537952
22	607215	560	7.3139471328243
22	640653	580	4.1472948443974
22	674806	600	6.6247014649932
22	710212	620	5.9931319545986
22	746231	640	5.9721528087147
22	783866	660	7.6449319366571
22	822895	680	7.6091274214645
22	862431	700	6.4638130819232
22	903401	720	11.975476198413
22	945962	740	6.7958160536968
22	989018	760	4.8021554078294
22	1033126	780	8.0145066911338
22	1079230	800	5.5839905657374
22	1126108	820	10.231421189255
22	1173625	840	5.2427970635559
22	1222865	860	8.4962609276806
22	1273189	880	11.910640321339
22	1324818	900	10.81571544727
22	1377552	920	4.9455790160257
22	1431884	940	6.8542611774288
22	1487208	960	10.202472820509
22	1543489	980	8.4585991195112
22	1601194	1000	5.5518248132857
22	1660755	1020	5.1986757305135
22	1721763	1040	7.8134121741353
22	1784403	1060	7.7481393275805
22	1848884	1080	6.2995472351065
22	1915344	1100	7.5887804764696
22	1983122	1120	5.3793313023608
22	2052900	1140	5.492543189772
22	2124466	1160	7.4362068376925
22	2198366	1180	5.9139062903456
22	2273658	1200	7.3084338686832
22	2350254	1220	10.451657552375
22	2429683	1240	7.4907559122555
22	2510890	1260	7.4299834612552
22	2594733	1280	6.6713901728852
22	2680030	1300	5.8117242285488
22	2767254	1320	6.5175159175297
22	2856464	1340	6.0607873343168
22	2948387	1360	6.569363506269
22	3041599	1380	6.7364621841421
22	3137306	1400	7.0615494012626
22	3235011	1420	7.8230866411803
22	3335023	1440	6.897851732636
22	3437756	1460	6.7312614038032
22	3542281	1480	10.875456665979
22	3649055	1500	8.9828304384925
22	3758135	1520	8.5962733213546
22	3869430	1540	7.1737113064403
22	3983623	1560	7.5711517537033
22	4099488	1580	6.4545526793797
22	4217466	1600	6.2214354201943
22	4337727	1620	7.1786580743535
22	4461041	1640	5.8119970815386
22	4586350	1660	6.9154250541988
22	4714730	1680	7.0344505439435
22	4844707	1700	7.8687295279903
22	4977639	1720	7.7496619245449
22	5112899	1740	10.705503406849
22	5250782	1760	6.9827487470464
22	5390323	1780	5.9867331221648
22	5532854	1800	5.7881317983759
22	5677517	1820	7.689431740026
22	5825033	1840	7.2931890073781
22	5973713	1860	7.7471620835172
22	6126060	1880	6.2340827318674
22	6281163	1900	8.1700055356886
22	6438885	1920	6.8020875001748
22	6599154	1940	9.9097148558597
22	6761556	1960	5.9863840188499
22	6926784	1980	6.1715456384189
22	7094705	2000	6.4657448421281
23	145195	240	3051.1569848839
23	171237	260	3406.9903274147
23	198407	280	3733.5427732243
23	225790	300	3640.4594120494
23	253233	320	3825.4479225823
23	280468	340	3820.432160089
23	307719	360	3874.8574051491
23	335537	380	3784.8172439562
23	363494	400	3833.3157305486
23	391983	420	3668.4263390159
23	420889	440	4109.8052290788
23	450677	460	4034.5119380854
23	481003	480	4029.164924812
23	511383	500	4216.8864293945
23	542643	520	4001.8507454142
23	574574	540	4164.4673968088
23	607215	560	4454.7403012891
23	640653	580	4231.402873368
23	674806	600	4185.0309510544
23	710212	620	4192.2871937752
23	746231	640	4509.8862158699
23	783866	660	4585.6002194486
23	822895	680	4735.8330376178
23	862431	700	4451.8973588195
23	903401	720	4773.4347241874
23	945962	740	4782.1872079053
23	989018	760	4874.5218250461
23	1033126	780	4785.8386622487
23	1079230	800	4877.3923547616
23	1126108	820	5014.0103188204
23	1173625	840	4936.2301631881
23	1222865	860	5250.9890285661
23	1273189	880	5110.4605759364
23	1324818	900	5293.8458710986
23	1377552	920	5339.746937229
23	1431884	940	5434.460484969
23	1487208	960	5480.8425384197
23	1543489	980	5064.0356047935
23	1601194	1000	5339.7927934866
23	1660755	1020	5801.7637215516
23	1721763	1040	5707.6889934835
23	1784403	1060	5485.9203373944
23	1848884	1080	5757.9456462113
23	1915344	1100	5663.4331888425
23	1983122	1120	5712.1335115985
23	2052900	1140	5941.6697270643
23	2124466	1160	5804.5910310741
23	2198366	1180	6072.6548700215
23	2273658	1200	6072.4797105961
23	2350254	1220	5969.5566471602
23	2429683	1240	5843.5403428104
23	2510890	1260	6250.8121975703
23	2594733	1280	6162.2851201612
23	2680030	1300	6254.8766510991
23	2767254	1320	5935.9222565245
23	2856464	1340	5933.4294657955
23	2948387	1360	6428.5064961764
23	3041599	1380	6434.8902186697
23	3137306	1400	6430.2159406284
23	3235011	1420	6616.4480934681
23	3335023	1440	6619.2684494729
23	3437756	1460	6707.6603328983
23	3542281	1480	6979.3229668294
23	3649055	1500	6607.0094463729
23	3758135	1520	6660.2757767192
23	3869430	1540	7032.2270505238
23	3983623	1560	6477.8787878413
23	4099488	1580	7117.3952354179
23	4217466	1600	7020.2613736717
23	4337727	1620	7069.126991687
23	4461041	1640	6934.760984268
23	4586350	1660	7257.4237773768
23	4714730	1680	7210.2995580675
23	4844707	1700	7254.4798577702
23	4977639	1720	6894.5467013895
23	5112899	1740	7297.4780670878
23	5250782	1760	7291.6111748537
23	5390323	1780	7569.5492619969
23	5532854	1800	7438.8091347798
23	5677517	1820	7337.6100785087
23	5825033	1840	7250.2512523307
23	5973713	1860	8117.7704051744
23	6126060	1880	7524.6070953525
23	6281163	1900	7796.8994211124
23	6438885	1920	7658.6983945585
23	6599154	1940	7518.0609702677
23	6761556	1960	7796.3740250452
23	6926784	1980	8111.83107766
23	7094705	2000	8105.3976049379
24	145195	240	44.869955660058
24	171237	260	44.828820097561
24	198407	280	44.982443050895
24	225790	300	44.943943358634
24	253233	320	45.005269677439
24	280468	340	44.946260706929
24	307719	360	45.056481455222
24	335537	380	45.057348142335
24	363494	400	45.097832124101
24	391983	420	45.289214061924
24	420889	440	45.162694825042
24	450677	460	45.331594809948
24	481003	480	45.271516009123
24	511383	500	45.342864832199
24	542643	520	45.475576652435
24	574574	540	45.265949965313
24	607215	560	45.456533686623
24	640653	580	45.498955627613
24	674806	600	45.489466859287
24	710212	620	45.568339062773
24	746231	640	45.554406220908
24	783866	660	45.401982370779
24	822895	680	45.536856130941
24	862431	700	45.427524069586
24	903401	720	45.461283087499
24	945962	740	45.544640075289
24	989018	760	45.556278738748
24	1033126	780	45.57941583094
24	1079230	800	45.583106119268
24	1126108	820	45.581911989276
24	1173625	840	45.705834844334
24	1222865	860	45.660774161445
24	1273189	880	45.629112285147
24	1324818	900	45.636602337057
24	1377552	920	45.638862711359
24	1431884	940	45.667735167807
24	1487208	960	45.673687820164
24	1543489	980	45.621942385527
24	1601194	1000	45.639254645184
24	1660755	1020	45.683178909855
24	1721763	1040	45.661511947868
24	1784403	1060	45.71600281162
24	1848884	1080	45.697981319137
24	1915344	1100	45.672848297117
24	1983122	1120	45.697068092788
24	2052900	1140	45.705151746648
24	2124466	1160	45.70544118956
24	2198366	1180	45.659059173094
24	2273658	1200	45.657742184933
24	2350254	1220	45.569134711146
24	2429683	1240	45.652658928206
24	2510890	1260	45.626366405623
24	2594733	1280	45.646556445639
24	2680030	1300	45.656033949628
24	2767254	1320	45.660940434804
24	2856464	1340	45.641765121504
24	2948387	1360	45.592244653733
24	3041599	1380	45.637519281345
24	3137306	1400	45.604368373251
24	3235011	1420	45.630676506677
24	3335023	1440	45.650127237744
24	3437756	1460	45.630342400669
24	3542281	1480	45.616489979277
24	3649055	1500	45.565582388779
24	3758135	1520	45.618327237802
24	3869430	1540	45.663812016389
24	3983623	1560	45.618864703108
24	4099488	1580	45.624328432166
24	4217466	1600	45.58611281605
24	4337727	1620	45.60727091411
24	4461041	1640	45.623427528079
24	4586350	1660	45.644174700483
24	4714730	1680	45.634807329541
24	4844707	1700	45.625659482831
24	4977639	1720	45.659249678076
24	5112899	1740	45.609237919299
24	5250782	1760	45.572569842836
24	5390323	1780	45.599694349379
24	5532854	1800	45.636865857545
24	5677517	1820	45.575217878936
24	5825033	1840	45.599064480067
24	5973713	1860	45.605451714463
24	6126060	1880	45.603679365773
24	6281163	1900	45.595903047441
24	6438885	1920	45.587490443801
24	6599154	1940	45.56400588041
24	6761556	1960	45.59283055582
24	6926784	1980	45.572084705955
24	7094705	2000	45.535941600775
25	145195	240	0.541777180312
25	171237	260	0.36860402031808
25	198407	280	0.71982783777641
25	225790	300	0.57527765805879
25	253233	320	0.67426300424944
25	280468	340	0.67071566446781
25	307719	360	0.79224885900157
25	335537	380	0.88442277503278
25	363494	400	1.1759812710113
25	391983	420	1.3997054728417
25	420889	440	1.1006777160564
25	450677	460	1.3697426621056
25	481003	480	1.1880963453795
25	511383	500	1.2483310201704
25	542643	520	1.5323837437379
25	574574	540	1.1235633070559
25	607215	560	1.4715306522813
25	640653	580	1.31864925093
25	674806	600	1.2662831650302
25	710212	620	1.3135435265205
25	746231	640	1.3472298598775
25	783866	660	1.1685481455138
25	822895	680	1.2081556711718
25	862431	700	1.1393402653914
25	903401	720	1.1513782824926
25	945962	740	1.1510150981146
25	989018	760	1.1759315908107
25	1033126	780	1.261772200866
25	1079230	800	1.1933332620424
25	1126108	820	1.1736309988591
25	1173625	840	1.2678495723189
25	1222865	860	1.24079985044
25	1273189	880	1.2300580885755
25	1324818	900	1.2302812559841
25	1377552	920	1.2315117465431
25	1431884	940	1.2258775869261
25	1487208	960	1.2223667502846
25	1543489	980	1.2155254858394
25	1601194	1000	1.180540942138
25	1660755	1020	1.1843595543697
25	1721763	1040	1.0986403559124
25	1784403	1060	1.1568591083116
25	1848884	1080	1.1351628471634
25	1915344	1100	1.1170790804915
25	1983122	1120	1.1324905846399
25	2052900	1140	1.1153572041352
25	2124466	1160	1.1163976338452
25	2198366	1180	1.0782590050659
25	2273658	1200	1.0460275030388
25	2350254	1220	1.0260197616046
25	2429683	1240	1.0320571125191
25	2510890	1260	1.0333338385074
25	2594733	1280	1.034056356319
25	2680030	1300	1.005607162988
25	2767254	1320	0.99856169267633
25	2856464	1340	1.0178686470582
25	2948387	1360	1.0663853895228
25	3041599	1380	0.9615917594913
25	3137306	1400	0.96749346159378
25	3235011	1420	0.99823934726361
25	3335023	1440	0.94279844468727
25	3437756	1460	0.90420807782006
25	3542281	1480	0.93793511597569
25	3649055	1500	0.83760523425748
25	3758135	1520	0.92803857315503
25	3869430	1540	0.95093935127746
25	3983623	1560	0.92109333732637
25	4099488	1580	0.97552843327752
25	4217466	1600	0.85600739766748
25	4337727	1620	0.89517297191241
25	4461041	1640	0.91422068052046
25	4586350	1660	0.95421347962276
25	4714730	1680	0.87765520755224
25	4844707	1700	0.87457163016209
25	4977639	1720	0.87985061122039
25	5112899	1740	0.867492210036
25	5250782	1760	0.85060980794342
25	5390323	1780	0.82926655825825
25	5532854	1800	0.86171839183588
25	5677517	1820	0.83623019427717
25	5825033	1840	0.8736132335199
25	5973713	1860	0.84435942678622
25	6126060	1880	0.89678499445608
25	6281163	1900	0.83994436480908
25	6438885	1920	0.81557232296126
25	6599154	1940	0.86169009514121
25	6761556	1960	0.86365440817982
25	6926784	1980	0.88027720647922
25	7094705	2000	0.84564385841509
26	145195	240	0.29352251310682
26	171237	260	0.13586892379465
26	198407	280	0.51815211603786
26	225790	300	0.3309443838616
26	253233	320	0.45463059889947
26	280468	340	0.44985950256249
26	307719	360	0.62765825458929
26	335537	380	0.78220364499668
26	363494	400	1.3829319497694
26	391983	420	1.9591754107031
26	420889	440	1.211491434623
26	450677	460	1.8761949603922
26	481003	480	1.4115729259042
26	511383	500	1.5583303359196
26	542643	520	2.3481999380722
26	574574	540	1.2623945049623
26	607215	560	2.1654024606035
26	640653	580	1.7388358469782
26	674806	600	1.6034730540389
26	710212	620	1.7253965960638
26	746231	640	1.8150282953454
26	783866	660	1.3655047683838
26	822895	680	1.4596401257847
26	862431	700	1.2980962403421
26	903401	720	1.3256719493955
26	945962	740	1.3248357560877
26	989018	760	1.3828151062667
26	1033126	780	1.5920690868783
26	1079230	800	1.4240442742968
26	1126108	820	1.3774097214831
26	1173625	840	1.6074425380293
26	1222865	860	1.539584268852
26	1273189	880	1.51304290127
26	1324818	900	1.5135919688258
26	1377552	920	1.5166211818736
26	1431884	940	1.5027758581279
26	1487208	960	1.4941804722013
26	1543489	980	1.4775022067251
26	1601194	1000	1.3936769160642
26	1660755	1020	1.4027075540269
26	1721763	1040	1.2070106316392
26	1784403	1060	1.3383229964836
26	1848884	1080	1.2885946895802
26	1915344	1100	1.2478656720717
26	1983122	1120	1.2825349242979
26	2052900	1140	1.2440216928163
26	2124466	1160	1.2463436768553
26	2198366	1180	1.1626424820058
26	2273658	1200	1.0941735371136
26	2350254	1220	1.0527165512032
26	2429683	1240	1.0651418835013
26	2510890	1260	1.0677788218044
26	2594733	1280	1.0692725480438
26	2680030	1300	1.0112457662528
26	2767254	1320	0.99712545408061
26	2856464	1340	1.036056582664
26	2948387	1360	1.1371777989877
26	3041599	1380	0.92465871192158
26	3137306	1400	0.93604359822672
26	3235011	1420	0.99648179442528
26	3335023	1440	0.88886890730473
26	3437756	1460	0.81759224799505
26	3542281	1480	0.87972228178032
26	3649055	1500	0.70158252845553
26	3758135	1520	0.86125559326363
26	3869430	1540	0.904285649808
26	3983623	1560	0.84841293606702
26	4099488	1580	0.95165572413289
26	4217466	1600	0.73274866486145
26	4337727	1620	0.8013346496425
26	4461041	1640	0.8357994526913
26	4586350	1660	0.91052336469378
26	4714730	1680	0.77027866334357
26	4844707	1700	0.76487553628438
26	4977639	1720	0.77413709806489
26	5112899	1740	0.75254273447314
26	5250782	1760	0.72353704536955
26	5390323	1780	0.68768302464549
26	5532854	1800	0.74255858682822
26	5677517	1820	0.69928093782084
26	5825033	1840	0.76320008178109
26	5973713	1860	0.71294284160275
26	6126060	1880	0.8042233262816
26	6281163	1900	0.70550653597452
26	6438885	1920	0.66515821398043
26	6599154	1940	0.74250982006448
26	6761556	1960	0.74589893676844
26	6926784	1980	0.77488796024686
26	7094705	2000	0.71511353527516
