version 2
run statisticRVV-220-20150326-07:55:40-3804
attr c 5
attr configname statisticRVV
attr datetime 20150326-07:55:40
attr experiment statisticRVV
attr inifile omnetpp.ini
attr iterationvars "$sc=\"erlangen-medium.launchd.xml\", $p=1/5, $c=5"
attr iterationvars2 "$sc=\"erlangen-medium.launchd.xml\", $p=1/5, $c=5, $repetition=0"
attr measurement "$sc=\"erlangen-medium.launchd.xml\", $p=1/5, $c=5"
attr network RSUExampleScenario
attr p 1/5
attr processid 3804
attr repetition 0
attr replication #0
attr resultdir results
attr runnumber 220
attr sc "\"erlangen-medium.launchd.xml\""
attr seedset 220

vector 0  RSUExampleScenario.rsu[0].appl  Number_CH  ETV
vector 1  RSUExampleScenario.rsu[0].appl  Number_ON  ETV
vector 2  RSUExampleScenario.rsu[0].appl  Number_FN  ETV
vector 3  RSUExampleScenario.rsu[0].appl  Number_CH_Losts  ETV
vector 4  RSUExampleScenario.rsu[0].appl  Mean_Cluster_Size  ETV
vector 5  RSUExampleScenario.rsu[0].appl  StdDev_Cluster_Size  ETV
vector 6  RSUExampleScenario.rsu[0].appl  Variance_Cluster_Size  ETV
vector 7  RSUExampleScenario.rsu[0].appl  Mean_Neighbors  ETV
vector 8  RSUExampleScenario.rsu[0].appl  StdDev_Neighbors  ETV
vector 9  RSUExampleScenario.rsu[0].appl  Variance_Neighbors  ETV
vector 10  RSUExampleScenario.rsu[0].appl  Total_CH_Utility  ETV
vector 11  RSUExampleScenario.rsu[0].appl  Mean_CH_Utility  ETV
vector 12  RSUExampleScenario.rsu[0].appl  StdDev_CH_Utility  ETV
vector 13  RSUExampleScenario.rsu[0].appl  Variance_CH_Utility  ETV
vector 14  RSUExampleScenario.rsu[0].appl  Total_exp_CH_Utility  ETV
vector 15  RSUExampleScenario.rsu[0].appl  Mean_exp_CH_Utility  ETV
vector 16  RSUExampleScenario.rsu[0].appl  StdDev_exp_CH_Utility  ETV
vector 17  RSUExampleScenario.rsu[0].appl  Variance_exp_CH_Utility  ETV
vector 18  RSUExampleScenario.rsu[0].appl  Total_ON_Utility  ETV
vector 19  RSUExampleScenario.rsu[0].appl  Mean_ON_Utility  ETV
vector 20  RSUExampleScenario.rsu[0].appl  StdDev_ON_Utility  ETV
vector 21  RSUExampleScenario.rsu[0].appl  Variance_ON_Utility  ETV
vector 22  RSUExampleScenario.rsu[0].appl  Total_exp_ON_Utility  ETV
vector 23  RSUExampleScenario.rsu[0].appl  Mean_exp_ON_Utility  ETV
vector 24  RSUExampleScenario.rsu[0].appl  StdDev_exp_ON_Utility  ETV
vector 25  RSUExampleScenario.rsu[0].appl  Variance_exp_ON_Utility  ETV
0	146572	240	15
0	172503	260	11
0	199364	280	14
0	226641	300	12
0	253740	320	15
0	281034	340	14
0	308466	360	14
0	335872	380	16
0	363697	400	9
0	392115	420	10
0	421024	440	13
0	450700	460	12
0	480952	480	14
0	511844	500	19
0	543291	520	16
0	575470	540	16
0	609070	560	8
0	642961	580	12
0	677607	600	20
0	713483	620	19
0	750423	640	8
0	788654	660	17
0	827660	680	18
0	868182	700	23
0	909572	720	18
0	952675	740	21
0	996601	760	22
0	1041510	780	19
0	1087909	800	22
0	1135482	820	15
0	1184077	840	17
0	1233277	860	24
0	1284104	880	19
0	1335889	900	17
0	1388564	920	23
0	1442689	940	21
0	1498695	960	22
0	1555507	980	18
0	1613950	1000	25
0	1673628	1020	28
0	1735515	1040	29
0	1799018	1060	22
0	1863897	1080	20
0	1930262	1100	19
0	1999007	1120	34
0	2069344	1140	17
0	2141197	1160	27
0	2215139	1180	24
0	2291072	1200	17
0	2369060	1220	27
0	2448706	1240	27
0	2530522	1260	19
0	2614358	1280	30
0	2700114	1300	22
0	2788047	1320	25
0	2877209	1340	22
0	2969231	1360	19
0	3063755	1380	26
0	3160223	1400	32
0	3258824	1420	31
0	3359617	1440	26
0	3463002	1460	23
0	3568939	1480	28
0	3676870	1500	26
0	3786681	1520	19
0	3899145	1540	25
0	4013654	1560	31
0	4130822	1580	26
0	4249761	1600	28
0	4372168	1620	30
0	4496534	1640	30
0	4622832	1660	26
0	4751035	1680	27
0	4882125	1700	30
0	5014855	1720	27
0	5149425	1740	26
0	5287654	1760	27
0	5428771	1780	33
0	5571336	1800	31
0	5717442	1820	38
0	5864742	1840	28
0	6015513	1860	31
0	6168648	1880	35
0	6324098	1900	27
0	6481726	1920	23
0	6642065	1940	34
0	6805895	1960	33
0	6971969	1980	26
0	7140463	2000	28
1	146572	240	20
1	172503	260	14
1	199364	280	19
1	226641	300	17
1	253740	320	19
1	281034	340	19
1	308466	360	19
1	335872	380	17
1	363697	400	12
1	392115	420	16
1	421024	440	19
1	450700	460	17
1	480952	480	22
1	511844	500	30
1	543291	520	24
1	575470	540	23
1	609070	560	13
1	642961	580	15
1	677607	600	30
1	713483	620	26
1	750423	640	11
1	788654	660	25
1	827660	680	22
1	868182	700	33
1	909572	720	26
1	952675	740	28
1	996601	760	35
1	1041510	780	29
1	1087909	800	33
1	1135482	820	17
1	1184077	840	26
1	1233277	860	32
1	1284104	880	27
1	1335889	900	21
1	1388564	920	36
1	1442689	940	33
1	1498695	960	30
1	1555507	980	23
1	1613950	1000	38
1	1673628	1020	40
1	1735515	1040	40
1	1799018	1060	31
1	1863897	1080	28
1	1930262	1100	28
1	1999007	1120	48
1	2069344	1140	25
1	2141197	1160	45
1	2215139	1180	32
1	2291072	1200	21
1	2369060	1220	40
1	2448706	1240	38
1	2530522	1260	26
1	2614358	1280	39
1	2700114	1300	33
1	2788047	1320	39
1	2877209	1340	37
1	2969231	1360	28
1	3063755	1380	38
1	3160223	1400	45
1	3258824	1420	47
1	3359617	1440	38
1	3463002	1460	36
1	3568939	1480	45
1	3676870	1500	37
1	3786681	1520	30
1	3899145	1540	33
1	4013654	1560	46
1	4130822	1580	40
1	4249761	1600	38
1	4372168	1620	43
1	4496534	1640	43
1	4622832	1660	37
1	4751035	1680	43
1	4882125	1700	45
1	5014855	1720	38
1	5149425	1740	38
1	5287654	1760	39
1	5428771	1780	49
1	5571336	1800	47
1	5717442	1820	57
1	5864742	1840	42
1	6015513	1860	44
1	6168648	1880	52
1	6324098	1900	41
1	6481726	1920	36
1	6642065	1940	49
1	6805895	1960	41
1	6971969	1980	35
1	7140463	2000	38
2	146572	240	44
2	172503	260	61
2	199364	280	59
2	226641	300	64
2	253740	320	60
2	281034	340	62
2	308466	360	62
2	335872	380	62
2	363697	400	75
2	392115	420	70
2	421024	440	66
2	450700	460	72
2	480952	480	65
2	511844	500	55
2	543291	520	64
2	575470	540	66
2	609070	560	86
2	642961	580	81
2	677607	600	59
2	713483	620	67
2	750423	640	92
2	788654	660	71
2	827660	680	75
2	868182	700	58
2	909572	720	72
2	952675	740	69
2	996601	760	61
2	1041510	780	70
2	1087909	800	65
2	1135482	820	92
2	1184077	840	82
2	1233277	860	70
2	1284104	880	81
2	1335889	900	89
2	1388564	920	70
2	1442689	940	77
2	1498695	960	79
2	1555507	980	91
2	1613950	1000	69
2	1673628	1020	66
2	1735515	1040	67
2	1799018	1060	85
2	1863897	1080	91
2	1930262	1100	93
2	1999007	1120	60
2	2069344	1140	99
2	2141197	1160	72
2	2215139	1180	88
2	2291072	1200	107
2	2369060	1220	81
2	2448706	1240	83
2	2530522	1260	104
2	2614358	1280	83
2	2700114	1300	97
2	2788047	1320	90
2	2877209	1340	95
2	2969231	1360	109
2	3063755	1380	93
2	3160223	1400	81
2	3258824	1420	83
2	3359617	1440	98
2	3463002	1460	103
2	3568939	1480	91
2	3676870	1500	102
2	3786681	1520	117
2	3899145	1540	109
2	4013654	1560	91
2	4130822	1580	104
2	4249761	1600	104
2	4372168	1620	100
2	4496534	1640	101
2	4622832	1660	110
2	4751035	1680	104
2	4882125	1700	103
2	5014855	1720	112
2	5149425	1740	115
2	5287654	1760	116
2	5428771	1780	100
2	5571336	1800	106
2	5717442	1820	90
2	5864742	1840	116
2	6015513	1860	112
2	6168648	1880	102
2	6324098	1900	120
2	6481726	1920	131
2	6642065	1940	110
2	6805895	1960	118
2	6971969	1980	133
2	7140463	2000	129
3	146572	240	4
3	172503	260	2
3	199364	280	1
3	226641	300	5
3	253740	320	5
3	281034	340	3
3	308466	360	3
3	335872	380	3
3	363697	400	3
3	392115	420	2
3	421024	440	5
3	450700	460	4
3	480952	480	6
3	511844	500	11
3	543291	520	6
3	575470	540	6
3	609070	560	4
3	642961	580	8
3	677607	600	4
3	713483	620	7
3	750423	640	6
3	788654	660	8
3	827660	680	5
3	868182	700	5
3	909572	720	3
3	952675	740	5
3	996601	760	3
3	1041510	780	5
3	1087909	800	3
3	1135482	820	7
3	1184077	840	5
3	1233277	860	7
3	1284104	880	9
3	1335889	900	10
3	1388564	920	5
3	1442689	940	7
3	1498695	960	8
3	1555507	980	6
3	1613950	1000	5
3	1673628	1020	7
3	1735515	1040	3
3	1799018	1060	5
3	1863897	1080	5
3	1930262	1100	9
3	1999007	1120	2
3	2069344	1140	8
3	2141197	1160	12
3	2215139	1180	8
3	2291072	1200	8
3	2369060	1220	7
3	2448706	1240	2
3	2530522	1260	3
3	2614358	1280	4
3	2700114	1300	6
3	2788047	1320	8
3	2877209	1340	7
3	2969231	1360	7
3	3063755	1380	9
3	3160223	1400	13
3	3258824	1420	4
3	3359617	1440	7
3	3463002	1460	8
3	3568939	1480	12
3	3676870	1500	8
3	3786681	1520	11
3	3899145	1540	3
3	4013654	1560	4
3	4130822	1580	4
3	4249761	1600	6
3	4372168	1620	7
3	4496534	1640	9
3	4622832	1660	10
3	4751035	1680	5
3	4882125	1700	1
3	5014855	1720	9
3	5149425	1740	5
3	5287654	1760	11
3	5428771	1780	12
3	5571336	1800	8
3	5717442	1820	5
3	5864742	1840	5
3	6015513	1860	10
3	6168648	1880	8
3	6324098	1900	6
3	6481726	1920	3
3	6642065	1940	13
3	6805895	1960	10
3	6971969	1980	12
3	7140463	2000	8
4	146572	240	1.3333333333333
4	172503	260	1.2727272727273
4	199364	280	1.3571428571429
4	226641	300	1.4166666666667
4	253740	320	1.2666666666667
4	281034	340	1.3571428571429
4	308466	360	1.3571428571429
4	335872	380	1.0625
4	363697	400	1.3333333333333
4	392115	420	1.6
4	421024	440	1.4615384615385
4	450700	460	1.4166666666667
4	480952	480	1.5714285714286
4	511844	500	1.5789473684211
4	543291	520	1.5
4	575470	540	1.4375
4	609070	560	1.625
4	642961	580	1.25
4	677607	600	1.5
4	713483	620	1.3684210526316
4	750423	640	1.375
4	788654	660	1.4705882352941
4	827660	680	1.2222222222222
4	868182	700	1.4347826086957
4	909572	720	1.4444444444444
4	952675	740	1.3333333333333
4	996601	760	1.5909090909091
4	1041510	780	1.5263157894737
4	1087909	800	1.5
4	1135482	820	1.1333333333333
4	1184077	840	1.5294117647059
4	1233277	860	1.3333333333333
4	1284104	880	1.4210526315789
4	1335889	900	1.2352941176471
4	1388564	920	1.5652173913043
4	1442689	940	1.5714285714286
4	1498695	960	1.3636363636364
4	1555507	980	1.2777777777778
4	1613950	1000	1.52
4	1673628	1020	1.4285714285714
4	1735515	1040	1.3793103448276
4	1799018	1060	1.4090909090909
4	1863897	1080	1.4
4	1930262	1100	1.4736842105263
4	1999007	1120	1.4117647058824
4	2069344	1140	1.4705882352941
4	2141197	1160	1.6666666666667
4	2215139	1180	1.3333333333333
4	2291072	1200	1.2352941176471
4	2369060	1220	1.4814814814815
4	2448706	1240	1.4074074074074
4	2530522	1260	1.3684210526316
4	2614358	1280	1.3
4	2700114	1300	1.5
4	2788047	1320	1.56
4	2877209	1340	1.6818181818182
4	2969231	1360	1.4736842105263
4	3063755	1380	1.4615384615385
4	3160223	1400	1.40625
4	3258824	1420	1.5161290322581
4	3359617	1440	1.4615384615385
4	3463002	1460	1.5652173913043
4	3568939	1480	1.6071428571429
4	3676870	1500	1.4230769230769
4	3786681	1520	1.5789473684211
4	3899145	1540	1.32
4	4013654	1560	1.4838709677419
4	4130822	1580	1.5384615384615
4	4249761	1600	1.3571428571429
4	4372168	1620	1.4333333333333
4	4496534	1640	1.4333333333333
4	4622832	1660	1.4230769230769
4	4751035	1680	1.5925925925926
4	4882125	1700	1.5
4	5014855	1720	1.4074074074074
4	5149425	1740	1.4615384615385
4	5287654	1760	1.4444444444444
4	5428771	1780	1.4848484848485
4	5571336	1800	1.5161290322581
4	5717442	1820	1.5
4	5864742	1840	1.5
4	6015513	1860	1.4193548387097
4	6168648	1880	1.4857142857143
4	6324098	1900	1.5185185185185
4	6481726	1920	1.5652173913043
4	6642065	1940	1.4411764705882
4	6805895	1960	1.2424242424242
4	6971969	1980	1.3461538461538
4	7140463	2000	1.3571428571429
5	146572	240	0.48795003647427
5	172503	260	0.46709936649691
5	199364	280	0.49724515809885
5	226641	300	0.51492865054444
5	253740	320	0.45773770821706
5	281034	340	0.49724515809885
5	308466	360	0.49724515809885
5	335872	380	0.25
5	363697	400	0.5
5	392115	420	0.51639777949432
5	421024	440	0.51887452166277
5	450700	460	0.51492865054444
5	480952	480	0.5135525910131
5	511844	500	0.50725727350179
5	543291	520	0.51639777949432
5	575470	540	0.6291528696059
5	609070	560	0.74402380914284
5	642961	580	0.45226701686665
5	677607	600	0.60697697866688
5	713483	620	0.49559462778335
5	750423	640	0.51754916950677
5	788654	660	0.51449575542753
5	827660	680	0.4277926319465
5	868182	700	0.5068698018697
5	909572	720	0.51130999256491
5	952675	740	0.48304589153965
5	996601	760	0.5032362797402
5	1041510	780	0.51298917604258
5	1087909	800	0.51176631571916
5	1135482	820	0.3518657752745
5	1184077	840	0.51449575542753
5	1233277	860	0.48154341234308
5	1284104	880	0.50725727350179
5	1335889	900	0.56229571453839
5	1388564	920	0.5068698018697
5	1442689	940	0.50709255283711
5	1498695	960	0.49236596391733
5	1555507	980	0.46088859896248
5	1613950	1000	0.50990195135928
5	1673628	1020	0.50395263067897
5	1735515	1040	0.56148992507488
5	1799018	1060	0.5032362797402
5	1863897	1080	0.50262468995003
5	1930262	1100	0.51298917604258
5	1999007	1120	0.49955416843564
5	2069344	1140	0.51449575542753
5	2141197	1160	0.48038446141526
5	2215139	1180	0.48154341234308
5	2291072	1200	0.4372373160976
5	2369060	1220	0.50917507721732
5	2448706	1240	0.50071174413254
5	2530522	1260	0.49559462778335
5	2614358	1280	0.4660915996994
5	2700114	1300	0.51176631571916
5	2788047	1320	0.50662280511902
5	2877209	1340	0.4767312946228
5	2969231	1360	0.51298917604258
5	3063755	1380	0.50839112744179
5	3160223	1400	0.49899091723585
5	3258824	1420	0.50800050800076
5	3359617	1440	0.50839112744179
5	3463002	1460	0.5068698018697
5	3568939	1480	0.49734746139344
5	3676870	1500	0.50383147365578
5	3786681	1520	0.50725727350179
5	3899145	1540	0.47609522856952
5	4013654	1560	0.56985189549189
5	4130822	1580	0.50839112744179
5	4249761	1600	0.48795003647427
5	4372168	1620	0.50400693299373
5	4496534	1640	0.50400693299373
5	4622832	1660	0.50383147365578
5	4751035	1680	0.50071174413254
5	4882125	1700	0.50854762771561
5	5014855	1720	0.50071174413254
5	5149425	1740	0.58177447388274
5	5287654	1760	0.50636968354183
5	5428771	1780	0.56575238185602
5	5571336	1800	0.50800050800076
5	5717442	1820	0.50671170970953
5	5864742	1840	0.50917507721732
5	6015513	1860	0.5016103101271
5	6168648	1880	0.50709255283711
5	6324098	1900	0.50917507721732
5	6481726	1920	0.5068698018697
5	6642065	1940	0.50399473726138
5	6805895	1960	0.43519413988924
5	6971969	1980	0.48516452403758
5	7140463	2000	0.48795003647427
6	146572	240	0.23809523809524
6	172503	260	0.21818181818182
6	199364	280	0.24725274725275
6	226641	300	0.26515151515152
6	253740	320	0.20952380952381
6	281034	340	0.24725274725275
6	308466	360	0.24725274725275
6	335872	380	0.0625
6	363697	400	0.25
6	392115	420	0.26666666666667
6	421024	440	0.26923076923077
6	450700	460	0.26515151515152
6	480952	480	0.26373626373626
6	511844	500	0.25730994152047
6	543291	520	0.26666666666667
6	575470	540	0.39583333333333
6	609070	560	0.55357142857143
6	642961	580	0.20454545454545
6	677607	600	0.36842105263158
6	713483	620	0.24561403508772
6	750423	640	0.26785714285714
6	788654	660	0.26470588235294
6	827660	680	0.18300653594771
6	868182	700	0.25691699604743
6	909572	720	0.26143790849673
6	952675	740	0.23333333333333
6	996601	760	0.25324675324675
6	1041510	780	0.26315789473684
6	1087909	800	0.26190476190476
6	1135482	820	0.12380952380952
6	1184077	840	0.26470588235294
6	1233277	860	0.23188405797101
6	1284104	880	0.25730994152047
6	1335889	900	0.31617647058824
6	1388564	920	0.25691699604743
6	1442689	940	0.25714285714286
6	1498695	960	0.24242424242424
6	1555507	980	0.21241830065359
6	1613950	1000	0.26
6	1673628	1020	0.25396825396825
6	1735515	1040	0.31527093596059
6	1799018	1060	0.25324675324675
6	1863897	1080	0.25263157894737
6	1930262	1100	0.26315789473684
6	1999007	1120	0.24955436720143
6	2069344	1140	0.26470588235294
6	2141197	1160	0.23076923076923
6	2215139	1180	0.23188405797101
6	2291072	1200	0.19117647058824
6	2369060	1220	0.25925925925926
6	2448706	1240	0.25071225071225
6	2530522	1260	0.24561403508772
6	2614358	1280	0.21724137931034
6	2700114	1300	0.26190476190476
6	2788047	1320	0.25666666666667
6	2877209	1340	0.22727272727273
6	2969231	1360	0.26315789473684
6	3063755	1380	0.25846153846154
6	3160223	1400	0.24899193548387
6	3258824	1420	0.25806451612903
6	3359617	1440	0.25846153846154
6	3463002	1460	0.25691699604743
6	3568939	1480	0.2473544973545
6	3676870	1500	0.25384615384615
6	3786681	1520	0.25730994152047
6	3899145	1540	0.22666666666667
6	4013654	1560	0.3247311827957
6	4130822	1580	0.25846153846154
6	4249761	1600	0.23809523809524
6	4372168	1620	0.25402298850575
6	4496534	1640	0.25402298850575
6	4622832	1660	0.25384615384615
6	4751035	1680	0.25071225071225
6	4882125	1700	0.25862068965517
6	5014855	1720	0.25071225071225
6	5149425	1740	0.33846153846154
6	5287654	1760	0.25641025641026
6	5428771	1780	0.32007575757576
6	5571336	1800	0.25806451612903
6	5717442	1820	0.25675675675676
6	5864742	1840	0.25925925925926
6	6015513	1860	0.25161290322581
6	6168648	1880	0.25714285714286
6	6324098	1900	0.25925925925926
6	6481726	1920	0.25691699604743
6	6642065	1940	0.25401069518717
6	6805895	1960	0.18939393939394
6	6971969	1980	0.23538461538462
6	7140463	2000	0.23809523809524
7	146572	240	22.493670886076
7	172503	260	22.511627906977
7	199364	280	22.239130434783
7	226641	300	22.301075268817
7	253740	320	22.308510638298
7	281034	340	22.063157894737
7	308466	360	22.127659574468
7	335872	380	22.221052631579
7	363697	400	21.927083333333
7	392115	420	22.072916666667
7	421024	440	22.183673469388
7	450700	460	22.178217821782
7	480952	480	22.455445544554
7	511844	500	22.240384615385
7	543291	520	22.480769230769
7	575470	540	22.819047619048
7	609070	560	23.177570093458
7	642961	580	23.731481481481
7	677607	600	24.231481481481
7	713483	620	24.026785714286
7	750423	640	24.513513513514
7	788654	660	25.535714285714
7	827660	680	25.64347826087
7	868182	700	26.271929824561
7	909572	720	26.991379310345
7	952675	740	27.330508474576
7	996601	760	28.347457627119
7	1041510	780	28.203389830508
7	1087909	800	29
7	1135482	820	29
7	1184077	840	29.411290322581
7	1233277	860	29.507936507937
7	1284104	880	29.661417322835
7	1335889	900	30.157480314961
7	1388564	920	30.837209302326
7	1442689	940	30.807692307692
7	1498695	960	31.392307692308
7	1555507	980	31.818181818182
7	1613950	1000	32.469696969697
7	1673628	1020	32.477611940299
7	1735515	1040	33.632352941176
7	1799018	1060	33.594202898551
7	1863897	1080	34.388489208633
7	1930262	1100	34.85
7	1999007	1120	35.5
7	2069344	1140	36.404255319149
7	2141197	1160	36.715277777778
7	2215139	1180	37.354166666667
7	2291072	1200	38.386206896552
7	2369060	1220	39.128378378378
7	2448706	1240	39.344594594595
7	2530522	1260	40.527027027027
7	2614358	1280	41.145695364238
7	2700114	1300	41.861842105263
7	2788047	1320	42.62091503268
7	2877209	1340	42.688311688312
7	2969231	1360	43.703225806452
7	3063755	1380	45
7	3160223	1400	45.585987261146
7	3258824	1420	45.670807453416
7	3359617	1440	46.567901234568
7	3463002	1460	47.16049382716
7	3568939	1480	48.294478527607
7	3676870	1500	48.012121212121
7	3786681	1520	49.210843373494
7	3899145	1540	49.820359281437
7	4013654	1560	50.446428571429
7	4130822	1580	51.272189349112
7	4249761	1600	51.264705882353
7	4372168	1620	51.936046511628
7	4496534	1640	52.632183908046
7	4622832	1660	53.42774566474
7	4751035	1680	53.66091954023
7	4882125	1700	53.426966292135
7	5014855	1720	54.598870056497
7	5149425	1740	54.575418994413
7	5287654	1760	55.10989010989
7	5428771	1780	56.076923076923
7	5571336	1800	56.608695652174
7	5717442	1820	57.271739130435
7	5864742	1840	57.537634408602
7	6015513	1860	58.090909090909
7	6168648	1880	58.809523809524
7	6324098	1900	59.909574468085
7	6481726	1920	59.926315789474
7	6642065	1940	59.854922279793
7	6805895	1960	61.515625
7	6971969	1980	61.469072164948
7	7140463	2000	62.487179487179
8	146572	240	4.687335413101
8	172503	260	5.0753016393616
8	199364	280	4.7494813255682
8	226641	300	4.4153510526555
8	253740	320	4.4189878560513
8	281034	340	5.0017242267803
8	308466	360	4.9540556700333
8	335872	380	4.6749193811877
8	363697	400	4.9145215362052
8	392115	420	4.9486729569742
8	421024	440	4.647018640246
8	450700	460	4.5064310481887
8	480952	480	3.5086315066568
8	511844	500	4.2734111163193
8	543291	520	3.6972326812938
8	575470	540	3.5213113607907
8	609070	560	3.5443632744097
8	642961	580	3.2943068463312
8	677607	600	2.7534395872075
8	713483	620	4.0480443981216
8	750423	640	4.0717761700959
8	788654	660	4.2254667025749
8	827660	680	5.133637444309
8	868182	700	5.4159467712174
8	909572	720	5.9072478542376
8	952675	740	7.291319138673
8	996601	760	6.9741612474209
8	1041510	780	7.2860472231061
8	1087909	800	7.2439337566813
8	1135482	820	8.1612840519767
8	1184077	840	8.3588345715597
8	1233277	860	8.8694947154805
8	1284104	880	9.1601452754482
8	1335889	900	9.8306495101431
8	1388564	920	9.825660519841
8	1442689	940	10.482244976605
8	1498695	960	10.330579393348
8	1555507	980	11.074224375727
8	1613950	1000	12.036483594142
8	1673628	1020	11.864343761916
8	1735515	1040	12.226146131855
8	1799018	1060	13.305307475749
8	1863897	1080	13.428021097672
8	1930262	1100	13.821537254818
8	1999007	1120	14.517170073756
8	2069344	1140	15.147832812181
8	2141197	1160	15.598844853433
8	2215139	1180	16.034259104647
8	2291072	1200	16.531193664847
8	2369060	1220	16.976286143618
8	2448706	1240	17.515673384722
8	2530522	1260	18.154081996678
8	2614358	1280	18.898464611706
8	2700114	1300	19.244006323155
8	2788047	1320	20.041406655626
8	2877209	1340	20.398807949447
8	2969231	1360	20.232792654933
8	3063755	1380	21.481575000826
8	3160223	1400	22.269343244431
8	3258824	1420	22.619067287776
8	3359617	1440	23.314718658539
8	3463002	1460	23.413621766542
8	3568939	1480	24.144864371083
8	3676870	1500	24.822783564453
8	3786681	1520	25.120753279809
8	3899145	1540	25.933024344981
8	4013654	1560	25.681550247146
8	4130822	1580	26.089529838654
8	4249761	1600	26.254229102584
8	4372168	1620	26.637077499771
8	4496534	1640	26.533919808526
8	4622832	1660	27.146281901049
8	4751035	1680	27.284944106084
8	4882125	1700	27.62701029951
8	5014855	1720	27.697895367823
8	5149425	1740	27.960820486303
8	5287654	1760	28.435621015362
8	5428771	1780	28.608514271503
8	5571336	1800	28.710523012002
8	5717442	1820	29.171849317232
8	5864742	1840	29.264888708664
8	6015513	1860	29.534511846809
8	6168648	1880	30.076245562112
8	6324098	1900	30.321932441448
8	6481726	1920	30.618057439708
8	6642065	1940	30.799243921983
8	6805895	1960	30.618917015278
8	6971969	1980	31.440898947005
8	7140463	2000	31.631310172688
9	146572	240	21.971113274911
9	172503	260	25.758686730506
9	199364	280	22.557572861921
9	226641	300	19.495324918186
9	253740	320	19.527453671929
9	281034	340	25.017245240761
9	308466	360	24.542667581789
9	335872	380	21.854871220605
9	363697	400	24.152521929825
9	392115	420	24.489364035088
9	421024	440	21.594782242794
9	450700	460	20.307920792079
9	480952	480	12.310495049505
9	511844	500	18.262042569081
9	543291	520	13.669529499627
9	575470	540	12.399633699634
9	609070	560	12.562511020984
9	642961	580	10.852457597785
9	677607	600	7.5814295604015
9	713483	620	16.386663449163
9	750423	640	16.579361179361
9	788654	660	17.854568854569
9	827660	680	26.354233409611
9	868182	700	29.33247942866
9	909572	720	34.895577211394
9	952675	740	53.163334781979
9	996601	760	48.638925105027
9	1041510	780	53.086484137332
9	1087909	800	52.474576271186
9	1135482	820	66.606557377049
9	1184077	840	69.870115394702
9	1233277	860	78.667936507937
9	1284104	880	83.908261467317
9	1335889	900	96.641669791276
9	1388564	920	96.543604651163
9	1442689	940	109.87745974955
9	1498695	960	106.72087060227
9	1555507	980	122.63844552394
9	1613950	1000	144.87693731205
9	1673628	1020	140.76265290091
9	1735515	1040	149.47864923747
9	1799018	1060	177.03120702423
9	1863897	1080	180.31175059952
9	1930262	1100	191.03489208633
9	1999007	1120	210.74822695035
9	2069344	1140	229.45683890578
9	2141197	1160	243.32396076146
9	2215139	1180	257.09746503497
9	2291072	1200	273.28036398467
9	2369060	1220	288.19429123001
9	2448706	1240	306.79881412024
9	2530522	1260	329.57069314212
9	2614358	1280	357.15196467991
9	2700114	1300	370.33177936563
9	2788047	1320	401.65798073615
9	2877209	1340	416.11136575842
9	2969231	1360	409.36589861751
9	3063755	1380	461.45806451613
9	3160223	1400	495.9236485383
9	3258824	1420	511.62220496894
9	3359617	1440	543.57610612683
9	3463002	1460	548.19768422667
9	3568939	1480	582.97447549799
9	3676870	1500	616.17058388766
9	3786681	1520	631.05224534502
9	3899145	1540	672.52175167737
9	4013654	1560	659.54202309666
9	4130822	1580	680.66356720203
9	4249761	1600	689.28454577097
9	4372168	1620	709.53389772882
9	4496534	1640	704.04890040529
9	4622832	1660	736.92062105122
9	4751035	1680	744.4681748721
9	4882125	1700	763.25169808925
9	5014855	1720	767.17340780688
9	5149425	1740	781.80748226728
9	5287654	1760	808.58454252929
9	5428771	1780	818.44708882278
9	5571336	1800	824.29413162271
9	5717442	1820	850.99679258731
9	5864742	1840	856.43371113049
9	6015513	1860	872.28739002933
9	6168648	1880	904.58054711246
9	6324098	1900	919.41958698373
9	6481726	1920	937.46544138123
9	6642065	1940	948.5934261658
9	6805895	1960	937.51807918848
9	6971969	1980	988.5301265958
9	7140463	2000	1000.5397832408
10	146572	240	715.9937905585
10	172503	260	527.1912818947
10	199364	280	666.98413893037
10	226641	300	573.05724133118
10	253740	320	717.68417408038
10	281034	340	669.61383911498
10	308466	360	683.90666531989
10	335872	380	763.79309382147
10	363697	400	440.93128047214
10	392115	420	482.84910117146
10	421024	440	633.2079301232
10	450700	460	588.08950395975
10	480952	480	690.16577755461
10	511844	500	932.24312550238
10	543291	520	783.15961290178
10	575470	540	770.88539973945
10	609070	560	391.44605132328
10	642961	580	596.84078617555
10	677607	600	969.52121130102
10	713483	620	951.19310007446
10	750423	640	397.79481526575
10	788654	660	851.68580723825
10	827660	680	872.73595645289
10	868182	700	1124.7345866781
10	909572	720	877.10670528938
10	952675	740	1039.2290119608
10	996601	760	1082.060713454
10	1041510	780	937.63551685275
10	1087909	800	1069.4160806569
10	1135482	820	733.49034110693
10	1184077	840	833.19728860166
10	1233277	860	1184.6149182905
10	1284104	880	934.85303129706
10	1335889	900	840.45378823338
10	1388564	920	1144.6923660217
10	1442689	940	1020.6308133405
10	1498695	960	1097.4642899807
10	1555507	980	890.40739402825
10	1613950	1000	1235.3772143632
10	1673628	1020	1397.767162691
10	1735515	1040	1472.8060259236
10	1799018	1060	1083.620580275
10	1863897	1080	1003.064067463
10	1930262	1100	941.03230416183
10	1999007	1120	1676.3167971162
10	2069344	1140	849.79274608915
10	2141197	1160	1351.3763540786
10	2215139	1180	1216.6652515648
10	2291072	1200	848.71580960205
10	2369060	1220	1349.5313794002
10	2448706	1240	1361.2896793691
10	2530522	1260	967.24120973372
10	2614358	1280	1494.6510627053
10	2700114	1300	1090.0439002184
10	2788047	1320	1255.065354932
10	2877209	1340	1096.0773667852
10	2969231	1360	937.06111949185
10	3063755	1380	1287.456934904
10	3160223	1400	1601.1899134609
10	3258824	1420	1545.2941590698
10	3359617	1440	1300.2852131723
10	3463002	1460	1135.896395916
10	3568939	1480	1400.4811313881
10	3676870	1500	1300.1099970307
10	3786681	1520	945.69318380889
10	3899145	1540	1255.4425268035
10	4013654	1560	1543.0064816823
10	4130822	1580	1299.4331220052
10	4249761	1600	1405.5665472812
10	4372168	1620	1496.9172418394
10	4496534	1640	1526.7331612531
10	4622832	1660	1299.3025909331
10	4751035	1680	1352.3733299547
10	4882125	1700	1502.2927056398
10	5014855	1720	1335.3261781966
10	5149425	1740	1316.7226437837
10	5287654	1760	1375.283029741
10	5428771	1780	1667.2751593981
10	5571336	1800	1555.7013239644
10	5717442	1820	1922.285171965
10	5864742	1840	1424.8424742333
10	6015513	1860	1584.2579946366
10	6168648	1880	1757.6271556787
10	6324098	1900	1381.4172418687
10	6481726	1920	1168.2702915534
10	6642065	1940	1728.1595782976
10	6805895	1960	1681.7316971355
10	6971969	1980	1305.5209748239
10	7140463	2000	1391.7139591688
11	146572	240	47.732919370566
11	172503	260	47.926480172246
11	199364	280	47.641724209312
11	226641	300	47.754770110932
11	253740	320	47.845611605359
11	281034	340	47.829559936784
11	308466	360	48.850476094278
11	335872	380	47.737068363842
11	363697	400	48.992364496904
11	392115	420	48.284910117146
11	421024	440	48.708302317169
11	450700	460	49.007458663312
11	480952	480	49.297555539615
11	511844	500	49.06542765802
11	543291	520	48.947475806361
11	575470	540	48.180337483716
11	609070	560	48.93075641541
11	642961	580	49.736732181296
11	677607	600	48.476060565051
11	713483	620	50.062794740761
11	750423	640	49.724351908219
11	788654	660	50.099165131662
11	827660	680	48.485330914049
11	868182	700	48.901503768612
11	909572	720	48.728150293854
11	952675	740	49.487095807658
11	996601	760	49.184577884273
11	1041510	780	49.349237729092
11	1087909	800	48.609821848042
11	1135482	820	48.899356073795
11	1184077	840	49.011605211862
11	1233277	860	49.35895492877
11	1284104	880	49.202791120898
11	1335889	900	49.438458131376
11	1388564	920	49.769233305291
11	1442689	940	48.60146730193
11	1498695	960	49.884740453668
11	1555507	980	49.467077446014
11	1613950	1000	49.415088574527
11	1673628	1020	49.920255810395
11	1735515	1040	50.786414687022
11	1799018	1060	49.255480921591
11	1863897	1080	50.153203373152
11	1930262	1100	49.528016008517
11	1999007	1120	49.303435209301
11	2069344	1140	49.987808593479
11	2141197	1160	50.050976076984
11	2215139	1180	50.694385481865
11	2291072	1200	49.924459388356
11	2369060	1220	49.982643681488
11	2448706	1240	50.418136272931
11	2530522	1260	50.907432091249
11	2614358	1280	49.821702090177
11	2700114	1300	49.547450009928
11	2788047	1320	50.20261419728
11	2877209	1340	49.821698490237
11	2969231	1360	49.319006289045
11	3063755	1380	49.517574419384
11	3160223	1400	50.037184795654
11	3258824	1420	49.848198679669
11	3359617	1440	50.010969737395
11	3463002	1460	49.386799822433
11	3568939	1480	50.01718326386
11	3676870	1500	50.004230655028
11	3786681	1520	49.773325463626
11	3899145	1540	50.217701072139
11	4013654	1560	49.774402634914
11	4130822	1580	49.978197000201
11	4249761	1600	50.198805260044
11	4372168	1620	49.897241394646
11	4496534	1640	50.891105375102
11	4622832	1660	49.973176574351
11	4751035	1680	50.087901109433
11	4882125	1700	50.076423521325
11	5014855	1720	49.456525118393
11	5149425	1740	50.643178607067
11	5287654	1760	50.936408508925
11	5428771	1780	50.523489678729
11	5571336	1800	50.183913676272
11	5717442	1820	50.586451893815
11	5864742	1840	50.887231222619
11	6015513	1860	51.10509660118
11	6168648	1880	50.217918733677
11	6324098	1900	51.163601550694
11	6481726	1920	50.794360502321
11	6642065	1940	50.828222891107
11	6805895	1960	50.961566579865
11	6971969	1980	50.212345185534
11	7140463	2000	49.704069970313
12	146572	240	1.4751172617563
12	172503	260	2.307356783853
12	199364	280	1.7638961838337
12	226641	300	1.5974648871335
12	253740	320	2.887447156359
12	281034	340	2.0507133164587
12	308466	360	1.9355401968787
12	335872	380	2.0245996541998
12	363697	400	2.7003426483455
12	392115	420	1.4673156321683
12	421024	440	1.8341774019568
12	450700	460	2.5554967412374
12	480952	480	2.6071408819812
12	511844	500	2.2095934080685
12	543291	520	1.0778861159885
12	575470	540	2.8807880017575
12	609070	560	1.4879042572877
12	642961	580	1.7698225916731
12	677607	600	1.7070512135988
12	713483	620	2.4602817968342
12	750423	640	4.6523678571155
12	788654	660	2.5378945736098
12	827660	680	2.2107983590534
12	868182	700	2.1865365777397
12	909572	720	1.56157297981
12	952675	740	2.6223137273683
12	996601	760	2.5118793373667
12	1041510	780	2.4232529100371
12	1087909	800	1.9884187580207
12	1135482	820	2.7287365797164
12	1184077	840	2.0225526373826
12	1233277	860	2.7416780615285
12	1284104	880	2.5981498697153
12	1335889	900	2.5519687937389
12	1388564	920	2.1154323406906
12	1442689	940	3.1121372488459
12	1498695	960	2.5374948779667
12	1555507	980	3.3820143746612
12	1613950	1000	2.4747557345058
12	1673628	1020	2.9784363632969
12	1735515	1040	2.7404364355707
12	1799018	1060	3.6958567491171
12	1863897	1080	3.0470249150127
12	1930262	1100	2.5150502309433
12	1999007	1120	2.096129145127
12	2069344	1140	2.5422036062217
12	2141197	1160	2.2860092736488
12	2215139	1180	3.0142639766276
12	2291072	1200	2.9242862621938
12	2369060	1220	2.4998190750985
12	2448706	1240	2.6891772163795
12	2530522	1260	2.7793790864568
12	2614358	1280	2.5225247997725
12	2700114	1300	2.3333192352928
12	2788047	1320	2.433253589083
12	2877209	1340	2.3842853823123
12	2969231	1360	3.0969867658485
12	3063755	1380	2.3043937704193
12	3160223	1400	2.2053037304754
12	3258824	1420	2.0556464997322
12	3359617	1440	2.0181805847548
12	3463002	1460	2.2007691267973
12	3568939	1480	2.2859621072664
12	3676870	1500	2.4814356291791
12	3786681	1520	2.4563667258876
12	3899145	1540	3.158633485366
12	4013654	1560	2.3025793589186
12	4130822	1580	2.1601368450861
12	4249761	1600	2.4478927919573
12	4372168	1620	2.1084322216926
12	4496534	1640	3.1098938823017
12	4622832	1660	3.1005643210747
12	4751035	1680	2.6213941913328
12	4882125	1700	2.7688549440541
12	5014855	1720	2.1442458941211
12	5149425	1740	2.4472586064244
12	5287654	1760	2.2526047075712
12	5428771	1780	2.2095949144593
12	5571336	1800	2.7581407195402
12	5717442	1820	2.7416054045421
12	5864742	1840	2.2645694510479
12	6015513	1860	2.3460244653047
12	6168648	1880	2.6245087827099
12	6324098	1900	3.1165661972369
12	6481726	1920	2.5213482021232
12	6642065	1940	2.380086672645
12	6805895	1960	2.7706211171571
12	6971969	1980	2.5894332649842
12	7140463	2000	2.2081345616772
13	146572	240	2.1759709359313
13	172503	260	5.3238953279926
13	199364	280	3.1113297473432
13	226641	300	2.5518940656245
13	253740	320	8.3373510807659
13	281034	340	4.205425106301
13	308466	360	3.7463158537332
13	335872	380	4.0990037597858
13	363697	400	7.2918504184736
13	392115	420	2.1530151644054
13	421024	440	3.364206741849
13	450700	460	6.5305635944748
13	480952	480	6.7971835784977
13	511844	500	4.8823030289799
13	543291	520	1.1618384790408
13	575470	540	8.2989395110701
13	609070	560	2.213859078855
13	642961	580	3.1322720059964
13	677607	600	2.9140238458492
13	713483	620	6.0529865198338
13	750423	640	21.644526677921
13	788654	660	6.440908866758
13	827660	680	4.8876293843931
13	868182	700	4.7809422057936
13	909572	720	2.4385101712728
13	952675	740	6.8765292847442
13	996601	760	6.3095378054895
13	1041510	780	5.8721546660034
13	1087909	800	3.9538091572488
13	1135482	820	7.4460033214825
13	1184077	840	4.0907191709833
13	1233277	860	7.5167985930669
13	1284104	880	6.7503827455016
13	1335889	900	6.5125447242169
13	1388564	920	4.4750539880399
13	1442689	940	9.6853982556541
13	1498695	960	6.4388802557074
13	1555507	980	11.438021230415
13	1613950	1000	6.1244159454694
13	1673628	1020	8.871083170209
13	1735515	1040	7.5099918574035
13	1799018	1060	13.659357109994
13	1863897	1080	9.2843608327083
13	1930262	1100	6.3254776641681
13	1999007	1120	4.393757393051
13	2069344	1140	6.4627991754866
13	2141197	1160	5.2258383992085
13	2215139	1180	9.0857873207949
13	2291072	1200	8.5514501432555
13	2369060	1220	6.2490954082262
13	2448706	1240	7.2316741010946
13	2530522	1260	7.7249481062337
13	2614358	1280	6.3631313654673
13	2700114	1300	5.4443786537874
13	2788047	1320	5.9207230287852
13	2877209	1340	5.6848167843083
13	2969231	1360	9.591327027841
13	3063755	1380	5.3102306491471
13	3160223	1400	4.8633645436485
13	3258824	1420	4.2256825318611
13	3359617	1440	4.0730528726813
13	3463002	1460	4.8433847494641
13	3568939	1480	5.225622755858
13	3676870	1500	6.1575227817593
13	3786681	1520	6.0337374920477
13	3899145	1540	9.9769654948754
13	4013654	1560	5.3018717041179
13	4130822	1580	4.6661911894986
13	4249761	1600	5.9921791209163
13	4372168	1620	4.4454864334716
13	4496534	1640	9.6714399591778
13	4622832	1660	9.6134991091213
13	4751035	1680	6.8717075063532
13	4882125	1700	7.6665577012128
13	5014855	1720	4.597790454455
13	5149425	1740	5.9890746867182
13	5287654	1760	5.074227968572
13	5428771	1780	4.8823096860043
13	5571336	1800	7.6073402287856
13	5717442	1820	7.5164001942142
13	5864742	1840	5.1282747986193
13	6015513	1860	5.5038307918084
13	6168648	1880	6.8880463505212
13	6324098	1900	9.7129848617594
13	6481726	1920	6.3571967563498
13	6642065	1940	5.6648125693021
13	6805895	1960	7.6763413748368
13	6971969	1980	6.7051646338065
13	7140463	2000	4.8758582424732
14	146572	240	850.63738181357
14	172503	260	584.25147790714
14	199364	280	673.96317693525
14	226641	300	761.60585890045
14	253740	320	895.16342491008
14	281034	340	764.06894717713
14	308466	360	769.16395030332
14	335872	380	855.55591352647
14	363697	400	545.61886499998
14	392115	420	543.15056073802
14	421024	440	811.6757348565
14	450700	460	724.24504721895
14	480952	480	906.32618397552
14	511844	500	1355.1922268733
14	543291	520	1003.3548301621
14	575470	540	995.37650602659
14	609070	560	539.17481840289
14	642961	580	905.62734419573
14	677607	600	1083.9918624744
14	713483	620	1188.7267447058
14	750423	640	640.73571353585
14	788654	660	1095.3625127883
14	827660	680	1037.8115094163
14	868182	700	1269.5851936695
14	909572	720	954.0186723962
14	952675	740	1185.0832726325
14	996601	760	1139.1155048906
14	1041510	780	1097.8204855845
14	1087909	800	1141.5646851345
14	1135482	820	1000.7400087791
14	1184077	840	1001.2851671828
14	1233277	860	1417.9537312285
14	1284104	880	1277.2754307737
14	1335889	900	1230.6780379423
14	1388564	920	1283.460570774
14	1442689	940	1278.9536993575
14	1498695	960	1330.5161436086
14	1555507	980	1095.2394750936
14	1613950	1000	1367.25929429
14	1673628	1020	1600.8123716082
14	1735515	1040	1477.5966344942
14	1799018	1060	1228.5163196545
14	1863897	1080	1145.6466796094
14	1930262	1100	1271.6583509066
14	1999007	1120	1643.9287545599
14	2069344	1140	1149.1888756998
14	2141197	1160	1781.2570509466
14	2215139	1180	1461.1492551396
14	2291072	1200	1142.072306612
14	2369060	1220	1550.3328690962
14	2448706	1240	1331.8163316287
14	2530522	1260	964.80353510258
14	2614358	1280	1561.975188646
14	2700114	1300	1280.5332988946
14	2788047	1320	1461.5977118623
14	2877209	1340	1321.1704164726
14	2969231	1360	1185.0734459689
14	3063755	1380	1596.3565014448
14	3160223	1400	2055.9050729823
14	3258824	1420	1599.9178778737
14	3359617	1440	1505.3862825747
14	3463002	1460	1408.1744219285
14	3568939	1480	1769.0487820167
14	3676870	1500	1548.6987432505
14	3786681	1520	1361.3903658317
14	3899145	1540	1274.6730241489
14	4013654	1560	1596.7528081028
14	4130822	1580	1369.6998683533
14	4249761	1600	1546.6976277886
14	4372168	1620	1685.9290121093
14	4496534	1640	1781.0775214745
14	4622832	1660	1642.5653086582
14	4751035	1680	1454.1891817894
14	4882125	1700	1417.8048061149
14	5014855	1720	1635.0602398621
14	5149425	1740	1406.7780819273
14	5287654	1760	1743.047414
14	5428771	1780	2055.854530649
14	5571336	1800	1770.7608668162
14	5717442	1820	1967.8879535641
14	5864742	1840	1512.0186577219
14	6015513	1860	1872.4143679704
14	6168648	1880	1953.6372483858
14	6324098	1900	1506.2299291996
14	6481726	1920	1187.4561510354
14	6642065	1940	2136.8982902801
14	6805895	1960	1956.7256391467
14	6971969	1980	1722.939411038
14	7140463	2000	1638.6728077892
15	146572	240	44.770388516504
15	172503	260	44.942421377472
15	199364	280	44.93087846235
15	226641	300	44.800344641203
15	253740	320	44.758171245504
15	281034	340	44.94523218689
15	308466	360	45.244938253137
15	335872	380	45.029258606656
15	363697	400	45.468238749999
15	392115	420	45.262546728168
15	421024	440	45.093096380916
15	450700	460	45.265315451184
15	480952	480	45.316309198776
15	511844	500	45.173074229111
15	543291	520	45.607037734642
15	575470	540	45.244386637572
15	609070	560	44.931234866908
15	642961	580	45.281367209786
15	677607	600	45.166327603099
15	713483	620	45.720259411761
15	750423	640	45.766836681132
15	788654	660	45.640104699514
15	827660	680	45.12223953984
15	868182	700	45.342328345339
15	909572	720	45.429460590295
15	952675	740	45.580125870482
15	996601	760	45.564620195623
15	1041510	780	45.742520232687
15	1087909	800	45.662587405381
15	1135482	820	45.488182217233
15	1184077	840	45.512962144671
15	1233277	860	45.740442942856
15	1284104	880	45.616979670491
15	1335889	900	45.580668071938
15	1388564	920	45.837877527644
15	1442689	940	45.676917834195
15	1498695	960	45.879867020987
15	1555507	980	45.634978128898
15	1613950	1000	45.575309809667
15	1673628	1020	45.737496331662
15	1735515	1040	46.174894827944
15	1799018	1060	45.500604431648
15	1863897	1080	45.825867184378
15	1930262	1100	45.416369675237
15	1999007	1120	45.664687626665
15	2069344	1140	45.967555027992
15	2141197	1160	45.67325771658
15	2215139	1180	45.660914223112
15	2291072	1200	45.682892264482
15	2369060	1220	45.598025561654
15	2448706	1240	45.924701090646
15	2530522	1260	45.943025481075
15	2614358	1280	45.940446724883
15	2700114	1300	45.733332103377
15	2788047	1320	45.674928495695
15	2877209	1340	45.55760056802
15	2969231	1360	45.579747921881
15	3063755	1380	45.610185755565
15	3160223	1400	45.686779399607
15	3258824	1420	45.711939367819
15	3359617	1440	45.617766138629
15	3463002	1460	45.424981352531
15	3568939	1480	45.360225179914
15	3676870	1500	45.549963036779
15	3786681	1520	45.379678861056
15	3899145	1540	45.524036576748
15	4013654	1560	45.621508802938
15	4130822	1580	45.656662278442
15	4249761	1600	45.491106699666
15	4372168	1620	45.565648975927
15	4496534	1640	45.668654396783
15	4622832	1660	45.626814129394
15	4751035	1680	45.443411930917
15	4882125	1700	45.735638906933
15	5014855	1720	45.418339996169
15	5149425	1740	45.379938126687
15	5287654	1760	45.869668789474
15	5428771	1780	45.685656236644
15	5571336	1800	45.404124790159
15	5717442	1820	45.764836129399
15	5864742	1840	45.818747203695
15	6015513	1860	45.66864312123
15	6168648	1880	45.433424381065
15	6324098	1900	45.643331187866
15	6481726	1920	45.671390424438
15	6642065	1940	45.465921069789
15	6805895	1960	45.505247422017
15	6971969	1980	45.340510816789
15	7140463	2000	45.518689105254
16	146572	240	0.42731153654863
16	172503	260	0.4721886082518
16	199364	280	0.79129404031947
16	226641	300	0.66508096363069
16	253740	320	0.30996118492294
16	281034	340	0.85392714166288
16	308466	360	0.96828580504795
16	335872	380	0.55551031246239
16	363697	400	1.6797009557327
16	392115	420	1.4945162214617
16	421024	440	1.1724611989317
16	450700	460	1.5163296555193
16	480952	480	1.1534983264912
16	511844	500	1.0447920326388
16	543291	520	1.5862329644112
16	575470	540	1.2208728392983
16	609070	560	0.58130715817191
16	642961	580	1.19154407011
16	677607	600	0.97713805582809
16	713483	620	1.4333925993321
16	750423	640	1.2968304250392
16	788654	660	1.1012199709154
16	827660	680	1.0679156994175
16	868182	700	1.1659241562823
16	909572	720	1.1482994678248
16	952675	740	1.2180021136553
16	996601	760	1.3204440478901
16	1041510	780	1.2961715517509
16	1087909	800	1.2831252818014
16	1135482	820	1.2904709840317
16	1184077	840	1.1445808498749
16	1233277	860	1.3296164625228
16	1284104	880	1.2699595209099
16	1335889	900	1.1736259527746
16	1388564	920	1.4817141259779
16	1442689	940	1.2256468822341
16	1498695	960	1.1755288604618
16	1555507	980	1.214186464982
16	1613950	1000	1.1786339255474
16	1673628	1020	1.1826663010341
16	1735515	1040	1.047275611103
16	1799018	1060	1.1412775449385
16	1863897	1080	1.0809121815799
16	1930262	1100	1.0131091345087
16	1999007	1120	1.2309152285263
16	2069344	1140	1.1878214837236
16	2141197	1160	1.0337200657465
16	2215139	1180	1.0703695863541
16	2291072	1200	1.0257238265116
16	2369060	1220	0.94069943260408
16	2448706	1240	1.0264541878706
16	2530522	1260	1.0284767522507
16	2614358	1280	1.0358704417491
16	2700114	1300	1.0907992672203
16	2788047	1320	0.89731233847165
16	2877209	1340	0.85105686697808
16	2969231	1360	0.94264687231825
16	3063755	1380	1.1444760693257
16	3160223	1400	0.94594586360409
16	3258824	1420	0.90831987798792
16	3359617	1440	0.91718645247171
16	3463002	1460	0.99320326919878
16	3568939	1480	0.92715594719863
16	3676870	1500	0.97257074194765
16	3786681	1520	0.86649410026838
16	3899145	1540	0.76273354264472
16	4013654	1560	0.93119276000333
16	4130822	1580	0.80607525332026
16	4249761	1600	0.91271152632935
16	4372168	1620	0.85683046429613
16	4496534	1640	0.92494959386762
16	4622832	1660	0.93899410477981
16	4751035	1680	0.70688429742915
16	4882125	1700	0.84310195205952
16	5014855	1720	0.78588498696145
16	5149425	1740	0.87730084952142
16	5287654	1760	0.90657724660704
16	5428771	1780	0.93179098908353
16	5571336	1800	0.76249842623626
16	5717442	1820	0.90423385448406
16	5864742	1840	0.96663651395919
16	6015513	1860	0.82540299474642
16	6168648	1880	0.94702401617824
16	6324098	1900	0.92022488902311
16	6481726	1920	1.0508993191717
16	6642065	1940	0.79552321195905
16	6805895	1960	0.60673341633955
16	6971969	1980	0.89703799466319
16	7140463	2000	1.0519194131327
17	146572	240	0.18259514926755
17	172503	260	0.22296208176277
17	199364	280	0.62614625824511
17	226641	300	0.44233268818393
17	253740	320	0.096075936158836
17	281034	340	0.72919156326853
17	308466	360	0.93757740025736
17	335872	380	0.30859170725206
17	363697	400	2.8213953006895
17	392115	420	2.2335787362122
17	421024	440	1.3746652630005
17	450700	460	2.2992556242071
17	480952	480	1.3305583892181
17	511844	500	1.0915903914654
17	543291	520	2.5161350173847
17	575470	540	1.4905304897363
17	609070	560	0.3379180121419
17	642961	580	1.4197772710143
17	677607	600	0.95479878014749
17	713483	620	2.05461434382
17	750423	640	1.6817691513074
17	788654	660	1.2126854243429
17	827660	680	1.1404439410624
17	868182	700	1.3593791382027
17	909572	720	1.3185916678068
17	952675	740	1.4835291488688
17	996601	760	1.7435724836083
17	1041510	780	1.6800606915684
17	1087909	800	1.6464104887979
17	1135482	820	1.6653153606277
17	1184077	840	1.3100653219003
17	1233277	860	1.7678799374117
17	1284104	880	1.6127971847498
17	1335889	900	1.3773978770262
17	1388564	920	2.1954767511224
17	1442689	940	1.5022102799303
17	1498695	960	1.3818681017785
17	1555507	980	1.4742487717455
17	1613950	1000	1.3891779304514
17	1673628	1020	1.3986995796016
17	1735515	1040	1.0967862056112
17	1799018	1060	1.3025144345809
17	1863897	1080	1.1683711442879
17	1930262	1100	1.026390118425
17	1999007	1120	1.515152299818
17	2069344	1140	1.4109198771954
17	2141197	1160	1.068577174327
17	2215139	1180	1.1456910513919
17	2291072	1200	1.0521093682735
17	2369060	1220	0.88491542250163
17	2448706	1240	1.0536081997971
17	2530522	1260	1.0577644299201
17	2614358	1280	1.0730275720895
17	2700114	1300	1.1898430413684
17	2788047	1320	0.80516943277346
17	2877209	1340	0.72429779083054
17	2969231	1360	0.88858312589138
17	3063755	1380	1.3098254732592
17	3160223	1400	0.89481357686968
17	3258824	1420	0.82504500074799
17	3359617	1440	0.84123098859764
17	3463002	1460	0.98645273394714
17	3568939	1480	0.85961815042579
17	3676870	1500	0.94589384809261
17	3786681	1520	0.75081202579991
17	3899145	1540	0.58176245707536
17	4013654	1560	0.86711995628263
17	4130822	1580	0.64975731401533
17	4249761	1600	0.83304233029445
17	4372168	1620	0.73415844454592
17	4496534	1640	0.85553175119588
17	4622832	1660	0.88170992881124
17	4751035	1680	0.49968540995191
17	4882125	1700	0.71082090156658
17	5014855	1720	0.61761521273139
17	5149425	1740	0.76965678057101
17	5287654	1760	0.82188230406561
17	5428771	1780	0.86823444733726
17	5571336	1800	0.58140385001277
17	5717442	1820	0.8176388635951
17	5864742	1840	0.93438615011917
17	6015513	1860	0.68129010373636
17	6168648	1880	0.89685448721837
17	6324098	1900	0.8468138463776
17	6481726	1920	1.1043893790355
17	6642065	1940	0.63285718076564
17	6805895	1960	0.36812543850307
17	6971969	1980	0.80467716386936
17	7140463	2000	1.1065344517254
18	146572	240	1959.6397127372
18	172503	260	2186.0291007541
18	199364	280	2523.9598859555
18	226641	300	2341.617408882
18	253740	320	2299.517563781
18	281034	340	2419.2430445573
18	308466	360	2270.0709122041
18	335872	380	2356.9097173707
18	363697	400	2264.2001565084
18	392115	420	2282.328464454
18	421024	440	2544.5142452914
18	450700	460	2492.8656651515
18	480952	480	2419.4283794109
18	511844	500	2520.1225073145
18	543291	520	2599.993371237
18	575470	540	2575.2274874546
18	609070	560	2777.6120277543
18	642961	580	2635.5428657264
18	677607	600	2867.222392737
18	713483	620	3176.044739412
18	750423	640	3207.3581887118
18	788654	660	2974.0947580046
18	827660	680	3021.3955317319
18	868182	700	2842.9471458961
18	909572	720	3358.4360043955
18	952675	740	3049.6589817779
18	996601	760	3213.5467530242
18	1041510	780	3058.2827423913
18	1087909	800	3285.8938296195
18	1135482	820	3606.2831146445
18	1184077	840	3802.3786742434
18	1233277	860	3349.0317106483
18	1284104	880	3543.9610031772
18	1335889	900	3248.454270738
18	1388564	920	3748.002032616
18	1442689	940	3730.2035916201
18	1498695	960	3781.7411330868
18	1555507	980	4120.8344845075
18	1613950	1000	3913.8164939161
18	1673628	1020	3932.1351920531
18	1735515	1040	3979.7550441552
18	1799018	1060	4158.8623320533
18	1863897	1080	4135.8907394284
18	1930262	1100	4313.4443913669
18	1999007	1120	3961.0237600833
18	2069344	1140	4076.7952440535
18	2141197	1160	3945.0336628386
18	2215139	1180	4347.5718506469
18	2291072	1200	4716.4441297274
18	2369060	1220	4690.6635908655
18	2448706	1240	4586.8173984604
18	2530522	1260	5014.4315672639
18	2614358	1280	4653.3244137595
18	2700114	1300	4678.3894877221
18	2788047	1320	4896.7210555717
18	2877209	1340	5167.8542176116
18	2969231	1360	5123.5850998051
18	3063755	1380	4922.6382920721
18	3160223	1400	4449.6052007375
18	3258824	1420	4852.6548653682
18	3359617	1440	5025.0774646772
18	3463002	1460	5212.0171707592
18	3568939	1480	5009.1466848356
18	3676870	1500	5190.7370722614
18	3786681	1520	5679.6962943734
18	3899145	1540	5538.9310009674
18	4013654	1560	5603.8791736761
18	4130822	1580	5980.9424472224
18	4249761	1600	5649.0625556645
18	4372168	1620	5700.4171539129
18	4496534	1640	6040.2391212961
18	4622832	1660	5860.9923804031
18	4751035	1680	6067.1248973107
18	4882125	1700	6167.6076105657
18	5014855	1720	6000.8035333948
18	5149425	1740	6053.0468175392
18	5287654	1760	6022.9814122447
18	5428771	1780	5939.6523541555
18	5571336	1800	6339.8952951717
18	5717442	1820	5948.1492534397
18	5864742	1840	6486.5352657661
18	6015513	1860	6171.6407950235
18	6168648	1880	6325.4983355094
18	6324098	1900	6426.0911555084
18	6481726	1920	6703.1138835977
18	6642065	1940	6308.5780428169
18	6805895	1960	6264.5108923474
18	6971969	1980	6671.9928938614
18	7140463	2000	6975.9038866997
19	146572	240	47.796090554565
19	172503	260	47.522371755525
19	199364	280	47.621884640669
19	226641	300	47.788110385347
19	253740	320	47.906615912103
19	281034	340	47.436138128574
19	308466	360	48.299381110726
19	335872	380	48.100198313687
19	363697	400	48.174471415073
19	392115	420	48.560180094765
19	421024	440	48.932966255604
19	450700	460	48.87971892454
19	480952	480	49.376089375733
19	511844	500	49.414166810089
19	543291	520	49.056478702585
19	575470	540	49.523605527972
19	609070	560	49.600214781327
19	642961	580	49.727223881631
19	677607	600	49.434868840294
19	713483	620	49.625699053312
19	750423	640	49.343972134028
19	788654	660	49.568245966744
19	827660	680	49.531074290687
19	868182	700	49.016330101657
19	909572	720	49.388764770522
19	952675	740	49.188048093191
19	996601	760	48.690102318548
19	1041510	780	49.327141006311
19	1087909	800	49.043191486858
19	1135482	820	49.401138556773
19	1184077	840	49.38154122394
19	1233277	860	49.250466333064
19	1284104	880	49.221680599683
19	1335889	900	49.21900410209
19	1388564	920	49.315816218631
19	1442689	940	49.736047888268
19	1498695	960	49.11352120892
19	1555507	980	49.648608247078
19	1613950	1000	49.541980935647
19	1673628	1020	49.773863190546
19	1735515	1040	49.74693805194
19	1799018	1060	50.106775084979
19	1863897	1080	49.830008908776
19	1930262	1100	50.156330132173
19	1999007	1120	49.512797001042
19	2069344	1140	49.717015171384
19	2141197	1160	49.937134972641
19	2215139	1180	50.553161054034
19	2291072	1200	50.174937550292
19	2369060	1220	49.900676498569
19	2448706	1240	49.856710852831
19	2530522	1260	50.144315672639
19	2614358	1280	50.035746384511
19	2700114	1300	50.305263308839
19	2788047	1320	49.966541383385
19	2877209	1340	50.173341918559
19	2969231	1360	50.231226468678
19	3063755	1380	50.231002980327
19	3160223	1400	49.99556405323
19	3258824	1420	50.027369746064
19	3359617	1440	50.250774646772
19	3463002	1460	50.115549718839
19	3568939	1480	50.091466848356
19	3676870	1500	49.910933387129
19	3786681	1520	49.821897319065
19	3899145	1540	49.900279287995
19	4013654	1560	50.034635479251
19	4130822	1580	49.841187060186
19	4249761	1600	50.438058532719
19	4372168	1620	50.00365924485
19	4496534	1640	50.335326010801
19	4622832	1660	50.525796382786
19	4751035	1680	50.559374144256
19	4882125	1700	50.554160742342
19	5014855	1720	50.854267232159
19	5149425	1740	50.865939643187
19	5287654	1760	50.613289178527
19	5428771	1780	50.766259437227
19	5571336	1800	50.719162361373
19	5717442	1820	50.408044520675
19	5864742	1840	50.676056763798
19	6015513	1860	50.58721963134
19	6168648	1880	51.012083350883
19	6324098	1900	51.000723456416
19	6481726	1920	51.168808271738
19	6642065	1940	50.875629377556
19	6805895	1960	50.930982864613
19	6971969	1980	51.323022260472
19	7140463	2000	50.91900647226
20	146572	240	1.6382541000973
20	172503	260	1.5470108527334
20	199364	280	1.7663163228316
20	226641	300	1.7810579765489
20	253740	320	1.7034402403315
20	281034	340	1.8753685713288
20	308466	360	2.4627874738353
20	335872	380	2.1682950421068
20	363697	400	2.2188944047287
20	392115	420	2.3337388585651
20	421024	440	2.7304590691117
20	450700	460	2.7900962357774
20	480952	480	3.159440118756
20	511844	500	2.9107649425742
20	543291	520	2.2959849620351
20	575470	540	2.6085015831704
20	609070	560	2.5984722623762
20	642961	580	2.5045250455081
20	677607	600	2.8121976019917
20	713483	620	2.5532439120443
20	750423	640	2.2969766369555
20	788654	660	2.4024973684326
20	827660	680	2.5701319535643
20	868182	700	2.7675901232532
20	909572	720	2.671499014836
20	952675	740	2.7598187244547
20	996601	760	2.5911787093984
20	1041510	780	2.7366985736893
20	1087909	800	2.7181116758053
20	1135482	820	2.5830684099427
20	1184077	840	2.5228153140838
20	1233277	860	2.6611323148703
20	1284104	880	2.6915190684805
20	1335889	900	3.0137411157389
20	1388564	920	2.7569475038529
20	1442689	940	2.858646180291
20	1498695	960	2.4778956333722
20	1555507	980	2.5796699007852
20	1613950	1000	2.9065538816308
20	1673628	1020	3.019504558648
20	1735515	1040	3.084816492687
20	1799018	1060	3.0871205130968
20	1863897	1080	3.2560965937682
20	1930262	1100	2.7725234226774
20	1999007	1120	2.9001539438741
20	2069344	1140	2.9844859904182
20	2141197	1160	2.8430701373834
20	2215139	1180	3.1851064302767
20	2291072	1200	2.6924027126663
20	2369060	1220	2.5847139486009
20	2448706	1240	2.6286489464459
20	2530522	1260	2.597431406564
20	2614358	1280	2.5297527944044
20	2700114	1300	2.5636120492776
20	2788047	1320	2.5143229060318
20	2877209	1340	2.6757402380328
20	2969231	1360	2.4469207485512
20	3063755	1380	2.6268313444316
20	3160223	1400	2.5037983374824
20	3258824	1420	2.4969771755614
20	3359617	1440	2.3357341172029
20	3463002	1460	2.4088673027582
20	3568939	1480	2.5278863576058
20	3676870	1500	2.3775507786583
20	3786681	1520	2.5552717983338
20	3899145	1540	2.5992329869732
20	4013654	1560	2.6764284094192
20	4130822	1580	2.5701393917669
20	4249761	1600	2.3473210482128
20	4372168	1620	2.5243143586797
20	4496534	1640	3.1544543863319
20	4622832	1660	2.7621613914506
20	4751035	1680	2.9748204060451
20	4882125	1700	2.8130287262681
20	5014855	1720	3.0615501351935
20	5149425	1740	2.883652373421
20	5287654	1760	2.8728723284239
20	5428771	1780	3.1669948504838
20	5571336	1800	2.6117005467947
20	5717442	1820	2.4958659484145
20	5864742	1840	2.8843174525446
20	6015513	1860	2.7563668155664
20	6168648	1880	2.8160545844045
20	6324098	1900	2.9641144929248
20	6481726	1920	2.879902981232
20	6642065	1940	2.700548715851
20	6805895	1960	2.7223870153361
20	6971969	1980	3.1086367934997
20	7140463	2000	2.9368644410196
21	146572	240	2.6838764964857
21	172503	260	2.3932425784749
21	199364	280	3.1198733523013
21	226641	300	3.1721675158283
21	253740	320	2.9017086523806
21	281034	340	3.517007278328
21	308466	360	6.06532214128
21	335872	380	4.7015033896249
21	363697	400	4.9234923793365
21	392115	420	5.4463370599766
21	421024	440	7.4554067280945
21	450700	460	7.784637004899
21	480952	480	9.9820618640049
21	511844	500	8.4725525509189
21	543291	520	5.2715469458914
21	575470	540	6.8042805094026
21	609070	560	6.7520580983383
21	642961	580	6.2726457035772
21	677607	600	7.9084553526479
21	713483	620	6.5190544743911
21	750423	640	5.2761016707196
21	788654	660	5.7719936053256
21	827660	680	6.6055782587322
21	868182	700	7.6595550903284
21	909572	720	7.1369069862695
21	952675	740	7.6165993918507
21	996601	760	6.7142071040397
21	1041510	780	7.4895190832329
21	1087909	800	7.3881310821493
21	1135482	820	6.6722424104437
21	1184077	840	6.3645971089756
21	1233277	860	7.0816251972471
21	1284104	880	7.2442748959942
21	1335889	900	9.0826355126951
21	1388564	920	7.6007595390009
21	1442689	940	8.171857984092
21	1498695	960	6.1399667698849
21	1555507	980	6.654696797017
21	1613950	1000	8.4480554668233
21	1673628	1020	9.1174077796961
21	1735515	1040	9.5160927935539
21	1799018	1060	9.5303130623828
21	1863897	1080	10.602165027949
21	1930262	1100	7.6868861292947
21	1999007	1120	8.4108928981685
21	2069344	1140	8.9071566270025
21	2141197	1160	8.0830478060815
21	2215139	1180	10.14490297219
21	2291072	1200	7.2490323671727
21	2369060	1220	6.680746196092
21	2448706	1240	6.9097952836512
21	2530522	1260	6.7466499118052
21	2614358	1280	6.3996492007971
21	2700114	1300	6.5721067392013
21	2788047	1320	6.3218196757961
21	2877209	1340	7.1595858214278
21	2969231	1360	5.9874211496901
21	3063755	1380	6.9002429120882
21	3160223	1400	6.2690061147796
21	3258824	1420	6.2348950152744
21	3359617	1440	5.4556538662658
21	3463002	1460	5.8026416822976
21	3568939	1480	6.3902094369698
21	3676870	1500	5.6527477050986
21	3786681	1520	6.52941396336
21	3899145	1540	6.7560121205696
21	4013654	1560	7.163269030746
21	4130822	1580	6.6056164931121
21	4249761	1600	5.509916103383
21	4372168	1620	6.3721629814365
21	4496534	1640	9.9505824754486
21	4622832	1660	7.6295355524201
21	4751035	1680	8.8495564482224
21	4882125	1700	7.9131306148098
21	5014855	1720	9.3730892303031
21	5149425	1740	8.3154510107366
21	5287654	1760	8.2533954154237
21	5428771	1780	10.029856382991
21	5571336	1800	6.8209797461275
21	5717442	1820	6.2293468324552
21	5864742	1840	8.3192871670533
21	6015513	1860	7.5975580219558
21	6168648	1880	7.9301634223458
21	6324098	1900	8.785974727167
21	6481726	1920	8.2938411813088
21	6642065	1940	7.2929633666845
21	6805895	1960	7.4113910612705
21	6971969	1980	9.6636227139003
21	7140463	2000	8.6251727449251
22	146572	240	2687.3232180356
22	172503	260	3266.2622010367
22	199364	280	3462.3148869242
22	226641	300	3424.5385133575
22	253740	320	3331.7860514533
22	281034	340	3509.7527635206
22	308466	360	3469.5783707205
22	335872	380	3424.4966066474
22	363697	400	3792.0369293224
22	392115	420	3804.3320299736
22	421024	440	3627.2061419549
22	450700	460	3855.638684162
22	480952	480	3684.3499368869
22	511844	500	3381.9528278791
22	543291	520	3722.6090345768
22	575470	540	3774.5531252361
22	609070	560	4324.4936565941
22	642961	580	4010.1167113604
22	677607	600	3826.8097470845
22	713483	620	3915.8118619226
22	750423	640	4406.5660279867
22	788654	660	3997.2992767761
22	827660	680	4193.2249017113
22	868182	700	3909.7359202066
22	909572	720	4323.8753426029
22	952675	740	4180.3057297725
22	996601	760	4226.6648256792
22	1041510	780	4272.3868254631
22	1087909	800	4275.6075746616
22	1135482	820	4604.6898351591
22	1184077	840	4644.9181256285
22	1233277	860	4326.4205616332
22	1284104	880	4517.5655542211
22	1335889	900	4559.4003526941
22	1388564	920	4605.3641250982
22	1442689	940	4660.1373093606
22	1498695	960	4605.3588940121
22	1555507	980	4934.8942519064
22	1613950	1000	4660.9787016338
22	1673628	1020	4522.610459584
22	1735515	1040	4736.5916881553
22	1799018	1060	5073.0205388502
22	1863897	1080	5204.2646558505
22	1930262	1100	5130.3099331902
22	1999007	1120	4843.9081123366
22	2069344	1140	5289.0374979713
22	2141197	1160	4802.7617852852
22	2215139	1180	5119.556343725
22	2291072	1200	5480.5541745819
22	2369060	1220	5213.9609947987
22	2448706	1240	5427.0814700686
22	2530522	1260	5785.1160877886
22	2614358	1280	5334.7800268921
22	2700114	1300	5662.4934560897
22	2788047	1320	5516.4209419004
22	2877209	1340	5706.6850518454
22	2969231	1360	5891.1450730137
22	3063755	1380	5525.1311779471
22	3160223	1400	5102.4593263398
22	3258824	1420	5746.2587805114
22	3359617	1440	5888.9911384942
22	3463002	1460	5978.2519911911
22	3568939	1480	5661.3373238698
22	3676870	1500	5970.3864461583
22	3786681	1520	6207.1321811027
22	3899145	1540	6337.8614593238
22	4013654	1560	6066.8500079783
22	4130822	1580	6340.3881352966
22	4249761	1600	6210.5732970167
22	4372168	1620	6158.6968194614
22	4496534	1640	6160.075383245
22	4622832	1660	6246.611885725
22	4751035	1680	6481.2161395746
22	4882125	1700	6705.6032005885
22	5014855	1720	6434.7700107293
22	5149425	1740	6750.1260519386
22	5287654	1760	6560.2782727655
22	5428771	1780	6242.0179403781
22	5571336	1800	6620.2567026488
22	5717442	1820	6423.33900401
22	5864742	1840	6966.5690335067
22	6015513	1860	6648.3970039286
22	6168648	1880	6659.982699528
22	6324098	1900	7055.9309510855
22	6481726	1920	7467.5808314976
22	6642065	1940	6659.3502917986
22	6805895	1960	6787.5721607151
22	6971969	1980	7114.8446593222
22	7140463	2000	7245.2485152723
23	146572	240	44.788720300593
23	172503	260	44.743317822421
23	199364	280	44.965128401613
23	226641	300	45.05971728102
23	253740	320	45.024135830449
23	281034	340	44.996830301546
23	308466	360	45.059459360007
23	335872	380	45.05916587694
23	363697	400	45.143296777647
23	392115	420	45.289667023495
23	421024	440	45.340076774436
23	450700	460	45.360455107788
23	480952	480	45.485801689962
23	511844	500	45.702065241609
23	543291	520	45.397671153376
23	575470	540	45.476543677544
23	609070	560	45.520985858885
23	642961	580	45.569508083641
23	677607	600	45.557258893863
23	713483	620	45.532696068867
23	750423	640	45.42851575244
23	788654	660	45.42385541791
23	827660	680	45.57853154034
23	868182	700	45.462045583798
23	909572	720	45.514477290556
23	952675	740	45.438105758397
23	996601	760	45.448008878271
23	1041510	780	45.45092367514
23	1087909	800	45.485186964485
23	1135482	820	45.590988466922
23	1184077	840	45.538412996358
23	1233277	860	45.541269069824
23	1284104	880	45.631975295163
23	1335889	900	45.594003526941
23	1388564	920	45.597664604933
23	1442689	940	45.687620680006
23	1498695	960	45.597612812001
23	1555507	980	45.693465295429
23	1613950	1000	45.695869623861
23	1673628	1020	45.682933935192
23	1735515	1040	45.544150847647
23	1799018	1060	45.70288773739
23	1863897	1080	45.651444349566
23	1930262	1100	45.806338689199
23	1999007	1120	45.697246342798
23	2069344	1140	45.59515084458
23	2141197	1160	45.740588431288
23	2215139	1180	45.710324497545
23	2291072	1200	45.671284788182
23	2369060	1220	45.736499954375
23	2448706	1240	45.605726639232
23	2530522	1260	45.552095179438
23	2614358	1280	45.596410486258
23	2700114	1300	45.665269807175
23	2788047	1320	45.590255718185
23	2877209	1340	45.653480414763
23	2969231	1360	45.667791263672
23	3063755	1380	45.662241140059
23	3160223	1400	45.557672556605
23	3258824	1420	45.605228416757
23	3359617	1440	45.651094096854
23	3463002	1460	45.635511383138
23	3568939	1480	45.65594616024
23	3676870	1500	45.575469054643
23	3786681	1520	45.640677802226
23	3899145	1540	45.596125606646
23	4013654	1560	45.615413593822
23	4130822	1580	45.61430313163
23	4249761	1600	45.665980125123
23	4372168	1620	45.619976440455
23	4496534	1640	45.630188024037
23	4622832	1660	45.595707195073
23	4751035	1680	45.642367180103
23	4882125	1700	45.616348303323
23	5014855	1720	45.636666742761
23	5149425	1740	45.608959810396
23	5287654	1760	45.557488005316
23	5428771	1780	45.562174747285
23	5571336	1800	45.656942776889
23	5717442	1820	45.55559577312
23	5864742	1840	45.533130937952
23	6015513	1860	45.536965780333
23	6168648	1880	45.616319859781
23	6324098	1900	45.522135168294
23	6481726	1920	45.534029460351
23	6642065	1940	45.61198829999
23	6805895	1960	45.554175575269
23	6971969	1980	45.607978585399
23	7140463	2000	45.567600724983
24	146572	240	0.36853334069536
24	172503	260	0.34854365870874
24	199364	280	0.70295187622829
24	226641	300	0.82477430076151
24	253740	320	0.76617213464454
24	281034	340	0.77664917882677
24	308466	360	0.95123097288483
24	335872	380	0.96265019582176
24	363697	400	1.1715852109119
24	392115	420	1.2827201866773
24	421024	440	1.3962798945806
24	450700	460	1.2933463812288
24	480952	480	1.5195441652717
24	511844	500	1.8179046413462
24	543291	520	1.2585480857532
24	575470	540	1.3468516995834
24	609070	560	1.3629882786104
24	642961	580	1.4064843260739
24	677607	600	1.3649222522496
24	713483	620	1.3733583203751
24	750423	640	1.2692640437172
24	788654	660	1.2226254450031
24	827660	680	1.3040925749456
24	868182	700	1.2253272835042
24	909572	720	1.2466554834576
24	952675	740	1.1709868488128
24	996601	760	1.1338704009589
24	1041510	780	1.1519713035559
24	1087909	800	1.1517275199752
24	1135482	820	1.1607633461919
24	1184077	840	1.2017937196935
24	1233277	860	1.2136814809606
24	1284104	880	1.2032407199946
24	1335889	900	1.1918781880152
24	1388564	920	1.1931341647031
24	1442689	940	1.1830050645803
24	1498695	960	1.1497613506287
24	1555507	980	1.1946239264784
24	1613950	1000	1.1916489322523
24	1673628	1020	1.152431685234
24	1735515	1040	1.1523238508562
24	1799018	1060	1.120004016192
24	1863897	1080	1.1421611599677
24	1930262	1100	1.153702385778
24	1999007	1120	1.0954241340322
24	2069344	1140	1.0404050511836
24	2141197	1160	1.1430704314665
24	2215139	1180	1.1258212868661
24	2291072	1200	1.0772253706382
24	2369060	1220	1.109070121435
24	2448706	1240	1.0509393827393
24	2530522	1260	1.009690387188
24	2614358	1280	1.0034868954523
24	2700114	1300	1.0297012268792
24	2788047	1320	0.99896657730354
24	2877209	1340	1.0174756171509
24	2969231	1360	1.013628406926
24	3063755	1380	0.98870208400975
24	3160223	1400	0.95203928744988
24	3258824	1420	0.99591050143783
24	3359617	1440	0.98117446552737
24	3463002	1460	0.93420664860671
24	3568939	1480	0.91466499259206
24	3676870	1500	0.9058391983691
24	3786681	1520	0.95055831664671
24	3899145	1540	0.92620523638213
24	4013654	1560	0.89810768569849
24	4130822	1580	0.92690636489437
24	4249761	1600	0.9309906437774
24	4372168	1620	0.90394043992324
24	4496534	1640	0.88001750332765
24	4622832	1660	0.86023090413569
24	4751035	1680	0.90647039315059
24	4882125	1700	0.90458782048565
24	5014855	1720	0.89004662182173
24	5149425	1740	0.85591441376452
24	5287654	1760	0.88699517986138
24	5428771	1780	0.86153040662622
24	5571336	1800	0.86845351797878
24	5717442	1820	0.8541482406971
24	5864742	1840	0.82085576810146
24	6015513	1860	0.8286959620518
24	6168648	1880	0.79416329641985
24	6324098	1900	0.81867804793154
24	6481726	1920	0.8460809859027
24	6642065	1940	0.8968938238485
24	6805895	1960	0.90900401734623
24	6971969	1980	0.81898000274634
24	7140463	2000	0.83103590713867
25	146572	240	0.13581682320408
25	172503	260	0.12148268202607
25	199364	280	0.49414134029287
25	226641	300	0.68025264719663
25	253740	320	0.58701973990578
25	281034	340	0.60318394697229
25	308466	360	0.90484036377542
25	335872	380	0.92669539951567
25	363697	400	1.3726119064274
25	392115	420	1.6453710773095
25	421024	440	1.9495975440101
25	450700	460	1.6727448618376
25	480952	480	2.3090144702113
25	511844	500	3.3047772850281
25	543291	520	1.583943284153
25	575470	540	1.8140095006707
25	609070	560	1.8577370476294
25	642961	580	1.9781981594914
25	677607	600	1.8630127546861
25	713483	620	1.8861130761435
25	750423	640	1.6110312126732
25	788654	660	1.494812978769
25	827660	680	1.7006574440282
25	868182	700	1.5014269516998
25	909572	720	1.5541498944349
25	952675	740	1.3712102000926
25	996601	760	1.2856620861706
25	1041510	780	1.3270378842162
25	1087909	800	1.3264762802682
25	1135482	820	1.3473715458625
25	1184077	840	1.4443081446947
25	1233277	860	1.4730227372266
25	1284104	880	1.4477882302531
25	1335889	900	1.4205736150665
25	1388564	920	1.4235691349819
25	1442689	940	1.3995009828225
25	1498695	960	1.3219511633996
25	1555507	980	1.4271263257146
25	1613950	1000	1.420027177738
25	1673628	1020	1.3280987891314
25	1735515	1040	1.3278502572522
25	1799018	1060	1.2544089962863
25	1863897	1080	1.3045321153388
25	1930262	1100	1.3310291949499
25	1999007	1120	1.1999540334203
25	2069344	1140	1.0824426705283
25	2141197	1160	1.3066100112931
25	2215139	1180	1.2674735699608
25	2291072	1200	1.1604144991466
25	2369060	1220	1.2300365342598
25	2448706	1240	1.1044735861925
25	2530522	1260	1.0194746779798
25	2614358	1280	1.0069859493445
25	2700114	1300	1.0602846166365
25	2788047	1320	0.99793422256956
25	2877209	1340	1.0352566314967
25	2969231	1360	1.0274425473273
25	3063755	1380	0.97753181092523
25	3160223	1400	0.90637880484808
25	3258824	1420	0.99183772687415
25	3359617	1440	0.96270333180292
25	3463002	1460	0.87274206230099
25	3568939	1480	0.83661204867344
25	3676870	1500	0.82054465330198
25	3786681	1520	0.90356111334622
25	3899145	1540	0.85785613990167
25	4013654	1560	0.8065974151107
25	4130822	1580	0.8591554092817
25	4249761	1600	0.86674357880105
25	4372168	1620	0.81710831892862
25	4496534	1640	0.77443080616303
25	4622832	1660	0.73999720843011
25	4751035	1680	0.82168857365858
25	4882125	1700	0.81827912497098
25	5014855	1720	0.79218298901627
25	5149425	1740	0.73258948368986
25	5287654	1760	0.78676044909731
25	5428771	1780	0.74223464154154
25	5571336	1800	0.75421151288972
25	5717442	1820	0.72956921708595
25	5864742	1840	0.67380419202544
25	6015513	1860	0.68673699752095
25	6168648	1880	0.63069534138044
25	6324098	1900	0.67023374616499
25	6481726	1920	0.71585303470609
25	6642065	1940	0.80441853125759
25	6805895	1960	0.82628830355158
25	6971969	1980	0.67072824489839
25	7140463	2000	0.69062067895379
