version 2
run statisticRVV-152-20150327-08:57:06-6864
attr c 9
attr configname statisticRVV
attr datetime 20150327-08:57:06
attr experiment statisticRVV
attr inifile omnetpp.ini
attr iterationvars "$sc=\"erlangen-medium.launchd.xml\", $p=1/10, $c=9"
attr iterationvars2 "$sc=\"erlangen-medium.launchd.xml\", $p=1/10, $c=9, $repetition=2"
attr measurement "$sc=\"erlangen-medium.launchd.xml\", $p=1/10, $c=9"
attr network RSUExampleScenario
attr p 1/10
attr processid 6864
attr repetition 2
attr replication #2
attr resultdir results
attr runnumber 152
attr sc "\"erlangen-medium.launchd.xml\""
attr seedset 152

vector 0  RSUExampleScenario.rsu[0].appl  Number_CH  ETV
vector 1  RSUExampleScenario.rsu[0].appl  Number_ON  ETV
vector 2  RSUExampleScenario.rsu[0].appl  Number_FN  ETV
vector 3  RSUExampleScenario.rsu[0].appl  Number_CH_Losts  ETV
vector 4  RSUExampleScenario.rsu[0].appl  Number_CH_Losts  ETV
vector 5  RSUExampleScenario.rsu[0].appl  Mean_Cluster_Size  ETV
vector 6  RSUExampleScenario.rsu[0].appl  StdDev_Cluster_Size  ETV
vector 7  RSUExampleScenario.rsu[0].appl  Variance_Cluster_Size  ETV
vector 8  RSUExampleScenario.rsu[0].appl  Mean_Neighbors  ETV
vector 9  RSUExampleScenario.rsu[0].appl  StdDev_Neighbors  ETV
vector 10  RSUExampleScenario.rsu[0].appl  Variance_Neighbors  ETV
vector 11  RSUExampleScenario.rsu[0].appl  Total_CH_Utility  ETV
vector 12  RSUExampleScenario.rsu[0].appl  Mean_CH_Utility  ETV
vector 13  RSUExampleScenario.rsu[0].appl  StdDev_CH_Utility  ETV
vector 14  RSUExampleScenario.rsu[0].appl  Variance_CH_Utility  ETV
vector 15  RSUExampleScenario.rsu[0].appl  Total_exp_CH_Utility  ETV
vector 16  RSUExampleScenario.rsu[0].appl  Mean_exp_CH_Utility  ETV
vector 17  RSUExampleScenario.rsu[0].appl  StdDev_exp_CH_Utility  ETV
vector 18  RSUExampleScenario.rsu[0].appl  Variance_exp_CH_Utility  ETV
vector 19  RSUExampleScenario.rsu[0].appl  Total_ON_Utility  ETV
vector 20  RSUExampleScenario.rsu[0].appl  Mean_ON_Utility  ETV
vector 21  RSUExampleScenario.rsu[0].appl  StdDev_ON_Utility  ETV
vector 22  RSUExampleScenario.rsu[0].appl  Variance_ON_Utility  ETV
vector 23  RSUExampleScenario.rsu[0].appl  Total_exp_ON_Utility  ETV
vector 24  RSUExampleScenario.rsu[0].appl  Mean_exp_ON_Utility  ETV
vector 25  RSUExampleScenario.rsu[0].appl  StdDev_exp_ON_Utility  ETV
vector 26  RSUExampleScenario.rsu[0].appl  Variance_exp_ON_Utility  ETV
0	144958	240	7
0	170986	260	10
0	198252	280	10
0	225309	300	9
0	252739	320	7
0	280038	340	6
0	307462	360	7
0	335020	380	5
0	362981	400	8
0	390842	420	5
0	419540	440	9
0	448860	460	8
0	478532	480	9
0	509020	500	8
0	540271	520	9
0	572176	540	5
0	604455	560	8
0	637610	580	5
0	671777	600	6
0	706961	620	14
0	742915	640	11
0	779893	660	8
0	818076	680	16
0	857567	700	14
0	898582	720	7
0	940093	740	12
0	983558	760	16
0	1028327	780	13
0	1074231	800	13
0	1120605	820	13
0	1168280	840	14
0	1216565	860	4
0	1266678	880	17
0	1318307	900	12
0	1370876	920	11
0	1424461	940	14
0	1480105	960	13
0	1536438	980	16
0	1593892	1000	16
0	1652573	1020	17
0	1713652	1040	9
0	1775703	1060	13
0	1839752	1080	12
0	1905308	1100	10
0	1972559	1120	16
0	2041412	1140	8
0	2112131	1160	13
0	2184651	1180	12
0	2258505	1200	19
0	2335354	1220	15
0	2413602	1240	13
0	2493223	1260	16
0	2575541	1280	14
0	2659093	1300	18
0	2744825	1320	19
0	2832722	1340	17
0	2922268	1360	14
0	3015226	1380	15
0	3109376	1400	16
0	3206146	1420	21
0	3304101	1440	18
0	3405068	1460	15
0	3508857	1480	22
0	3615105	1500	17
0	3723397	1520	22
0	3834629	1540	22
0	3947052	1560	24
0	4062675	1580	17
0	4179483	1600	17
0	4299820	1620	18
0	4422121	1640	14
0	4546054	1660	19
0	4672891	1680	19
0	4801801	1700	15
0	4934213	1720	21
0	5067970	1740	15
0	5205180	1760	25
0	5344043	1780	21
0	5485530	1800	19
0	5628683	1820	20
0	5774637	1840	29
0	5923279	1860	18
0	6074054	1880	18
0	6227163	1900	26
0	6383479	1920	15
0	6543537	1940	25
0	6705814	1960	21
0	6869807	1980	20
0	7036332	2000	27
1	144958	240	48
1	170986	260	59
1	198252	280	57
1	225309	300	55
1	252739	320	45
1	280038	340	47
1	307462	360	54
1	335020	380	42
1	362981	400	50
1	390842	420	39
1	419540	440	62
1	448860	460	49
1	478532	480	62
1	509020	500	59
1	540271	520	62
1	572176	540	37
1	604455	560	58
1	637610	580	44
1	671777	600	40
1	706961	620	80
1	742915	640	84
1	779893	660	63
1	818076	680	92
1	857567	700	87
1	898582	720	55
1	940093	740	79
1	983558	760	91
1	1028327	780	74
1	1074231	800	85
1	1120605	820	87
1	1168280	840	93
1	1216565	860	36
1	1266678	880	86
1	1318307	900	84
1	1370876	920	79
1	1424461	940	91
1	1480105	960	78
1	1536438	980	101
1	1593892	1000	90
1	1652573	1020	89
1	1713652	1040	73
1	1775703	1060	77
1	1839752	1080	86
1	1905308	1100	84
1	1972559	1120	107
1	2041412	1140	67
1	2112131	1160	96
1	2184651	1180	94
1	2258505	1200	104
1	2335354	1220	103
1	2413602	1240	97
1	2493223	1260	92
1	2575541	1280	94
1	2659093	1300	122
1	2744825	1320	113
1	2832722	1340	89
1	2922268	1360	92
1	3015226	1380	101
1	3109376	1400	111
1	3206146	1420	121
1	3304101	1440	112
1	3405068	1460	105
1	3508857	1480	120
1	3615105	1500	121
1	3723397	1520	123
1	3834629	1540	130
1	3947052	1560	131
1	4062675	1580	110
1	4179483	1600	116
1	4299820	1620	115
1	4422121	1640	107
1	4546054	1660	129
1	4672891	1680	117
1	4801801	1700	99
1	4934213	1720	135
1	5067970	1740	113
1	5205180	1760	135
1	5344043	1780	135
1	5485530	1800	123
1	5628683	1820	127
1	5774637	1840	152
1	5923279	1860	125
1	6074054	1880	122
1	6227163	1900	141
1	6383479	1920	101
1	6543537	1940	144
1	6705814	1960	130
1	6869807	1980	138
1	7036332	2000	146
2	144958	240	23
2	170986	260	17
2	198252	280	25
2	225309	300	29
2	252739	320	42
2	280038	340	40
2	307462	360	34
2	335020	380	47
2	362981	400	38
2	390842	420	51
2	419540	440	26
2	448860	460	42
2	478532	480	28
2	509020	500	34
2	540271	520	32
2	572176	540	64
2	604455	560	39
2	637610	580	57
2	671777	600	63
2	706961	620	15
2	742915	640	15
2	779893	660	39
2	818076	680	6
2	857567	700	13
2	898582	720	55
2	940093	740	25
2	983558	760	10
2	1028327	780	32
2	1074231	800	21
2	1120605	820	21
2	1168280	840	15
2	1216565	860	86
2	1266678	880	22
2	1318307	900	31
2	1370876	920	38
2	1424461	940	25
2	1480105	960	40
2	1536438	980	14
2	1593892	1000	27
2	1652573	1020	28
2	1713652	1040	52
2	1775703	1060	47
2	1839752	1080	41
2	1905308	1100	44
2	1972559	1120	17
2	2041412	1140	65
2	2112131	1160	32
2	2184651	1180	39
2	2258505	1200	19
2	2335354	1220	30
2	2413602	1240	37
2	2493223	1260	38
2	2575541	1280	42
2	2659093	1300	11
2	2744825	1320	21
2	2832722	1340	49
2	2922268	1360	47
2	3015226	1380	40
2	3109376	1400	29
2	3206146	1420	16
2	3304101	1440	30
2	3405068	1460	41
2	3508857	1480	20
2	3615105	1500	28
2	3723397	1520	21
2	3834629	1540	14
2	3947052	1560	11
2	4062675	1580	41
2	4179483	1600	36
2	4299820	1620	39
2	4422121	1640	54
2	4546054	1660	25
2	4672891	1680	38
2	4801801	1700	61
2	4934213	1720	22
2	5067970	1740	51
2	5205180	1760	21
2	5344043	1780	25
2	5485530	1800	41
2	5628683	1820	37
2	5774637	1840	5
2	5923279	1860	43
2	6074054	1880	46
2	6227163	1900	21
2	6383479	1920	74
2	6543537	1940	23
2	6705814	1960	42
2	6869807	1980	35
2	7036332	2000	23
3	144958	240	0
3	170986	260	0
3	198252	280	2
3	225309	300	0
3	252739	320	0
3	280038	340	0
3	307462	360	0
3	335020	380	0
3	362981	400	1
3	390842	420	0
3	419540	440	1
3	448860	460	0
3	478532	480	0
3	509020	500	0
3	540271	520	0
3	572176	540	1
3	604455	560	1
3	637610	580	0
3	671777	600	0
3	706961	620	0
3	742915	640	0
3	779893	660	1
3	818076	680	1
3	857567	700	0
3	898582	720	0
3	940093	740	0
3	983558	760	1
3	1028327	780	2
3	1074231	800	0
3	1120605	820	0
3	1168280	840	0
3	1216565	860	0
3	1266678	880	0
3	1318307	900	0
3	1370876	920	1
3	1424461	940	0
3	1480105	960	0
3	1536438	980	0
3	1593892	1000	0
3	1652573	1020	0
3	1713652	1040	0
3	1775703	1060	0
3	1839752	1080	0
3	1905308	1100	0
3	1972559	1120	0
3	2041412	1140	0
3	2112131	1160	0
3	2184651	1180	0
3	2258505	1200	0
3	2335354	1220	0
3	2413602	1240	2
3	2493223	1260	0
3	2575541	1280	0
3	2659093	1300	0
3	2744825	1320	0
3	2832722	1340	1
3	2922268	1360	0
3	3015226	1380	0
3	3109376	1400	0
3	3206146	1420	0
3	3304101	1440	0
3	3405068	1460	1
3	3508857	1480	1
3	3615105	1500	1
3	3723397	1520	0
3	3834629	1540	0
3	3947052	1560	0
3	4062675	1580	0
3	4179483	1600	0
3	4299820	1620	1
3	4422121	1640	1
3	4546054	1660	0
3	4672891	1680	0
3	4801801	1700	0
3	4934213	1720	0
3	5067970	1740	1
3	5205180	1760	0
3	5344043	1780	0
3	5485530	1800	1
3	5628683	1820	1
3	5774637	1840	1
3	5923279	1860	0
3	6074054	1880	0
3	6227163	1900	0
3	6383479	1920	1
3	6543537	1940	0
3	6705814	1960	0
3	6869807	1980	1
3	7036332	2000	0
4	144958	240	23
4	170986	260	17
4	198252	280	23
4	225309	300	29
4	252739	320	42
4	280038	340	40
4	307462	360	33
4	335020	380	47
4	362981	400	37
4	390842	420	51
4	419540	440	25
4	448860	460	42
4	478532	480	28
4	509020	500	34
4	540271	520	32
4	572176	540	63
4	604455	560	38
4	637610	580	57
4	671777	600	63
4	706961	620	15
4	742915	640	15
4	779893	660	38
4	818076	680	5
4	857567	700	13
4	898582	720	55
4	940093	740	25
4	983558	760	8
4	1028327	780	30
4	1074231	800	21
4	1120605	820	21
4	1168280	840	15
4	1216565	860	86
4	1266678	880	22
4	1318307	900	31
4	1370876	920	37
4	1424461	940	24
4	1480105	960	40
4	1536438	980	13
4	1593892	1000	27
4	1652573	1020	28
4	1713652	1040	52
4	1775703	1060	47
4	1839752	1080	40
4	1905308	1100	44
4	1972559	1120	16
4	2041412	1140	65
4	2112131	1160	31
4	2184651	1180	39
4	2258505	1200	19
4	2335354	1220	30
4	2413602	1240	35
4	2493223	1260	38
4	2575541	1280	42
4	2659093	1300	11
4	2744825	1320	21
4	2832722	1340	48
4	2922268	1360	47
4	3015226	1380	40
4	3109376	1400	29
4	3206146	1420	16
4	3304101	1440	30
4	3405068	1460	40
4	3508857	1480	19
4	3615105	1500	26
4	3723397	1520	21
4	3834629	1540	14
4	3947052	1560	11
4	4062675	1580	41
4	4179483	1600	36
4	4299820	1620	38
4	4422121	1640	53
4	4546054	1660	24
4	4672891	1680	38
4	4801801	1700	61
4	4934213	1720	22
4	5067970	1740	50
4	5205180	1760	21
4	5344043	1780	25
4	5485530	1800	40
4	5628683	1820	36
4	5774637	1840	4
4	5923279	1860	43
4	6074054	1880	46
4	6227163	1900	21
4	6383479	1920	72
4	6543537	1940	22
4	6705814	1960	42
4	6869807	1980	34
4	7036332	2000	23
5	144958	240	6.8571428571429
5	170986	260	5.9
5	198252	280	5.7
5	225309	300	6.1111111111111
5	252739	320	6.4285714285714
5	280038	340	7.8333333333333
5	307462	360	7.7142857142857
5	335020	380	8.4
5	362981	400	6.25
5	390842	420	7.8
5	419540	440	6.8888888888889
5	448860	460	6.125
5	478532	480	6.8888888888889
5	509020	500	7.375
5	540271	520	6.8888888888889
5	572176	540	7.4
5	604455	560	7.25
5	637610	580	8.8
5	671777	600	6.6666666666667
5	706961	620	5.7142857142857
5	742915	640	7.6363636363636
5	779893	660	7.875
5	818076	680	5.75
5	857567	700	6.2142857142857
5	898582	720	7.8571428571429
5	940093	740	6.5833333333333
5	983558	760	5.6875
5	1028327	780	5.6923076923077
5	1074231	800	6.5384615384615
5	1120605	820	6.6923076923077
5	1168280	840	6.6428571428571
5	1216565	860	9
5	1266678	880	5.0588235294118
5	1318307	900	7
5	1370876	920	7.1818181818182
5	1424461	940	6.5
5	1480105	960	6
5	1536438	980	6.3125
5	1593892	1000	5.625
5	1652573	1020	5.2352941176471
5	1713652	1040	8.1111111111111
5	1775703	1060	5.9230769230769
5	1839752	1080	7.1666666666667
5	1905308	1100	8.4
5	1972559	1120	6.6875
5	2041412	1140	8.375
5	2112131	1160	7.3846153846154
5	2184651	1180	7.8333333333333
5	2258505	1200	5.4736842105263
5	2335354	1220	6.8666666666667
5	2413602	1240	7.4615384615385
5	2493223	1260	5.75
5	2575541	1280	6.7142857142857
5	2659093	1300	6.7777777777778
5	2744825	1320	5.9473684210526
5	2832722	1340	5.2352941176471
5	2922268	1360	6.5714285714286
5	3015226	1380	6.7333333333333
5	3109376	1400	6.9375
5	3206146	1420	5.7619047619048
5	3304101	1440	6.2222222222222
5	3405068	1460	7
5	3508857	1480	5.4545454545455
5	3615105	1500	7.1176470588235
5	3723397	1520	5.5909090909091
5	3834629	1540	5.9090909090909
5	3947052	1560	5.4583333333333
5	4062675	1580	6.4705882352941
5	4179483	1600	6.8235294117647
5	4299820	1620	6.3888888888889
5	4422121	1640	7.6428571428571
5	4546054	1660	6.7894736842105
5	4672891	1680	6.1578947368421
5	4801801	1700	6.6
5	4934213	1720	6.4285714285714
5	5067970	1740	7.5333333333333
5	5205180	1760	5.4
5	5344043	1780	6.4285714285714
5	5485530	1800	6.4736842105263
5	5628683	1820	6.35
5	5774637	1840	5.2413793103448
5	5923279	1860	6.9444444444444
5	6074054	1880	6.7777777777778
5	6227163	1900	5.4230769230769
5	6383479	1920	6.7333333333333
5	6543537	1940	5.76
5	6705814	1960	6.1904761904762
5	6869807	1980	6.9
5	7036332	2000	5.4074074074074
6	144958	240	2.1157009420498
6	170986	260	1.852925614625
6	198252	280	2.4517567397911
6	225309	300	2.5712081034236
6	252739	320	2.8199966227606
6	280038	340	1.3291601358251
6	307462	360	1.8898223650461
6	335020	380	0.54772255750517
6	362981	400	1.4880476182857
6	390842	420	1.0954451150103
6	419540	440	2.315407331575
6	448860	460	2.4164614034339
6	478532	480	1.6914819275154
6	509020	500	1.1877349391654
6	540271	520	2.8037673068768
6	572176	540	2.0736441353328
6	604455	560	2.3754698783308
6	637610	580	0.44721359549996
6	671777	600	2.2509257354846
6	706961	620	1.9778998741311
6	742915	640	1.3618169680781
6	779893	660	0.99103120896511
6	818076	680	2.1134489978863
6	857567	700	2.6363894724698
6	898582	720	1.0690449676497
6	940093	740	1.8319554050415
6	983558	760	2.4143667216615
6	1028327	780	2.5293153020997
6	1074231	800	2.4019223070763
6	1120605	820	2.2503560971772
6	1168280	840	1.864945569721
6	1216565	860	0
6	1266678	880	2.6802655706873
6	1318307	900	2.0889318714684
6	1370876	920	2.7502066038093
6	1424461	940	2.028641076037
6	1480105	960	2.4494897427832
6	1536438	980	2.6259918760981
6	1593892	1000	3.1806707887907
6	1652573	1020	2.5624551646006
6	1713652	1040	1.269295517644
6	1775703	1060	2.4651415936865
6	1839752	1080	2.2087978356536
6	1905308	1100	0.6992058987801
6	1972559	1120	2.1515498289992
6	2041412	1140	0.51754916950677
6	2112131	1160	1.2608503439122
6	2184651	1180	1.4034589305345
6	2258505	1200	2.2698120590978
6	2335354	1220	1.9223002094465
6	2413602	1240	2.436369724795
6	2493223	1260	3.1304951684997
6	2575541	1280	2.6436737675082
6	2659093	1300	1.8647048514461
6	2744825	1320	2.6765168951566
6	2832722	1340	2.7957425615725
6	2922268	1360	1.9889806323954
6	3015226	1380	2.4043611170023
6	3109376	1400	2.3514180118955
6	3206146	1420	2.5671922776598
6	3304101	1440	2.5334365304058
6	3405068	1460	1.4142135623731
6	3508857	1480	2.8406450093709
6	3615105	1500	2.1471595463885
6	3723397	1520	2.442853345482
6	3834629	1540	2.286796280703
6	3947052	1560	2.5534148774204
6	4062675	1580	2.3483410915693
6	4179483	1600	2.1574085762103
6	4299820	1620	2.3298293017222
6	4422121	1640	1.3363062095621
6	4546054	1660	1.5121341566152
6	4672891	1680	2.5224141411384
6	4801801	1700	2.472708174105
6	4934213	1720	2.0873770280289
6	5067970	1740	1.2459458063579
6	5205180	1760	2.3094010767585
6	5344043	1780	2.111194651647
6	5485530	1800	2.2941573387056
6	5628683	1820	2.4978938496683
6	5774637	1840	2.1155069033516
6	5923279	1860	2.0996420485469
6	6074054	1880	1.5167905573187
6	6227163	1900	2.4685716829467
6	6383479	1920	1.9073791542573
6	6543537	1940	2.7580186124583
6	6705814	1960	2.694792155604
6	6869807	1980	2.125038699338
6	7036332	2000	2.2745964859265
7	144958	240	4.4761904761905
7	170986	260	3.4333333333333
7	198252	280	6.0111111111111
7	225309	300	6.6111111111111
7	252739	320	7.952380952381
7	280038	340	1.7666666666667
7	307462	360	3.5714285714286
7	335020	380	0.3
7	362981	400	2.2142857142857
7	390842	420	1.2
7	419540	440	5.3611111111111
7	448860	460	5.8392857142857
7	478532	480	2.8611111111111
7	509020	500	1.4107142857143
7	540271	520	7.8611111111111
7	572176	540	4.3
7	604455	560	5.6428571428571
7	637610	580	0.2
7	671777	600	5.0666666666667
7	706961	620	3.9120879120879
7	742915	640	1.8545454545455
7	779893	660	0.98214285714286
7	818076	680	4.4666666666667
7	857567	700	6.9505494505495
7	898582	720	1.1428571428571
7	940093	740	3.3560606060606
7	983558	760	5.8291666666667
7	1028327	780	6.3974358974359
7	1074231	800	5.7692307692308
7	1120605	820	5.0641025641026
7	1168280	840	3.478021978022
7	1216565	860	0
7	1266678	880	7.1838235294118
7	1318307	900	4.3636363636364
7	1370876	920	7.5636363636364
7	1424461	940	4.1153846153846
7	1480105	960	6
7	1536438	980	6.8958333333333
7	1593892	1000	10.116666666667
7	1652573	1020	6.5661764705882
7	1713652	1040	1.6111111111111
7	1775703	1060	6.0769230769231
7	1839752	1080	4.8787878787879
7	1905308	1100	0.48888888888889
7	1972559	1120	4.6291666666667
7	2041412	1140	0.26785714285714
7	2112131	1160	1.5897435897436
7	2184651	1180	1.969696969697
7	2258505	1200	5.1520467836257
7	2335354	1220	3.6952380952381
7	2413602	1240	5.9358974358974
7	2493223	1260	9.8
7	2575541	1280	6.989010989011
7	2659093	1300	3.4771241830065
7	2744825	1320	7.1637426900585
7	2832722	1340	7.8161764705882
7	2922268	1360	3.956043956044
7	3015226	1380	5.7809523809524
7	3109376	1400	5.5291666666667
7	3206146	1420	6.5904761904762
7	3304101	1440	6.4183006535948
7	3405068	1460	2
7	3508857	1480	8.0692640692641
7	3615105	1500	4.6102941176471
7	3723397	1520	5.9675324675325
7	3834629	1540	5.2294372294372
7	3947052	1560	6.5199275362319
7	4062675	1580	5.5147058823529
7	4179483	1600	4.6544117647059
7	4299820	1620	5.4281045751634
7	4422121	1640	1.7857142857143
7	4546054	1660	2.2865497076023
7	4672891	1680	6.3625730994152
7	4801801	1700	6.1142857142857
7	4934213	1720	4.3571428571429
7	5067970	1740	1.552380952381
7	5205180	1760	5.3333333333333
7	5344043	1780	4.4571428571429
7	5485530	1800	5.2631578947368
7	5628683	1820	6.2394736842105
7	5774637	1840	4.4753694581281
7	5923279	1860	4.4084967320261
7	6074054	1880	2.3006535947712
7	6227163	1900	6.0938461538462
7	6383479	1920	3.6380952380952
7	6543537	1940	7.6066666666667
7	6705814	1960	7.2619047619048
7	6869807	1980	4.5157894736842
7	7036332	2000	5.1737891737892
8	144958	240	22.935897435897
8	170986	260	22.441860465116
8	198252	280	22.282608695652
8	225309	300	22.322580645161
8	252739	320	22.297872340426
8	280038	340	22.215053763441
8	307462	360	22.585106382979
8	335020	380	22.606382978723
8	362981	400	21.989583333333
8	390842	420	22.242105263158
8	419540	440	22.185567010309
8	448860	460	22.070707070707
8	478532	480	22.242424242424
8	509020	500	22.653465346535
8	540271	520	22.368932038835
8	572176	540	22.5
8	604455	560	23
8	637610	580	23.141509433962
8	671777	600	23.522935779817
8	706961	620	23.651376146789
8	742915	640	24.390909090909
8	779893	660	25.027272727273
8	818076	680	24.710526315789
8	857567	700	26.078947368421
8	898582	720	26.555555555556
8	940093	740	26.887931034483
8	983558	760	27.603448275862
8	1028327	780	28
8	1074231	800	29.067226890756
8	1120605	820	28.900826446281
8	1168280	840	28.614754098361
8	1216565	860	28.944444444444
8	1266678	880	29.36
8	1318307	900	29.858267716535
8	1370876	920	30.3515625
8	1424461	940	30.511627906977
8	1480105	960	31.274809160305
8	1536438	980	31.461538461538
8	1593892	1000	32.293233082707
8	1652573	1020	32.313432835821
8	1713652	1040	33.067164179104
8	1775703	1060	33.109489051095
8	1839752	1080	34.18115942029
8	1905308	1100	34.630434782609
8	1972559	1120	35.294964028777
8	2041412	1140	35.878571428571
8	2112131	1160	37.071428571429
8	2184651	1180	36.551724137931
8	2258505	1200	37.964788732394
8	2335354	1220	38.5
8	2413602	1240	39.122448979592
8	2493223	1260	39.794520547945
8	2575541	1280	40.713333333333
8	2659093	1300	40.993377483444
8	2744825	1320	41.450980392157
8	2832722	1340	42.070967741935
8	2922268	1360	43.150326797386
8	3015226	1380	43.820512820513
8	3109376	1400	45.269230769231
8	3206146	1420	45.677215189873
8	3304101	1440	45.7125
8	3405068	1460	46.155279503106
8	3508857	1480	46.858024691358
8	3615105	1500	48.012121212121
8	3723397	1520	48.686746987952
8	3834629	1540	49.650602409639
8	3947052	1560	50.644578313253
8	4062675	1580	50.571428571429
8	4179483	1600	51.443786982249
8	4299820	1620	51.273255813953
8	4422121	1640	51.234285714286
8	4546054	1660	52.627906976744
8	4672891	1680	52.890804597701
8	4801801	1700	53.6
8	4934213	1720	54.02808988764
8	5067970	1740	54.441340782123
8	5205180	1760	55.011049723757
8	5344043	1780	55.580110497238
8	5485530	1800	55.825136612022
8	5628683	1820	56.690217391304
8	5774637	1840	56.736559139785
8	5923279	1860	58.005376344086
8	6074054	1880	58.521505376344
8	6227163	1900	58.824468085106
8	6383479	1920	59.571428571429
8	6543537	1940	60.476439790576
8	6705814	1960	60.880829015544
8	6869807	1980	61.269430051813
8	7036332	2000	61.505102040816
9	144958	240	4.9051781375168
9	170986	260	4.5674156707828
9	198252	280	4.7168766136137
9	225309	300	4.8188066588844
9	252739	320	4.6946086379056
9	280038	340	3.9914295749049
9	307462	360	4.0332211158336
9	335020	380	4.4990275773852
9	362981	400	4.6350944841711
9	390842	420	4.739413262621
9	419540	440	4.3835152772138
9	448860	460	5.0127440146265
9	478532	480	4.300191996404
9	509020	500	4.3091429392963
9	540271	520	3.6835359484565
9	572176	540	4.5653978077334
9	604455	560	3.682077172968
9	637610	580	3.4570526374363
9	671777	600	3.5160908698577
9	706961	620	4.0719822881923
9	742915	640	3.3920994406876
9	779893	660	3.964195467526
9	818076	680	4.8201709003054
9	857567	700	5.2934167443216
9	898582	720	6.3875477519565
9	940093	740	6.1542089545344
9	983558	760	6.0947294555568
9	1028327	780	7.6689998906007
9	1074231	800	7.5775438671283
9	1120605	820	7.4480477964337
9	1168280	840	7.772006049805
9	1216565	860	8.0043043975657
9	1266678	880	8.1887018940536
9	1318307	900	9.0910076007888
9	1370876	920	9.5839349206363
9	1424461	940	10.112736615796
9	1480105	960	10.548097484391
9	1536438	980	10.688800083601
9	1593892	1000	11.259865677443
9	1652573	1020	11.732877724837
9	1713652	1040	12.031411120554
9	1775703	1060	12.613997146096
9	1839752	1080	13.297404119232
9	1905308	1100	13.347722453666
9	1972559	1120	14.161313517544
9	2041412	1140	14.385978313803
9	2112131	1160	15.034082553727
9	2184651	1180	15.661316034209
9	2258505	1200	15.925095932254
9	2335354	1220	16.612224005068
9	2413602	1240	17.181504056184
9	2493223	1260	17.537710230055
9	2575541	1280	18.569057276641
9	2659093	1300	18.644569071177
9	2744825	1320	19.494918763235
9	2832722	1340	19.688189378545
9	2922268	1360	19.867909606432
9	3015226	1380	20.743125461918
9	3109376	1400	22.141872798329
9	3206146	1420	22.150403365752
9	3304101	1440	22.254781833696
9	3405068	1460	23.165858230975
9	3508857	1480	23.828024443267
9	3615105	1500	24.058614368892
9	3723397	1520	25.085515661841
9	3834629	1540	25.425081262617
9	3947052	1560	25.667575362169
9	4062675	1580	26.128097943375
9	4179483	1600	26.320790711311
9	4299820	1620	26.89530894299
9	4422121	1640	26.872345555701
9	4546054	1660	26.975642689612
9	4672891	1680	26.579461548863
9	4801801	1700	27.434352154934
9	4934213	1720	27.922699951868
9	5067970	1740	28.067548345061
9	5205180	1760	28.410481037477
9	5344043	1780	28.579721676371
9	5485530	1800	29.039609589638
9	5628683	1820	28.989855243797
9	5774637	1840	29.145310818227
9	5923279	1860	29.574733063944
9	6074054	1880	29.775957467846
9	6227163	1900	30.248278109548
9	6383479	1920	30.43341928076
9	6543537	1940	30.402358286216
9	6705814	1960	31.145346350766
9	6869807	1980	31.400470209234
9	7036332	2000	31.395818347881
10	144958	240	24.060772560773
10	170986	260	20.861285909713
10	198252	280	22.248924988055
10	225309	300	23.220897615708
10	252739	320	22.039350263098
10	280038	340	15.931510051426
10	307462	360	16.266872569206
10	335020	380	20.241249142073
10	362981	400	21.484100877193
10	390842	420	22.462038073908
10	419540	440	19.215206185567
10	448860	460	25.127602556174
10	478532	480	18.491651205937
10	509020	500	18.568712871287
10	540271	520	13.568437083571
10	572176	540	20.842857142857
10	604455	560	13.557692307692
10	637610	580	11.951212938005
10	671777	600	12.362895005097
10	706961	620	16.581039755352
10	742915	640	11.506338615513
10	779893	660	15.714845704754
10	818076	680	23.234047508151
10	857567	700	28.020260829064
10	898582	720	40.800766283525
10	940093	740	37.874287856072
10	983558	760	37.145727136432
10	1028327	780	58.813559322034
10	1074231	800	57.419171058254
10	1120605	820	55.473415977961
10	1168280	840	60.404078038206
10	1216565	860	64.068888888889
10	1266678	880	67.054838709677
10	1318307	900	82.6464191976
10	1370876	920	91.851808562992
10	1424461	940	102.26744186047
10	1480105	960	111.26236054022
10	1536438	980	114.25044722719
10	1593892	1000	126.78457507405
10	1652573	1020	137.66041970598
10	1713652	1040	144.75485355179
10	1775703	1060	159.11292400172
10	1839752	1080	176.82095631017
10	1905308	1100	178.1616947001
10	1972559	1120	200.54280054217
10	2041412	1140	206.95637204522
10	2112131	1160	226.02363823227
10	2184651	1180	245.27681992337
10	2258505	1200	253.6086804515
10	2335354	1220	275.96598639456
10	2413602	1240	295.20408163265
10	2493223	1260	307.57128011337
10	2575541	1280	344.80988814318
10	2659093	1300	347.61995584989
10	2744825	1320	380.05185758514
10	2832722	1340	387.62480100545
10	2922268	1360	394.73383212934
10	3015226	1380	430.27725392887
10	3109376	1400	490.26253101737
10	3206146	1420	490.6403692655
10	3304101	1440	495.27531446541
10	3405068	1460	536.65698757764
10	3508857	1480	567.77474886895
10	3615105	1500	578.81692535107
10	3723397	1520	629.28309602045
10	3834629	1540	646.43475721066
10	3947052	1560	658.82442497262
10	4062675	1580	682.67750213858
10	4179483	1600	692.78402366864
10	4299820	1620	723.35764313885
10	4422121	1640	722.12295566502
10	4546054	1660	727.68529851761
10	4672891	1680	706.46777622749
10	4801801	1700	752.64367816092
10	4934213	1720	779.67717260204
10	5067970	1740	787.78727010232
10	5205180	1760	807.15543278085
10	5344043	1780	816.80049109883
10	5485530	1800	843.2989251186
10	5628683	1820	840.41170705631
10	5774637	1840	849.44914269108
10	5923279	1860	874.66483580355
10	6074054	1880	886.607643127
10	6227163	1900	914.95832859256
10	6383479	1920	926.19300911854
10	6543537	1940	924.30338936346
10	6705814	1960	970.03259930915
10	6869807	1980	985.98952936097
10	7036332	2000	985.69740973312
11	144958	240	325.38192906581
11	170986	260	464.55085806487
11	198252	280	462.72980482525
11	225309	300	422.85880531415
11	252739	320	330.32650830729
11	280038	340	276.33090795238
11	307462	360	323.47725298962
11	335020	380	227.47758855589
11	362981	400	370.98230461618
11	390842	420	236.71992022938
11	419540	440	430.35782350534
11	448860	460	380.64604883278
11	478532	480	423.39190200483
11	509020	500	369.95651452737
11	540271	520	424.53491331993
11	572176	540	225.88374059929
11	604455	560	378.17907723976
11	637610	580	235.43810556712
11	671777	600	279.19845559647
11	706961	620	665.1216337327
11	742915	640	523.18554877369
11	779893	660	377.8424163281
11	818076	680	771.71833455985
11	857567	700	673.92836487949
11	898582	720	337.5043424143
11	940093	740	560.81110842332
11	983558	760	765.36022390575
11	1028327	780	608.95222162326
11	1074231	800	622.06725717941
11	1120605	820	622.72473962396
11	1168280	840	665.85839444506
11	1216565	860	190.08317086649
11	1266678	880	816.04621895373
11	1318307	900	572.59739509438
11	1370876	920	519.23300635812
11	1424461	940	666.84317428094
11	1480105	960	630.73771298447
11	1536438	980	756.48341303535
11	1593892	1000	768.63337247731
11	1652573	1020	806.05936321303
11	1713652	1040	427.83257723294
11	1775703	1060	628.10222272413
11	1839752	1080	571.95052253993
11	1905308	1100	476.78351899292
11	1972559	1120	762.1624881684
11	2041412	1140	379.20763694435
11	2112131	1160	617.17509928002
11	2184651	1180	575.16055892714
11	2258505	1200	923.1093627494
11	2335354	1220	715.98963060918
11	2413602	1240	631.54350633161
11	2493223	1260	776.50262853573
11	2575541	1280	678.34141492591
11	2659093	1300	867.33065931633
11	2744825	1320	937.53572520915
11	2832722	1340	831.94057280378
11	2922268	1360	666.99140117845
11	3015226	1380	719.98603244711
11	3109376	1400	774.83752715586
11	3206146	1420	1012.9333994462
11	3304101	1440	874.98076374119
11	3405068	1460	725.77818035328
11	3508857	1480	1082.3361022335
11	3615105	1500	827.91567747399
11	3723397	1520	1067.1693185991
11	3834629	1540	1063.6939900969
11	3947052	1560	1177.4959053055
11	4062675	1580	816.7037842177
11	4179483	1600	817.50871735439
11	4299820	1620	886.95173290581
11	4422121	1640	679.21349905211
11	4546054	1660	912.37598961447
11	4672891	1680	926.47082310588
11	4801801	1700	732.56339584034
11	4934213	1720	1013.7852030756
11	5067970	1740	712.66616231523
11	5205180	1760	1207.0168344385
11	5344043	1780	1025.447806614
11	5485530	1800	917.02714185612
11	5628683	1820	976.77254165586
11	5774637	1840	1426.5934286118
11	5923279	1860	881.65439829188
11	6074054	1880	874.43912238281
11	6227163	1900	1266.8230959844
11	6383479	1920	740.66022689014
11	6543537	1940	1226.7574644938
11	6705814	1960	1021.5834060438
11	6869807	1980	977.73741952857
11	7036332	2000	1313.0476773411
12	144958	240	46.483132723688
12	170986	260	46.455085806487
12	198252	280	46.272980482525
12	225309	300	46.984311701573
12	252739	320	47.189501186756
12	280038	340	46.055151325396
12	307462	360	46.211036141374
12	335020	380	45.495517711178
12	362981	400	46.372788077022
12	390842	420	47.343984045876
12	419540	440	47.817535945038
12	448860	460	47.580756104097
12	478532	480	47.043544667203
12	509020	500	46.244564315922
12	540271	520	47.170545924437
12	572176	540	45.176748119858
12	604455	560	47.272384654971
12	637610	580	47.087621113423
12	671777	600	46.533075932745
12	706961	620	47.508688123764
12	742915	640	47.56232261579
12	779893	660	47.230302041012
12	818076	680	48.232395909991
12	857567	700	48.137740348535
12	898582	720	48.214906059186
12	940093	740	46.734259035277
12	983558	760	47.83501399411
12	1028327	780	46.842478586404
12	1074231	800	47.851327475339
12	1120605	820	47.901903047997
12	1168280	840	47.561313888933
12	1216565	860	47.520792716622
12	1266678	880	48.002718761984
12	1318307	900	47.716449591198
12	1370876	920	47.203000578011
12	1424461	940	47.631655305782
12	1480105	960	48.51828561419
12	1536438	980	47.280213314709
12	1593892	1000	48.039585779832
12	1652573	1020	47.41525665959
12	1713652	1040	47.536953025882
12	1775703	1060	48.315555594164
12	1839752	1080	47.662543544994
12	1905308	1100	47.678351899292
12	1972559	1120	47.635155510525
12	2041412	1140	47.400954618044
12	2112131	1160	47.475007636925
12	2184651	1180	47.930046577262
12	2258505	1200	48.5847033026
12	2335354	1220	47.732642040612
12	2413602	1240	48.580269717816
12	2493223	1260	48.531414283483
12	2575541	1280	48.452958208993
12	2659093	1300	48.185036628685
12	2744825	1320	49.343985537323
12	2832722	1340	48.937680753164
12	2922268	1360	47.642242941318
12	3015226	1380	47.999068829807
12	3109376	1400	48.427345447241
12	3206146	1420	48.234923783152
12	3304101	1440	48.610042430066
12	3405068	1460	48.385212023552
12	3508857	1480	49.197095556068
12	3615105	1500	48.700922204352
12	3723397	1520	48.507696299959
12	3834629	1540	48.349726822586
12	3947052	1560	49.062329387728
12	4062675	1580	48.041399071629
12	4179483	1600	48.08874807967
12	4299820	1620	49.275096272545
12	4422121	1640	48.515249932293
12	4546054	1660	48.019788927078
12	4672891	1680	48.76162226873
12	4801801	1700	48.83755972269
12	4934213	1720	48.275485860743
12	5067970	1740	47.511077487682
12	5205180	1760	48.280673377539
12	5344043	1780	48.830847934001
12	5485530	1800	48.26458641348
12	5628683	1820	48.838627082793
12	5774637	1840	49.192876848683
12	5923279	1860	48.980799905105
12	6074054	1880	48.579951243489
12	6227163	1900	48.723965230171
12	6383479	1920	49.377348459343
12	6543537	1940	49.070298579751
12	6705814	1960	48.646828859229
12	6869807	1980	48.886870976428
12	7036332	2000	48.631395457077
13	144958	240	0.38409389671466
13	170986	260	0.81271965178504
13	198252	280	0.99607595523647
13	225309	300	1.5886814736709
13	252739	320	1.5370602041304
13	280038	340	1.266202035461
13	307462	360	0.85229093007405
13	335020	380	0.7091947454202
13	362981	400	2.3717626646912
13	390842	420	1.8572175199329
13	419540	440	2.4231580573041
13	448860	460	1.532317510738
13	478532	480	2.5661937208976
13	509020	500	1.4041565633122
13	540271	520	1.731513135968
13	572176	540	1.15086678265
13	604455	560	1.4511745418723
13	637610	580	1.7784358420572
13	671777	600	2.4857755072461
13	706961	620	2.4678740892766
13	742915	640	2.703042814996
13	779893	660	0.87486158350715
13	818076	680	3.3512737281307
13	857567	700	2.5939804189248
13	898582	720	1.713347980788
13	940093	740	1.0923880869613
13	983558	760	1.938122803977
13	1028327	780	1.5593305558201
13	1074231	800	1.7956499886877
13	1120605	820	1.9207586329181
13	1168280	840	1.952422828178
13	1216565	860	1.4256132103575
13	1266678	880	1.7380416847111
13	1318307	900	2.258297632207
13	1370876	920	1.8031312504612
13	1424461	940	1.5017463076187
13	1480105	960	1.9835701692601
13	1536438	980	1.7438519217127
13	1593892	1000	2.5215636880336
13	1652573	1020	2.0042092161766
13	1713652	1040	1.6219846631548
13	1775703	1060	2.4136543541707
13	1839752	1080	1.7621729968419
13	1905308	1100	1.650374336497
13	1972559	1120	1.580890056079
13	2041412	1140	1.3170483568671
13	2112131	1160	1.8869136702965
13	2184651	1180	1.535871135439
13	2258505	1200	2.096542142756
13	2335354	1220	2.2013150772195
13	2413602	1240	1.8560407901135
13	2493223	1260	2.3505288897999
13	2575541	1280	2.1312767593384
13	2659093	1300	2.1508475879078
13	2744825	1320	2.673796708714
13	2832722	1340	2.4034615930237
13	2922268	1360	1.646565035731
13	3015226	1380	1.8489892605045
13	3109376	1400	2.331323451143
13	3206146	1420	2.4432233884424
13	3304101	1440	1.7751902152244
13	3405068	1460	2.4107392812855
13	3508857	1480	1.6557109054307
13	3615105	1500	1.5521468771726
13	3723397	1520	2.1569123553617
13	3834629	1540	1.779688202042
13	3947052	1560	2.3518617017011
13	4062675	1580	2.0037193159088
13	4179483	1600	2.1791053706161
13	4299820	1620	1.6883275457556
13	4422121	1640	1.8687504224719
13	4546054	1660	2.1036991318937
13	4672891	1680	1.7434749712208
13	4801801	1700	1.4677766715868
13	4934213	1720	1.753510412708
13	5067970	1740	2.3187990420323
13	5205180	1760	2.062337590452
13	5344043	1780	2.1020447818943
13	5485530	1800	1.7864784203587
13	5628683	1820	2.3447913041062
13	5774637	1840	2.2436210760736
13	5923279	1860	2.2016454334788
13	6074054	1880	1.9259649159473
13	6227163	1900	2.1808894671959
13	6383479	1920	1.8057669573891
13	6543537	1940	2.4355067583509
13	6705814	1960	2.6389830408528
13	6869807	1980	1.9425129912255
13	7036332	2000	1.9626017510126
14	144958	240	0.14752812149345
14	170986	260	0.6605132323976
14	198252	280	0.99216730860025
14	225309	300	2.5239088247853
14	252739	320	2.3625540711213
14	280038	340	1.6032675946057
14	307462	360	0.72639982948649
14	335020	380	0.50295718693163
14	362981	400	5.625258137623
14	390842	420	3.4492569163457
14	419540	440	5.8716949706779
14	448860	460	2.3479969537142
14	478532	480	6.5853502131741
14	509020	500	1.9716556542927
14	540271	520	2.9981377400296
14	572176	540	1.3244943514072
14	604455	560	2.1059075509782
14	637610	580	3.1628340443136
14	671777	600	6.1790798724246
14	706961	620	6.0904025205229
14	742915	640	7.3064404597016
14	779893	660	0.76538279029663
14	818076	680	11.231035600859
14	857567	700	6.7287344137653
14	898582	720	2.9355613032702
14	940093	740	1.1933117325349
14	983558	760	3.7563200032956
14	1028327	780	2.4315117823143
14	1074231	800	3.2243588818743
14	1120605	820	3.6893137259294
14	1168280	840	3.8119548999906
14	1216565	860	2.0323730255457
14	1266678	880	3.0207888977934
14	1318307	900	5.0999081956317
14	1370876	920	3.2512823063897
14	1424461	940	2.2552419724465
14	1480105	960	3.9345506163786
14	1536438	980	3.041019524861
14	1593892	1000	6.3582834328098
14	1652573	1020	4.016854582207
14	1713652	1040	2.6308342475095
14	1775703	1060	5.8257273414069
14	1839752	1080	3.1052536707987
14	1905308	1100	2.7237354505679
14	1972559	1120	2.4992133694095
14	2041412	1140	1.7346163743264
14	2112131	1160	3.5604431991517
14	2184651	1180	2.3589001446747
14	2258505	1200	4.3954889563517
14	2335354	1220	4.845788069194
14	2413602	1240	3.4448874145652
14	2493223	1260	5.5249860617838
14	2575541	1280	4.542340624896
14	2659093	1300	4.626145346409
14	2744825	1320	7.14918883953
14	2832722	1340	5.77662762914
14	2922268	1360	2.7111764168917
14	3015226	1380	3.4187612854609
14	3109376	1400	5.4350690338494
14	3206146	1420	5.9693405258318
14	3304101	1440	3.1513003002286
14	3405068	1460	5.8116638823332
14	3508857	1480	2.7413786023621
14	3615105	1500	2.4091599283168
14	3723397	1520	4.652270908712
14	3834629	1540	3.1672900964877
14	3947052	1560	5.5312534639285
14	4062675	1580	4.014891096946
14	4179483	1600	4.7485002162481
14	4299820	1620	2.850449901757
14	4422121	1640	3.492228141489
14	4546054	1660	4.4255500375303
14	4672891	1680	3.0397049752735
14	4801801	1700	2.1543683576543
14	4934213	1720	3.0747987674755
14	5067970	1740	5.3768289973301
14	5205180	1760	4.2532363369914
14	5344043	1780	4.418592265089
14	5485530	1800	3.1915051464072
14	5628683	1820	5.4980462598122
14	5774637	1840	5.0338355330016
14	5923279	1860	4.8472426147581
14	6074054	1880	3.70934085746
14	6227163	1900	4.7562788681259
14	6383479	1920	3.2607943043982
14	6543537	1940	5.9316931699728
14	6705814	1960	6.9642314899086
14	6869807	1980	3.7733567210797
14	7036332	2000	3.8518056330776
15	144958	240	314.63272512613
15	170986	260	446.82493969966
15	198252	280	538.06222885541
15	225309	300	407.82403382791
15	252739	320	316.11422952966
15	280038	340	270.50002605565
15	307462	360	314.0182175842
15	335020	380	222.24209693803
15	362981	400	405.03439538786
15	390842	420	231.03314247101
15	419540	440	456.9803997982
15	448860	460	370.67188665729
15	478532	480	405.7279023013
15	509020	500	358.91484859934
15	540271	520	408.48184439544
15	572176	540	269.54810263365
15	604455	560	410.24283476707
15	637610	580	227.35017251321
15	671777	600	272.52918188354
15	706961	620	639.27388067079
15	742915	640	503.09857774992
15	779893	660	411.70965417121
15	818076	680	779.00509820695
15	857567	700	634.34524819863
15	898582	720	321.64235496895
15	940093	740	541.0669458568
15	983558	760	777.89030608825
15	1028327	780	673.45691304399
15	1074231	800	594.87309032374
15	1120605	820	594.95354133125
15	1168280	840	640.51165551097
15	1216565	860	181.17901613971
15	1266678	880	773.48867053975
15	1318307	900	550.08136530443
15	1370876	920	543.03694952392
15	1424461	940	644.41695653447
15	1480105	960	598.54674839907
15	1536438	980	725.03041743159
15	1593892	1000	732.26791303374
15	1652573	1020	770.49766014111
15	1713652	1040	408.25235741512
15	1775703	1060	599.16418382846
15	1839752	1080	544.8163648027
15	1905308	1100	455.07395744188
15	1972559	1120	728.27595291613
15	2041412	1140	361.69208196253
15	2112131	1160	590.37013112709
15	2184651	1180	550.27839537103
15	2258505	1200	868.82313471866
15	2335354	1220	681.66625534008
15	2413602	1240	686.75733609829
15	2493223	1260	731.90831232298
15	2575541	1280	641.81099804806
15	2659093	1300	820.08298674323
15	2744825	1320	869.4797740644
15	2832722	1340	825.19810370807
15	2922268	1360	635.16602228045
15	3015226	1380	682.73893810383
15	3109376	1400	729.05273894765
15	3206146	1420	958.75020644374
15	3304101	1440	821.2384114067
15	3405068	1460	727.53746035374
15	3508857	1480	1051.5282185633
15	3615105	1500	821.95121523375
15	3723397	1520	1002.1563845682
15	3834629	1540	1014.0876276707
15	3947052	1560	1099.1137299481
15	4062675	1580	773.10213135551
15	4179483	1600	774.60956447671
15	4299820	1620	872.57556806899
15	4422121	1640	687.50995750663
15	4546054	1660	861.17198327273
15	4672891	1680	873.16317883907
15	4801801	1700	687.20512224038
15	4934213	1720	955.46364784551
15	5067970	1740	726.31081685872
15	5205180	1760	1135.5330655837
15	5344043	1780	958.40043151684
15	5485530	1800	909.29303908303
15	5628683	1820	962.07144148888
15	5774637	1840	1366.8655285259
15	5923279	1860	823.5560769168
15	6074054	1880	820.97220472933
15	6227163	1900	1182.9641503629
15	6383479	1920	735.67431841579
15	6543537	1940	1139.4522230799
15	6705814	1960	955.59702961801
15	6869807	1980	959.88011314494
15	7036332	2000	1231.1653668706
16	144958	240	44.947532160875
16	170986	260	44.682493969966
16	198252	280	44.838519071284
16	225309	300	45.313781536435
16	252739	320	45.159175647094
16	280038	340	45.083337675942
16	307462	360	44.859745369171
16	335020	380	44.448419387607
16	362981	400	45.003821709762
16	390842	420	46.206628494202
16	419540	440	45.69803997982
16	448860	460	46.333985832162
16	478532	480	45.080878033478
16	509020	500	44.864356074917
16	540271	520	45.386871599494
16	572176	540	44.924683772275
16	604455	560	45.582537196341
16	637610	580	45.470034502641
16	671777	600	45.421530313924
16	706961	620	45.662420047914
16	742915	640	45.736234340901
16	779893	660	45.745517130135
16	818076	680	45.823829306291
16	857567	700	45.310374871331
16	898582	720	45.948907852707
16	940093	740	45.088912154734
16	983558	760	45.758253299309
16	1028327	780	44.897127536266
16	1074231	800	45.759468486442
16	1120605	820	45.76565702548
16	1168280	840	45.750832536498
16	1216565	860	45.294754034926
16	1266678	880	45.499333561162
16	1318307	900	45.840113775369
16	1370876	920	45.253079126993
16	1424461	940	46.029782609605
16	1480105	960	46.042057569159
16	1536438	980	45.314401089475
16	1593892	1000	45.766744564609
16	1652573	1020	45.323391773007
16	1713652	1040	45.361373046124
16	1775703	1060	46.089552602189
16	1839752	1080	45.401363733558
16	1905308	1100	45.507395744188
16	1972559	1120	45.517247057258
16	2041412	1140	45.211510245316
16	2112131	1160	45.413087009776
16	2184651	1180	45.856532947586
16	2258505	1200	45.727533406245
16	2335354	1220	45.444417022672
16	2413602	1240	45.783822406552
16	2493223	1260	45.744269520186
16	2575541	1280	45.843642717718
16	2659093	1300	45.56016593018
16	2744825	1320	45.762093371811
16	2832722	1340	45.844339094893
16	2922268	1360	45.369001591461
16	3015226	1380	45.515929206922
16	3109376	1400	45.565796184228
16	3206146	1420	45.654771735416
16	3304101	1440	45.624356189261
16	3405068	1460	45.471091272109
16	3508857	1480	45.718618198405
16	3615105	1500	45.663956401875
16	3723397	1520	45.552562934919
16	3834629	1540	46.09489216685
16	3947052	1560	45.796405414506
16	4062675	1580	45.476595962089
16	4179483	1600	45.56526849863
16	4299820	1620	45.925029898368
16	4422121	1640	45.833997167109
16	4546054	1660	45.32484122488
16	4672891	1680	45.955956781004
16	4801801	1700	45.813674816025
16	4934213	1720	45.498268945024
16	5067970	1740	45.39442605367
16	5205180	1760	45.421322623346
16	5344043	1780	45.638115786516
16	5485530	1800	45.464651954152
16	5628683	1820	45.812925785185
16	5774637	1840	45.562184284198
16	5923279	1860	45.753115384267
16	6074054	1880	45.609566929407
16	6227163	1900	45.498621167802
16	6383479	1920	45.979644900987
16	6543537	1940	45.578088923196
16	6705814	1960	45.504620458
16	6869807	1980	45.708576816426
16	7036332	2000	45.598717291502
17	144958	240	0.38223996695226
17	170986	260	0.25514098579117
17	198252	280	0.44886537352248
17	225309	300	0.82537859560494
17	252739	320	0.85268201474939
17	280038	340	0.48419165577264
17	307462	360	0.44294798471013
17	335020	380	0.2226980851201
17	362981	400	1.3742523178244
17	390842	420	1.8925533329025
17	419540	440	1.6680618927617
17	448860	460	2.0154865076697
17	478532	480	1.4423587832644
17	509020	500	0.27386673664115
17	540271	520	0.94275295692871
17	572176	540	0.5783125019876
17	604455	560	1.2589996349123
17	637610	580	1.6240974241798
17	671777	600	1.6789659018452
17	706961	620	1.3560094219067
17	742915	640	1.4452780216732
17	779893	660	1.2911847088773
17	818076	680	1.3751987239378
17	857567	700	1.159675743275
17	898582	720	1.373117446037
17	940093	740	0.6178938991128
17	983558	760	1.1893743783982
17	1028327	780	0.57556584997806
17	1074231	800	1.0774316305894
17	1120605	820	1.2862475888732
17	1168280	840	1.3042264567181
17	1216565	860	0.96138752956027
17	1266678	880	1.2176541243984
17	1318307	900	1.3321959887662
17	1370876	920	1.1956579470812
17	1424461	940	1.2502738111499
17	1480105	960	1.1642182741398
17	1536438	980	1.1398058134676
17	1593892	1000	1.3060752931701
17	1652573	1020	0.99042051263111
17	1713652	1040	1.1587001126701
17	1775703	1060	1.0971169945607
17	1839752	1080	1.005797270398
17	1905308	1100	1.1096810236252
17	1972559	1120	1.0753606722859
17	2041412	1140	0.73890174070121
17	2112131	1160	0.98774934684346
17	2184651	1180	1.0571334776888
17	2258505	1200	0.917132872914
17	2335354	1220	1.0570454881284
17	2413602	1240	0.99756773320116
17	2493223	1260	0.83218879105535
17	2575541	1280	1.0130018740531
17	2659093	1300	0.9678123015384
17	2744825	1320	0.9920524878817
17	2832722	1340	1.0488592666673
17	2922268	1360	1.0039342900927
17	3015226	1380	1.1575007168543
17	3109376	1400	0.87074498570395
17	3206146	1420	1.0427574588832
17	3304101	1440	1.0126274385084
17	3405068	1460	0.83594305646138
17	3508857	1480	0.9715367271677
17	3615105	1500	0.99366990573507
17	3723397	1520	0.8169231451418
17	3834629	1540	0.95814505321056
17	3947052	1560	0.88000045940559
17	4062675	1580	0.6546225605123
17	4179483	1600	1.0682435825439
17	4299820	1620	0.87543531160877
17	4422121	1640	0.98658068940791
17	4546054	1660	0.6321008905866
17	4672891	1680	1.062755553398
17	4801801	1700	0.62354261661031
17	4934213	1720	0.92571461318606
17	5067970	1740	0.83775543842868
17	5205180	1760	0.6436461764154
17	5344043	1780	0.80301023015285
17	5485530	1800	0.772664347816
17	5628683	1820	1.1170884442131
17	5774637	1840	0.90260636951825
17	5923279	1860	1.0192955308243
17	6074054	1880	0.72251193237095
17	6227163	1900	0.64475198757314
17	6383479	1920	0.62832258816562
17	6543537	1940	0.80017696449464
17	6705814	1960	0.8181615047139
17	6869807	1980	0.96968233827262
17	7036332	2000	0.94590256925381
18	144958	240	0.14610739233567
18	170986	260	0.065096922630488
18	198252	280	0.20148012354747
18	225309	300	0.68124982608278
18	252739	320	0.72706661827708
18	280038	340	0.23444155951985
18	307462	360	0.19620291715876
18	335020	380	0.049594437116159
18	362981	400	1.8885694330457
18	390842	420	3.5817581178804
18	419540	440	2.7824304780836
18	448860	460	4.0621858625987
18	478532	480	2.0803988596601
18	509020	500	0.075002989438475
18	540271	520	0.88878313779782
18	572176	540	0.33444534995516
18	604455	560	1.5850800807092
18	637610	580	2.6376924432275
18	671777	600	2.818926499559
18	706961	620	1.8387615522997
18	742915	640	2.0888285599316
18	779893	660	1.6671579524387
18	818076	680	1.8911715303201
18	857567	700	1.3448478295404
18	898582	720	1.8854515206113
18	940093	740	0.38179287056081
18	983558	760	1.41461141199
18	1028327	780	0.33127604766096
18	1074231	800	1.1608589185945
18	1120605	820	1.654432859882
18	1168280	840	1.7010066504034
18	1216565	860	0.92426598199399
18	1266678	880	1.4826815666645
18	1318307	900	1.7747461524848
18	1370876	920	1.4295979264183
18	1424461	940	1.5631846028472
18	1480105	960	1.3554041898411
18	1536438	980	1.2991572924146
18	1593892	1000	1.7058326714294
18	1652573	1020	0.98093279184047
18	1713652	1040	1.3425859511016
18	1775703	1060	1.2036656997538
18	1839752	1080	1.0116281491401
18	1905308	1100	1.2313919741939
18	1972559	1120	1.1564005754991
18	2041412	1140	0.54597578241127
18	2112131	1160	0.97564877218968
18	2184651	1180	1.1175311896504
18	2258505	1200	0.84113270657948
18	2335354	1220	1.1173451639727
18	2413602	1240	0.9951413823241
18	2493223	1260	0.69253818395817
18	2575541	1280	1.0261727968352
18	2659093	1300	0.93666065100905
18	2744825	1320	0.98416813871226
18	2832722	1340	1.1001057612739
18	2922268	1360	1.007884058824
18	3015226	1380	1.3398079095183
18	3109376	1400	0.75819683012858
18	3206146	1420	1.0873431180565
18	3304101	1440	1.0254143292201
18	3405068	1460	0.698800793646
18	3508857	1480	0.94388361223572
18	3615105	1500	0.98737988156354
18	3723397	1520	0.66736342506838
18	3834629	1540	0.91804194299186
18	3947052	1560	0.77440080855405
18	4062675	1580	0.42853069673168
18	4179483	1600	1.1411443516463
18	4299820	1620	0.76638698481154
18	4422121	1640	0.97334145671258
18	4546054	1660	0.39955153588038
18	4672891	1680	1.1294493662784
18	4801801	1700	0.38880539472923
18	4934213	1720	0.85694754506622
18	5067970	1740	0.70183417461683
18	5205180	1760	0.41428040041417
18	5344043	1780	0.64482542973014
18	5485530	1800	0.59701019438593
18	5628683	1820	1.2478865921945
18	5774637	1840	0.81469825829492
18	5923279	1860	1.0389633791585
18	6074054	1880	0.5220234924184
18	6227163	1900	0.41570512547951
18	6383479	1920	0.39478927479915
18	6543537	1940	0.64028317450785
18	6705814	1960	0.66938824779571
18	6869807	1980	0.94028383715785
18	7036332	2000	0.89473167052096
19	144958	240	2231.9249698021
19	170986	260	2733.4636538975
19	198252	280	2637.2270092621
19	225309	300	2579.9760001642
19	252739	320	2103.408556026
19	280038	340	2172.8436261162
19	307462	360	2499.9330022301
19	335020	380	1912.0703766577
19	362981	400	2330.3152270377
19	390842	420	1843.0401666653
19	419540	440	2935.2559507472
19	448860	460	2323.06801695
19	478532	480	2909.931533201
19	509020	500	2736.8046779563
19	540271	520	2907.8305276277
19	572176	540	1678.7937778379
19	604455	560	2749.0047940183
19	637610	580	2072.0155776007
19	671777	600	1878.3660281378
19	706961	620	3802.1917420136
19	742915	640	3989.5181680657
19	779893	660	2976.0185892459
19	818076	680	4353.3319245242
19	857567	700	4152.2369301435
19	898582	720	2653.8164506722
19	940093	740	3696.0326823962
19	983558	760	4357.1783014526
19	1028327	780	3466.3863348376
19	1074231	800	4066.4945948032
19	1120605	820	4151.5863427678
19	1168280	840	4410.9211519446
19	1216565	860	1710.7485377984
19	1266678	880	4128.4692264525
19	1318307	900	4002.9248275413
19	1370876	920	3746.1353342075
19	1424461	940	4341.450258935
19	1480105	960	3751.841493652
19	1536438	980	4800.9127567056
19	1593892	1000	4265.7770556938
19	1652573	1020	4225.3541852273
19	1713652	1040	3464.5075943018
19	1775703	1060	3730.7831730349
19	1839752	1080	4112.1954565826
19	1905308	1100	4001.2814209372
19	1972559	1120	5113.4859413288
19	2041412	1140	3173.7583572922
19	2112131	1160	4559.4085469428
19	2184651	1180	4497.7611479474
19	2258505	1200	5028.8542943779
19	2335354	1220	4920.0786153443
19	2413602	1240	4686.4088110087
19	2493223	1260	4407.0905556317
19	2575541	1280	4564.7863159716
19	2659093	1300	5876.4326749943
19	2744825	1320	5516.5269291597
19	2832722	1340	4305.6874818082
19	2922268	1360	4393.5736807882
19	3015226	1380	4850.2703261297
19	3109376	1400	5348.8292560036
19	3206146	1420	5834.7242326893
19	3304101	1440	5445.2961911862
19	3405068	1460	5073.9537376722
19	3508857	1480	5866.5566048355
19	3615105	1500	5902.7585791491
19	3723397	1520	5946.1082443499
19	3834629	1540	6263.81731465
19	3947052	1560	6379.5505537722
19	4062675	1580	5297.2249580667
19	4179483	1600	5591.6957072811
19	4299820	1620	5629.6452078942
19	4422121	1640	5182.0003465878
19	4546054	1660	6213.4427453072
19	4672891	1680	5665.2637620574
19	4801801	1700	4864.7041265438
19	4934213	1720	6522.9561302886
19	5067970	1740	5373.7311825739
19	5205180	1760	6528.9804975927
19	5344043	1780	6577.8216109207
19	5485530	1800	5938.7150300188
19	5628683	1820	6165.1280797633
19	5774637	1840	7455.3686060788
19	5923279	1860	6111.7233526219
19	6074054	1880	5946.5342804045
19	6227163	1900	6823.0630530645
19	6383479	1920	4984.1294581909
19	6543537	1940	6980.3848551333
19	6705814	1960	6262.4795638325
19	6869807	1980	6742.0230589982
19	7036332	2000	7137.8332282098
20	144958	240	46.498436870877
20	170986	260	46.32989243894
20	198252	280	46.26714051337
20	225309	300	46.908654548439
20	252739	320	46.742412356134
20	280038	340	46.23071544928
20	307462	360	46.295055596853
20	335020	380	45.525485158517
20	362981	400	46.606304540754
20	390842	420	47.257440170904
20	419540	440	47.342837915277
20	448860	460	47.409551366326
20	478532	480	46.934379567759
20	509020	500	46.386519965362
20	540271	520	46.900492381092
20	572176	540	45.372804806428
20	604455	560	47.396634379625
20	637610	580	47.091263127288
20	671777	600	46.959150703445
20	706961	620	47.52739677517
20	742915	640	47.494263905544
20	779893	660	47.238390305491
20	818076	680	47.318825266567
20	857567	700	47.726861266018
20	898582	720	48.25120819404
20	940093	740	46.7852238278
20	983558	760	47.881080235743
20	1028327	780	46.843058578887
20	1074231	800	47.841112880038
20	1120605	820	47.719383250204
20	1168280	840	47.42925969833
20	1216565	860	47.520792716622
20	1266678	880	48.00545612154
20	1318307	900	47.653866994539
20	1370876	920	47.419434610221
20	1424461	940	47.708244603682
20	1480105	960	48.100531969897
20	1536438	980	47.533789670352
20	1593892	1000	47.397522841043
20	1652573	1020	47.475889721654
20	1713652	1040	47.459008141121
20	1775703	1060	48.451729519933
20	1839752	1080	47.816226239332
20	1905308	1100	47.634302630205
20	1972559	1120	47.789588236718
20	2041412	1140	47.369527720779
20	2112131	1160	47.493839030654
20	2184651	1180	47.848522850504
20	2258505	1200	48.354368215172
20	2335354	1220	47.767753547032
20	2413602	1240	48.313492896996
20	2493223	1260	47.903158213389
20	2575541	1280	48.56155655289
20	2659093	1300	48.167480942577
20	2744825	1320	48.818822381945
20	2832722	1340	48.378511031552
20	2922268	1360	47.756235660741
20	3015226	1380	48.022478476532
20	3109376	1400	48.187650954988
20	3206146	1420	48.220861427184
20	3304101	1440	48.618715992734
20	3405068	1460	48.323368930212
20	3508857	1480	48.887971706962
20	3615105	1500	48.783128753299
20	3723397	1520	48.342343449999
20	3834629	1540	48.183210112692
20	3947052	1560	48.698859189101
20	4062675	1580	48.156590527879
20	4179483	1600	48.20427333863
20	4299820	1620	48.953436590384
20	4422121	1640	48.429909781195
20	4546054	1660	48.166222831839
20	4672891	1680	48.421057795363
20	4801801	1700	49.138425520645
20	4934213	1720	48.318193557693
20	5067970	1740	47.555143208619
20	5205180	1760	48.362818500686
20	5344043	1780	48.724604525338
20	5485530	1800	48.282236016413
20	5628683	1820	48.544315588688
20	5774637	1840	49.048477671571
20	5923279	1860	48.893786820975
20	6074054	1880	48.742084265611
20	6227163	1900	48.390518106841
20	6383479	1920	49.347816417732
20	6543537	1940	48.474894827315
20	6705814	1960	48.172919721788
20	6869807	1980	48.855239557958
20	7036332	2000	48.889268686369
21	144958	240	1.9246616153875
21	170986	260	1.819357722201
21	198252	280	1.9973015879614
21	225309	300	2.5009099042805
21	252739	320	2.1426357443
21	280038	340	1.9924432950175
21	307462	360	1.9145227015209
21	335020	380	1.5330568815856
21	362981	400	3.2049489324708
21	390842	420	2.3567597985468
21	419540	440	2.6865347202776
21	448860	460	2.3521763347696
21	478532	480	3.0072429854817
21	509020	500	2.4243913328823
21	540271	520	2.3609694398829
21	572176	540	1.5471453511039
21	604455	560	2.4237634956694
21	637610	580	2.5434551215863
21	671777	600	3.0600438191605
21	706961	620	3.1849752450166
21	742915	640	3.4557865588143
21	779893	660	2.0921687154821
21	818076	680	3.3457560545949
21	857567	700	3.0842007341877
21	898582	720	2.5563432590824
21	940093	740	2.4285010694735
21	983558	760	2.9189970000138
21	1028327	780	2.2085780497701
21	1074231	800	2.698653140961
21	1120605	820	2.7622137710396
21	1168280	840	2.808088975819
21	1216565	860	2.1293577864152
21	1266678	880	2.4084322701824
21	1318307	900	3.1005546984524
21	1370876	920	2.6406997193187
21	1424461	940	2.8841195435483
21	1480105	960	2.7858755792898
21	1536438	980	2.6422178381091
21	1593892	1000	2.617257801236
21	1652573	1020	2.8944190612741
21	1713652	1040	2.8568713664575
21	1775703	1060	3.0163352565268
21	1839752	1080	2.4116901743359
21	1905308	1100	2.3798201845022
21	1972559	1120	2.2353344949858
21	2041412	1140	2.1309087548914
21	2112131	1160	2.7544710317329
21	2184651	1180	2.320063875437
21	2258505	1200	2.9839297544514
21	2335354	1220	2.9516137052981
21	2413602	1240	2.6153428357999
21	2493223	1260	2.8862485115612
21	2575541	1280	2.8655404108618
21	2659093	1300	2.953316282298
21	2744825	1320	3.2220218264394
21	2832722	1340	3.117058738041
21	2922268	1360	2.5611960652633
21	3015226	1380	2.8371737206789
21	3109376	1400	2.8826978410252
21	3206146	1420	2.9044351765425
21	3304101	1440	2.9593859289701
21	3405068	1460	3.1004840933046
21	3508857	1480	2.6969501523552
21	3615105	1500	2.7619201420364
21	3723397	1520	2.7154057116565
21	3834629	1540	2.713373294822
21	3947052	1560	3.1170629485234
21	4062675	1580	2.6133389808038
21	4179483	1600	2.6961239657115
21	4299820	1620	2.4830192639874
21	4422121	1640	2.6051883559567
21	4546054	1660	3.2468849385648
21	4672891	1680	2.4899310926698
21	4801801	1700	2.6640430048969
21	4934213	1720	2.5540889520794
21	5067970	1740	2.8856447534954
21	5205180	1760	3.050280127668
21	5344043	1780	2.9290286216458
21	5485530	1800	2.8113875578293
21	5628683	1820	2.9159757656604
21	5774637	1840	3.1028654081225
21	5923279	1860	2.997723045546
21	6074054	1880	3.0786295682757
21	6227163	1900	2.8005743146707
21	6383479	1920	2.7626576587414
21	6543537	1940	3.0114467496858
21	6705814	1960	2.9917924411415
21	6869807	1980	2.7612097397363
21	7036332	2000	2.6576341239057
22	144958	240	3.704322333746
22	170986	260	3.3100625213324
22	198252	280	3.989213633273
22	225309	300	6.2545503493282
22	252739	320	4.5908879327519
22	280038	340	3.9698302838604
22	307462	360	3.6653971746387
22	335020	380	2.350263402177
22	362981	400	10.271697659745
22	390842	420	5.5543167480464
22	419540	440	7.2174688032571
22	448860	460	5.53273350985
22	478532	480	9.0435103737287
22	509020	500	5.8776733349547
22	540271	520	5.5741766960608
22	572176	540	2.3936587374426
22	604455	560	5.8746294829393
22	637610	580	6.4691639555235
22	671777	600	9.3638681751822
22	706961	620	10.144067311369
22	742915	640	11.942460740081
22	779893	660	4.3771699340418
22	818076	680	11.194083576859
22	857567	700	9.5122941687638
22	898582	720	6.534890858256
22	940093	740	5.8976174444338
22	983558	760	8.5205434860896
22	1028327	780	4.8778170019263
22	1074231	800	7.2827287752186
22	1120605	820	7.629824916921
22	1168280	840	7.8853636961164
22	1216565	860	4.5341645825669
22	1266678	880	5.8005460000561
22	1318307	900	9.6134394380952
22	1370876	920	6.97329500761
22	1424461	940	8.318145541477
22	1480105	960	7.7611027432832
22	1536438	980	6.981315104022
22	1593892	1000	6.8500383981305
22	1652573	1020	8.3776617022667
22	1713652	1040	8.1617140044845
22	1775703	1060	9.0982783797667
22	1839752	1080	5.8162494969883
22	1905308	1100	5.6635441105643
22	1972559	1120	4.9967203044733
22	2041412	1140	4.5407721216728
22	2112131	1160	7.5871106646555
22	2184651	1180	5.3826963861076
22	2258505	1200	8.9038367795004
22	2335354	1220	8.7120234653038
22	2413602	1240	6.8400181487697
22	2493223	1260	8.3304304704894
22	2575541	1280	8.2113218462818
22	2659093	1300	8.7220770632863
22	2744825	1320	10.381424650052
22	2832722	1340	9.716055176398
22	2922268	1360	6.5597252847202
22	3015226	1380	8.0495547213107
22	3109376	1400	8.3099468426513
22	3206146	1420	8.4357436947373
22	3304101	1440	8.7579650765861
22	3405068	1460	9.6130016128346
22	3508857	1480	7.2735401242886
22	3615105	1500	7.6282028709862
22	3723397	1520	7.3734281788967
22	3834629	1540	7.3623946370533
22	3947052	1560	9.7160814250575
22	4062675	1580	6.8295406285886
22	4179483	1600	7.2690844384837
22	4299820	1620	6.1653846653325
22	4422121	1640	6.7870063700124
22	4546054	1660	10.542261804279
22	4672891	1680	6.1997568462437
22	4801801	1700	7.0971251319403
22	4934213	1720	6.523370375134
22	5067970	1740	8.3269456433756
22	5205180	1760	9.3042088572466
22	5344043	1780	8.5792086664202
22	5485530	1800	7.9039000003172
22	5628683	1820	8.502914665919
22	5774637	1840	9.6277737409231
22	5923279	1860	8.9863434577974
22	6074054	1880	9.4779600186614
22	6227163	1900	7.8432164919932
22	6383479	1920	7.6322773394023
22	6543537	1940	9.068811526193
22	6705814	1960	8.9508220108713
22	6869807	1980	7.6242792268145
22	7036332	2000	7.0630191365479
23	144958	240	3178.5065124569
23	170986	260	3410.2346354741
23	198252	280	3601.4909917544
23	225309	300	3770.8529212718
23	252739	320	3910.2307082269
23	280038	340	3909.1209407937
23	307462	360	3917.5301586545
23	335020	380	4014.0193206096
23	362981	400	3926.5556809729
23	390842	420	4065.3997714239
23	419540	440	3942.4520981634
23	448860	460	4108.7968344824
23	478532	480	4084.6353252787
23	509020	500	4217.9712662124
23	540271	520	4268.7844905052
23	572176	540	4554.3869660154
23	604455	560	4355.6296516146
23	637610	580	4591.8712630734
23	671777	600	4693.970803286
23	706961	620	4319.9148359547
23	742915	640	4512.8674846608
23	779893	660	4590.1187198587
23	818076	680	4415.082791381
23	857567	700	4554.8389623459
23	898582	720	5005.0795139318
23	940093	740	4740.9481072488
23	983558	760	4504.5747218114
23	1028327	780	4740.3946663237
23	1074231	800	4825.3336537708
23	1120605	820	4922.272083777
23	1168280	840	4922.8947648306
23	1216565	860	5579.0033510328
23	1266678	880	4924.5026527479
23	1318307	900	5247.9731256426
23	1370876	920	5302.7438415506
23	1424461	940	5243.3138083719
23	1480105	960	5379.8041825008
23	1536438	980	5210.1255138909
23	1593892	1000	5344.822200965
23	1652573	1020	5356.6789329727
23	1713652	1040	5715.9522533361
23	1775703	1060	5663.7715950926
23	1839752	1080	5760.9454733739
23	1905308	1100	5852.6523522945
23	1972559	1120	5625.661036396
23	2041412	1140	6033.4764519441
23	2112131	1160	5803.8324713118
23	2184651	1180	6084.2292381252
23	2258505	1200	5617.6993013112
23	2335354	1220	6081.2846235808
23	2413602	1240	6027.7450337585
23	2493223	1260	5936.6622313371
23	2575541	1280	6208.6113184875
23	2659093	1300	6079.6287253566
23	2744825	1320	6120.2512222969
23	2832722	1340	6256.0091381183
23	2922268	1360	6354.6347768161
23	3015226	1380	6443.0797990558
23	3109376	1400	6387.7925429284
23	3206146	1420	6257.1904502578
23	3304101	1440	6485.7999817732
23	3405068	1460	6623.0612909475
23	3508857	1480	6340.411959962
23	3615105	1500	6714.1810566835
23	3723397	1520	6574.2944070741
23	3834629	1540	6556.2119670074
23	3947052	1560	6475.2531858794
23	4062675	1580	6887.6908347617
23	4179483	1600	6929.9786777654
23	4299820	1620	6973.7949779302
23	4422121	1640	7295.3439046047
23	4546054	1660	6979.6609854658
23	4672891	1680	7062.6619435028
23	4801801	1700	7292.7283143466
23	4934213	1720	7158.7186655409
23	5067970	1740	7435.93883619
23	5205180	1760	7114.5244691264
23	5344043	1780	7293.5100966957
23	5485530	1800	7430.1895795878
23	5628683	1820	7429.9667221569
23	5774637	1840	7115.8696430955
23	5923279	1860	7655.2631438915
23	6074054	1880	7650.4685804925
23	6227163	1900	7383.9712852864
23	6383479	1920	7883.4548665358
23	6543537	1940	7565.4864182089
23	6705814	1960	7839.1041265289
23	6869807	1980	7830.4688929658
23	7036332	2000	7696.9658879295
24	144958	240	44.767697358548
24	170986	260	44.871508361501
24	198252	280	45.01863739693
24	225309	300	44.891106205617
24	252739	320	44.945180554333
24	280038	340	44.932424606825
24	307462	360	45.029082283385
24	335020	380	45.101340681007
24	362981	400	45.132823919229
24	390842	420	45.171108571377
24	419540	440	45.315541358201
24	448860	460	45.151613565741
24	478532	480	45.384836947541
24	509020	500	45.35452974422
24	540271	520	45.412600962821
24	572176	540	45.543869660154
24	604455	560	45.371142204319
24	637610	580	45.464071911618
24	671777	600	45.572532070738
24	706961	620	45.472787746891
24	742915	640	45.584520047079
24	779893	660	45.446719998601
24	818076	680	45.516317436917
24	857567	700	45.548389623459
24	898582	720	45.500722853925
24	940093	740	45.586039492777
24	983558	760	45.500754765771
24	1028327	780	45.58071794542
24	1074231	800	45.522015601611
24	1120605	820	45.576593368306
24	1168280	840	45.582358933617
24	1216565	860	45.729535664204
24	1266678	880	45.597246784703
24	1318307	900	45.634548918632
24	1370876	920	45.713308978885
24	1424461	940	45.594033116278
24	1480105	960	45.591560868651
24	1536438	980	45.702855385008
24	1593892	1000	45.682241033889
24	1652573	1020	45.783580623698
24	1713652	1040	45.727618026689
24	1775703	1060	45.675577379779
24	1839752	1080	45.721789471221
24	1905308	1100	45.7238465023
24	1972559	1120	45.737081596715
24	2041412	1140	45.70815493897
24	2112131	1160	45.699468278046
24	2184651	1180	45.746084497182
24	2258505	1200	45.672352043181
24	2335354	1220	45.723944538201
24	2413602	1240	45.664735104231
24	2493223	1260	45.666632548747
24	2575541	1280	45.651553812408
24	2659093	1300	45.711494175614
24	2744825	1320	45.673516584305
24	2832722	1340	45.664300278235
24	2922268	1360	45.716796955512
24	3015226	1380	45.695601411743
24	3109376	1400	45.627089592346
24	3206146	1420	45.672922994582
24	3304101	1440	45.674647758966
24	3405068	1460	45.676284765155
24	3508857	1480	45.6144745321
24	3615105	1500	45.674701065874
24	3723397	1520	45.654822271348
24	3834629	1540	45.529249770885
24	3947052	1560	45.600374548447
24	4062675	1580	45.613846587826
24	4179483	1600	45.591964985299
24	4299820	1620	45.580359332877
24	4422121	1640	45.595899403779
24	4546054	1660	45.61869925141
24	4672891	1680	45.565560925824
24	4801801	1700	45.579551964666
24	4934213	1720	45.59693417542
24	5067970	1740	45.619256663742
24	5205180	1760	45.605926084144
24	5344043	1780	45.584438104348
24	5485530	1800	45.583985150845
24	5628683	1820	45.582617927343
24	5774637	1840	45.614548994202
24	5923279	1860	45.567042523164
24	6074054	1880	45.538503455312
24	6227163	1900	45.580069662262
24	6383479	1920	45.569103274773
24	6543537	1940	45.5752193868
24	6705814	1960	45.576186782145
24	6869807	1980	45.525981935847
24	7036332	2000	45.544176851654
25	144958	240	0.49618720972705
25	170986	260	0.40233019697781
25	198252	280	0.66554623124499
25	225309	300	0.58561971023934
25	252739	320	0.63231032258516
25	280038	340	0.55293414470783
25	307462	360	0.76827648499166
25	335020	380	0.99109594669804
25	362981	400	0.97201409271302
25	390842	420	1.2231982244233
25	419540	440	1.43891411431
25	448860	460	1.0036792679987
25	478532	480	1.394834870164
25	509020	500	1.3190803893217
25	540271	520	1.3173419097406
25	572176	540	1.4782210613374
25	604455	560	1.2796022432713
25	637610	580	1.2418188982629
25	671777	600	1.363896717889
25	706961	620	1.2267828009453
25	742915	640	1.3699683751294
25	779893	660	1.2442319006171
25	818076	680	1.1780028413424
25	857567	700	1.1802156150723
25	898582	720	1.1965468305123
25	940093	740	1.2612110931095
25	983558	760	1.1608151721133
25	1028327	780	1.1248391132243
25	1074231	800	1.1577887435009
25	1120605	820	1.1747964973
25	1168280	840	1.2151294842325
25	1216565	860	1.2547065162808
25	1266678	880	1.1391588697389
25	1318307	900	1.2040710057087
25	1370876	920	1.2009646191808
25	1424461	940	1.1811387875631
25	1480105	960	1.1752428255745
25	1536438	980	1.1654303809684
25	1593892	1000	1.2035240856085
25	1652573	1020	1.2797769702732
25	1713652	1040	1.1765410317974
25	1775703	1060	1.1763947474329
25	1839752	1080	1.2007711274072
25	1905308	1100	1.117237312871
25	1972559	1120	1.1267503385618
25	2041412	1140	1.1088834748297
25	2112131	1160	1.101409976978
25	2184651	1180	1.1592723475462
25	2258505	1200	1.0622459892046
25	2335354	1220	1.0915347221976
25	2413602	1240	1.0637508871972
25	2493223	1260	1.0459795947544
25	2575541	1280	1.0246387246482
25	2659093	1300	1.0095969821161
25	2744825	1320	1.0292616137302
25	2832722	1340	1.0370877291793
25	2922268	1360	0.99428139176303
25	3015226	1380	0.98313049860475
25	3109376	1400	0.95500926557781
25	3206146	1420	0.93750155625522
25	3304101	1440	0.95467135730129
25	3405068	1460	0.95717329679663
25	3508857	1480	0.8976486415417
25	3615105	1500	0.92702111311104
25	3723397	1520	0.95727274162222
25	3834629	1540	0.84915117761928
25	3947052	1560	0.90118653622774
25	4062675	1580	0.89963484971303
25	4179483	1600	0.84644425434889
25	4299820	1620	0.9132218627951
25	4422121	1640	0.95369963823806
25	4546054	1660	0.89676433196795
25	4672891	1680	0.88937943961949
25	4801801	1700	0.88292559352748
25	4934213	1720	0.88446938488054
25	5067970	1740	0.87472252355409
25	5205180	1760	0.9155793006587
25	5344043	1780	0.86625392331053
25	5485530	1800	0.92926384985823
25	5628683	1820	0.88363352522317
25	5774637	1840	0.9144547994822
25	5923279	1860	0.83958602359672
25	6074054	1880	0.85338526915119
25	6227163	1900	0.87051169668718
25	6383479	1920	0.91157007552595
25	6543537	1940	0.86130991136477
25	6705814	1960	0.8369758393692
25	6869807	1980	0.80621129454597
25	7036332	2000	0.86824386616524
26	144958	240	0.24620174709671
26	170986	260	0.16186958740021
26	198252	280	0.44295178592441
26	225309	300	0.34295044502081
26	252739	320	0.39981634404775
26	280038	340	0.30573616838378
26	307462	360	0.59024875739115
26	335020	380	0.98227117556129
26	362981	400	0.94481139643271
26	390842	420	1.4962138962322
26	419540	440	2.0704738283606
26	448860	460	1.0073720730104
26	478532	480	1.9455643150255
26	509020	500	1.739973073493
26	540271	520	1.7353897071589
26	572176	540	2.1851375061816
26	604455	560	1.637381900985
26	637610	580	1.5421141760829
26	671777	600	1.8602142570683
26	706961	620	1.5049960406953
26	742915	640	1.8768133488547
26	779893	660	1.5481130225133
26	818076	680	1.3876906942107
26	857567	700	1.3929088980605
26	898582	720	1.4317243176091
26	940093	740	1.5906534213825
26	983558	760	1.3474918638084
26	1028327	780	1.2652630306392
26	1074231	800	1.3404747745773
26	1120605	820	1.3801468100684
26	1168280	840	1.476539663451
26	1216565	860	1.5742884419974
26	1266678	880	1.2976829305047
26	1318307	900	1.4497869867884
26	1370876	920	1.442316016524
26	1424461	940	1.3950888354861
26	1480105	960	1.3811956990644
26	1536438	980	1.3582279728842
26	1593892	1000	1.4484702246398
26	1652573	1020	1.6378290936417
26	1713652	1040	1.384248799503
26	1775703	1060	1.3839046017878
26	1839752	1080	1.4418513004148
26	1905308	1100	1.2482192132712
26	1972559	1120	1.2695663254491
26	2041412	1140	1.2296225607504
26	2112131	1160	1.2131039373867
26	2184651	1180	1.3439123757853
26	2258505	1200	1.1283665415813
26	2335354	1220	1.191448049763
26	2413602	1240	1.1315659500129
26	2493223	1260	1.0940733126426
26	2575541	1280	1.0498845160486
26	2659093	1300	1.0192860662979
26	2744825	1320	1.0593794694985
26	2832722	1340	1.0755509580144
26	2922268	1360	0.98859548600623
26	3015226	1380	0.96654557728683
26	3109376	1400	0.91204269733946
26	3206146	1420	0.87890916798097
26	3304101	1440	0.91139740045148
26	3405068	1460	0.91618072010053
26	3508857	1480	0.80577308366167
26	3615105	1500	0.85936814415364
26	3723397	1520	0.91637110185293
26	3834629	1540	0.7210577224522
26	3947052	1560	0.81213717307815
26	4062675	1580	0.80934286281818
26	4179483	1600	0.71646787572025
26	4299820	1620	0.83397417068695
26	4422121	1640	0.90954299997541
26	4546054	1660	0.80418626708993
26	4672891	1680	0.79099578761788
26	4801801	1700	0.77955760370585
26	4934213	1720	0.78228609279097
26	5067970	1740	0.76513949321283
26	5205180	1760	0.83828545579467
26	5344043	1780	0.75039585965089
26	5485530	1800	0.86353130265334
26	5628683	1820	0.78080820689832
26	5774637	1840	0.83622758029603
26	5923279	1860	0.70490469101896
26	6074054	1880	0.72826641760425
26	6227163	1900	0.75779061406919
26	6383479	1920	0.83096000259438
26	6543537	1940	0.74185476341519
26	6705814	1960	0.70052855568778
26	6869807	1980	0.64997665145348
26	7036332	2000	0.75384741113356
