version 2
run statisticRVV-123-20150325-06:58:19-4552
attr c 14
attr configname statisticRVV
attr datetime 20150325-06:58:19
attr experiment statisticRVV
attr inifile omnetpp.ini
attr iterationvars "$sc=\"erlangen-medium.launchd.xml\", $p=1/15, $c=14"
attr iterationvars2 "$sc=\"erlangen-medium.launchd.xml\", $p=1/15, $c=14, $repetition=3"
attr measurement "$sc=\"erlangen-medium.launchd.xml\", $p=1/15, $c=14"
attr network RSUExampleScenario
attr p 1/15
attr processid 4552
attr repetition 3
attr replication #3
attr resultdir results
attr runnumber 123
attr sc "\"erlangen-medium.launchd.xml\""
attr seedset 123

vector 0  RSUExampleScenario.rsu[0].appl  Number_CH  ETV
vector 1  RSUExampleScenario.rsu[0].appl  Number_ON  ETV
vector 2  RSUExampleScenario.rsu[0].appl  Number_FN  ETV
vector 3  RSUExampleScenario.rsu[0].appl  Number_CH_Losts  ETV
vector 4  RSUExampleScenario.rsu[0].appl  Mean_Cluster_Size  ETV
vector 5  RSUExampleScenario.rsu[0].appl  StdDev_Cluster_Size  ETV
vector 6  RSUExampleScenario.rsu[0].appl  Variance_Cluster_Size  ETV
vector 7  RSUExampleScenario.rsu[0].appl  Mean_Neighbors  ETV
vector 8  RSUExampleScenario.rsu[0].appl  StdDev_Neighbors  ETV
vector 9  RSUExampleScenario.rsu[0].appl  Variance_Neighbors  ETV
vector 10  RSUExampleScenario.rsu[0].appl  Total_CH_Utility  ETV
vector 11  RSUExampleScenario.rsu[0].appl  Mean_CH_Utility  ETV
vector 12  RSUExampleScenario.rsu[0].appl  StdDev_CH_Utility  ETV
vector 13  RSUExampleScenario.rsu[0].appl  Variance_CH_Utility  ETV
vector 14  RSUExampleScenario.rsu[0].appl  Total_exp_CH_Utility  ETV
vector 15  RSUExampleScenario.rsu[0].appl  Mean_exp_CH_Utility  ETV
vector 16  RSUExampleScenario.rsu[0].appl  StdDev_exp_CH_Utility  ETV
vector 17  RSUExampleScenario.rsu[0].appl  Variance_exp_CH_Utility  ETV
vector 18  RSUExampleScenario.rsu[0].appl  Total_ON_Utility  ETV
vector 19  RSUExampleScenario.rsu[0].appl  Mean_ON_Utility  ETV
vector 20  RSUExampleScenario.rsu[0].appl  StdDev_ON_Utility  ETV
vector 21  RSUExampleScenario.rsu[0].appl  Variance_ON_Utility  ETV
vector 22  RSUExampleScenario.rsu[0].appl  Total_exp_ON_Utility  ETV
vector 23  RSUExampleScenario.rsu[0].appl  Mean_exp_ON_Utility  ETV
vector 24  RSUExampleScenario.rsu[0].appl  StdDev_exp_ON_Utility  ETV
vector 25  RSUExampleScenario.rsu[0].appl  Variance_exp_ON_Utility  ETV
0	146109	240	3
0	172243	260	4
0	199257	280	4
0	226781	300	5
0	254242	320	3
0	281446	340	3
0	308766	360	4
0	336092	380	1
0	363999	400	3
0	392643	420	9
0	421743	440	3
0	451129	460	3
0	481281	480	5
0	511991	500	4
0	543658	520	4
0	575852	540	4
0	608817	560	2
0	642498	580	5
0	677304	600	5
0	712678	620	6
0	749566	640	4
0	787942	660	6
0	826939	680	5
0	867125	700	2
0	908828	720	3
0	951419	740	9
0	995687	760	9
0	1040945	780	2
0	1087117	800	10
0	1134133	820	2
0	1182328	840	6
0	1232259	860	6
0	1283319	880	6
0	1334909	900	7
0	1388105	920	9
0	1442560	940	7
0	1498559	960	5
0	1555697	980	9
0	1614755	1000	9
0	1675018	1020	6
0	1736559	1040	2
0	1799626	1060	6
0	1864497	1080	4
0	1930694	1100	5
0	1998821	1120	8
0	2069219	1140	11
0	2141261	1160	3
0	2215142	1180	8
0	2291028	1200	8
0	2369125	1220	5
0	2448588	1240	12
0	2531259	1260	8
0	2615169	1280	10
0	2700950	1300	9
0	2789103	1320	7
0	2879342	1340	7
0	2971705	1360	6
0	3066098	1380	12
0	3162420	1400	11
0	3260591	1420	14
0	3361429	1440	6
0	3464566	1460	7
0	3569002	1480	10
0	3676720	1500	4
0	3786444	1520	8
0	3898658	1540	7
0	4012814	1560	12
0	4129597	1580	5
0	4248203	1600	6
0	4369634	1620	11
0	4493721	1640	9
0	4619876	1660	13
0	4747795	1680	11
0	4878413	1700	10
0	5011275	1720	13
0	5146971	1740	11
0	5284754	1760	12
0	5425150	1780	10
0	5567832	1800	7
0	5713098	1820	8
0	5860786	1840	9
0	6011707	1860	8
0	6165139	1880	10
0	6321434	1900	3
0	6479890	1920	12
0	6640810	1940	10
0	6804176	1960	9
0	6970712	1980	12
0	7140119	2000	9
1	146109	240	5
1	172243	260	6
1	199257	280	4
1	226781	300	6
1	254242	320	4
1	281446	340	4
1	308766	360	6
1	336092	380	1
1	363999	400	3
1	392643	420	9
1	421743	440	5
1	451129	460	5
1	481281	480	6
1	511991	500	5
1	543658	520	5
1	575852	540	6
1	608817	560	2
1	642498	580	8
1	677304	600	6
1	712678	620	7
1	749566	640	8
1	787942	660	8
1	826939	680	6
1	867125	700	2
1	908828	720	4
1	951419	740	11
1	995687	760	14
1	1040945	780	2
1	1087117	800	15
1	1134133	820	3
1	1182328	840	6
1	1232259	860	8
1	1283319	880	6
1	1334909	900	11
1	1388105	920	11
1	1442560	940	10
1	1498559	960	7
1	1555697	980	14
1	1614755	1000	12
1	1675018	1020	10
1	1736559	1040	3
1	1799626	1060	7
1	1864497	1080	5
1	1930694	1100	7
1	1998821	1120	11
1	2069219	1140	15
1	2141261	1160	4
1	2215142	1180	13
1	2291028	1200	12
1	2369125	1220	8
1	2448588	1240	18
1	2531259	1260	11
1	2615169	1280	14
1	2700950	1300	13
1	2789103	1320	13
1	2879342	1340	9
1	2971705	1360	10
1	3066098	1380	17
1	3162420	1400	16
1	3260591	1420	18
1	3361429	1440	9
1	3464566	1460	11
1	3569002	1480	15
1	3676720	1500	6
1	3786444	1520	13
1	3898658	1540	9
1	4012814	1560	16
1	4129597	1580	8
1	4248203	1600	9
1	4369634	1620	14
1	4493721	1640	12
1	4619876	1660	17
1	4747795	1680	15
1	4878413	1700	15
1	5011275	1720	19
1	5146971	1740	18
1	5284754	1760	17
1	5425150	1780	13
1	5567832	1800	11
1	5713098	1820	10
1	5860786	1840	14
1	6011707	1860	11
1	6165139	1880	17
1	6321434	1900	4
1	6479890	1920	19
1	6640810	1940	12
1	6804176	1960	15
1	6970712	1980	18
1	7140119	2000	12
2	146109	240	72
2	172243	260	76
2	199257	280	84
2	226781	300	84
2	254242	320	87
2	281446	340	87
2	308766	360	84
2	336092	380	92
2	363999	400	90
2	392643	420	80
2	421743	440	90
2	451129	460	90
2	481281	480	90
2	511991	500	91
2	543658	520	95
2	575852	540	95
2	608817	560	103
2	642498	580	95
2	677304	600	98
2	712678	620	96
2	749566	640	99
2	787942	660	99
2	826939	680	103
2	867125	700	110
2	908828	720	108
2	951419	740	96
2	995687	760	97
2	1040945	780	117
2	1087117	800	95
2	1134133	820	118
2	1182328	840	110
2	1232259	860	111
2	1283319	880	114
2	1334909	900	111
2	1388105	920	109
2	1442560	940	113
2	1498559	960	119
2	1555697	980	109
2	1614755	1000	114
2	1675018	1020	118
2	1736559	1040	132
2	1799626	1060	126
2	1864497	1080	129
2	1930694	1100	128
2	1998821	1120	122
2	2069219	1140	116
2	2141261	1160	135
2	2215142	1180	125
2	2291028	1200	128
2	2369125	1220	135
2	2448588	1240	118
2	2531259	1260	130
2	2615169	1280	126
2	2700950	1300	130
2	2789103	1320	133
2	2879342	1340	136
2	2971705	1360	139
2	3066098	1380	129
2	3162420	1400	132
2	3260591	1420	128
2	3361429	1440	147
2	3464566	1460	144
2	3569002	1480	138
2	3676720	1500	153
2	3786444	1520	145
2	3898658	1540	153
2	4012814	1560	140
2	4129597	1580	155
2	4248203	1600	155
2	4369634	1620	147
2	4493721	1640	153
2	4619876	1660	145
2	4747795	1680	150
2	4878413	1700	152
2	5011275	1720	145
2	5146971	1740	152
2	5284754	1760	152
2	5425150	1780	160
2	5567832	1800	166
2	5713098	1820	167
2	5860786	1840	162
2	6011707	1860	169
2	6165139	1880	162
2	6321434	1900	182
2	6479890	1920	160
2	6640810	1940	169
2	6804176	1960	169
2	6970712	1980	166
2	7140119	2000	176
3	146109	240	2
3	172243	260	1
3	199257	280	2
3	226781	300	1
3	254242	320	0
3	281446	340	0
3	308766	360	1
3	336092	380	2
3	363999	400	1
3	392643	420	1
3	421743	440	1
3	451129	460	2
3	481281	480	0
3	511991	500	2
3	543658	520	2
3	575852	540	1
3	608817	560	1
3	642498	580	2
3	677304	600	2
3	712678	620	2
3	749566	640	0
3	787942	660	1
3	826939	680	0
3	867125	700	1
3	908828	720	0
3	951419	740	2
3	995687	760	2
3	1040945	780	4
3	1087117	800	0
3	1134133	820	1
3	1182328	840	2
3	1232259	860	0
3	1283319	880	2
3	1334909	900	1
3	1388105	920	3
3	1442560	940	2
3	1498559	960	1
3	1555697	980	0
3	1614755	1000	4
3	1675018	1020	3
3	1736559	1040	1
3	1799626	1060	3
3	1864497	1080	4
3	1930694	1100	5
3	1998821	1120	2
3	2069219	1140	2
3	2141261	1160	2
3	2215142	1180	1
3	2291028	1200	1
3	2369125	1220	4
3	2448588	1240	1
3	2531259	1260	1
3	2615169	1280	4
3	2700950	1300	0
3	2789103	1320	3
3	2879342	1340	2
3	2971705	1360	1
3	3066098	1380	2
3	3162420	1400	0
3	3260591	1420	1
3	3361429	1440	3
3	3464566	1460	5
3	3569002	1480	0
3	3676720	1500	2
3	3786444	1520	5
3	3898658	1540	3
3	4012814	1560	4
3	4129597	1580	1
3	4248203	1600	2
3	4369634	1620	2
3	4493721	1640	5
3	4619876	1660	2
3	4747795	1680	1
3	4878413	1700	0
3	5011275	1720	2
3	5146971	1740	3
3	5284754	1760	2
3	5425150	1780	2
3	5567832	1800	3
3	5713098	1820	2
3	5860786	1840	3
3	6011707	1860	3
3	6165139	1880	1
3	6321434	1900	1
3	6479890	1920	2
3	6640810	1940	2
3	6804176	1960	1
3	6970712	1980	3
3	7140119	2000	3
4	146109	240	1.6666666666667
4	172243	260	1.5
4	199257	280	1
4	226781	300	1.2
4	254242	320	1.3333333333333
4	281446	340	1.3333333333333
4	308766	360	1.5
4	336092	380	1
4	363999	400	1
4	392643	420	1
4	421743	440	1.6666666666667
4	451129	460	1.6666666666667
4	481281	480	1.2
4	511991	500	1.25
4	543658	520	1.25
4	575852	540	1.5
4	608817	560	1
4	642498	580	1.6
4	677304	600	1.2
4	712678	620	1.1666666666667
4	749566	640	2
4	787942	660	1.3333333333333
4	826939	680	1.2
4	867125	700	1
4	908828	720	1.3333333333333
4	951419	740	1.2222222222222
4	995687	760	1.5555555555556
4	1040945	780	1
4	1087117	800	1.5
4	1134133	820	1.5
4	1182328	840	1
4	1232259	860	1.3333333333333
4	1283319	880	1
4	1334909	900	1.5714285714286
4	1388105	920	1.2222222222222
4	1442560	940	1.4285714285714
4	1498559	960	1.4
4	1555697	980	1.5555555555556
4	1614755	1000	1.3333333333333
4	1675018	1020	1.6666666666667
4	1736559	1040	1.5
4	1799626	1060	1.1666666666667
4	1864497	1080	1.25
4	1930694	1100	1.4
4	1998821	1120	1.375
4	2069219	1140	1.3636363636364
4	2141261	1160	1.3333333333333
4	2215142	1180	1.625
4	2291028	1200	1.5
4	2369125	1220	1.6
4	2448588	1240	1.5
4	2531259	1260	1.375
4	2615169	1280	1.4
4	2700950	1300	1.4444444444444
4	2789103	1320	1.8571428571429
4	2879342	1340	1.2857142857143
4	2971705	1360	1.6666666666667
4	3066098	1380	1.4166666666667
4	3162420	1400	1.4545454545455
4	3260591	1420	1.2857142857143
4	3361429	1440	1.5
4	3464566	1460	1.5714285714286
4	3569002	1480	1.5
4	3676720	1500	1.5
4	3786444	1520	1.625
4	3898658	1540	1.2857142857143
4	4012814	1560	1.3333333333333
4	4129597	1580	1.6
4	4248203	1600	1.5
4	4369634	1620	1.2727272727273
4	4493721	1640	1.3333333333333
4	4619876	1660	1.3076923076923
4	4747795	1680	1.3636363636364
4	4878413	1700	1.5
4	5011275	1720	1.4615384615385
4	5146971	1740	1.6363636363636
4	5284754	1760	1.4166666666667
4	5425150	1780	1.3
4	5567832	1800	1.5714285714286
4	5713098	1820	1.25
4	5860786	1840	1.5555555555556
4	6011707	1860	1.375
4	6165139	1880	1.7
4	6321434	1900	1.3333333333333
4	6479890	1920	1.5833333333333
4	6640810	1940	1.2
4	6804176	1960	1.6666666666667
4	6970712	1980	1.5
4	7140119	2000	1.3333333333333
5	146109	240	0.57735026918963
5	172243	260	0.57735026918963
5	199257	280	0
5	226781	300	0.44721359549996
5	254242	320	0.57735026918963
5	281446	340	0.57735026918963
5	308766	360	0.57735026918963
5	336092	380	nan
5	363999	400	0
5	392643	420	0
5	421743	440	0.57735026918963
5	451129	460	0.57735026918963
5	481281	480	0.44721359549996
5	511991	500	0.5
5	543658	520	0.5
5	575852	540	0.57735026918963
5	608817	560	0
5	642498	580	0.54772255750517
5	677304	600	0.44721359549996
5	712678	620	0.40824829046386
5	749566	640	0
5	787942	660	0.51639777949432
5	826939	680	0.44721359549996
5	867125	700	0
5	908828	720	0.57735026918963
5	951419	740	0.4409585518441
5	995687	760	0.52704627669473
5	1040945	780	0
5	1087117	800	0.70710678118655
5	1134133	820	0.70710678118655
5	1182328	840	0
5	1232259	860	0.51639777949432
5	1283319	880	0
5	1334909	900	0.53452248382485
5	1388105	920	0.4409585518441
5	1442560	940	0.53452248382485
5	1498559	960	0.54772255750517
5	1555697	980	0.52704627669473
5	1614755	1000	0.5
5	1675018	1020	0.51639777949432
5	1736559	1040	0.70710678118655
5	1799626	1060	0.40824829046386
5	1864497	1080	0.5
5	1930694	1100	0.54772255750517
5	1998821	1120	0.51754916950677
5	2069219	1140	0.50452497910951
5	2141261	1160	0.57735026918963
5	2215142	1180	0.51754916950677
5	2291028	1200	0.53452248382485
5	2369125	1220	0.54772255750517
5	2448588	1240	0.52223296786709
5	2531259	1260	0.51754916950677
5	2615169	1280	0.51639777949432
5	2700950	1300	0.52704627669473
5	2789103	1320	0.37796447300923
5	2879342	1340	0.48795003647427
5	2971705	1360	0.51639777949432
5	3066098	1380	0.51492865054444
5	3162420	1400	0.52223296786709
5	3260591	1420	0.4688072309385
5	3361429	1440	0.54772255750517
5	3464566	1460	0.53452248382485
5	3569002	1480	0.52704627669473
5	3676720	1500	0.57735026918963
5	3786444	1520	0.51754916950677
5	3898658	1540	0.48795003647427
5	4012814	1560	0.49236596391733
5	4129597	1580	0.54772255750517
5	4248203	1600	0.54772255750517
5	4369634	1620	0.46709936649691
5	4493721	1640	0.5
5	4619876	1660	0.48038446141526
5	4747795	1680	0.50452497910951
5	4878413	1700	0.52704627669473
5	5011275	1720	0.51887452166277
5	5146971	1740	0.50452497910951
5	5284754	1760	0.51492865054444
5	5425150	1780	0.48304589153965
5	5567832	1800	0.53452248382485
5	5713098	1820	0.46291004988628
5	5860786	1840	0.52704627669473
5	6011707	1860	0.51754916950677
5	6165139	1880	0.48304589153965
5	6321434	1900	0.57735026918963
5	6479890	1920	0.51492865054444
5	6640810	1940	0.42163702135578
5	6804176	1960	0.5
5	6970712	1980	0.52223296786709
5	7140119	2000	0.5
6	146109	240	0.33333333333333
6	172243	260	0.33333333333333
6	199257	280	0
6	226781	300	0.2
6	254242	320	0.33333333333333
6	281446	340	0.33333333333333
6	308766	360	0.33333333333333
6	336092	380	nan
6	363999	400	0
6	392643	420	0
6	421743	440	0.33333333333333
6	451129	460	0.33333333333333
6	481281	480	0.2
6	511991	500	0.25
6	543658	520	0.25
6	575852	540	0.33333333333333
6	608817	560	0
6	642498	580	0.3
6	677304	600	0.2
6	712678	620	0.16666666666667
6	749566	640	0
6	787942	660	0.26666666666667
6	826939	680	0.2
6	867125	700	0
6	908828	720	0.33333333333333
6	951419	740	0.19444444444444
6	995687	760	0.27777777777778
6	1040945	780	0
6	1087117	800	0.5
6	1134133	820	0.5
6	1182328	840	0
6	1232259	860	0.26666666666667
6	1283319	880	0
6	1334909	900	0.28571428571429
6	1388105	920	0.19444444444444
6	1442560	940	0.28571428571429
6	1498559	960	0.3
6	1555697	980	0.27777777777778
6	1614755	1000	0.25
6	1675018	1020	0.26666666666667
6	1736559	1040	0.5
6	1799626	1060	0.16666666666667
6	1864497	1080	0.25
6	1930694	1100	0.3
6	1998821	1120	0.26785714285714
6	2069219	1140	0.25454545454545
6	2141261	1160	0.33333333333333
6	2215142	1180	0.26785714285714
6	2291028	1200	0.28571428571429
6	2369125	1220	0.3
6	2448588	1240	0.27272727272727
6	2531259	1260	0.26785714285714
6	2615169	1280	0.26666666666667
6	2700950	1300	0.27777777777778
6	2789103	1320	0.14285714285714
6	2879342	1340	0.23809523809524
6	2971705	1360	0.26666666666667
6	3066098	1380	0.26515151515152
6	3162420	1400	0.27272727272727
6	3260591	1420	0.21978021978022
6	3361429	1440	0.3
6	3464566	1460	0.28571428571429
6	3569002	1480	0.27777777777778
6	3676720	1500	0.33333333333333
6	3786444	1520	0.26785714285714
6	3898658	1540	0.23809523809524
6	4012814	1560	0.24242424242424
6	4129597	1580	0.3
6	4248203	1600	0.3
6	4369634	1620	0.21818181818182
6	4493721	1640	0.25
6	4619876	1660	0.23076923076923
6	4747795	1680	0.25454545454545
6	4878413	1700	0.27777777777778
6	5011275	1720	0.26923076923077
6	5146971	1740	0.25454545454545
6	5284754	1760	0.26515151515152
6	5425150	1780	0.23333333333333
6	5567832	1800	0.28571428571429
6	5713098	1820	0.21428571428571
6	5860786	1840	0.27777777777778
6	6011707	1860	0.26785714285714
6	6165139	1880	0.23333333333333
6	6321434	1900	0.33333333333333
6	6479890	1920	0.26515151515152
6	6640810	1940	0.17777777777778
6	6804176	1960	0.25
6	6970712	1980	0.27272727272727
6	7140119	2000	0.25
7	146109	240	22.607594936709
7	172243	260	22.732558139535
7	199257	280	22.866666666667
7	226781	300	22.340425531915
7	254242	320	22.606382978723
7	281446	340	22.085106382979
7	308766	360	22.436170212766
7	336092	380	22.202127659574
7	363999	400	22.104166666667
7	392643	420	21.969072164948
7	421743	440	22.546391752577
7	451129	460	22.285714285714
7	481281	480	22.227722772277
7	511991	500	22.52
7	543658	520	22.538461538462
7	575852	540	22.980952380952
7	608817	560	22.943925233645
7	642498	580	23.435185185185
7	677304	600	23.678899082569
7	712678	620	24.321100917431
7	749566	640	24.783783783784
7	787942	660	25.486725663717
7	826939	680	25.614035087719
7	867125	700	26.149122807018
7	908828	720	26.791304347826
7	951419	740	27.284482758621
7	995687	760	28.008333333333
7	1040945	780	28.231404958678
7	1087117	800	28.841666666667
7	1134133	820	29.089430894309
7	1182328	840	29.188524590164
7	1232259	860	29.862903225806
7	1283319	880	30.198412698413
7	1334909	900	30.3671875
7	1388105	920	30.779527559055
7	1442560	940	31.007751937984
7	1498559	960	31.458015267176
7	1555697	980	31.909090909091
7	1614755	1000	32.155555555556
7	1675018	1020	33.126865671642
7	1736559	1040	32.948905109489
7	1799626	1060	33.769784172662
7	1864497	1080	34.601449275362
7	1930694	1100	34.878571428571
7	1998821	1120	35.54609929078
7	2069219	1140	36.464788732394
7	2141261	1160	36.767605633803
7	2215142	1180	37.841379310345
7	2291028	1200	38.285714285714
7	2369125	1220	39.047297297297
7	2448588	1240	39.804054054054
7	2531259	1260	40.456375838926
7	2615169	1280	41.293333333333
7	2700950	1300	41.657894736842
7	2789103	1320	42.809210526316
7	2879342	1340	43.401315789474
7	2971705	1360	43.864516129032
7	3066098	1380	44.611464968153
7	3162420	1400	45.138364779874
7	3260591	1420	45.968553459119
7	3361429	1440	46.018518518519
7	3464566	1460	47.240740740741
7	3569002	1480	47.907975460123
7	3676720	1500	48.938650306748
7	3786444	1520	49.343373493976
7	3898658	1540	49.577380952381
7	4012814	1560	50.375
7	4129597	1580	51.434523809524
7	4248203	1600	51.2
7	4369634	1620	51.854651162791
7	4493721	1640	52.471264367816
7	4619876	1660	52.645714285714
7	4747795	1680	53.1875
7	4878413	1700	53.570621468927
7	5011275	1720	54.282485875706
7	5146971	1740	54.817679558011
7	5284754	1760	55.049723756906
7	5425150	1780	55.715846994536
7	5567832	1800	56.20652173913
7	5713098	1820	56.962162162162
7	5860786	1840	57.572972972973
7	6011707	1860	58.292553191489
7	6165139	1880	58.767195767196
7	6321434	1900	59.877659574468
7	6479890	1920	59.696335078534
7	6640810	1940	60.874345549738
7	6804176	1960	60.880829015544
7	6970712	1980	61.229591836735
7	7140119	2000	62.203045685279
8	146109	240	4.3601273843982
8	172243	260	4.3909651052364
8	199257	280	4.125012768111
8	226781	300	4.3318107949462
8	254242	320	4.3950560814712
8	281446	340	5.2745270887603
8	308766	360	5.1838427865081
8	336092	380	4.0122923682159
8	363999	400	4.7671665791099
8	392643	420	4.7422164478741
8	421743	440	4.4159290702257
8	451129	460	3.9637532978461
8	481281	480	4.1638472309123
8	511991	500	3.8362439542823
8	543658	520	4.109952582636
8	575852	540	3.3049524387971
8	608817	560	3.9161778047135
8	642498	580	3.8482260706226
8	677304	600	3.4477065214777
8	712678	620	3.3606677410371
8	749566	640	3.6316923312953
8	787942	660	4.833135340409
8	826939	680	4.6629945407703
8	867125	700	5.1340136899755
8	908828	720	6.112247773541
8	951419	740	6.309145927844
8	995687	760	6.7891359499408
8	1040945	780	7.7510863008339
8	1087117	800	7.792471947182
8	1134133	820	7.9753802829126
8	1182328	840	8.1801331266957
8	1232259	860	8.7905480257026
8	1283319	880	9.3944833524956
8	1334909	900	9.5057969000355
8	1388105	920	9.2786778835722
8	1442560	940	10.136949834047
8	1498559	960	10.501472088738
8	1555697	980	11.320085874472
8	1614755	1000	11.383981064444
8	1675018	1020	12.0496601779
8	1736559	1040	12.487830056807
8	1799626	1060	12.954388516527
8	1864497	1080	13.245321363797
8	1930694	1100	13.854572451022
8	1998821	1120	14.378294741581
8	2069219	1140	14.738217783376
8	2141261	1160	15.516939036525
8	2215142	1180	15.916307091082
8	2291028	1200	16.860832459665
8	2369125	1220	17.406439679198
8	2448588	1240	17.472489078815
8	2531259	1260	18.225866390809
8	2615169	1280	18.905823351538
8	2700950	1300	19.40850679305
8	2789103	1320	19.620145597826
8	2879342	1340	20.511427881889
8	2971705	1360	21.091660634083
8	3066098	1380	21.718079931638
8	3162420	1400	21.847421997619
8	3260591	1420	22.46922547539
8	3361429	1440	23.216633633985
8	3464566	1460	23.402979466194
8	3569002	1480	24.14150920849
8	3676720	1500	24.625765201255
8	3786444	1520	25.039051646148
8	3898658	1540	25.604195255005
8	4012814	1560	26.049857195007
8	4129597	1580	26.611113765113
8	4248203	1600	26.112773178598
8	4369634	1620	26.599846796273
8	4493721	1640	27.085537416128
8	4619876	1660	27.187729048919
8	4747795	1680	27.569425352838
8	4878413	1700	27.636784532045
8	5011275	1720	27.576739591775
8	5146971	1740	27.984021574365
8	5284754	1760	28.550788322079
8	5425150	1780	28.807167152656
8	5567832	1800	28.932383219579
8	5713098	1820	29.293189512605
8	5860786	1840	29.316976909892
8	6011707	1860	29.523208451939
8	6165139	1880	29.804304684605
8	6321434	1900	30.358656992465
8	6479890	1920	30.847194484269
8	6640810	1940	30.872486839391
8	6804176	1960	31.049209855365
8	6970712	1980	31.541154911732
8	7140119	2000	31.68739836538
9	146109	240	19.010710808179
9	172243	260	19.280574555404
9	199257	280	17.015730337079
9	226781	300	18.764584763212
9	254242	320	19.316517959277
9	281446	340	27.820636010066
9	308766	360	26.872226035232
9	336092	380	16.098490048044
9	363999	400	22.725877192982
9	392643	420	22.488616838488
9	421743	440	19.500429553265
9	451129	460	15.711340206186
9	481281	480	17.337623762376
9	511991	500	14.716767676768
9	543658	520	16.891710231516
9	575852	540	10.922710622711
9	608817	560	15.336448598131
9	642498	580	14.80884389062
9	677304	600	11.88668025824
9	712678	620	11.294087665647
9	749566	640	13.189189189189
9	787942	660	23.35919721871
9	826939	680	21.743518087254
9	867125	700	26.358096568856
9	908828	720	37.359572845156
9	951419	740	39.805322338831
9	995687	760	46.092366946779
9	1040945	780	60.079338842975
9	1087117	800	60.722619047619
9	1134133	820	63.606690657071
9	1182328	840	66.914577970465
9	1232259	860	77.273734592185
9	1283319	880	88.256317460317
9	1334909	900	90.360174704724
9	1388105	920	86.093863267092
9	1442560	940	102.75775193798
9	1498559	960	110.28091603053
9	1555697	980	128.14434420541
9	1614755	1000	129.59502487562
9	1675018	1020	145.19431040287
9	1736559	1040	155.94589952769
9	1799626	1060	167.81618183714
9	1864497	1080	175.43853803025
9	1930694	1100	191.94917780062
9	1998821	1120	206.73535967579
9	2069219	1140	217.21506343023
9	2141261	1160	240.77539706323
9	2215142	1180	253.32883141762
9	2291028	1200	284.28767123288
9	2369125	1220	302.98414230557
9	2448588	1240	305.2878746093
9	2531259	1260	332.18220569563
9	2615169	1280	357.43015659955
9	2700950	1300	376.69013593587
9	2789103	1320	384.95011327989
9	2879342	1340	420.71867375392
9	2971705	1360	444.85814830331
9	3066098	1380	471.67499591703
9	3162420	1400	477.30984794204
9	3260591	1420	504.8660934639
9	3361429	1440	539.01207729469
9	3464566	1460	547.6994478951
9	3569002	1480	582.81246686359
9	3676720	1500	606.42831174733
9	3786444	1520	626.95410733844
9	3898658	1540	655.5748146564
9	4012814	1560	678.59505988024
9	4129597	1580	708.15137581979
9	4248203	1600	681.87692307692
9	4369634	1620	707.5518495852
9	4493721	1640	733.62633712046
9	4619876	1660	739.17261083744
9	4747795	1680	760.07321428571
9	4878413	1700	763.79185927067
9	5011275	1720	760.47656651258
9	5146971	1740	783.10546347452
9	5284754	1760	815.14751381215
9	5425150	1780	829.85287936108
9	5567832	1800	837.08279876455
9	5713098	1820	858.09095182139
9	5860786	1840	859.48513513514
9	6011707	1860	871.61983729662
9	6165139	1880	888.29657773275
9	6321434	1900	921.64805438616
9	6479890	1920	951.54940755029
9	6640810	1940	953.11044364839
9	6804176	1960	964.05343264249
9	6970712	1980	994.84445316588
9	7140119	2000	1004.0912151663
10	146109	240	143.22230185841
10	172243	260	198.86568976403
10	199257	280	187.76937851969
10	226781	300	232.74413400751
10	254242	320	146.53836512188
10	281446	340	144.64884109306
10	308766	360	188.11724309273
10	336092	380	49.409117757925
10	363999	400	147.46986059143
10	392643	420	435.63788716745
10	421743	440	142.60891777149
10	451129	460	143.27738058296
10	481281	480	239.6233504988
10	511991	500	198.48483405069
10	543658	520	188.08656991108
10	575852	540	193.27864488148
10	608817	560	93.360356490602
10	642498	580	244.06275242482
10	677304	600	243.69823859799
10	712678	620	304.92648750362
10	749566	640	191.50019959605
10	787942	660	290.41769631621
10	826939	680	249.87538693758
10	867125	700	100.17565176873
10	908828	720	162.86909758416
10	951419	740	442.96350805069
10	995687	760	452.40562959494
10	1040945	780	101.08552891692
10	1087117	800	486.12157957669
10	1134133	820	93.093330685761
10	1182328	840	294.54870754207
10	1232259	860	314.28274882305
10	1283319	880	296.71443211556
10	1334909	900	338.78865765429
10	1388105	920	448.31510132443
10	1442560	940	351.46590145635
10	1498559	960	256.69237119389
10	1555697	980	447.76144291769
10	1614755	1000	449.1639516551
10	1675018	1020	307.25807398852
10	1736559	1040	102.55733759644
10	1799626	1060	293.49453202301
10	1864497	1080	193.52474845505
10	1930694	1100	245.30934995466
10	1998821	1120	420.70274096394
10	2069219	1140	551.55157154703
10	2141261	1160	149.4705881657
10	2215142	1180	399.97311877248
10	2291028	1200	404.66669690323
10	2369125	1220	247.61729835742
10	2448588	1240	607.72509828014
10	2531259	1260	407.85131677009
10	2615169	1280	499.10831244471
10	2700950	1300	451.48348387328
10	2789103	1320	348.44996804863
10	2879342	1340	343.30770723485
10	2971705	1360	307.88206546003
10	3066098	1380	594.14262764886
10	3162420	1400	552.51288076055
10	3260591	1420	696.60288646736
10	3361429	1440	308.65878761909
10	3464566	1460	349.76936998347
10	3569002	1480	507.14614500788
10	3676720	1500	195.88592255798
10	3786444	1520	399.45736677923
10	3898658	1540	362.63640883606
10	4012814	1560	583.994711862
10	4129597	1580	241.10408826006
10	4248203	1600	310.40182236801
10	4369634	1620	546.93440297271
10	4493721	1640	447.37009637107
10	4619876	1660	656.49137531774
10	4747795	1680	547.65587783543
10	4878413	1700	496.88513275576
10	5011275	1720	654.97160400051
10	5146971	1740	549.84166634537
10	5284754	1760	617.63501123989
10	5425150	1780	506.56995695981
10	5567832	1800	355.04760111191
10	5713098	1820	399.17255199454
10	5860786	1840	444.26522183133
10	6011707	1860	398.17720103616
10	6165139	1880	500.00084323943
10	6321434	1900	146.81365243288
10	6479890	1920	615.42213057942
10	6640810	1940	492.88236930316
10	6804176	1960	440.8744039133
10	6970712	1980	603.63854434119
10	7140119	2000	453.65863567092
11	146109	240	47.740767286138
11	172243	260	49.716422441007
11	199257	280	46.942344629922
11	226781	300	46.548826801502
11	254242	320	48.846121707292
11	281446	340	48.216280364355
11	308766	360	47.029310773182
11	336092	380	49.409117757925
11	363999	400	49.156620197144
11	392643	420	48.404209685273
11	421743	440	47.536305923831
11	451129	460	47.759126860986
11	481281	480	47.92467009976
11	511991	500	49.621208512672
11	543658	520	47.021642477771
11	575852	540	48.319661220371
11	608817	560	46.680178245301
11	642498	580	48.812550484964
11	677304	600	48.739647719598
11	712678	620	50.821081250604
11	749566	640	47.875049899012
11	787942	660	48.402949386035
11	826939	680	49.975077387516
11	867125	700	50.087825884363
11	908828	720	54.28969919472
11	951419	740	49.218167561188
11	995687	760	50.267292177216
11	1040945	780	50.542764458461
11	1087117	800	48.612157957669
11	1134133	820	46.546665342881
11	1182328	840	49.091451257012
11	1232259	860	52.380458137176
11	1283319	880	49.452405352593
11	1334909	900	48.398379664899
11	1388105	920	49.812789036047
11	1442560	940	50.209414493764
11	1498559	960	51.338474238777
11	1555697	980	49.751271435299
11	1614755	1000	49.907105739455
11	1675018	1020	51.209678998087
11	1736559	1040	51.278668798218
11	1799626	1060	48.915755337169
11	1864497	1080	48.381187113763
11	1930694	1100	49.061869990933
11	1998821	1120	52.587842620493
11	2069219	1140	50.141051958821
11	2141261	1160	49.823529388567
11	2215142	1180	49.99663984656
11	2291028	1200	50.583337112904
11	2369125	1220	49.523459671483
11	2448588	1240	50.643758190012
11	2531259	1260	50.981414596261
11	2615169	1280	49.910831244471
11	2700950	1300	50.164831541475
11	2789103	1320	49.77856686409
11	2879342	1340	49.043958176408
11	2971705	1360	51.313677576671
11	3066098	1380	49.511885637405
11	3162420	1400	50.228443705505
11	3260591	1420	49.757349033383
11	3361429	1440	51.443131269848
11	3464566	1460	49.967052854782
11	3569002	1480	50.714614500788
11	3676720	1500	48.971480639494
11	3786444	1520	49.932170847403
11	3898658	1540	51.805201262295
11	4012814	1560	48.6662259885
11	4129597	1580	48.220817652013
11	4248203	1600	51.733637061334
11	4369634	1620	49.721309361156
11	4493721	1640	49.707788485675
11	4619876	1660	50.499336562903
11	4747795	1680	49.786897985039
11	4878413	1700	49.688513275576
11	5011275	1720	50.382431076962
11	5146971	1740	49.985606031397
11	5284754	1760	51.469584269991
11	5425150	1780	50.656995695981
11	5567832	1800	50.721085873129
11	5713098	1820	49.896568999317
11	5860786	1840	49.362802425704
11	6011707	1860	49.77215012952
11	6165139	1880	50.000084323943
11	6321434	1900	48.937884144293
11	6479890	1920	51.285177548285
11	6640810	1940	49.288236930316
11	6804176	1960	48.986044879255
11	6970712	1980	50.303212028432
11	7140119	2000	50.406515074547
12	146109	240	0.54158284868689
12	172243	260	3.2100285660801
12	199257	280	1.074019079966
12	226781	300	0.62525188450551
12	254242	320	0.76135835043442
12	281446	340	1.1077790900217
12	308766	360	0.96499143155107
12	336092	380	nan
12	363999	400	1.1204155825164
12	392643	420	3.1631894096265
12	421743	440	2.0677157306611
12	451129	460	1.169025008665
12	481281	480	1.4454329110184
12	511991	500	2.5887051751001
12	543658	520	1.5915715765562
12	575852	540	1.1339541903251
12	608817	560	1.0950533948698
12	642498	580	1.5755741877571
12	677304	600	4.5845671563301
12	712678	620	2.4831219827882
12	749566	640	1.8030310614752
12	787942	660	1.4588391496674
12	826939	680	3.3540459130584
12	867125	700	4.335330719657
12	908828	720	7.4065737475633
12	951419	740	2.6324406619051
12	995687	760	4.2106698375396
12	1040945	780	1.8136261505622
12	1087117	800	1.5656267009172
12	1134133	820	0.043896594956512
12	1182328	840	1.9774913959073
12	1232259	860	1.3201547278166
12	1283319	880	3.0340514427188
12	1334909	900	1.6905091988206
12	1388105	920	1.3000582571996
12	1442560	940	2.0154749835549
12	1498559	960	4.3608168515014
12	1555697	980	1.6140223174228
12	1614755	1000	2.0687038794783
12	1675018	1020	1.7934664703244
12	1736559	1040	1.1319945505349
12	1799626	1060	2.5972089056734
12	1864497	1080	1.8427146204413
12	1930694	1100	2.7917728557425
12	1998821	1120	3.6622660300698
12	2069219	1140	2.499397602831
12	2141261	1160	2.8314067115895
12	2215142	1180	2.1546411199198
12	2291028	1200	3.793694133638
12	2369125	1220	3.0370205769335
12	2448588	1240	2.5844203527313
12	2531259	1260	2.5270476267983
12	2615169	1280	2.8993816000243
12	2700950	1300	4.0100968464629
12	2789103	1320	2.55640978263
12	2879342	1340	2.6561352784212
12	2971705	1360	1.5297704815401
12	3066098	1380	2.531804519796
12	3162420	1400	2.2549635686499
12	3260591	1420	3.1251449953113
12	3361429	1440	3.415451584528
12	3464566	1460	2.5622303458571
12	3569002	1480	2.6760533967235
12	3676720	1500	4.9830737825408
12	3786444	1520	1.4947572857774
12	3898658	1540	2.553765473741
12	4012814	1560	2.5398256331002
12	4129597	1580	2.1566170894758
12	4248203	1600	3.0917497436499
12	4369634	1620	2.2421495032182
12	4493721	1640	2.6125480767909
12	4619876	1660	2.7737150113319
12	4747795	1680	2.4332274171555
12	4878413	1700	2.4076897150821
12	5011275	1720	3.750406362859
12	5146971	1740	3.1686163164967
12	5284754	1760	1.6249472225952
12	5425150	1780	3.9451435198834
12	5567832	1800	1.7135912895411
12	5713098	1820	3.0601724950519
12	5860786	1840	2.5761235024603
12	6011707	1860	2.8933222592384
12	6165139	1880	2.8772705890662
12	6321434	1900	2.2357869865482
12	6479890	1920	5.335938157013
12	6640810	1940	1.8225970232036
12	6804176	1960	3.8873445683295
12	6970712	1980	1.8882221602819
12	7140119	2000	1.4004466937657
13	146109	240	0.2933119819918
13	172243	260	10.30428339505
13	199257	280	1.153516984131
13	226781	300	0.39093991907769
13	254242	320	0.57966653777623
13	281446	340	1.2271745122893
13	308766	360	0.93120846296698
13	336092	380	nan
13	363999	400	1.2553310775455
13	392643	420	10.005767241173
13	421743	440	4.2754483428235
13	451129	460	1.3666194708841
13	481281	480	2.0892763002551
13	511991	500	6.70139448359
13	543658	520	2.5331000833017
13	575852	540	1.2858521057558
13	608817	560	1.1991419376158
13	642498	580	2.4824340211264
13	677304	600	21.018256010901
13	712678	620	6.1658947814059
13	749566	640	3.2509210086444
13	787942	660	2.1282116646022
13	826939	680	11.249623986904
13	867125	700	18.795092448801
13	908828	720	54.857334678094
13	951419	740	6.9297438384516
13	995687	760	17.729740480766
13	1040945	780	3.2892398140031
13	1087117	800	2.4511869666248
13	1134133	820	0.0019269110487761
13	1182328	840	3.9104722208875
13	1232259	860	1.7428085053764
13	1283319	880	9.205468157064
13	1334909	900	2.857821351297
13	1388105	920	1.6901514721128
13	1442560	940	4.0621394093355
13	1498559	960	19.016723612339
13	1555697	980	2.605068041139
13	1614755	1000	4.2795357409684
13	1675018	1020	3.216521980178
13	1736559	1040	1.2814116624408
13	1799626	1060	6.7454940997093
13	1864497	1080	3.3955971723883
13	1930694	1100	7.7939956780608
13	1998821	1120	13.412192475003
13	2069219	1140	6.2469883770373
13	2141261	1160	8.0168639664339
13	2215142	1180	4.6424783556492
13	2291028	1200	14.392115179599
13	2369125	1220	9.2234939847178
13	2448588	1240	6.6792285596117
13	2531259	1260	6.3859697081069
13	2615169	1280	8.4064136625594
13	2700950	1300	16.080876718012
13	2789103	1320	6.5352309767263
13	2879342	1340	7.0550546172737
13	2971705	1360	2.3401977261915
13	3066098	1380	6.4100341264595
13	3162420	1400	5.0848606959383
13	3260591	1420	9.7665312417195
13	3361429	1440	11.665309526255
13	3464566	1460	6.5650243452311
13	3569002	1480	7.1612617821153
13	3676720	1500	24.831024322245
13	3786444	1520	2.2342993433847
13	3898658	1540	6.5217180948717
13	4012814	1560	6.4507142465528
13	4129597	1580	4.650997270619
13	4248203	1600	9.5589164773592
13	4369634	1620	5.0272343947817
13	4493721	1640	6.8254074535437
13	4619876	1660	7.6934949640881
13	4747795	1680	5.9205956635971
13	4878413	1700	5.7969697641119
13	5011275	1720	14.065547886573
13	5146971	1740	10.040129361169
13	5284754	1760	2.6404534762198
13	5425150	1780	15.564157392478
13	5567832	1800	2.936395107591
13	5713098	1820	9.3646556994723
13	5860786	1840	6.6364122999285
13	6011707	1860	8.3713136958042
13	6165139	1880	8.2786860427055
13	6321434	1900	4.9987434492184
13	6479890	1920	28.472236015468
13	6640810	1940	3.3218599089906
13	6804176	1960	15.111447792921
13	6970712	1980	3.5653829265798
13	7140119	2000	1.9612509420792
14	146109	240	223.3203548148
14	172243	260	225.51916203126
14	199257	280	268.20545357182
14	226781	300	270.13790266524
14	254242	320	138.08408740905
14	281446	340	133.56789595254
14	308766	360	224.55882965735
14	336092	380	137.99662526988
14	363999	400	178.81688468471
14	392643	420	454.87924843028
14	421743	440	182.36580864904
14	451129	460	225.18453317828
14	481281	480	224.25388697586
14	511991	500	274.75995865547
14	543658	520	268.86679554816
14	575852	540	227.22980033493
14	608817	560	134.23831087018
14	642498	580	324.43865327437
14	677304	600	318.89794893778
14	712678	620	369.33535988624
14	749566	640	181.46089709615
14	787942	660	315.72511987885
14	826939	680	229.34510064279
14	867125	700	137.3420022207
14	908828	720	139.50274553302
14	951419	740	503.24410906796
14	995687	760	505.17247463465
14	1040945	780	272.57245353645
14	1087117	800	453.05315539724
14	1134133	820	133.71847853286
14	1182328	840	363.14160028136
14	1232259	860	278.89437483429
14	1283319	880	363.11322118919
14	1334909	900	359.91399720134
14	1388105	920	550.45466640617
14	1442560	940	412.66436840562
14	1498559	960	274.55882665828
14	1555697	980	412.04540184546
14	1614755	1000	595.99913983165
14	1675018	1020	415.79239477792
14	1736559	1040	138.96831951521
14	1799626	1060	406.32871615311
14	1864497	1080	363.14401580401
14	1930694	1100	456.2807813607
14	1998821	1120	462.29497022307
14	2069219	1140	594.02607229513
14	2141261	1160	226.8060952353
14	2215142	1180	413.75641702944
14	2291028	1200	413.20089262891
14	2369125	1220	409.21888074362
14	2448588	1240	597.36334597699
14	2531259	1260	412.54396473545
14	2615169	1280	638.47958820023
14	2700950	1300	412.05131353237
14	2789103	1320	457.4197466645
14	2879342	1340	403.50616849861
14	2971705	1360	322.29178630056
14	3066098	1380	630.73959837786
14	3162420	1400	505.2971570511
14	3260591	1420	685.88250852201
14	3361429	1440	415.23609490484
14	3464566	1460	548.69868859329
14	3569002	1480	459.52071004812
14	3676720	1500	269.49147637341
14	3786444	1520	589.90808863154
14	3898658	1540	454.83506291635
14	4012814	1560	720.40012162697
14	4129597	1580	269.77469733786
14	4248203	1600	365.22576704858
14	4369634	1620	592.893263034
14	4493721	1640	642.56798903725
14	4619876	1660	684.19113524495
14	4747795	1680	542.35338694657
14	4878413	1700	456.31019007326
14	5011275	1720	681.81011976193
14	5146971	1740	639.34618611863
14	5284754	1760	640.57721361174
14	5425150	1780	545.41729249561
14	5567832	1800	460.42142812521
14	5713098	1820	455.26446440387
14	5860786	1840	547.74459697079
14	6011707	1860	502.61954083931
14	6165139	1880	499.18585477388
14	6321434	1900	178.83566885697
14	6479890	1920	640.76982581114
14	6640810	1940	543.91116756902
14	6804176	1960	456.94705077937
14	6970712	1980	681.51909311043
14	7140119	2000	547.69440440481
15	146109	240	44.664070962961
15	172243	260	45.103832406252
15	199257	280	44.700908928637
15	226781	300	45.02298377754
15	254242	320	46.02802913635
15	281446	340	44.522631984181
15	308766	360	44.911765931471
15	336092	380	45.998875089959
15	363999	400	44.704221171177
15	392643	420	45.487924843028
15	421743	440	45.591452162259
15	451129	460	45.036906635656
15	481281	480	44.850777395171
15	511991	500	45.793326442579
15	543658	520	44.81113259136
15	575852	540	45.445960066987
15	608817	560	44.746103623394
15	642498	580	46.348379039195
15	677304	600	45.556849848255
15	712678	620	46.16691998578
15	749566	640	45.365224274037
15	787942	660	45.103588554121
15	826939	680	45.869020128557
15	867125	700	45.780667406899
15	908828	720	46.500915177673
15	951419	740	45.749464460723
15	995687	760	45.924770421332
15	1040945	780	45.428742256076
15	1087117	800	45.305315539724
15	1134133	820	44.572826177619
15	1182328	840	45.39270003517
15	1232259	860	46.482395805715
15	1283319	880	45.389152648649
15	1334909	900	44.989249650167
15	1388105	920	45.871222200514
15	1442560	940	45.851596489513
15	1498559	960	45.759804443047
15	1555697	980	45.782822427273
15	1614755	1000	45.846087679358
15	1675018	1020	46.199154975325
15	1736559	1040	46.322773171736
15	1799626	1060	45.147635128123
15	1864497	1080	45.393001975501
15	1930694	1100	45.62807813607
15	1998821	1120	46.229497022307
15	2069219	1140	45.694313253471
15	2141261	1160	45.361219047059
15	2215142	1180	45.972935225493
15	2291028	1200	45.911210292101
15	2369125	1220	45.468764527069
15	2448588	1240	45.951026613614
15	2531259	1260	45.838218303939
15	2615169	1280	45.605684871445
15	2700950	1300	45.783479281375
15	2789103	1320	45.74197466645
15	2879342	1340	44.834018722067
15	2971705	1360	46.041683757223
15	3066098	1380	45.052828455561
15	3162420	1400	45.936105186463
15	3260591	1420	45.725500568134
15	3361429	1440	46.137343878316
15	3464566	1460	45.724890716107
15	3569002	1480	45.952071004812
15	3676720	1500	44.915246062234
15	3786444	1520	45.377545279349
15	3898658	1540	45.483506291635
15	4012814	1560	45.025007601686
15	4129597	1580	44.96244955631
15	4248203	1600	45.653220881073
15	4369634	1620	45.607174079539
15	4493721	1640	45.897713502661
15	4619876	1660	45.612742349664
15	4747795	1680	45.196115578881
15	4878413	1700	45.631019007326
15	5011275	1720	45.454007984129
15	5146971	1740	45.667584722759
15	5284754	1760	45.755515257981
15	5425150	1780	45.451441041301
15	5567832	1800	46.042142812521
15	5713098	1820	45.526446440387
15	5860786	1840	45.645383080899
15	6011707	1860	45.692685530846
15	6165139	1880	45.380532252171
15	6321434	1900	44.708917214241
15	6479890	1920	45.769273272224
15	6640810	1940	45.325930630751
15	6804176	1960	45.694705077937
15	6970712	1980	45.434606207362
15	7140119	2000	45.641200367068
16	146109	240	0.3341533938783
16	172243	260	0.65984241833952
16	199257	280	0.40230911420729
16	226781	300	0.72743173185418
16	254242	320	1.5827480164355
16	281446	340	0.087409510450482
16	308766	360	0.35384245143577
16	336092	380	1.8889218697683
16	363999	400	0.27575046652311
16	392643	420	1.5573201767388
16	421743	440	0.85749748836882
16	451129	460	0.42357135392299
16	481281	480	0.19787075918354
16	511991	500	1.7695127743028
16	543658	520	0.68678377565197
16	575852	540	1.3578153376516
16	608817	560	0.30982359058052
16	642498	580	2.2021053839084
16	677304	600	1.3870300563661
16	712678	620	1.7594941471247
16	749566	640	1.664019147144
16	787942	660	0.99927759762426
16	826939	680	1.3231093441348
16	867125	700	1.5442258521629
16	908828	720	0.96326704648295
16	951419	740	1.3468595102464
16	995687	760	1.5713861416396
16	1040945	780	0.84368327909982
16	1087117	800	1.1502656398349
16	1134133	820	0.35257903084206
16	1182328	840	1.2166449774937
16	1232259	860	1.3392252003994
16	1283319	880	1.2506273662626
16	1334909	900	1.0442328346962
16	1388105	920	1.2773678585193
16	1442560	940	1.2111707124531
16	1498559	960	1.3871870173133
16	1555697	980	1.3924108391145
16	1614755	1000	1.1561863231695
16	1675018	1020	1.1605997002676
16	1736559	1040	1.6444062742417
16	1799626	1060	1.0256105131858
16	1864497	1080	1.1738128675811
16	1930694	1100	1.1503672587225
16	1998821	1120	1.1852073824557
16	2069219	1140	1.1450423236262
16	2141261	1160	0.88335712190378
16	2215142	1180	0.87132675563389
16	2291028	1200	1.3754023022136
16	2369125	1220	1.1378879456847
16	2448588	1240	1.1811148997753
16	2531259	1260	1.310717211838
16	2615169	1280	0.85721799987332
16	2700950	1300	1.080495856382
16	2789103	1320	1.069608635129
16	2879342	1340	0.52714244284942
16	2971705	1360	0.77217013147933
16	3066098	1380	0.8423795436457
16	3162420	1400	1.1418993055404
16	3260591	1420	0.81687154253556
16	3361429	1440	0.95140289600224
16	3464566	1460	0.72436216895227
16	3569002	1480	1.1239875936732
16	3676720	1500	0.64625511837226
16	3786444	1520	0.72784452648804
16	3898658	1540	0.91812629499986
16	4012814	1560	0.72230873666461
16	4129597	1580	0.49418516105828
16	4248203	1600	1.1526274743473
16	4369634	1620	0.88087341885218
16	4493721	1640	1.0365786304004
16	4619876	1660	0.86917461654859
16	4747795	1680	0.68085717609669
16	4878413	1700	1.1810898096119
16	5011275	1720	0.87323792188872
16	5146971	1740	1.0570409671964
16	5284754	1760	0.74868951097129
16	5425150	1780	0.92009050326286
16	5567832	1800	0.80468561971821
16	5713098	1820	0.61966155033811
16	5860786	1840	1.031036683416
16	6011707	1860	0.93933921670854
16	6165139	1880	1.050274364283
16	6321434	1900	0.39561997961085
16	6479890	1920	0.93949939872481
16	6640810	1940	0.9525144104883
16	6804176	1960	1.0134635593656
16	6970712	1980	0.8102141993101
16	7140119	2000	0.84183304310567
17	146109	240	0.11165849064039
17	172243	260	0.43539201704015
17	199257	280	0.16185262337425
17	226781	300	0.52915692450838
17	254242	320	2.5050912835304
17	281446	340	0.0076404225171929
17	308766	360	0.12520448043808
17	336092	380	3.5680258300888
17	363999	400	0.076038319787713
17	392643	420	2.4252461328778
17	421743	440	0.73530194255884
17	451129	460	0.17941269186415
17	481281	480	0.039152837339872
17	511991	500	3.1311754584207
17	543658	520	0.47167195449878
17	575852	540	1.8436624911619
17	608817	560	0.095990657280209
17	642498	580	4.8492681218385
17	677304	600	1.9238523772629
17	712678	620	3.0958196537659
17	749566	640	2.7689597220619
17	787942	660	0.99855571711371
17	826939	680	1.7506183365367
17	867125	700	2.3846334824883
17	908828	720	0.92788340283999
17	951419	740	1.8140305403411
17	995687	760	2.469254406137
17	1040945	780	0.71180147543263
17	1087117	800	1.3231110421848
17	1134133	820	0.12431197298953
17	1182328	840	1.4802250012607
17	1232259	860	1.7935241373848
17	1283319	880	1.564068809245
17	1334909	900	1.0904222130577
17	1388105	920	1.6316686459781
17	1442560	940	1.4669344947041
17	1498559	960	1.9242878210027
17	1555697	980	1.9388079448834
17	1614755	1000	1.3367668138841
17	1675018	1020	1.3469916642613
17	1736559	1040	2.7040719947656
17	1799626	1060	1.0518769247572
17	1864497	1080	1.3778366480989
17	1930694	1100	1.3233448299407
17	1998821	1120	1.4047165394276
17	2069219	1140	1.3111219228954
17	2141261	1160	0.78031980481814
17	2215142	1180	0.75921031508348
17	2291028	1200	1.8917314929346
17	2369125	1220	1.2947889769345
17	2448588	1240	1.3950324064711
17	2531259	1260	1.7179796094084
17	2615169	1280	0.73482269930682
17	2700950	1300	1.1674712956586
17	2789103	1320	1.1440626323425
17	2879342	1340	0.27787915505325
17	2971705	1360	0.59624671194881
17	3066098	1380	0.70960329555274
17	3162420	1400	1.3039340239937
17	3260591	1420	0.66727911700443
17	3361429	1440	0.90516747052145
17	3464566	1460	0.52470055180924
17	3569002	1480	1.2633481107314
17	3676720	1500	0.41764567802234
17	3786444	1520	0.5297576547386
17	3898658	1540	0.84295589357018
17	4012814	1560	0.52172991106203
17	4129597	1580	0.2442189734102
17	4248203	1600	1.3285500946202
17	4369634	1620	0.77593798004034
17	4493721	1640	1.0744952570028
17	4619876	1660	0.75546451405239
17	4747795	1680	0.46356649424236
17	4878413	1700	1.3949731383692
17	5011275	1720	0.76254446822453
17	5146971	1740	1.1173356063314
17	5284754	1760	0.56053598383843
17	5425150	1780	0.84656653419451
17	5567832	1800	0.64751894658128
17	5713098	1820	0.38398043696743
17	5860786	1840	1.0630366425494
17	6011707	1860	0.88235816404661
17	6165139	1880	1.10307624027
17	6321434	1900	0.15651516826729
17	6479890	1920	0.88265912020428
17	6640810	1940	0.90728370218787
17	6804176	1960	1.027108386162
17	6970712	1980	0.6564470487637
17	7140119	2000	0.70868287246456
18	146109	240	924.57509545156
18	172243	260	1172.7321903131
18	199257	280	1404.1805896369
18	226781	300	1309.1720418739
18	254242	320	1206.5885341007
18	281446	340	1005.6853271838
18	308766	360	1196.7685760933
18	336092	380	1210.2153024409
18	363999	400	1046.3874368177
18	392643	420	1219.6177670791
18	421743	440	1386.6609743195
18	451129	460	1379.5619075465
18	481281	480	1523.6027041527
18	511991	500	1467.6545306683
18	543658	520	1542.690999714
18	575852	540	1558.5679921616
18	608817	560	1416.1337078346
18	642498	580	1460.8796851336
18	677304	600	1410.072337454
18	712678	620	1516.6015587698
18	749566	640	1623.1568313977
18	787942	660	1730.0299711157
18	826939	680	1780.6699938364
18	867125	700	1681.1601154074
18	908828	720	1704.3383652479
18	951419	740	1791.1823304144
18	995687	760	1901.564108718
18	1040945	780	2143.0493732974
18	1087117	800	2338.0093747499
18	1134133	820	2280.6351948071
18	1182328	840	2111.3225265861
18	1232259	860	2248.101765108
18	1283319	880	2188.3792811962
18	1334909	900	2393.2342388046
18	1388105	920	2449.7976356349
18	1442560	940	2581.8495060878
18	1498559	960	2607.8682475965
18	1555697	980	2809.6903552712
18	1614755	1000	2870.3350327089
18	1675018	1020	2513.427767464
18	1736559	1040	2688.9067757106
18	1799626	1060	2584.0387094445
18	1864497	1080	2736.5920281979
18	1930694	1100	2796.9670571666
18	1998821	1120	2737.0353281007
18	2069219	1140	2997.8703976796
18	2141261	1160	2942.7611225997
18	2215142	1180	3198.5043227888
18	2291028	1200	3200.3024769741
18	2369125	1220	3298.6050833851
18	2448588	1240	3375.6325946497
18	2531259	1260	3452.4493444026
18	2615169	1280	3346.1941025224
18	2700950	1300	3662.2473066547
18	2789103	1320	3450.098165054
18	2879342	1340	3711.3106906609
18	2971705	1360	3431.2479842134
18	3066098	1380	3685.5660101049
18	3162420	1400	3787.2828227816
18	3260591	1420	3975.289542107
18	3361429	1440	3907.7867858266
18	3464566	1460	3857.4728643219
18	3569002	1480	3806.2902434625
18	3676720	1500	4004.278497683
18	3786444	1520	3664.1845548995
18	3898658	1540	3849.0003818477
18	4012814	1560	3917.2026689254
18	4129597	1580	4398.7513094548
18	4248203	1600	4491.0744337327
18	4369634	1620	4096.6112168822
18	4493721	1640	4154.9601799976
18	4619876	1660	4063.5735623113
18	4747795	1680	4485.6235399747
18	4878413	1700	4731.2553788754
18	5011275	1720	4824.6504552194
18	5146971	1740	5055.6749007425
18	5284754	1760	4984.6279560481
18	5425150	1780	5138.1212562848
18	5567832	1800	5106.1535278395
18	5713098	1820	5182.1577019563
18	5860786	1840	4848.9943941756
18	6011707	1860	5017.3745258205
18	6165139	1880	5120.3405469665
18	6321434	1900	5470.5992066424
18	6479890	1920	5042.8695274234
18	6640810	1940	5105.1789936848
18	6804176	1960	4903.2573657173
18	6970712	1980	4862.2904305742
18	7140119	2000	4797.9888728578
19	146109	240	48.661847129029
19	172243	260	48.863841263046
19	199257	280	48.420020332308
19	226781	300	48.487853402736
19	254242	320	48.263541364029
19	281446	340	47.889777484941
19	308766	360	47.870743043732
19	336092	380	48.408612097636
19	363999	400	47.563065309894
19	392643	420	48.784710683164
19	421743	440	49.523606225698
19	451129	460	49.27006812666
19	481281	480	49.148474327507
19	511991	500	48.921817688942
19	543658	520	48.209093741062
19	575852	540	48.705249755049
19	608817	560	48.832196821882
19	642498	580	48.695989504453
19	677304	600	48.62318405014
19	712678	620	48.922630928058
19	749566	640	49.186570648417
19	787942	660	49.429427746163
19	826939	680	49.463055384344
19	867125	700	49.445885747278
19	908828	720	50.127598977879
19	951419	740	49.755064733732
19	995687	760	50.041160755737
19	1040945	780	49.838357518544
19	1087117	800	49.744880313828
19	1134133	820	49.579025974066
19	1182328	840	49.100523874095
19	1232259	860	49.9578170024
19	1283319	880	49.73589275446
19	1334909	900	49.859046641762
19	1388105	920	49.995870114998
19	1442560	940	49.650952040149
19	1498559	960	50.151312453779
19	1555697	980	50.173042058415
19	1614755	1000	50.356754959806
19	1675018	1020	50.268555349281
19	1736559	1040	50.734090107748
19	1799626	1060	50.667425675382
19	1864497	1080	50.677630151814
19	1930694	1100	50.853946493937
19	1998821	1120	50.685839409273
19	2069219	1140	50.811362672535
19	2141261	1160	50.737260734477
19	2215142	1180	50.769909885537
19	2291028	1200	50.798452015462
19	2369125	1220	50.747770513617
19	2448588	1240	51.145948403784
19	2531259	1260	50.771313888273
19	2615169	1280	50.699910644278
19	2700950	1300	50.86454592576
19	2789103	1320	50.736737721383
19	2879342	1340	50.839872474807
19	2971705	1360	50.459529179609
19	3066098	1380	50.487205617875
19	3162420	1400	50.497104303755
19	3260591	1420	50.320120786165
19	3361429	1440	50.750477738008
19	3464566	1460	50.756221898972
19	3569002	1480	50.7505365795
19	3676720	1500	50.687069590924
19	3786444	1520	50.891452151382
19	3898658	1540	50.644741866417
19	4012814	1560	50.872761934097
19	4129597	1580	50.56035987879
19	4248203	1600	51.034936746962
19	4369634	1620	50.575447122002
19	4493721	1640	50.670246097532
19	4619876	1660	50.794669528891
19	4747795	1680	50.97299477244
19	4878413	1700	50.873713751348
19	5011275	1720	50.785794265467
19	5146971	1740	51.067423239823
19	5284754	1760	50.86355057192
19	5425150	1780	50.872487685988
19	5567832	1800	51.061535278395
19	5713098	1820	50.805467666238
19	5860786	1840	51.04204625448
19	6011707	1860	51.197699243067
19	6165139	1880	50.696441059075
19	6321434	1900	51.127095389181
19	6479890	1920	50.938076034579
19	6640810	1940	51.051789936848
19	6804176	1960	50.549045007395
19	6970712	1980	50.648858651815
19	7140119	2000	50.505146030082
20	146109	240	3.7117187123506
20	172243	260	3.8791088523776
20	199257	280	3.360320282438
20	226781	300	3.7594125023822
20	254242	320	3.7100118653453
20	281446	340	2.555538949657
20	308766	360	2.1920078976766
20	336092	380	2.9687424380775
20	363999	400	2.7105541930607
20	392643	420	2.5734957040968
20	421743	440	3.5711549740236
20	451129	460	2.8906910646992
20	481281	480	2.6491331113089
20	511991	500	2.7067169551029
20	543658	520	3.154806655512
20	575852	540	2.5537286467974
20	608817	560	2.139607961798
20	642498	580	1.9321418624247
20	677304	600	1.7714507564618
20	712678	620	2.8170230642842
20	749566	640	2.5299656267147
20	787942	660	2.6739532291881
20	826939	680	2.8458953056276
20	867125	700	3.7508997278942
20	908828	720	3.6507284724153
20	951419	740	3.1486429628103
20	995687	760	3.703947427069
20	1040945	780	3.5070400421529
20	1087117	800	3.3143088627636
20	1134133	820	3.300057326188
20	1182328	840	3.0836998790955
20	1232259	860	2.9881300614201
20	1283319	880	2.7770297449265
20	1334909	900	2.7593638445947
20	1388105	920	3.2052353518749
20	1442560	940	2.7459839852494
20	1498559	960	2.6232018643974
20	1555697	980	2.5975158668976
20	1614755	1000	2.4986269637147
20	1675018	1020	2.7036824295516
20	1736559	1040	2.6642119442125
20	1799626	1060	2.7641027174395
20	1864497	1080	2.9104319396837
20	1930694	1100	2.9622952665876
20	1998821	1120	3.2868822219146
20	2069219	1140	3.1407104960569
20	2141261	1160	2.917294946103
20	2215142	1180	2.8825282539603
20	2291028	1200	2.9717038710057
20	2369125	1220	3.2238903475895
20	2448588	1240	3.0032476444324
20	2531259	1260	3.2859419305523
20	2615169	1280	2.7618467904969
20	2700950	1300	3.2777119462802
20	2789103	1320	2.7653889457518
20	2879342	1340	3.0695585275088
20	2971705	1360	3.0418090980163
20	3066098	1380	3.1714437805981
20	3162420	1400	3.2776622037813
20	3260591	1420	2.7249977088145
20	3361429	1440	2.8328909789187
20	3464566	1460	2.7539203946434
20	3569002	1480	2.9594721598358
20	3676720	1500	3.0061068752704
20	3786444	1520	3.0014806763027
20	3898658	1540	3.0763804399295
20	4012814	1560	3.1143523451256
20	4129597	1580	3.0410895376518
20	4248203	1600	3.2086876596878
20	4369634	1620	2.9811546580799
20	4493721	1640	2.8703360736293
20	4619876	1660	2.8222621300513
20	4747795	1680	2.7015739799616
20	4878413	1700	2.7997559866264
20	5011275	1720	2.9707424924605
20	5146971	1740	2.9108814739861
20	5284754	1760	3.0883053232295
20	5425150	1780	3.0491375752998
20	5567832	1800	2.7263522100217
20	5713098	1820	2.925368293072
20	5860786	1840	2.8438796296954
20	6011707	1860	2.6690434778983
20	6165139	1880	3.0848864220052
20	6321434	1900	3.065412512975
20	6479890	1920	3.072774609289
20	6640810	1940	2.8493359510654
20	6804176	1960	2.4157994427978
20	6970712	1980	2.3825623155551
20	7140119	2000	2.296984100919
21	146109	240	13.776855799614
21	172243	260	15.047485488594
21	199257	280	11.291752400564
21	226781	300	14.133182363068
21	254242	320	13.764188041003
21	281446	340	6.5307793232141
21	308766	360	4.8048986234766
21	336092	380	8.8134316636422
21	363999	400	7.3471040335187
21	392643	420	6.6228801390047
21	421743	440	12.753147848493
21	451129	460	8.3560948315319
21	481281	480	7.017906241433
21	511991	500	7.3263166750415
21	543658	520	9.9528050336628
21	575852	540	6.5215300014737
21	608817	560	4.5779222301892
21	642498	580	3.7331721765338
21	677304	600	3.138037782569
21	712678	620	7.935618944709
21	749566	640	6.4007260723577
21	787942	660	7.1500258718855
21	826939	680	8.0991200905931
21	867125	700	14.069248768717
21	908828	720	13.327818379304
21	951419	740	9.9139525072551
21	995687	760	13.719226542491
21	1040945	780	12.299329857264
21	1087117	800	10.984643237793
21	1134133	820	10.890378356127
21	1182328	840	9.5092049443336
21	1232259	860	8.9289212639622
21	1283319	880	7.7118942042063
21	1334909	900	7.6140888268566
21	1388105	920	10.273533660908
21	1442560	940	7.540428047246
21	1498559	960	6.8811880213781
21	1555697	980	6.747088678785
21	1614755	1000	6.2431367038021
21	1675018	1020	7.309898679866
21	1736559	1040	7.0980252836844
21	1799626	1060	7.6402638325565
21	1864497	1080	8.4706140755308
21	1930694	1100	8.775193246447
21	1998821	1120	10.803594740739
21	2069219	1140	9.8640624200419
21	2141261	1160	8.5106098025579
21	2215142	1180	8.3089691348796
21	2291028	1200	8.8310238969502
21	2369125	1220	10.393468973281
21	2448588	1240	9.0194964137888
21	2531259	1260	10.797414370962
21	2615169	1280	7.6277976941778
21	2700950	1300	10.743395602788
21	2789103	1320	7.6473760212864
21	2879342	1340	9.4221895538023
21	2971705	1360	9.2526025887747
21	3066098	1380	10.058055653494
21	3162420	1400	10.743069522097
21	3260591	1420	7.4256125130441
21	3361429	1440	8.0252712984388
21	3464566	1460	7.5840775400329
21	3569002	1480	8.7584754648429
21	3676720	1500	9.0366785455479
21	3786444	1520	9.0088862502186
21	3898658	1540	9.4641166111807
21	4012814	1560	9.6991905295891
21	4129597	1580	9.2482255760155
21	4248203	1600	10.295676497433
21	4369634	1620	8.8872830953913
21	4493721	1640	8.2388291755775
21	4619876	1660	7.9651635307218
21	4747795	1680	7.2985019692057
21	4878413	1700	7.8386335846505
21	5011275	1720	8.8253109565102
21	5146971	1740	8.4732309555953
21	5284754	1760	9.5376297694874
21	5425150	1780	9.297239953105
21	5567832	1800	7.4329963730905
21	5713098	1820	8.5577796501108
21	5860786	1840	8.0876513481967
21	6011707	1860	7.1237930869115
21	6165139	1880	9.5165242366721
21	6321434	1900	9.3967538747035
21	6479890	1920	9.4419437994915
21	6640810	1940	8.118715362034
21	6804176	1960	5.836086947822
21	6970712	1980	5.6766031875034
21	7140119	2000	5.2761359598748
22	146109	240	3317.2248124688
22	172243	260	3631.8474726869
22	199257	280	3778.3123320137
22	226781	300	3963.9954810822
22	254242	320	4094.6948460188
22	281446	340	4088.7167728416
22	308766	360	4003.3332767157
22	336092	380	4101.9511301545
22	363999	400	4157.5141512795
22	392643	420	3931.0202293598
22	421743	440	4214.7828348401
22	451129	460	4210.0485506795
22	481281	480	4367.3233816697
22	511991	500	4260.983927457
22	543658	520	4450.9267823905
22	575852	540	4546.1049117245
22	608817	560	4737.7724991576
22	642498	580	4591.8226963984
22	677304	600	4635.5038868528
22	712678	620	4589.8016659184
22	749566	640	4867.7646785472
22	787942	660	4821.618495101
22	826939	680	4962.0426819225
22	867125	700	5051.5079540316
22	908828	720	5091.0759467695
22	951419	740	4773.6944577116
22	995687	760	4962.2583021816
22	1040945	780	5236.9872130898
22	1087117	800	5012.9962823311
22	1134133	820	5479.3424892254
22	1182328	840	5196.1886410774
22	1232259	860	5372.4250099169
22	1283319	880	5382.3470440315
22	1334909	900	5483.0251553569
22	1388105	920	5250.2712103511
22	1442560	940	5475.5763653989
22	1498559	960	5706.3422282183
22	1555697	980	5621.2845293532
22	1614755	1000	5577.9042722396
22	1675018	1020	5706.9778743675
22	1736559	1040	6123.4002647457
22	1799626	1060	5948.599545043
22	1864497	1080	5941.9227601735
22	1930694	1100	5944.4785216608
22	1998821	1120	5984.0128901571
22	2069219	1140	5893.0899680888
22	2141261	1160	6259.3178895422
22	2215142	1180	6217.5304775248
22	2291028	1200	6303.1405508839
22	2369125	1220	6353.2031490679
22	2448588	1240	6168.6817170569
22	2531259	1260	6392.951168946
22	2615169	1280	6208.0108326975
22	2700950	1300	6529.5650916951
22	2789103	1320	6484.8260905603
22	2879342	1340	6528.9587795343
22	2971705	1360	6748.260746892
22	3066098	1380	6537.0083493427
22	3162420	1400	6750.2258897748
22	3260591	1420	6570.5263230928
22	3361429	1440	6982.9020917553
22	3464566	1460	6845.3196511072
22	3569002	1480	6986.2218398565
22	3676720	1500	7167.0545251685
22	3786444	1520	6983.1104996478
22	3898658	1540	7209.0061506494
22	4012814	1560	6943.4525628611
22	4129597	1580	7392.7619604223
22	4248203	1600	7391.0006002968
22	4369634	1620	7248.8794671755
22	4493721	1640	7298.4199555883
22	4619876	1660	7295.3573496627
22	4747795	1680	7491.688035341
22	4878413	1700	7620.4009669338
22	5011275	1720	7388.356055054
22	5146971	1740	7620.4407561542
22	5284754	1760	7609.8239391221
22	5425150	1780	7797.2530700748
22	5567832	1800	7933.5673361989
22	5713098	1820	7978.4575359888
22	5860786	1840	7881.98287789
22	6011707	1860	8070.9812305584
22	6165139	1880	8114.1215623928
22	6321434	1900	8387.1238803091
22	6479890	1920	8052.5966727456
22	6640810	1940	8155.9649393508
22	6804176	1960	8336.9001997999
22	6970712	1980	8244.6213682028
22	7140119	2000	8428.1542818154
23	146109	240	44.827362330659
23	172243	260	44.837623119591
23	199257	280	44.979908714449
23	226781	300	45.045403194116
23	254242	320	44.996646659547
23	281446	340	44.930953547709
23	308766	360	44.981272772087
23	336092	380	45.076386045654
23	363999	400	45.19037120956
23	392643	420	45.184140567355
23	421743	440	45.320245535915
23	451129	460	45.269339254618
23	481281	480	45.492951892392
23	511991	500	45.329616249543
23	543658	520	45.417620228474
23	575852	540	45.461049117245
23	608817	560	45.555504799592
23	642498	580	45.46359105345
23	677304	600	45.446116537773
23	712678	620	45.443580850678
23	749566	640	45.49312783689
23	787942	660	45.486966934915
23	826939	680	45.523327357087
23	867125	700	45.509080666951
23	908828	720	45.456035239013
23	951419	740	45.46375674011
23	995687	760	45.525305524602
23	1040945	780	45.539019244259
23	1087117	800	45.572693475737
23	1134133	820	45.661187410212
23	1182328	840	45.580602114714
23	1232259	860	45.52902550777
23	1283319	880	45.61311054264
23	1334909	900	45.691876294641
23	1388105	920	45.654532263923
23	1442560	940	45.629803044991
23	1498559	960	45.650737825746
23	1555697	980	45.701500238644
23	1614755	1000	45.720526821636
23	1675018	1020	45.65582299494
23	1736559	1040	45.697016901087
23	1799626	1060	45.758458038792
23	1864497	1080	45.707098155181
23	1930694	1100	45.726757858929
23	1998821	1120	45.679487711123
23	2069219	1140	45.68286796968
23	2141261	1160	45.688451748483
23	2215142	1180	45.717135864153
23	2291028	1200	45.674931528144
23	2369125	1220	45.706497475309
23	2448588	1240	45.693938644866
23	2531259	1260	45.663936921043
23	2615169	1280	45.647138475717
23	2700950	1300	45.661294347518
23	2789103	1320	45.667789370143
23	2879342	1340	45.657054402337
23	2971705	1360	45.596356397919
23	3066098	1380	45.713345100299
23	3162420	1400	45.60963439037
23	3260591	1420	45.628655021478
23	3361429	1440	45.639882952649
23	3464566	1460	45.635464340715
23	3569002	1480	45.661580652657
23	3676720	1500	45.650028822729
23	3786444	1520	45.641245095737
23	3898658	1540	45.626621206642
23	4012814	1560	45.680608966192
23	4129597	1580	45.634333089027
23	4248203	1600	45.623460495659
23	4369634	1620	45.590436900475
23	4493721	1640	45.615124722427
23	4619876	1660	45.595983435392
23	4747795	1680	45.681024605738
23	4878413	1700	45.631143514574
23	5011275	1720	45.607136142309
23	5146971	1740	45.631381773379
23	5284754	1760	45.567808018695
23	5425150	1780	45.597971170028
23	5567832	1800	45.595214575856
23	5713098	1820	45.591185919936
23	5860786	1840	45.560594669885
23	6011707	1860	45.598764014454
23	6165139	1880	45.584952597712
23	6321434	1900	45.58219500168
23	6479890	1920	45.49489645619
23	6640810	1940	45.564049940507
23	6804176	1960	45.556831692896
23	6970712	1980	45.550394299463
23	7140119	2000	45.557590712516
24	146109	240	0.40828781196799
24	172243	260	0.41406072496471
24	199257	280	0.63855615592404
24	226781	300	0.75384900972224
24	254242	320	0.73259907367382
24	281446	340	0.63432253453489
24	308766	360	0.72522692594977
24	336092	380	0.89790785270854
24	363999	400	1.1616025991468
24	392643	420	1.095769735549
24	421743	440	1.4348566699746
24	451129	460	1.1796655592611
24	481281	480	1.5088731097966
24	511991	500	1.2933413040053
24	543658	520	1.3388591257805
24	575852	540	1.3470523081458
24	608817	560	1.4632468261568
24	642498	580	1.3928783167262
24	677304	600	1.2769877367834
24	712678	620	1.2788433926539
24	749566	640	1.2638800570303
24	787942	660	1.1800833802161
24	826939	680	1.2961145760237
24	867125	700	1.2454147240212
24	908828	720	1.2121350600574
24	951419	740	1.1737728949567
24	995687	760	1.1995618898657
24	1040945	780	1.1765603290489
24	1087117	800	1.148012785285
24	1134133	820	1.2238272518701
24	1182328	840	1.183299730994
24	1232259	860	1.133326935269
24	1283319	880	1.1674074962418
24	1334909	900	1.2494263954073
24	1388105	920	1.2220213666784
24	1442560	940	1.1674520056982
24	1498559	960	1.1872239928999
24	1555697	980	1.1880782506154
24	1614755	1000	1.2279997457861
24	1675018	1020	1.1672522354195
24	1736559	1040	1.1502598239141
24	1799626	1060	1.155490086782
24	1864497	1080	1.1441098628858
24	1930694	1100	1.1127275842591
24	1998821	1120	1.1371480991753
24	2069219	1140	1.13370102462
24	2141261	1160	1.055315743914
24	2215142	1180	1.1090679604549
24	2291028	1200	1.0736381654824
24	2369125	1220	1.0948810244765
24	2448588	1240	1.0622502700589
24	2531259	1260	1.0235574820511
24	2615169	1280	1.0148471971779
24	2700950	1300	1.0363529221635
24	2789103	1320	1.0083685166275
24	2879342	1340	0.94739215820377
24	2971705	1360	0.95714819625466
24	3066098	1380	0.98270990060774
24	3162420	1400	0.98887620428111
24	3260591	1420	0.99928994162866
24	3361429	1440	0.97295907265939
24	3464566	1460	0.95764159359676
24	3569002	1480	0.96852141920547
24	3676720	1500	0.95794728563586
24	3786444	1520	0.92640323544718
24	3898658	1540	0.92964345447863
24	4012814	1560	0.92577118353339
24	4129597	1580	0.90706159114661
24	4248203	1600	0.93175917041366
24	4369634	1620	0.91737725520203
24	4493721	1640	0.92813129887164
24	4619876	1660	0.86235503574102
24	4747795	1680	0.93356795878723
24	4878413	1700	0.88357136695412
24	5011275	1720	0.82721168103805
24	5146971	1740	0.90183669651274
24	5284754	1760	0.87964594038204
24	5425150	1780	0.83128226284893
24	5567832	1800	0.8683737350896
24	5713098	1820	0.85432742818066
24	5860786	1840	0.78621821778835
24	6011707	1860	0.88579640245523
24	6165139	1880	0.8572484877909
24	6321434	1900	0.87360314361267
24	6479890	1920	0.84626957222309
24	6640810	1940	0.81941112468292
24	6804176	1960	0.81560616992413
24	6970712	1980	0.84154511364439
24	7140119	2000	0.80082537105999
25	146109	240	0.16669893740161
25	172243	260	0.1714462839583
25	199257	280	0.40775396426848
25	226781	300	0.5682883294592
25	254242	320	0.53670140274774
25	281446	340	0.40236507781877
25	308766	360	0.52595409412255
25	336092	380	0.80623851195567
25	363999	400	1.3493205983446
25	392643	420	1.2007113133452
25	421743	440	2.0588136633705
25	451129	460	1.3916108317069
25	481281	480	2.2766980614672
25	511991	500	1.672731728646
25	543658	520	1.7925437586858
25	575852	540	1.8145499208811
25	608817	560	2.1410912742578
25	642498	580	1.9401100052059
25	677304	600	1.6306976798951
25	712678	620	1.6354404229345
25	749566	640	1.5973927985588
25	787942	660	1.3925967842622
25	826939	680	1.6799129941811
25	867125	700	1.5510578348089
25	908828	720	1.4692714038204
25	951419	740	1.377742808935
25	995687	760	1.4389487276181
25	1040945	780	1.3842942078916
25	1087117	800	1.3179333551779
25	1134133	820	1.4977531424199
25	1182328	840	1.4001982533705
25	1232259	860	1.2844299422063
25	1283319	880	1.3628402622816
25	1334909	900	1.5610663175404
25	1388105	920	1.4933362206186
25	1442560	940	1.3629441856088
25	1498559	960	1.4095008093172
25	1555697	980	1.4115299295853
25	1614755	1000	1.5079833756506
25	1675018	1020	1.3624777810918
25	1736559	1040	1.3230976625108
25	1799626	1060	1.3351573406514
25	1864497	1080	1.3089873783526
25	1930694	1100	1.238162676771
25	1998821	1120	1.2931057994581
25	2069219	1140	1.2852780132245
25	2141261	1160	1.1136913193527
25	2215142	1180	1.2300317409075
25	2291028	1200	1.1526989103805
25	2369125	1220	1.1987644577588
25	2448588	1240	1.1283756362402
25	2531259	1260	1.0476699190628
25	2615169	1280	1.0299148336198
25	2700950	1300	1.0740273792769
25	2789103	1320	1.0168070653255
25	2879342	1340	0.89755190142599
25	2971705	1360	0.91613266959355
25	3066098	1380	0.96571874875247
25	3162420	1400	0.97787614739341
25	3260591	1420	0.99858038744021
25	3361429	1440	0.94664935707021
25	3464566	1460	0.91707742178654
25	3569002	1480	0.93803373945978
25	3676720	1500	0.91766300205711
25	3786444	1520	0.858222954647
25	3898658	1540	0.86423695245496
25	4012814	1560	0.85705228426081
25	4129597	1580	0.82276073013343
25	4248203	1600	0.86817515164995
25	4369634	1620	0.84158102836201
25	4493721	1640	0.86142770794516
25	4619876	1660	0.74365620766789
25	4747795	1680	0.87154913367416
25	4878413	1700	0.78069836050117
25	5011275	1720	0.68427916524579
25	5146971	1740	0.81330942717701
25	5284754	1760	0.77377698043061
25	5425150	1780	0.69103020052723
25	5567832	1800	0.75407294379346
25	5713098	1820	0.72987535454178
25	5860786	1840	0.61813908598229
25	6011707	1860	0.78463526660263
25	6165139	1880	0.73487496981978
25	6321434	1900	0.76318245252994
25	6479890	1920	0.71617218887064
25	6640810	1940	0.67143459125412
25	6804176	1960	0.6652134244183
25	6970712	1980	0.70819817829876
25	7140119	2000	0.64132127493336
