version 2
run statisticRVV-111-20150327-05:17:17-1400
attr c 6
attr configname statisticRVV
attr datetime 20150327-05:17:17
attr experiment statisticRVV
attr inifile omnetpp.ini
attr iterationvars "$sc=\"erlangen-low.launchd.xml\", $p=1/5, $c=6"
attr iterationvars2 "$sc=\"erlangen-low.launchd.xml\", $p=1/5, $c=6, $repetition=1"
attr measurement "$sc=\"erlangen-low.launchd.xml\", $p=1/5, $c=6"
attr network RSUExampleScenario
attr p 1/5
attr processid 1400
attr repetition 1
attr replication #1
attr resultdir results
attr runnumber 111
attr sc "\"erlangen-low.launchd.xml\""
attr seedset 111

vector 0  RSUExampleScenario.rsu[0].appl  Number_CH  ETV
vector 1  RSUExampleScenario.rsu[0].appl  Number_ON  ETV
vector 2  RSUExampleScenario.rsu[0].appl  Number_FN  ETV
vector 3  RSUExampleScenario.rsu[0].appl  Number_CH_Losts  ETV
vector 4  RSUExampleScenario.rsu[0].appl  Number_CH_Losts  ETV
vector 5  RSUExampleScenario.rsu[0].appl  Mean_Cluster_Size  ETV
vector 6  RSUExampleScenario.rsu[0].appl  StdDev_Cluster_Size  ETV
vector 7  RSUExampleScenario.rsu[0].appl  Variance_Cluster_Size  ETV
vector 8  RSUExampleScenario.rsu[0].appl  Mean_Neighbors  ETV
vector 9  RSUExampleScenario.rsu[0].appl  StdDev_Neighbors  ETV
vector 10  RSUExampleScenario.rsu[0].appl  Variance_Neighbors  ETV
vector 11  RSUExampleScenario.rsu[0].appl  Total_CH_Utility  ETV
vector 12  RSUExampleScenario.rsu[0].appl  Mean_CH_Utility  ETV
vector 13  RSUExampleScenario.rsu[0].appl  StdDev_CH_Utility  ETV
vector 14  RSUExampleScenario.rsu[0].appl  Variance_CH_Utility  ETV
vector 15  RSUExampleScenario.rsu[0].appl  Total_exp_CH_Utility  ETV
vector 16  RSUExampleScenario.rsu[0].appl  Mean_exp_CH_Utility  ETV
vector 17  RSUExampleScenario.rsu[0].appl  StdDev_exp_CH_Utility  ETV
vector 18  RSUExampleScenario.rsu[0].appl  Variance_exp_CH_Utility  ETV
vector 19  RSUExampleScenario.rsu[0].appl  Total_ON_Utility  ETV
vector 20  RSUExampleScenario.rsu[0].appl  Mean_ON_Utility  ETV
vector 21  RSUExampleScenario.rsu[0].appl  StdDev_ON_Utility  ETV
vector 22  RSUExampleScenario.rsu[0].appl  Variance_ON_Utility  ETV
vector 23  RSUExampleScenario.rsu[0].appl  Total_exp_ON_Utility  ETV
vector 24  RSUExampleScenario.rsu[0].appl  Mean_exp_ON_Utility  ETV
vector 25  RSUExampleScenario.rsu[0].appl  StdDev_exp_ON_Utility  ETV
vector 26  RSUExampleScenario.rsu[0].appl  Variance_exp_ON_Utility  ETV
0	34705	240	10
0	40056	260	9
0	45334	280	7
0	50712	300	5
0	56176	320	9
0	61524	340	5
0	66785	360	5
0	72013	380	6
0	77253	400	8
0	82499	420	7
0	87860	440	9
0	93245	460	5
0	98427	480	6
0	103686	500	9
0	108927	520	9
0	114175	540	6
0	119540	560	3
0	124891	580	7
0	130300	600	5
0	135648	620	7
0	140918	640	8
0	146335	660	7
0	151779	680	3
0	157128	700	7
0	162498	720	6
0	167751	740	9
0	173086	760	6
0	178393	780	7
0	183772	800	5
0	189068	820	7
0	194423	840	6
0	199737	860	9
0	204953	880	8
0	210227	900	7
0	215521	920	7
0	220838	940	6
0	226172	960	7
0	231528	980	10
0	236873	1000	8
0	242110	1020	9
0	247457	1040	8
0	252733	1060	11
0	258124	1080	8
0	263409	1100	9
0	268698	1120	10
0	274041	1140	7
0	279353	1160	10
0	284599	1180	8
0	289704	1200	8
0	295057	1220	8
0	300411	1240	10
0	305743	1260	5
0	311074	1280	9
0	316382	1300	8
0	321636	1320	6
0	326977	1340	6
0	332339	1360	4
0	337707	1380	10
0	342970	1400	9
0	348433	1420	4
0	353705	1440	9
0	359079	1460	11
0	364383	1480	5
0	369635	1500	3
0	374905	1520	5
0	380279	1540	7
0	385533	1560	7
0	390903	1580	9
0	396126	1600	6
0	401435	1620	5
0	406772	1640	8
0	412158	1660	8
0	417566	1680	5
0	422880	1700	6
0	428284	1720	8
0	433465	1740	5
0	438861	1760	6
0	444176	1780	7
0	449523	1800	5
0	454418	1820	7
0	458678	1840	5
0	462458	1860	5
0	465740	1880	4
0	468619	1900	3
0	471195	1920	4
0	473203	1940	4
0	474771	1960	4
0	475785	1980	2
0	476367	2000	0
1	34705	240	28
1	40056	260	28
1	45334	280	29
1	50712	300	23
1	56176	320	22
1	61524	340	16
1	66785	360	19
1	72013	380	24
1	77253	400	20
1	82499	420	21
1	87860	440	30
1	93245	460	19
1	98427	480	21
1	103686	500	25
1	108927	520	27
1	114175	540	18
1	119540	560	18
1	124891	580	21
1	130300	600	25
1	135648	620	25
1	140918	640	25
1	146335	660	26
1	151779	680	13
1	157128	700	22
1	162498	720	20
1	167751	740	27
1	173086	760	23
1	178393	780	21
1	183772	800	18
1	189068	820	19
1	194423	840	24
1	199737	860	31
1	204953	880	28
1	210227	900	27
1	215521	920	29
1	220838	940	26
1	226172	960	29
1	231528	980	27
1	236873	1000	24
1	242110	1020	27
1	247457	1040	27
1	252733	1060	24
1	258124	1080	27
1	263409	1100	26
1	268698	1120	24
1	274041	1140	27
1	279353	1160	26
1	284599	1180	27
1	289704	1200	31
1	295057	1220	23
1	300411	1240	28
1	305743	1260	21
1	311074	1280	29
1	316382	1300	31
1	321636	1320	20
1	326977	1340	24
1	332339	1360	20
1	337707	1380	29
1	342970	1400	29
1	348433	1420	19
1	353705	1440	26
1	359079	1460	25
1	364383	1480	21
1	369635	1500	16
1	374905	1520	25
1	380279	1540	27
1	385533	1560	25
1	390903	1580	26
1	396126	1600	20
1	401435	1620	16
1	406772	1640	30
1	412158	1660	23
1	417566	1680	17
1	422880	1700	14
1	428284	1720	30
1	433465	1740	16
1	438861	1760	25
1	444176	1780	28
1	449523	1800	21
1	454418	1820	26
1	458678	1840	19
1	462458	1860	22
1	465740	1880	9
1	468619	1900	16
1	471195	1920	14
1	473203	1940	13
1	474771	1960	8
1	475785	1980	7
1	476367	2000	0
2	34705	240	1
2	40056	260	3
2	45334	280	4
2	50712	300	13
2	56176	320	10
2	61524	340	19
2	66785	360	16
2	72013	380	10
2	77253	400	13
2	82499	420	11
2	87860	440	1
2	93245	460	16
2	98427	480	12
2	103686	500	6
2	108927	520	4
2	114175	540	17
2	119540	560	19
2	124891	580	12
2	130300	600	10
2	135648	620	8
2	140918	640	7
2	146335	660	8
2	151779	680	26
2	157128	700	11
2	162498	720	14
2	167751	740	5
2	173086	760	11
2	178393	780	13
2	183772	800	17
2	189068	820	13
2	194423	840	10
2	199737	860	1
2	204953	880	4
2	210227	900	6
2	215521	920	5
2	220838	940	8
2	226172	960	5
2	231528	980	4
2	236873	1000	8
2	242110	1020	4
2	247457	1040	5
2	252733	1060	5
2	258124	1080	6
2	263409	1100	6
2	268698	1120	6
2	274041	1140	6
2	279353	1160	6
2	284599	1180	6
2	289704	1200	1
2	295057	1220	9
2	300411	1240	2
2	305743	1260	14
2	311074	1280	4
2	316382	1300	1
2	321636	1320	15
2	326977	1340	11
2	332339	1360	17
2	337707	1380	2
2	342970	1400	3
2	348433	1420	18
2	353705	1440	5
2	359079	1460	5
2	364383	1480	14
2	369635	1500	21
2	374905	1520	11
2	380279	1540	7
2	385533	1560	8
2	390903	1580	5
2	396126	1600	14
2	401435	1620	19
2	406772	1640	2
2	412158	1660	10
2	417566	1680	19
2	422880	1700	20
2	428284	1720	3
2	433465	1740	18
2	438861	1760	11
2	444176	1780	5
2	449523	1800	14
2	454418	1820	4
2	458678	1840	10
2	462458	1860	4
2	465740	1880	15
2	468619	1900	5
2	471195	1920	3
2	473203	1940	0
2	474771	1960	1
2	475785	1980	1
2	476367	2000	8
3	34705	240	0
3	40056	260	1
3	45334	280	0
3	50712	300	0
3	56176	320	0
3	61524	340	1
3	66785	360	0
3	72013	380	0
3	77253	400	2
3	82499	420	0
3	87860	440	0
3	93245	460	3
3	98427	480	0
3	103686	500	1
3	108927	520	1
3	114175	540	2
3	119540	560	0
3	124891	580	1
3	130300	600	1
3	135648	620	0
3	140918	640	2
3	146335	660	1
3	151779	680	0
3	157128	700	0
3	162498	720	2
3	167751	740	0
3	173086	760	0
3	178393	780	0
3	183772	800	1
3	189068	820	1
3	194423	840	0
3	199737	860	0
3	204953	880	1
3	210227	900	1
3	215521	920	1
3	220838	940	0
3	226172	960	0
3	231528	980	2
3	236873	1000	0
3	242110	1020	2
3	247457	1040	2
3	252733	1060	2
3	258124	1080	0
3	263409	1100	2
3	268698	1120	1
3	274041	1140	1
3	279353	1160	1
3	284599	1180	0
3	289704	1200	0
3	295057	1220	0
3	300411	1240	1
3	305743	1260	1
3	311074	1280	1
3	316382	1300	0
3	321636	1320	2
3	326977	1340	0
3	332339	1360	1
3	337707	1380	0
3	342970	1400	1
3	348433	1420	0
3	353705	1440	1
3	359079	1460	1
3	364383	1480	1
3	369635	1500	0
3	374905	1520	1
3	380279	1540	1
3	385533	1560	1
3	390903	1580	0
3	396126	1600	1
3	401435	1620	0
3	406772	1640	0
3	412158	1660	2
3	417566	1680	2
3	422880	1700	4
3	428284	1720	1
3	433465	1740	1
3	438861	1760	1
3	444176	1780	0
3	449523	1800	0
3	454418	1820	0
3	458678	1840	0
3	462458	1860	0
3	465740	1880	0
3	468619	1900	0
3	471195	1920	2
3	473203	1940	0
3	474771	1960	0
3	475785	1980	0
3	476367	2000	0
4	34705	240	1
4	40056	260	2
4	45334	280	4
4	50712	300	13
4	56176	320	9
4	61524	340	18
4	66785	360	16
4	72013	380	10
4	77253	400	11
4	82499	420	11
4	87860	440	1
4	93245	460	13
4	98427	480	12
4	103686	500	5
4	108927	520	3
4	114175	540	14
4	119540	560	19
4	124891	580	10
4	130300	600	9
4	135648	620	8
4	140918	640	5
4	146335	660	7
4	151779	680	26
4	157128	700	10
4	162498	720	11
4	167751	740	5
4	173086	760	11
4	178393	780	13
4	183772	800	16
4	189068	820	12
4	194423	840	10
4	199737	860	1
4	204953	880	2
4	210227	900	5
4	215521	920	4
4	220838	940	8
4	226172	960	5
4	231528	980	2
4	236873	1000	7
4	242110	1020	2
4	247457	1040	3
4	252733	1060	3
4	258124	1080	6
4	263409	1100	4
4	268698	1120	4
4	274041	1140	5
4	279353	1160	4
4	284599	1180	6
4	289704	1200	1
4	295057	1220	9
4	300411	1240	1
4	305743	1260	13
4	311074	1280	3
4	316382	1300	1
4	321636	1320	13
4	326977	1340	11
4	332339	1360	16
4	337707	1380	2
4	342970	1400	2
4	348433	1420	17
4	353705	1440	4
4	359079	1460	4
4	364383	1480	13
4	369635	1500	21
4	374905	1520	10
4	380279	1540	6
4	385533	1560	7
4	390903	1580	4
4	396126	1600	13
4	401435	1620	19
4	406772	1640	2
4	412158	1660	8
4	417566	1680	17
4	422880	1700	15
4	428284	1720	2
4	433465	1740	17
4	438861	1760	10
4	444176	1780	4
4	449523	1800	14
4	454418	1820	4
4	458678	1840	10
4	462458	1860	4
4	465740	1880	15
4	468619	1900	5
4	471195	1920	1
4	473203	1940	0
4	474771	1960	1
4	475785	1980	1
4	476367	2000	8
5	34705	240	2.8
5	40056	260	3.1111111111111
5	45334	280	4.1428571428571
5	50712	300	4.6
5	56176	320	2.4444444444444
5	61524	340	3.2
5	66785	360	3.8
5	72013	380	4
5	77253	400	2.5
5	82499	420	3
5	87860	440	3.3333333333333
5	93245	460	3.8
5	98427	480	3.5
5	103686	500	2.7777777777778
5	108927	520	3
5	114175	540	3
5	119540	560	6
5	124891	580	3
5	130300	600	5
5	135648	620	3.5714285714286
5	140918	640	3.125
5	146335	660	3.7142857142857
5	151779	680	4.3333333333333
5	157128	700	3.1428571428571
5	162498	720	3.3333333333333
5	167751	740	3
5	173086	760	3.8333333333333
5	178393	780	3
5	183772	800	3.6
5	189068	820	2.7142857142857
5	194423	840	4
5	199737	860	3.4444444444444
5	204953	880	3.5
5	210227	900	3.8571428571429
5	215521	920	4.1428571428571
5	220838	940	4.3333333333333
5	226172	960	4.1428571428571
5	231528	980	2.7
5	236873	1000	3
5	242110	1020	3
5	247457	1040	3.375
5	252733	1060	2.1818181818182
5	258124	1080	3.375
5	263409	1100	2.8888888888889
5	268698	1120	2.4
5	274041	1140	3.8571428571429
5	279353	1160	2.6
5	284599	1180	3.375
5	289704	1200	3.875
5	295057	1220	2.875
5	300411	1240	2.8
5	305743	1260	4.2
5	311074	1280	3.2222222222222
5	316382	1300	3.875
5	321636	1320	3.3333333333333
5	326977	1340	4
5	332339	1360	5
5	337707	1380	2.9
5	342970	1400	3.2222222222222
5	348433	1420	4.75
5	353705	1440	2.8888888888889
5	359079	1460	2.2727272727273
5	364383	1480	4.2
5	369635	1500	5.3333333333333
5	374905	1520	5
5	380279	1540	3.8571428571429
5	385533	1560	3.5714285714286
5	390903	1580	2.8888888888889
5	396126	1600	3.3333333333333
5	401435	1620	3.2
5	406772	1640	3.75
5	412158	1660	2.875
5	417566	1680	3.4
5	422880	1700	2.3333333333333
5	428284	1720	3.75
5	433465	1740	3.2
5	438861	1760	4.1666666666667
5	444176	1780	4
5	449523	1800	4.2
5	454418	1820	3.7142857142857
5	458678	1840	3.8
5	462458	1860	4.4
5	465740	1880	2.25
5	468619	1900	5.3333333333333
5	471195	1920	3.5
5	473203	1940	3.25
5	474771	1960	2
5	475785	1980	3.5
5	476367	2000	nan
6	34705	240	1.3984117975602
6	40056	260	1.4529663145136
6	45334	280	1.3451854182691
6	50712	300	2.1908902300207
6	56176	320	1.5092308563562
6	61524	340	2.1679483388679
6	66785	360	1.7888543819998
6	72013	380	1.897366596101
6	77253	400	1.1952286093344
6	82499	420	2.1602468994693
6	87860	440	1.5
6	93245	460	1.0954451150103
6	98427	480	2.0736441353328
6	103686	500	1.4813657362193
6	108927	520	1.5
6	114175	540	1.6733200530682
6	119540	560	0
6	124891	580	1.8257418583506
6	130300	600	0
6	135648	620	1.2724180205607
6	140918	640	1.2464234547582
6	146335	660	1.6035674514745
6	151779	680	2.0816659994661
6	157128	700	1.6761634196951
6	162498	720	1.6329931618555
6	167751	740	1.5811388300842
6	173086	760	1.471960144388
6	178393	780	1.9148542155127
6	183772	800	1.8165902124585
6	189068	820	1.6035674514745
6	194423	840	1.4142135623731
6	199737	860	1.8104634152
6	204953	880	2.2038926600774
6	210227	900	1.9518001458971
6	215521	920	1.3451854182691
6	220838	940	2.2509257354846
6	226172	960	1.4638501094228
6	231528	980	1.3374935098493
6	236873	1000	1.4142135623731
6	242110	1020	1.1180339887499
6	247457	1040	1.7677669529664
6	252733	1060	1.3280197150782
6	258124	1080	1.3024701806293
6	263409	1100	1.6158932858054
6	268698	1120	1.3498971154211
6	274041	1140	1.9518001458971
6	279353	1160	1.5776212754932
6	284599	1180	1.1877349391654
6	289704	1200	1.6420805617961
6	295057	1220	1.4577379737113
6	300411	1240	1.1352924243951
6	305743	1260	1.4832396974191
6	311074	1280	1.4813657362193
6	316382	1300	1.1259916264596
6	321636	1320	1.5055453054182
6	326977	1340	1.7888543819998
6	332339	1360	1.4142135623731
6	337707	1380	0.99442892601175
6	342970	1400	1.7873008824606
6	348433	1420	0.5
6	353705	1440	1.4529663145136
6	359079	1460	1.4893561757289
6	364383	1480	1.9235384061671
6	369635	1500	0.57735026918963
6	374905	1520	0.70710678118655
6	380279	1540	1.3451854182691
6	385533	1560	2.3704530408864
6	390903	1580	1.6158932858054
6	396126	1600	2.2509257354846
6	401435	1620	1.3038404810405
6	406772	1640	1.8322507626258
6	412158	1660	1.6420805617961
6	417566	1680	1.8165902124585
6	422880	1700	1.7511900715418
6	428284	1720	1.5811388300842
6	433465	1740	2.1679483388679
6	438861	1760	1.3291601358251
6	444176	1780	1.4142135623731
6	449523	1800	2.0493901531919
6	454418	1820	1.7994708216849
6	458678	1840	1.6431676725155
6	462458	1860	1.8165902124585
6	465740	1880	1.2583057392118
6	468619	1900	0.57735026918963
6	471195	1920	1.7320508075689
6	473203	1940	0.95742710775634
6	474771	1960	1.1547005383793
6	475785	1980	3.5355339059327
6	476367	2000	nan
7	34705	240	1.9555555555556
7	40056	260	2.1111111111111
7	45334	280	1.8095238095238
7	50712	300	4.8
7	56176	320	2.2777777777778
7	61524	340	4.7
7	66785	360	3.2
7	72013	380	3.6
7	77253	400	1.4285714285714
7	82499	420	4.6666666666667
7	87860	440	2.25
7	93245	460	1.2
7	98427	480	4.3
7	103686	500	2.1944444444444
7	108927	520	2.25
7	114175	540	2.8
7	119540	560	0
7	124891	580	3.3333333333333
7	130300	600	0
7	135648	620	1.6190476190476
7	140918	640	1.5535714285714
7	146335	660	2.5714285714286
7	151779	680	4.3333333333333
7	157128	700	2.8095238095238
7	162498	720	2.6666666666667
7	167751	740	2.5
7	173086	760	2.1666666666667
7	178393	780	3.6666666666667
7	183772	800	3.3
7	189068	820	2.5714285714286
7	194423	840	2
7	199737	860	3.2777777777778
7	204953	880	4.8571428571429
7	210227	900	3.8095238095238
7	215521	920	1.8095238095238
7	220838	940	5.0666666666667
7	226172	960	2.1428571428571
7	231528	980	1.7888888888889
7	236873	1000	2
7	242110	1020	1.25
7	247457	1040	3.125
7	252733	1060	1.7636363636364
7	258124	1080	1.6964285714286
7	263409	1100	2.6111111111111
7	268698	1120	1.8222222222222
7	274041	1140	3.8095238095238
7	279353	1160	2.4888888888889
7	284599	1180	1.4107142857143
7	289704	1200	2.6964285714286
7	295057	1220	2.125
7	300411	1240	1.2888888888889
7	305743	1260	2.2
7	311074	1280	2.1944444444444
7	316382	1300	1.2678571428571
7	321636	1320	2.2666666666667
7	326977	1340	3.2
7	332339	1360	2
7	337707	1380	0.98888888888889
7	342970	1400	3.1944444444444
7	348433	1420	0.25
7	353705	1440	2.1111111111111
7	359079	1460	2.2181818181818
7	364383	1480	3.7
7	369635	1500	0.33333333333333
7	374905	1520	0.5
7	380279	1540	1.8095238095238
7	385533	1560	5.6190476190476
7	390903	1580	2.6111111111111
7	396126	1600	5.0666666666667
7	401435	1620	1.7
7	406772	1640	3.3571428571429
7	412158	1660	2.6964285714286
7	417566	1680	3.3
7	422880	1700	3.0666666666667
7	428284	1720	2.5
7	433465	1740	4.7
7	438861	1760	1.7666666666667
7	444176	1780	2
7	449523	1800	4.2
7	454418	1820	3.2380952380952
7	458678	1840	2.7
7	462458	1860	3.3
7	465740	1880	1.5833333333333
7	468619	1900	0.33333333333333
7	471195	1920	3
7	473203	1940	0.91666666666667
7	474771	1960	1.3333333333333
7	475785	1980	12.5
7	476367	2000	nan
8	34705	240	9.2820512820513
8	40056	260	9.075
8	45334	280	8.95
8	50712	300	9.0975609756098
8	56176	320	9.175
8	61524	340	9.1282051282051
8	66785	360	8.725
8	72013	380	8.675
8	77253	400	8.7073170731707
8	82499	420	8.9230769230769
8	87860	440	9.15
8	93245	460	8.875
8	98427	480	9.0512820512821
8	103686	500	8.65
8	108927	520	9
8	114175	540	9.05
8	119540	560	9.3
8	124891	580	9.2820512820513
8	130300	600	9.075
8	135648	620	9.15
8	140918	640	8.925
8	146335	660	9.0487804878049
8	151779	680	9
8	157128	700	9.3076923076923
8	162498	720	9.1025641025641
8	167751	740	9.0243902439024
8	173086	760	8.775
8	178393	780	9
8	183772	800	9.3
8	189068	820	9.2051282051282
8	194423	840	9.3
8	199737	860	9
8	204953	880	9
8	210227	900	9.05
8	215521	920	9.1219512195122
8	220838	940	9.025
8	226172	960	8.8292682926829
8	231528	980	8.8536585365854
8	236873	1000	9.1282051282051
8	242110	1020	8.95
8	247457	1040	8.9
8	252733	1060	8.95
8	258124	1080	9.0487804878049
8	263409	1100	8.7317073170732
8	268698	1120	9.2307692307692
8	274041	1140	8.775
8	279353	1160	8.7317073170732
8	284599	1180	8.7073170731707
8	289704	1200	9.05
8	295057	1220	9.1
8	300411	1240	8.975
8	305743	1260	8.95
8	311074	1280	8.7142857142857
8	316382	1300	9
8	321636	1320	8.7073170731707
8	326977	1340	9
8	332339	1360	8.8048780487805
8	337707	1380	8.8292682926829
8	342970	1400	8.9512195121951
8	348433	1420	9.2
8	353705	1440	8.8
8	359079	1460	9.219512195122
8	364383	1480	9.075
8	369635	1500	8.85
8	374905	1520	9.0243902439024
8	380279	1540	8.925
8	385533	1560	8.95
8	390903	1580	9.1794871794872
8	396126	1600	8.95
8	401435	1620	9
8	406772	1640	9.225
8	412158	1660	8.9756097560976
8	417566	1680	9.1463414634146
8	422880	1700	9.1794871794872
8	428284	1720	8.9756097560976
8	433465	1740	8.7948717948718
8	438861	1760	8.7857142857143
8	444176	1780	9.3846153846154
8	449523	1800	9.1
8	454418	1820	8.7837837837838
8	458678	1840	8.2647058823529
8	462458	1860	8.2258064516129
8	465740	1880	7.8214285714286
8	468619	1900	8.0416666666667
8	471195	1920	8.0952380952381
8	473203	1940	8
8	474771	1960	7.0769230769231
8	475785	1980	6.3
8	476367	2000	5.5
9	34705	240	1.7910408316001
9	40056	260	2.1648414402765
9	45334	280	1.6322078801741
9	50712	300	1.7861253882186
9	56176	320	1.8381637995147
9	61524	340	2.3076473229983
9	66785	360	1.9869768300302
9	72013	380	1.5256356388614
9	77253	400	1.749912889818
9	82499	420	1.8120156759026
9	87860	440	1.6259119728908
9	93245	460	1.8836339673824
9	98427	480	1.7160038944367
9	103686	500	1.9288630901422
9	108927	520	1.6641005886757
9	114175	540	1.6322078801741
9	119540	560	1.6361305195256
9	124891	580	1.450022104164
9	130300	600	1.8998987827291
9	135648	620	1.6878145480822
9	140918	640	1.5588868480837
9	146335	660	1.8967237478372
9	151779	680	1.9630737471082
9	157128	700	1.3407351901858
9	162498	720	1.3532586751377
9	167751	740	1.8095276300467
9	173086	760	2.5468683636063
9	178393	780	2.1213203435596
9	183772	800	1.2649110640674
9	189068	820	1.734775689724
9	194423	840	1.5055453054182
9	199737	860	1.9364916731037
9	204953	880	2.0390916450327
9	210227	900	1.5350603429215
9	215521	920	1.6910813397235
9	220838	940	1.4048907248316
9	226172	960	1.7874904059098
9	231528	980	1.7257024020635
9	236873	1000	1.2392588442819
9	242110	1020	1.7238894604338
9	247457	1040	1.8783517051407
9	252733	1060	1.5681117176319
9	258124	1080	1.8567608827229
9	263409	1100	1.7032966600669
9	268698	1120	1.4949307053389
9	274041	1140	1.954449230569
9	279353	1160	1.5004064489981
9	284599	1180	1.5205903859854
9	289704	1200	1.678674690924
9	295057	1220	1.836942833721
9	300411	1240	1.7466084351225
9	305743	1260	1.6164221332376
9	311074	1280	2.1217309349394
9	316382	1300	2.0380986614603
9	321636	1320	2.112390854447
9	326977	1340	1.9104973174543
9	332339	1360	1.8603697508173
9	337707	1380	1.6416826585
9	342970	1400	1.9487331719889
9	348433	1420	1.8425177868536
9	353705	1440	1.6671794083083
9	359079	1460	2.0063922238928
9	364383	1480	1.4568582283242
9	369635	1500	1.6725537053966
9	374905	1520	1.619996988856
9	380279	1540	1.4568582283242
9	385533	1560	1.484103804511
9	390903	1580	1.2538738892307
9	396126	1600	1.6478424121816
9	401435	1620	1.4142135623731
9	406772	1640	1.7169964831289
9	412158	1660	2.0060882941442
9	417566	1680	1.5741819400844
9	422880	1700	1.6038078844096
9	428284	1720	1.7246420625459
9	433465	1740	1.2810252304407
9	438861	1760	2.0781759624754
9	444176	1780	1.6641005886757
9	449523	1800	1.6763819404469
9	454418	1820	1.272249432548
9	458678	1840	1.7461442116398
9	462458	1860	1.8204336007182
9	465740	1880	1.9061998540546
9	468619	1900	1.8528278426483
9	471195	1920	1.6094956323259
9	473203	1940	1.4577379737113
9	474771	1960	1.5525000516124
9	475785	1980	1.0593499054714
9	476367	2000	1.1952286093344
10	34705	240	3.2078272604588
10	40056	260	4.6865384615385
10	45334	280	2.6641025641026
10	50712	300	3.190243902439
10	56176	320	3.3788461538462
10	61524	340	5.3252361673414
10	66785	360	3.9480769230769
10	72013	380	2.3275641025641
10	77253	400	3.0621951219512
10	82499	420	3.2834008097166
10	87860	440	2.6435897435897
10	93245	460	3.5480769230769
10	98427	480	2.944669365722
10	103686	500	3.7205128205128
10	108927	520	2.7692307692308
10	114175	540	2.6641025641026
10	119540	560	2.6769230769231
10	124891	580	2.1025641025641
10	130300	600	3.6096153846154
10	135648	620	2.8487179487179
10	140918	640	2.4301282051282
10	146335	660	3.5975609756098
10	151779	680	3.8536585365854
10	157128	700	1.7975708502024
10	162498	720	1.8313090418354
10	167751	740	3.2743902439024
10	173086	760	6.4865384615385
10	178393	780	4.5
10	183772	800	1.6
10	189068	820	3.0094466936572
10	194423	840	2.2666666666667
10	199737	860	3.75
10	204953	880	4.1578947368421
10	210227	900	2.3564102564103
10	215521	920	2.859756097561
10	220838	940	1.9737179487179
10	226172	960	3.1951219512195
10	231528	980	2.9780487804878
10	236873	1000	1.5357624831309
10	242110	1020	2.9717948717949
10	247457	1040	3.5282051282051
10	252733	1060	2.4589743589744
10	258124	1080	3.4475609756098
10	263409	1100	2.9012195121951
10	268698	1120	2.2348178137652
10	274041	1140	3.8198717948718
10	279353	1160	2.2512195121951
10	284599	1180	2.3121951219512
10	289704	1200	2.8179487179487
10	295057	1220	3.374358974359
10	300411	1240	3.050641025641
10	305743	1260	2.6128205128205
10	311074	1280	4.5017421602787
10	316382	1300	4.1538461538462
10	321636	1320	4.4621951219512
10	326977	1340	3.65
10	332339	1360	3.4609756097561
10	337707	1380	2.6951219512195
10	342970	1400	3.7975609756098
10	348433	1420	3.3948717948718
10	353705	1440	2.7794871794872
10	359079	1460	4.0256097560976
10	364383	1480	2.1224358974359
10	369635	1500	2.7974358974359
10	374905	1520	2.6243902439024
10	380279	1540	2.1224358974359
10	385533	1560	2.2025641025641
10	390903	1580	1.5721997300945
10	396126	1600	2.7153846153846
10	401435	1620	2
10	406772	1640	2.9480769230769
10	412158	1660	4.0243902439024
10	417566	1680	2.4780487804878
10	422880	1700	2.5721997300945
10	428284	1720	2.9743902439024
10	433465	1740	1.6410256410256
10	438861	1760	4.3188153310105
10	444176	1780	2.7692307692308
10	449523	1800	2.8102564102564
10	454418	1820	1.6186186186186
10	458678	1840	3.0490196078431
10	462458	1860	3.3139784946237
10	465740	1880	3.6335978835979
10	468619	1900	3.4329710144928
10	471195	1920	2.5904761904762
10	473203	1940	2.125
10	474771	1960	2.4102564102564
10	475785	1980	1.1222222222222
10	476367	2000	1.4285714285714
11	34705	240	472.95019038961
11	40056	260	414.37602337453
11	45334	280	318.19730478132
11	50712	300	235.41904655796
11	56176	320	414.77669309654
11	61524	340	229.14377795172
11	66785	360	232.72613712828
11	72013	380	271.85654057805
11	77253	400	365.74178251798
11	82499	420	318.3762608033
11	87860	440	422.6549884349
11	93245	460	229.84404870766
11	98427	480	271.25156401394
11	103686	500	414.0621819597
11	108927	520	417.73478650159
11	114175	540	275.36844877559
11	119540	560	137.89014855227
11	124891	580	321.49233201661
11	130300	600	229.69157400388
11	135648	620	321.19152875203
11	140918	640	363.47239985412
11	146335	660	324.42167903215
11	151779	680	141.24505359533
11	157128	700	323.79122582119
11	162498	720	276.69025564505
11	167751	740	414.24995751318
11	173086	760	276.12197060322
11	178393	780	331.96353492704
11	183772	800	224.77625351006
11	189068	820	325.19646977919
11	194423	840	278.3287866722
11	199737	860	419.67745799125
11	204953	880	368.26616815888
11	210227	900	319.92120638138
11	215521	920	318.49978072754
11	220838	940	273.03579060983
11	226172	960	322.71825958771
11	231528	980	464.29720425603
11	236873	1000	359.83518400076
11	242110	1020	416.20735250549
11	247457	1040	365.68793275926
11	252733	1060	509.63185227739
11	258124	1080	366.76521602072
11	263409	1100	416.30784882864
11	268698	1120	459.69974593202
11	274041	1140	326.53815755149
11	279353	1160	467.71657217654
11	284599	1180	367.15243155015
11	289704	1200	365.61599980127
11	295057	1220	367.30464659073
11	300411	1240	463.57351265037
11	305743	1260	226.38797504087
11	311074	1280	414.01563625321
11	316382	1300	371.0112252206
11	321636	1320	273.67104921193
11	326977	1340	274.55702562522
11	332339	1360	182.55677341517
11	337707	1380	458.17581067902
11	342970	1400	420.19966911619
11	348433	1420	180.95607083746
11	353705	1440	415.78118857474
11	359079	1460	505.24420088071
11	364383	1480	224.60408143039
11	369635	1500	136.38290525653
11	374905	1520	224.65527078816
11	380279	1540	319.72615025223
11	385533	1560	327.2748020782
11	390903	1580	413.20596050945
11	396126	1600	276.14127113211
11	401435	1620	232.98055906805
11	406772	1640	364.14070279471
11	412158	1660	371.00071824918
11	417566	1680	232.11834684715
11	422880	1700	273.39461985055
11	428284	1720	364.75500622282
11	433465	1740	223.23173910875
11	438861	1760	273.61043639262
11	444176	1780	317.7004753957
11	449523	1800	233.29116868232
11	454418	1820	321.31057508068
11	458678	1840	227.92103129939
11	462458	1860	228.85012719083
11	465740	1880	188.46738432821
11	468619	1900	137.58893740306
11	471195	1920	182.79536608003
11	473203	1940	188.3315828269
11	474771	1960	190.2405622975
11	475785	1980	92.956555100975
11	476367	2000	0
12	34705	240	47.295019038961
12	40056	260	46.041780374948
12	45334	280	45.456757825903
12	50712	300	47.083809311592
12	56176	320	46.086299232949
12	61524	340	45.828755590344
12	66785	360	46.545227425656
12	72013	380	45.309423429675
12	77253	400	45.717722814748
12	82499	420	45.4823229719
12	87860	440	46.961665381656
12	93245	460	45.968809741533
12	98427	480	45.208594002323
12	103686	500	46.006909106633
12	108927	520	46.414976277955
12	114175	540	45.894741462598
12	119540	560	45.963382850757
12	124891	580	45.927476002373
12	130300	600	45.938314800775
12	135648	620	45.884504107434
12	140918	640	45.434049981766
12	146335	660	46.34595414745
12	151779	680	47.081684531778
12	157128	700	46.255889403027
12	162498	720	46.115042607509
12	167751	740	46.02777305702
12	173086	760	46.02032843387
12	178393	780	47.423362132434
12	183772	800	44.955250702013
12	189068	820	46.456638539884
12	194423	840	46.388131112034
12	199737	860	46.630828665694
12	204953	880	46.03327101986
12	210227	900	45.703029483055
12	215521	920	45.499968675363
12	220838	940	45.505965101639
12	226172	960	46.10260851253
12	231528	980	46.429720425603
12	236873	1000	44.979398000095
12	242110	1020	46.245261389499
12	247457	1040	45.710991594907
12	252733	1060	46.330168388853
12	258124	1080	45.84565200259
12	263409	1100	46.256427647626
12	268698	1120	45.969974593202
12	274041	1140	46.648308221641
12	279353	1160	46.771657217654
12	284599	1180	45.894053943769
12	289704	1200	45.701999975158
12	295057	1220	45.913080823841
12	300411	1240	46.357351265037
12	305743	1260	45.277595008174
12	311074	1280	46.001737361467
12	316382	1300	46.376403152575
12	321636	1320	45.611841535321
12	326977	1340	45.75950427087
12	332339	1360	45.639193353792
12	337707	1380	45.817581067902
12	342970	1400	46.688852124021
12	348433	1420	45.239017709365
12	353705	1440	46.197909841638
12	359079	1460	45.931290989156
12	364383	1480	44.920816286079
12	369635	1500	45.460968418843
12	374905	1520	44.931054157632
12	380279	1540	45.675164321747
12	385533	1560	46.753543154028
12	390903	1580	45.911773389939
12	396126	1600	46.023545188684
12	401435	1620	46.596111813609
12	406772	1640	45.517587849339
12	412158	1660	46.375089781147
12	417566	1680	46.423669369429
12	422880	1700	45.565769975092
12	428284	1720	45.594375777852
12	433465	1740	44.646347821749
12	438861	1760	45.60173939877
12	444176	1780	45.385782199385
12	449523	1800	46.658233736465
12	454418	1820	45.901510725812
12	458678	1840	45.584206259877
12	462458	1860	45.770025438166
12	465740	1880	47.116846082053
12	468619	1900	45.862979134353
12	471195	1920	45.698841520007
12	473203	1940	47.082895706724
12	474771	1960	47.560140574374
12	475785	1980	46.478277550487
12	476367	2000	nan
13	34705	240	2.6994412988412
13	40056	260	1.3278648800316
13	45334	280	0.62210037969362
13	50712	300	3.4503094015213
13	56176	320	0.85530659966364
13	61524	340	1.3005275254374
13	66785	360	2.1699185999149
13	72013	380	0.83600916490371
13	77253	400	1.1968895904839
13	82499	420	1.3655654834808
13	87860	440	1.6273266253059
13	93245	460	1.8992673805046
13	98427	480	0.7066526088597
13	103686	500	2.0505998821399
13	108927	520	1.1604402630862
13	114175	540	1.7259328071301
13	119540	560	0.089727993013633
13	124891	580	2.21006980993
13	130300	600	0.46072758113541
13	135648	620	1.4689758410831
13	140918	640	1.1790700657381
13	146335	660	1.7788962518524
13	151779	680	3.4827470985777
13	157128	700	2.3225733643788
13	162498	720	1.843461172327
13	167751	740	1.432626726428
13	173086	760	1.1224659342463
13	178393	780	1.392403817114
13	183772	800	1.1741056100862
13	189068	820	1.7155422743675
13	194423	840	1.4124317307278
13	199737	860	2.1857244528728
13	204953	880	1.5885644409572
13	210227	900	0.87334190355771
13	215521	920	1.7181987730899
13	220838	940	1.099707428786
13	226172	960	2.2039249897452
13	231528	980	1.4811263485141
13	236873	1000	0.84906492234925
13	242110	1020	1.3828432668399
13	247457	1040	0.9027570257259
13	252733	1060	1.4329426033483
13	258124	1080	0.81987224762036
13	263409	1100	1.0411358758358
13	268698	1120	0.79277138291705
13	274041	1140	2.3300127470811
13	279353	1160	3.0587541492138
13	284599	1180	1.611926722309
13	289704	1200	1.7786113702573
13	295057	1220	1.5860131920407
13	300411	1240	1.1966440007456
13	305743	1260	1.5271130203502
13	311074	1280	0.97718619519516
13	316382	1300	1.4061841015093
13	321636	1320	0.33880913118152
13	326977	1340	1.3018953991809
13	332339	1360	0.94611489772385
13	337707	1380	1.1556182229713
13	342970	1400	1.1660301905969
13	348433	1420	0.19608041876027
13	353705	1440	1.0162016049362
13	359079	1460	1.8384178157309
13	364383	1480	0.66483848771201
13	369635	1500	0.88109443809887
13	374905	1520	0.7223461081177
13	380279	1540	0.50913442768913
13	385533	1560	1.8587017053116
13	390903	1580	1.1421570137865
13	396126	1600	1.3113510352096
13	401435	1620	2.0195385088503
13	406772	1640	1.7702519644546
13	412158	1660	1.6983334797464
13	417566	1680	1.9004672836929
13	422880	1700	0.90555753098701
13	428284	1720	0.65570665777927
13	433465	1740	0.78507179546961
13	438861	1760	0.87129022795706
13	444176	1780	0.7711015024902
13	449523	1800	3.127337062541
13	454418	1820	1.1159473274339
13	458678	1840	0.75057326222597
13	462458	1860	1.0663060673744
13	465740	1880	1.9716215316192
13	468619	1900	1.5573574651868
13	471195	1920	1.3374156912402
13	473203	1940	1.3195335790234
13	474771	1960	1.5523471928139
13	475785	1980	1.6282261866325
13	476367	2000	nan
14	34705	240	7.2869833258894
14	40056	260	1.7632251396214
14	45334	280	0.38700888241495
14	50712	300	11.904634966226
14	56176	320	0.73154937942819
14	61524	340	1.6913718444204
14	66785	360	4.7085467302568
14	72013	380	0.69891132380301
14	77253	400	1.4325446918087
14	82499	420	1.8647690896742
14	87860	440	2.6481919454296
14	93245	460	3.6072165826488
14	98427	480	0.49935790960822
14	103686	500	4.2049598766323
14	108927	520	1.3466216041916
14	114175	540	2.9788440547281
14	119540	560	0.0080511127302545
14	124891	580	4.884408564764
14	130300	600	0.21226990401888
14	135648	620	2.1578900216857
14	140918	640	1.3902062199196
14	146335	660	3.1644718748544
14	151779	680	12.129527352651
14	157128	700	5.3943470329219
14	162498	720	3.3983490938772
14	167751	740	2.0524193372758
14	173086	760	1.2599297735434
14	178393	780	1.9387883899135
14	183772	800	1.3785239836358
14	189068	820	2.9430852951419
14	194423	840	1.9949633939668
14	199737	860	4.7773913838861
14	204953	880	2.5235369830737
14	210227	900	0.7627260805098
14	215521	920	2.9522070238475
14	220838	940	1.2093564289271
14	226172	960	4.8572853604236
14	231528	980	2.1937352602626
14	236873	1000	0.72091124236394
14	242110	1020	1.9122555006444
14	247457	1040	0.81497024749747
14	252733	1060	2.0533245044906
14	258124	1080	0.67219050241806
14	263409	1100	1.0839639119523
14	268698	1120	0.62848646557221
14	274041	1140	5.4289594015603
14	279353	1160	9.3559769453328
14	284599	1180	2.5983077580938
14	289704	1200	3.1634584064084
14	295057	1220	2.5154378453271
14	300411	1240	1.4319568645205
14	305743	1260	2.3320741769232
14	311074	1280	0.95489286007999
14	316382	1300	1.9773537273376
14	321636	1320	0.11479162737198
14	326977	1340	1.6949316304084
14	332339	1360	0.89513339969501
14	337707	1380	1.3354534772633
14	342970	1400	1.3596264053834
14	348433	1420	0.038447530621201
14	353705	1440	1.0326657018749
14	359079	1460	3.3797800651969
14	364383	1480	0.44201021474319
14	369635	1500	0.77632740884876
14	374905	1520	0.52178389991279
14	380279	1540	0.25921786545834
14	385533	1560	3.4547720293281
14	390903	1580	1.3045226441417
14	396126	1600	1.7196415375452
14	401435	1620	4.0785357887293
14	406772	1640	3.1337920176555
14	412158	1660	2.8843366084274
14	417566	1680	3.6117758963872
14	422880	1700	0.82003444192729
14	428284	1720	0.42995122105605
14	433465	1740	0.61633772404188
14	438861	1760	0.75914666133347
14	444176	1780	0.59459752714265
14	449523	1800	9.7802371027428
14	454418	1820	1.245338437607
14	458678	1840	0.56336022196854
14	462458	1860	1.1370086293194
14	465740	1880	3.8872914639445
14	468619	1900	2.4253622743732
14	471195	1920	1.7886807311754
14	473203	1940	1.7411688661703
14	474771	1960	2.4097818070371
14	475785	1980	2.6511205148359
14	476367	2000	nan
15	34705	240	453.01307356075
15	40056	260	448.26449035567
15	45334	280	311.83891452308
15	50712	300	223.94318936313
15	56176	320	405.48290022175
15	61524	340	222.59013811292
15	66785	360	224.05496527328
15	72013	380	268.20454648741
15	77253	400	448.41716946486
15	82499	420	312.18051632364
15	87860	440	403.55000406271
15	93245	460	360.41121792712
15	98427	480	267.69103806388
15	103686	500	448.40267352211
15	108927	520	446.4102157604
15	114175	540	356.47929158792
15	119540	560	135.291170397
15	124891	580	360.64999640028
15	130300	600	271.06680645267
15	135648	620	314.04610746863
15	140918	640	449.6306172141
15	146335	660	361.90486768934
15	151779	680	136.51290470211
15	157128	700	317.53167056221
15	162498	720	357.42726952474
15	167751	740	401.08747636911
15	173086	760	267.46769856464
15	178393	780	317.26725111719
15	183772	800	265.73025098115
15	189068	820	358.95167489928
15	194423	840	267.4100239949
15	199737	860	406.98519817318
15	204953	880	406.44074856675
15	210227	900	357.75568982941
15	215521	920	360.38598416275
15	220838	940	267.17910483341
15	226172	960	315.6643655314
15	231528	980	540.03511747786
15	236873	1000	356.75353724468
15	242110	1020	492.22408002029
15	247457	1040	448.30261644705
15	252733	1060	583.31264248978
15	258124	1080	357.70287300561
15	263409	1100	489.70072719012
15	268698	1120	489.21086881187
15	274041	1140	362.13669774056
15	279353	1160	496.22807734408
15	284599	1180	359.90354509295
15	289704	1200	359.67214307498
15	295057	1220	359.72547935571
15	300411	1240	493.67656130078
15	305743	1260	272.57097245238
15	311074	1280	449.74199139589
15	316382	1300	360.49456433917
15	321636	1320	356.41063481804
15	326977	1340	267.67449914243
15	332339	1360	224.0442738897
15	337707	1380	447.14065695137
15	342970	1400	451.22576661788
15	348433	1420	178.87992808499
15	353705	1440	446.7272566155
15	359079	1460	534.89332426747
15	364383	1480	268.32625841997
15	369635	1500	133.77108283697
15	374905	1520	268.0319663071
15	380279	1540	312.43586247387
15	385533	1560	361.31787180203
15	390903	1580	401.14337970777
15	396126	1600	312.27972553452
15	401435	1620	224.2588255415
15	406772	1640	355.63918228819
15	412158	1660	446.09382937091
15	417566	1680	313.32523988362
15	422880	1700	442.62360387916
15	428284	1720	402.58336845007
15	433465	1740	265.80815050589
15	438861	1760	311.50028679912
15	444176	1780	312.1737620193
15	449523	1800	225.2485536355
15	454418	1820	314.86478960476
15	458678	1840	222.82545492627
15	462458	1860	222.71337382025
15	465740	1880	182.06670060219
15	468619	1900	135.68398036508
15	471195	1920	274.92244501785
15	473203	1940	181.70133728572
15	474771	1960	182.8813446036
15	475785	1980	89.746695683432
15	476367	2000	0
16	34705	240	45.301307356075
16	40056	260	44.826449035567
16	45334	280	44.54841636044
16	50712	300	44.788637872625
16	56176	320	45.053655580195
16	61524	340	44.518027622583
16	66785	360	44.810993054656
16	72013	380	44.700757747902
16	77253	400	44.841716946486
16	82499	420	44.597216617664
16	87860	440	44.838889340301
16	93245	460	45.05140224089
16	98427	480	44.615173010647
16	103686	500	44.840267352211
16	108927	520	44.64102157604
16	114175	540	44.55991144849
16	119540	560	45.097056799001
16	124891	580	45.081249550036
16	130300	600	45.177801075445
16	135648	620	44.863729638375
16	140918	640	44.96306172141
16	146335	660	45.238108461167
16	151779	680	45.504301567371
16	157128	700	45.361667223173
16	162498	720	44.678408690593
16	167751	740	44.565275152124
16	173086	760	44.577949760774
16	178393	780	45.323893016742
16	183772	800	44.288375163525
16	189068	820	44.86895936241
16	194423	840	44.568337332483
16	199737	860	45.220577574798
16	204953	880	45.160083174083
16	210227	900	44.719461228676
16	215521	920	45.048248020344
16	220838	940	44.529850805568
16	226172	960	45.094909361628
16	231528	980	45.002926456488
16	236873	1000	44.594192155584
16	242110	1020	44.747643638208
16	247457	1040	44.830261644705
16	252733	1060	44.870203268445
16	258124	1080	44.712859125701
16	263409	1100	44.518247926374
16	268698	1120	44.473715346534
16	274041	1140	45.26708721757
16	279353	1160	45.111643394916
16	284599	1180	44.987943136619
16	289704	1200	44.959017884373
16	295057	1220	44.965684919463
16	300411	1240	44.87968739098
16	305743	1260	45.42849540873
16	311074	1280	44.974199139589
16	316382	1300	45.061820542396
16	321636	1320	44.551329352255
16	326977	1340	44.612416523738
16	332339	1360	44.808854777941
16	337707	1380	44.714065695137
16	342970	1400	45.122576661788
16	348433	1420	44.719982021247
16	353705	1440	44.67272566155
16	359079	1460	44.574443688956
16	364383	1480	44.721043069995
16	369635	1500	44.590360945655
16	374905	1520	44.671994384517
16	380279	1540	44.633694639125
16	385533	1560	45.164733975254
16	390903	1580	44.571486634197
16	396126	1600	44.611389362074
16	401435	1620	44.851765108299
16	406772	1640	44.454897786023
16	412158	1660	44.609382937091
16	417566	1680	44.760748554803
16	422880	1700	44.262360387916
16	428284	1720	44.731485383341
16	433465	1740	44.301358417649
16	438861	1760	44.500040971302
16	444176	1780	44.596251717043
16	449523	1800	45.049710727099
16	454418	1820	44.980684229252
16	458678	1840	44.565090985254
16	462458	1860	44.54267476405
16	465740	1880	45.516675150548
16	468619	1900	45.227993455026
16	471195	1920	45.820407502976
16	473203	1940	45.42533432143
16	474771	1960	45.7203361509
16	475785	1980	44.873347841716
16	476367	2000	nan
17	34705	240	1.3709232536646
17	40056	260	0.52919658010852
17	45334	280	0.67032451304901
17	50712	300	0.61972851221123
17	56176	320	0.82998218966529
17	61524	340	0.36929993173529
17	66785	360	0.62205512561312
17	72013	380	0.4779188257365
17	77253	400	0.5312399384763
17	82499	420	0.48569158151995
17	87860	440	0.64294931330253
17	93245	460	0.70070068387871
17	98427	480	0.35083467130319
17	103686	500	0.52992632266915
17	108927	520	0.71799113102376
17	114175	540	0.76398450287248
17	119540	560	0.19166757625934
17	124891	580	0.63891547133516
17	130300	600	0.58060625783034
17	135648	620	0.78949958474761
17	140918	640	1.2497263752828
17	146335	660	1.6483699867791
17	151779	680	1.6410593507128
17	157128	700	1.0673125113774
17	162498	720	0.78086570004257
17	167751	740	0.50891323807394
17	173086	760	0.44502567706981
17	178393	780	0.73161478323624
17	183772	800	0.56636506969905
17	189068	820	0.50552116344054
17	194423	840	0.42445708031824
17	199737	860	1.6598287267836
17	204953	880	1.0983016124354
17	210227	900	0.79651564325257
17	215521	920	0.44078551315307
17	220838	940	0.41051017185699
17	226172	960	1.1407974474305
17	231528	980	0.97089692698188
17	236873	1000	0.39052707337887
17	242110	1020	0.88892653735355
17	247457	1040	0.66114518029263
17	252733	1060	0.95254901477406
17	258124	1080	0.91046251811309
17	263409	1100	0.67603873095314
17	268698	1120	0.36101659252215
17	274041	1140	1.2744287389619
17	279353	1160	1.0813433202172
17	284599	1180	1.2078645016176
17	289704	1200	1.0417239472943
17	295057	1220	0.6621370723704
17	300411	1240	0.63428970881059
17	305743	1260	1.3325973386994
17	311074	1280	1.0566513228546
17	316382	1300	1.1662421434384
17	321636	1320	0.50804608471639
17	326977	1340	0.68788183558218
17	332339	1360	0.54593416234881
17	337707	1380	0.83708262766994
17	342970	1400	0.5336408069311
17	348433	1420	0.40043262868472
17	353705	1440	0.67952329141675
17	359079	1460	0.55745715719454
17	364383	1480	0.35159698294512
17	369635	1500	0.39637234299554
17	374905	1520	0.74256686206418
17	380279	1540	0.57806171307966
17	385533	1560	1.224995104313
17	390903	1580	0.54493281886653
17	396126	1600	0.97997944558382
17	401435	1620	0.86173002608088
17	406772	1640	0.45701847777222
17	412158	1660	0.55262104955708
17	417566	1680	0.99598794477741
17	422880	1700	0.36543407550369
17	428284	1720	0.6654232470167
17	433465	1740	0.24088787828309
17	438861	1760	0.39995882155715
17	444176	1780	0.48895206821931
17	449523	1800	1.1086333499883
17	454418	1820	0.81382352582947
17	458678	1840	0.63844741966561
17	462458	1860	0.57710848358001
17	465740	1880	1.2132208295934
17	468619	1900	1.3895986881455
17	471195	1920	1.4532524322481
17	473203	1940	0.98678828171179
17	474771	1960	1.6208109916698
17	475785	1980	0.41170715463875
17	476367	2000	nan
18	34705	240	1.8794305674383
18	40056	260	0.28004902039856
18	45334	280	0.44933495279439
18	50712	300	0.38406342884754
18	56176	320	0.68887043516159
18	61524	340	0.13638243957969
18	66785	360	0.38695257930156
18	72013	380	0.22840640399336
18	77253	400	0.28221587223231
18	82499	420	0.23589631235935
18	87860	440	0.4133838194762
18	93245	460	0.49098144838809
18	98427	480	0.12308496658842
18	103686	500	0.28082190745765
18	108927	520	0.51551126422878
18	114175	540	0.58367232062931
18	119540	560	0.036736459789132
18	124891	580	0.40821297951143
18	130300	600	0.33710362663175
18	135648	620	0.62330959431664
18	140918	640	1.5618160130774
18	146335	660	2.717123613314
18	151779	680	2.6930757925619
18	157128	700	1.1391559969428
18	162498	720	0.60975124150298
18	167751	740	0.25899268388691
18	173086	760	0.19804785325144
18	178393	780	0.53526019104981
18	183772	800	0.32076939217521
18	189068	820	0.25555164668628
18	194423	840	0.18016381303228
18	199737	860	2.755031402256
18	204953	880	1.2062664318782
18	210227	900	0.63443716994605
18	215521	920	0.19429186860561
18	220838	940	0.16851860119806
18	226172	960	1.3014188160638
18	231528	980	0.94264084282286
18	236873	1000	0.15251139504187
18	242110	1020	0.79019038881137
18	247457	1040	0.43711294942418
18	252733	1060	0.90734962554704
18	258124	1080	0.82894199688883
18	263409	1100	0.45702836574873
18	268698	1120	0.1303329800763
18	274041	1140	1.6241686106921
18	279353	1160	1.1693033761784
18	284599	1180	1.4589366542679
18	289704	1200	1.0851887823663
18	295057	1220	0.43842550260725
18	300411	1240	0.40232343470302
18	305743	1260	1.7758156671087
18	311074	1280	1.1165120180904
18	316382	1300	1.3601207371318
18	321636	1320	0.25811082419565
18	326977	1340	0.47318141972391
18	332339	1360	0.2980441096195
18	337707	1380	0.70070732554681
18	342970	1400	0.28477251082207
18	348433	1420	0.16034629011535
18	353705	1440	0.46175190357786
18	359079	1460	0.31075848210742
18	364383	1480	0.12362043841611
18	369635	1500	0.15711103429178
18	374905	1520	0.55140554463584
18	380279	1540	0.3341553441286
18	385533	1560	1.5006130055909
18	390903	1580	0.29695177707783
18	396126	1600	0.96035971376677
18	401435	1620	0.74257863784936
18	406772	1640	0.20886588902524
18	412158	1660	0.30539002441357
18	417566	1680	0.99199198614192
18	422880	1700	0.13354206353924
18	428284	1720	0.44278809767025
18	433465	1740	0.058026969903729
18	438861	1760	0.15996705894138
18	444176	1780	0.23907412501594
18	449523	1800	1.2290679047063
18	454418	1820	0.6623087311935
18	458678	1840	0.40761510767767
18	462458	1860	0.33305420182002
18	465740	1880	1.4719047813593
18	468619	1900	1.9309845140956
18	471195	1920	2.111942631835
18	473203	1940	0.97375111292372
18	474771	1960	2.6270282707177
18	475785	1980	0.16950278118074
18	476367	2000	nan
19	34705	240	1306.3924058577
19	40056	260	1290.9709708186
19	45334	280	1318.5668692766
19	50712	300	1054.2004769845
19	56176	320	1014.7512111111
19	61524	340	725.88617185876
19	66785	360	870.64783164175
19	72013	380	1091.2117381322
19	77253	400	919.31424082799
19	82499	420	946.34206286793
19	87860	440	1403.6732122054
19	93245	460	868.2256415062
19	98427	480	951.70088967845
19	103686	500	1136.1181684829
19	108927	520	1249.995202357
19	114175	540	822.90036590732
19	119540	560	827.34089131363
19	124891	580	957.73664528604
19	130300	600	1148.4578700194
19	135648	620	1140.8345221277
19	140918	640	1131.0676872471
19	146335	660	1210.9589396355
19	151779	680	597.60375699632
19	157128	700	1012.7809996955
19	162498	720	912.80259990257
19	167751	740	1237.3055305341
19	173086	760	1054.8040102149
19	178393	780	987.83346538993
19	183772	800	807.56635023108
19	189068	820	880.44844908425
19	194423	840	1104.9452052928
19	199737	860	1418.9317009702
19	204953	880	1272.9799656966
19	210227	900	1233.3867151462
19	215521	920	1314.8130282075
19	220838	940	1177.8184303635
19	226172	960	1324.4849907392
19	231528	980	1242.0672476289
19	236873	1000	1077.8700271275
19	242110	1020	1238.9687566495
19	247457	1040	1231.4134146585
19	252733	1060	1106.6565300437
19	258124	1080	1236.0164016928
19	263409	1100	1197.0742302898
19	268698	1120	1103.1101739265
19	274041	1140	1244.2992328815
19	279353	1160	1196.955743114
19	284599	1180	1238.1129023565
19	289704	1200	1410.2182743114
19	295057	1220	1044.6346666946
19	300411	1240	1291.3101199269
19	305743	1260	944.01680752549
19	311074	1280	1328.1632443298
19	316382	1300	1427.6435478458
19	321636	1320	910.2310499485
19	326977	1340	1094.381501576
19	332339	1360	908.84573976596
19	337707	1380	1332.7213684176
19	342970	1400	1341.2541297889
19	348433	1420	859.69161679386
19	353705	1440	1198.8165349192
19	359079	1460	1134.6233711073
19	364383	1480	944.58052707767
19	369635	1500	727.02281393175
19	374905	1520	1122.5623068684
19	380279	1540	1234.2893623459
19	385533	1560	1147.5449434738
19	390903	1580	1197.1781995113
19	396126	1600	919.32535896604
19	401435	1620	739.64084267687
19	406772	1640	1364.6504907626
19	412158	1660	1054.6449546789
19	417566	1680	786.96816553415
19	422880	1700	637.01472269088
19	428284	1720	1363.4157470022
19	433465	1740	711.83607327105
19	438861	1760	1138.3325307913
19	444176	1780	1266.7644411439
19	449523	1800	961.98405019952
19	454418	1820	1188.4244015385
19	458678	1840	864.21006227795
19	462458	1860	1003.1434527424
19	465740	1880	421.09344903113
19	468619	1900	734.19730128192
19	471195	1920	633.5916319132
19	473203	1940	612.91414247583
19	474771	1960	383.28287599185
19	475785	1980	319.59129396404
19	476367	2000	0
20	34705	240	46.656871637776
20	40056	260	46.106106100664
20	45334	280	45.467823078504
20	50712	300	45.834803347153
20	56176	320	46.125055050506
20	61524	340	45.367885741173
20	66785	360	45.823570086408
20	72013	380	45.46715575551
20	77253	400	45.9657120414
20	82499	420	45.063907755616
20	87860	440	46.789107073513
20	93245	460	45.696086395063
20	98427	480	45.319089984688
20	103686	500	45.444726739316
20	108927	520	46.296118605816
20	114175	540	45.716686994851
20	119540	560	45.963382850757
20	124891	580	45.606506918383
20	130300	600	45.938314800775
20	135648	620	45.633380885109
20	140918	640	45.242707489883
20	146335	660	46.575343832134
20	151779	680	45.969519768947
20	157128	700	46.035499986157
20	162498	720	45.640129995128
20	167751	740	45.826130760524
20	173086	760	45.861043922388
20	178393	780	47.039688828092
20	183772	800	44.86479723506
20	189068	820	46.339392057066
20	194423	840	46.039383553867
20	199737	860	45.771990353878
20	204953	880	45.46357020345
20	210227	900	45.68098944986
20	215521	920	45.338380283019
20	220838	940	45.300708860136
20	226172	960	45.671896232385
20	231528	980	46.002490652921
20	236873	1000	44.911251130312
20	242110	1020	45.887731727759
20	247457	1040	45.60790424661
20	252733	1060	46.110688751819
20	258124	1080	45.778385247882
20	263409	1100	46.041316549608
20	268698	1120	45.962923913606
20	274041	1140	46.085156773388
20	279353	1160	46.036759350539
20	284599	1180	45.85603342061
20	289704	1200	45.490912074562
20	295057	1220	45.418898551937
20	300411	1240	46.118218568819
20	305743	1260	44.953181310738
20	311074	1280	45.798732563095
20	316382	1300	46.053017672445
20	321636	1320	45.511552497425
20	326977	1340	45.599229232333
20	332339	1360	45.442286988298
20	337707	1380	45.95590925578
20	342970	1400	46.250142406514
20	348433	1420	45.246927199677
20	353705	1440	46.108328266124
20	359079	1460	45.384934844293
20	364383	1480	44.980025098937
20	369635	1500	45.438925870734
20	374905	1520	44.902492274737
20	380279	1540	45.714420827626
20	385533	1560	45.901797738951
20	390903	1580	46.04531536582
20	396126	1600	45.966267948302
20	401435	1620	46.227552667304
20	406772	1640	45.488349692086
20	412158	1660	45.854128464301
20	417566	1680	46.29224503142
20	422880	1700	45.501051620777
20	428284	1720	45.447191566741
20	433465	1740	44.489754579441
20	438861	1760	45.533301231654
20	444176	1780	45.241587183712
20	449523	1800	45.808764295215
20	454418	1820	45.708630828404
20	458678	1840	45.484740119892
20	462458	1860	45.597429670107
20	465740	1880	46.788161003459
20	468619	1900	45.88733133012
20	471195	1920	45.256545136657
20	473203	1940	47.14724172891
20	474771	1960	47.910359498981
20	475785	1980	45.655899137721
20	476367	2000	nan
21	34705	240	2.9999733910243
21	40056	260	2.501653557554
21	45334	280	1.9983463806868
21	50712	300	2.7585750866415
21	56176	320	2.3557589969316
21	61524	340	1.8135835098692
21	66785	360	2.6696185554585
21	72013	380	1.6050845813795
21	77253	400	3.159913493542
21	82499	420	1.7665868556279
21	87860	440	3.0126871019932
21	93245	460	2.3229379045582
21	98427	480	1.695638365535
21	103686	500	1.9181250977667
21	108927	520	1.6370018316716
21	114175	540	1.9869161705592
21	119540	560	1.8958874952211
21	124891	580	2.5811059490733
21	130300	600	2.6508640013744
21	135648	620	2.0422968283312
21	140918	640	1.3656690283419
21	146335	660	2.901871195126
21	151779	680	2.6756014726626
21	157128	700	3.166977102189
21	162498	720	1.2527575937022
21	167751	740	1.5076043421144
21	173086	760	2.4248773323981
21	178393	780	2.4735105635504
21	183772	800	1.8182625507008
21	189068	820	2.5791364422878
21	194423	840	2.1441534218062
21	199737	860	1.8429359084012
21	204953	880	1.6732344514399
21	210227	900	2.0311025701312
21	215521	920	1.9829193770661
21	220838	940	1.7158586684696
21	226172	960	2.503216637306
21	231528	980	2.0315486316744
21	236873	1000	1.5415568020124
21	242110	1020	1.9139342742979
21	247457	1040	1.446016697067
21	252733	1060	1.624810189082
21	258124	1080	1.5971755826172
21	263409	1100	1.5451234847484
21	268698	1120	1.2664199264573
21	274041	1140	2.5282347895793
21	279353	1160	2.412209425089
21	284599	1180	2.1332884319131
21	289704	1200	1.8614406934081
21	295057	1220	1.9350310193648
21	300411	1240	2.1499339560042
21	305743	1260	1.744143222159
21	311074	1280	1.5629389586942
21	316382	1300	1.7046801028241
21	321636	1320	1.1945017072179
21	326977	1340	2.0114847509861
21	332339	1360	1.7882630378887
21	337707	1380	1.7473639702382
21	342970	1400	2.1344286610058
21	348433	1420	2.5048634982683
21	353705	1440	2.3180328422064
21	359079	1460	1.5745178083346
21	364383	1480	1.1788344852566
21	369635	1500	1.5475994634588
21	374905	1520	1.7373822546656
21	380279	1540	1.4988668865568
21	385533	1560	2.2342273052714
21	390903	1580	2.5581015045732
21	396126	1600	2.6548614184215
21	401435	1620	2.2850373803937
21	406772	1640	1.633415351134
21	412158	1660	2.0012619196901
21	417566	1680	2.1950758621914
21	422880	1700	1.5606679059159
21	428284	1720	1.279632410584
21	433465	1740	1.3665409546902
21	438861	1760	1.5705935294602
21	444176	1780	1.4829054429822
21	449523	1800	2.5570434449151
21	454418	1820	1.5608133333914
21	458678	1840	2.1245780058958
21	462458	1860	1.8807347093215
21	465740	1880	2.2030718398302
21	468619	1900	2.958242060069
21	471195	1920	1.3096912345446
21	473203	1940	3.1143200482939
21	474771	1960	3.6362883688802
21	475785	1980	1.0591557589761
21	476367	2000	nan
22	34705	240	8.9998403468541
22	40056	260	6.2582705220228
22	45334	280	3.9933882572042
22	50712	300	7.6097365086393
22	56176	320	5.5496004516242
22	61524	340	3.2890851472693
22	66785	360	7.1268632316485
22	72013	380	2.5762965133823
22	77253	400	9.9850532866687
22	82499	420	3.1208291184772
22	87860	440	9.0762835745164
22	93245	460	5.3960405084333
22	98427	480	2.8751894666743
22	103686	500	3.6792038906825
22	108927	520	2.6797749968961
22	114175	540	3.9478358688298
22	119540	560	3.5943893945356
22	124891	580	6.6621079203417
22	130300	600	7.0270799537826
22	135648	620	4.1709763350115
22	140918	640	1.8650518949724
22	146335	660	8.4208564331019
22	151779	680	7.1588432405143
22	157128	700	10.029743965789
22	162498	720	1.5694015885785
22	167751	740	2.2728708523621
22	173086	760	5.8800300771779
22	178393	780	6.1182545079955
22	183772	800	3.3060787032811
22	189068	820	6.6519447879372
22	194423	840	4.5973938962432
22	199737	860	3.3964127624747
22	204953	880	2.7997135294852
22	210227	900	4.1253776503934
22	215521	920	3.9319692559442
22	220838	940	2.9441709701622
22	226172	960	6.2660935332855
22	231528	980	4.1271898428583
22	236873	1000	2.3763973738308
22	242110	1020	3.6631444063324
22	247457	1040	2.0909642881967
22	252733	1060	2.6400081505448
22	258124	1080	2.5509698417085
22	263409	1100	2.3874065831209
22	268698	1120	1.6038194301282
22	274041	1140	6.391971151239
22	279353	1160	5.8187543104883
22	284599	1180	4.5509195337343
22	289704	1200	3.4649614550755
22	295057	1220	3.744345045904
22	300411	1240	4.6222160151799
22	305743	1260	3.0420355794031
22	311074	1280	2.4427781886041
22	316382	1300	2.9059342529642
22	321636	1320	1.4268343285466
22	326977	1340	4.0460709034498
22	332339	1360	3.1978846926789
22	337707	1380	3.0532808444867
22	342970	1400	4.5557857089232
22	348433	1420	6.2743411449568
22	353705	1440	5.3732762575473
22	359079	1460	2.4791063287629
22	364383	1480	1.3896507436303
22	369635	1500	2.395064099298
22	374905	1520	3.0184970988271
22	380279	1540	2.2466019436166
22	385533	1560	4.9917716516205
22	390903	1580	6.5438833076998
22	396126	1600	7.0482891510231
22	401435	1620	5.2213958297966
22	406772	1640	2.6680457093202
22	412158	1660	4.0050492712016
22	417566	1680	4.8183580407755
22	422880	1700	2.4356843125558
22	428284	1720	1.6374591062171
22	433465	1740	1.8674341808455
22	438861	1760	2.4667640347822
22	444176	1780	2.1990085528262
22	449523	1800	6.5384711791832
22	454418	1820	2.4361382616925
22	458678	1840	4.513831703136
22	462458	1860	3.5371630468465
22	465740	1880	4.8535255314527
22	468619	1900	8.7511960859614
22	471195	1920	1.715291129843
22	473203	1940	9.6989893632056
22	474771	1960	13.222593101653
22	475785	1980	1.1218109217723
22	476367	2000	nan
23	34705	240	1301.2726650284
23	40056	260	1343.0155640413
23	45334	280	1481.067995066
23	50712	300	1620.5722010499
23	56176	320	1390.5925319414
23	61524	340	1527.7231063487
23	66785	360	1576.4354370306
23	72013	380	1533.3936373933
23	77253	400	1398.3514840786
23	82499	420	1440.2901842589
23	87860	440	1392.4953117769
23	93245	460	1434.193790019
23	98427	480	1478.9752935174
23	103686	500	1344.7368289128
23	108927	520	1352.7832597472
23	114175	540	1443.1968332785
23	119540	560	1662.5679018165
23	124891	580	1389.8817234987
23	130300	600	1523.8603688367
23	135648	620	1483.6840183806
23	140918	640	1345.5053847059
23	146335	660	1484.0717629444
23	151779	680	1752.5024498203
23	157128	700	1429.6516902743
23	162498	720	1388.6425907541
23	167751	740	1438.0839726022
23	173086	760	1524.5517024966
23	178393	780	1520.0650098281
23	183772	800	1530.4911649881
23	189068	820	1386.8451983871
23	194423	840	1529.775297417
23	199737	860	1435.792549688
23	204953	880	1339.1283369736
23	210227	900	1435.8173106815
23	215521	920	1478.0773927825
23	220838	940	1524.5345860178
23	226172	960	1526.7047876695
23	231528	980	1300.9580318178
23	236873	1000	1390.3998592754
23	242110	1020	1298.7679981816
23	247457	1040	1342.4028491468
23	252733	1060	1207.2265318361
23	258124	1080	1481.1200713759
23	263409	1100	1347.7481087001
23	268698	1120	1258.2888956441
23	274041	1140	1434.3640407021
23	279353	1160	1342.5094099521
23	284599	1180	1482.6064149988
23	289704	1200	1431.8153700811
23	295057	1220	1432.383291591
23	300411	1240	1296.5809476045
23	305743	1260	1520.2944520358
23	311074	1280	1435.8006959976
23	316382	1300	1433.0609129255
23	321636	1320	1483.1949881762
23	326977	1340	1572.8900614315
23	332339	1360	1614.6234585457
23	337707	1380	1391.4282514089
23	342970	1400	1389.4842448765
23	348433	1420	1611.7186982248
23	353705	1440	1345.4929825965
23	359079	1460	1303.0826379563
23	364383	1480	1522.9257103824
23	369635	1500	1659.4933341125
23	374905	1520	1569.6646297084
23	380279	1540	1481.1926081078
23	385533	1560	1435.0454904668
23	390903	1580	1351.3492705673
23	396126	1600	1481.1415829091
23	401435	1620	1572.3315664128
23	406772	1640	1437.7229004504
23	412158	1660	1386.5005478197
23	417566	1680	1524.7041668678
23	422880	1700	1298.9921601929
23	428284	1720	1438.2597952377
23	433465	1740	1477.5546162661
23	438861	1760	1575.6381981239
23	444176	1780	1434.2354797016
23	449523	1800	1564.8935689798
23	454418	1820	1340.3751832353
23	458678	1840	1300.9872040963
23	462458	1860	1169.4639010209
23	465740	1880	1084.2732811164
23	468619	1900	945.79734202042
23	471195	1920	674.15852080131
23	473203	1940	588.93628569591
23	474771	1960	409.43651998656
23	475785	1980	368.0559597742
23	476367	2000	375.44886824905
24	34705	240	44.871471207875
24	40056	260	44.767185468044
24	45334	280	44.880848335333
24	50712	300	45.015894473609
24	56176	320	44.857823611014
24	61524	340	44.933032539666
24	66785	360	45.041012486589
24	72013	380	45.09981286451
24	77253	400	45.108112389632
24	82499	420	45.00906825809
24	87860	440	44.919203605705
24	93245	460	44.818555938095
24	98427	480	44.817433136892
24	103686	500	44.824560963759
24	108927	520	45.092775324906
24	114175	540	45.099901039952
24	119540	560	44.934267616663
24	124891	580	44.834894306409
24	130300	600	44.819422612845
24	135648	620	44.960121769109
24	140918	640	44.850179490197
24	146335	660	44.971871604375
24	151779	680	44.935960251803
24	157128	700	44.676615321072
24	162498	720	44.794922282391
24	167751	740	44.940124143819
24	173086	760	44.839755955783
24	178393	780	44.707794406708
24	183772	800	45.014446029061
24	189068	820	44.736941883455
24	194423	840	44.9933911005
24	199737	860	44.86851717775
24	204953	880	44.637611232452
24	210227	900	44.869290958797
24	215521	920	44.790224023712
24	220838	940	44.839252529936
24	226172	960	44.903081990281
24	231528	980	44.860621786822
24	236873	1000	44.851608363722
24	242110	1020	44.785103385574
24	247457	1040	44.746761638225
24	252733	1060	44.712093771707
24	258124	1080	44.882426405331
24	263409	1100	44.92493695667
24	268698	1120	44.938889130145
24	274041	1140	44.823876271941
24	279353	1160	44.750313665071
24	284599	1180	44.927467121175
24	289704	1200	44.744230315034
24	295057	1220	44.761977862218
24	300411	1240	44.709687848433
24	305743	1260	44.714542706936
24	311074	1280	44.868771749924
24	316382	1300	44.783153528923
24	321636	1320	44.945302672005
24	326977	1340	44.9397160409
24	332339	1360	44.850651626271
24	337707	1380	44.884782303512
24	342970	1400	44.822072415369
24	348433	1420	44.769963839578
24	353705	1440	44.84976608655
24	359079	1460	44.933884067459
24	364383	1480	44.791932658304
24	369635	1500	44.85117119223
24	374905	1520	44.847560848812
24	380279	1540	44.884624488115
24	385533	1560	44.845171577089
24	390903	1580	45.044975685576
24	396126	1600	44.883078269972
24	401435	1620	44.923759040365
24	406772	1640	44.928840639075
24	412158	1660	44.725824123216
24	417566	1680	44.844240201993
24	422880	1700	44.792833110102
24	428284	1720	44.945618601177
24	433465	1740	44.774382311095
24	438861	1760	45.018234232111
24	444176	1780	44.819858740675
24	449523	1800	44.711244827994
24	454418	1820	44.67917277451
24	458678	1840	44.86162772746
24	462458	1860	44.979380808498
24	465740	1880	45.178053379848
24	468619	1900	45.037968667639
24	471195	1920	44.943901386754
24	473203	1940	45.302791207377
24	474771	1960	45.492946665173
24	475785	1980	46.006994971775
24	476367	2000	46.931108531131
25	34705	240	1.128910250173
25	40056	260	0.70005082021655
25	45334	280	0.83518276685284
25	50712	300	0.93766533620829
25	56176	320	0.76705820413343
25	61524	340	0.90752503805596
25	66785	360	1.2081374409292
25	72013	380	1.1379529368013
25	77253	400	1.0416851373751
25	82499	420	0.81425420782686
25	87860	440	0.72183667073495
25	93245	460	0.73567966983311
25	98427	480	0.67352246487746
25	103686	500	0.73863586825038
25	108927	520	1.0129756177912
25	114175	540	1.1131851652853
25	119540	560	0.98606207100672
25	124891	580	0.88039629847361
25	130300	600	0.84931496422215
25	135648	620	1.0743207410748
25	140918	640	0.82054111771227
25	146335	660	1.1164058301259
25	151779	680	0.81598915338281
25	157128	700	0.65482681845546
25	162498	720	0.68752696948571
25	167751	740	0.93247926502008
25	173086	760	1.0662105825094
25	178393	780	0.75098681682507
25	183772	800	0.90061525759443
25	189068	820	0.77555146776106
25	194423	840	1.0161996101835
25	199737	860	1.048512117221
25	204953	880	0.71133318261523
25	210227	900	0.8709286736736
25	215521	920	0.94504969770716
25	220838	940	0.69471389141285
25	226172	960	1.0463015406898
25	231528	980	0.72889108397803
25	236873	1000	0.79876957568848
25	242110	1020	0.63266013954271
25	247457	1040	0.80959195341746
25	252733	1060	0.613612014212
25	258124	1080	0.97973692602202
25	263409	1100	0.74346483062534
25	268698	1120	0.89637521021678
25	274041	1140	0.94341802513212
25	279353	1160	0.65716495874825
25	284599	1180	0.96966138762019
25	289704	1200	0.82989886922754
25	295057	1220	0.84747613975121
25	300411	1240	0.58691884798026
25	305743	1260	0.60863294358346
25	311074	1280	0.94398333273795
25	316382	1300	0.84523223514817
25	321636	1320	1.0300763591074
25	326977	1340	0.86622601949774
25	332339	1360	0.89770773627492
25	337707	1380	0.82693205031774
25	342970	1400	0.93180367814574
25	348433	1420	0.75362382155453
25	353705	1440	0.64388560631335
25	359079	1460	1.1252123005328
25	364383	1480	0.79896408156897
25	369635	1500	0.92598095506932
25	374905	1520	0.82944369479206
25	380279	1540	0.80820581445989
25	385533	1560	0.74150670278219
25	390903	1580	1.2197394856721
25	396126	1600	0.80675102691966
25	401435	1620	1.1450638241059
25	406772	1640	1.048981322431
25	412158	1660	0.59025076158376
25	417566	1680	0.76365618764871
25	422880	1700	0.52960755204224
25	428284	1720	1.1127040314714
25	433465	1740	0.58361659807091
25	438861	1760	1.1520157507543
25	444176	1780	0.85114911513869
25	449523	1800	0.73050163469957
25	454418	1820	0.61836684266016
25	458678	1840	0.73485653577201
25	462458	1860	0.87531670277805
25	465740	1880	1.5402074997423
25	468619	1900	0.75907532632828
25	471195	1920	0.5456356858902
25	473203	1940	0.72163817835973
25	474771	1960	0.81845534930883
25	475785	1980	0.74682205116429
25	476367	2000	0.73667262689951
26	34705	240	1.2744383529458
26	40056	260	0.49007115088587
26	45334	280	0.69753025404797
26	50712	300	0.8792162827266
26	56176	320	0.5883782885284
26	61524	340	0.82360169469848
26	66785	360	1.4595960761748
26	72013	380	1.2949368863746
26	77253	400	1.0851079254282
26	82499	420	0.66300991496375
26	87860	440	0.52104817921771
26	93245	460	0.54122457660576
26	98427	480	0.45363251069461
26	103686	500	0.54558294586599
26	108927	520	1.0261196022394
26	114175	540	1.2391812122112
26	119540	560	0.97231840787805
26	124891	580	0.77509764236604
26	130300	600	0.72133590845167
26	135648	620	1.1541650547035
26	140918	640	0.6732877258565
26	146335	660	1.2463619775391
26	151779	680	0.66583829843839
26	157128	700	0.4287981621685
26	162498	720	0.47269333377021
26	167751	740	0.86951757969239
26	173086	760	1.1368050062551
26	178393	780	0.56398119904505
26	183772	800	0.81110784221189
26	189068	820	0.60148007914633
26	194423	840	1.0326616477372
26	199737	860	1.0993776599593
26	204953	880	0.50599489668951
26	210227	900	0.75851675462686
26	215521	920	0.89311893113639
26	220838	940	0.48262739092198
26	226172	960	1.0947469140498
26	231528	980	0.53128221230267
26	236873	1000	0.63803283504556
26	242110	1020	0.4002588521662
26	247457	1040	0.6554391310383
26	252733	1060	0.37651970398531
26	258124	1080	0.95988444421108
26	263409	1100	0.55273995437677
26	268698	1120	0.80348851749117
26	274041	1140	0.89003757014419
26	279353	1160	0.43186578300659
26	284599	1180	0.94024320664151
26	289704	1200	0.68873213314514
26	295057	1220	0.71821580744761
26	300411	1240	0.34447373411448
26	305743	1260	0.37043406001506
26	311074	1280	0.89110453248704
26	316382	1300	0.71441753133357
26	321636	1320	1.0610573055919
26	326977	1340	0.7503475168549
26	332339	1360	0.80587917976785
26	337707	1380	0.6838166158427
26	342970	1400	0.86825809460592
26	348433	1420	0.56794886441445
26	353705	1440	0.41458867401752
26	359079	1460	1.2661027212702
26	364383	1480	0.63834360363735
26	369635	1500	0.8574407291511
26	374905	1520	0.6879768428303
26	380279	1540	0.65319663852677
26	385533	1560	0.54983219027091
26	390903	1580	1.4877644129076
26	396126	1600	0.65084721943592
26	401435	1620	1.311171161276
26	406772	1640	1.1003618148091
26	412158	1660	0.3483959615502
26	417566	1680	0.58317077293416
26	422880	1700	0.28048415918017
26	428284	1720	1.2381102616527
26	433465	1740	0.34060833354387
26	438861	1760	1.3271402899859
26	444176	1780	0.72445481620138
26	449523	1800	0.53363263829875
26	454418	1820	0.3823775521015
26	458678	1840	0.54001412816685
26	462458	1860	0.76617933016223
26	465740	1880	2.3722391422625
26	468619	1900	0.57619535104039
26	471195	1920	0.29771830171687
26	473203	1940	0.52076166046635
26	474771	1960	0.66986915881223
26	475785	1980	0.55774317610524
26	476367	2000	0.54268655922303
