version 2
run statisticRVV-142-20150325-14:56:27-22812
attr c 16
attr configname statisticRVV
attr datetime 20150325-14:56:27
attr experiment statisticRVV
attr inifile omnetpp.ini
attr iterationvars "$sc=\"erlangen-medium.launchd.xml\", $p=1/15, $c=16"
attr iterationvars2 "$sc=\"erlangen-medium.launchd.xml\", $p=1/15, $c=16, $repetition=2"
attr measurement "$sc=\"erlangen-medium.launchd.xml\", $p=1/15, $c=16"
attr network RSUExampleScenario
attr p 1/15
attr processid 22812
attr repetition 2
attr replication #2
attr resultdir results
attr runnumber 142
attr sc "\"erlangen-medium.launchd.xml\""
attr seedset 142

vector 0  RSUExampleScenario.rsu[0].appl  Number_CH  ETV
vector 1  RSUExampleScenario.rsu[0].appl  Number_ON  ETV
vector 2  RSUExampleScenario.rsu[0].appl  Number_FN  ETV
vector 3  RSUExampleScenario.rsu[0].appl  Number_CH_Losts  ETV
vector 4  RSUExampleScenario.rsu[0].appl  Mean_Cluster_Size  ETV
vector 5  RSUExampleScenario.rsu[0].appl  StdDev_Cluster_Size  ETV
vector 6  RSUExampleScenario.rsu[0].appl  Variance_Cluster_Size  ETV
vector 7  RSUExampleScenario.rsu[0].appl  Mean_Neighbors  ETV
vector 8  RSUExampleScenario.rsu[0].appl  StdDev_Neighbors  ETV
vector 9  RSUExampleScenario.rsu[0].appl  Variance_Neighbors  ETV
vector 10  RSUExampleScenario.rsu[0].appl  Total_CH_Utility  ETV
vector 11  RSUExampleScenario.rsu[0].appl  Mean_CH_Utility  ETV
vector 12  RSUExampleScenario.rsu[0].appl  StdDev_CH_Utility  ETV
vector 13  RSUExampleScenario.rsu[0].appl  Variance_CH_Utility  ETV
vector 14  RSUExampleScenario.rsu[0].appl  Total_exp_CH_Utility  ETV
vector 15  RSUExampleScenario.rsu[0].appl  Mean_exp_CH_Utility  ETV
vector 16  RSUExampleScenario.rsu[0].appl  StdDev_exp_CH_Utility  ETV
vector 17  RSUExampleScenario.rsu[0].appl  Variance_exp_CH_Utility  ETV
vector 18  RSUExampleScenario.rsu[0].appl  Total_ON_Utility  ETV
vector 19  RSUExampleScenario.rsu[0].appl  Mean_ON_Utility  ETV
vector 20  RSUExampleScenario.rsu[0].appl  StdDev_ON_Utility  ETV
vector 21  RSUExampleScenario.rsu[0].appl  Variance_ON_Utility  ETV
vector 22  RSUExampleScenario.rsu[0].appl  Total_exp_ON_Utility  ETV
vector 23  RSUExampleScenario.rsu[0].appl  Mean_exp_ON_Utility  ETV
vector 24  RSUExampleScenario.rsu[0].appl  StdDev_exp_ON_Utility  ETV
vector 25  RSUExampleScenario.rsu[0].appl  Variance_exp_ON_Utility  ETV
0	145398	240	4
0	171174	260	3
0	198480	280	5
0	225747	300	5
0	253082	320	2
0	280603	340	4
0	307995	360	3
0	336056	380	4
0	364646	400	4
0	393513	420	2
0	422997	440	3
0	453089	460	5
0	484003	480	6
0	515282	500	4
0	547669	520	3
0	580779	540	7
0	614468	560	3
0	649355	580	3
0	684811	600	6
0	721729	620	6
0	759995	640	9
0	799162	660	7
0	839709	680	10
0	881312	700	7
0	923749	720	7
0	967508	740	8
0	1012523	760	7
0	1058390	780	7
0	1105492	800	9
0	1153358	820	7
0	1202754	840	6
0	1253241	860	4
0	1305017	880	10
0	1358012	900	6
0	1412499	920	4
0	1468057	940	9
0	1524829	960	3
0	1582563	980	8
0	1641696	1000	10
0	1703074	1020	10
0	1765352	1040	9
0	1828847	1060	10
0	1894318	1080	4
0	1961707	1100	5
0	2031021	1120	7
0	2102788	1140	5
0	2176392	1160	10
0	2251042	1180	9
0	2328199	1200	6
0	2407091	1220	6
0	2487921	1240	11
0	2570712	1260	8
0	2655572	1280	8
0	2742447	1300	12
0	2832235	1320	8
0	2923746	1340	7
0	3017192	1360	2
0	3112436	1380	10
0	3210187	1400	7
0	3309476	1420	6
0	3411041	1440	8
0	3516002	1460	10
0	3622993	1480	13
0	3731710	1500	13
0	3843676	1520	12
0	3957260	1540	9
0	4073333	1560	14
0	4191392	1580	8
0	4312182	1600	9
0	4434848	1620	5
0	4559516	1640	11
0	4687005	1660	11
0	4816217	1680	5
0	4947994	1700	5
0	5082329	1720	8
0	5218651	1740	7
0	5357487	1760	14
0	5498872	1780	8
0	5643184	1800	6
0	5789695	1820	9
0	5939416	1840	11
0	6091575	1860	6
0	6245544	1880	13
0	6402501	1900	12
0	6561257	1920	11
0	6723917	1940	14
0	6889209	1960	13
0	7056880	1980	12
0	7226459	2000	9
1	145398	240	5
1	171174	260	5
1	198480	280	6
1	225747	300	7
1	253082	320	2
1	280603	340	7
1	307995	360	4
1	336056	380	5
1	364646	400	6
1	393513	420	3
1	422997	440	5
1	453089	460	6
1	484003	480	7
1	515282	500	4
1	547669	520	5
1	580779	540	10
1	614468	560	3
1	649355	580	6
1	684811	600	7
1	721729	620	9
1	759995	640	12
1	799162	660	9
1	839709	680	12
1	881312	700	8
1	923749	720	8
1	967508	740	9
1	1012523	760	9
1	1058390	780	13
1	1105492	800	11
1	1153358	820	12
1	1202754	840	8
1	1253241	860	4
1	1305017	880	13
1	1358012	900	9
1	1412499	920	6
1	1468057	940	13
1	1524829	960	3
1	1582563	980	10
1	1641696	1000	14
1	1703074	1020	13
1	1765352	1040	11
1	1828847	1060	12
1	1894318	1080	4
1	1961707	1100	7
1	2031021	1120	9
1	2102788	1140	5
1	2176392	1160	14
1	2251042	1180	13
1	2328199	1200	8
1	2407091	1220	10
1	2487921	1240	14
1	2570712	1260	13
1	2655572	1280	10
1	2742447	1300	17
1	2832235	1320	13
1	2923746	1340	11
1	3017192	1360	2
1	3112436	1380	12
1	3210187	1400	10
1	3309476	1420	9
1	3411041	1440	11
1	3516002	1460	16
1	3622993	1480	19
1	3731710	1500	17
1	3843676	1520	16
1	3957260	1540	13
1	4073333	1560	17
1	4191392	1580	11
1	4312182	1600	13
1	4434848	1620	7
1	4559516	1640	17
1	4687005	1660	16
1	4816217	1680	9
1	4947994	1700	8
1	5082329	1720	12
1	5218651	1740	9
1	5357487	1760	16
1	5498872	1780	14
1	5643184	1800	8
1	5789695	1820	11
1	5939416	1840	17
1	6091575	1860	8
1	6245544	1880	18
1	6402501	1900	13
1	6561257	1920	14
1	6723917	1940	21
1	6889209	1960	18
1	7056880	1980	16
1	7226459	2000	12
2	145398	240	69
2	171174	260	77
2	198480	280	82
2	225747	300	81
2	253082	320	91
2	280603	340	84
2	307995	360	87
2	336056	380	88
2	364646	400	87
2	393513	420	95
2	422997	440	91
2	453089	460	90
2	484003	480	89
2	515282	500	95
2	547669	520	98
2	580779	540	90
2	614468	560	101
2	649355	580	99
2	684811	600	96
2	721729	620	96
2	759995	640	93
2	799162	660	99
2	839709	680	93
2	881312	700	101
2	923749	720	102
2	967508	740	102
2	1012523	760	104
2	1058390	780	102
2	1105492	800	101
2	1153358	820	105
2	1202754	840	112
2	1253241	860	117
2	1305017	880	104
2	1358012	900	112
2	1412499	920	121
2	1468057	940	109
2	1524829	960	127
2	1582563	980	116
2	1641696	1000	111
2	1703074	1020	112
2	1765352	1040	117
2	1828847	1060	116
2	1894318	1080	132
2	1961707	1100	129
2	2031021	1120	126
2	2102788	1140	131
2	2176392	1160	119
2	2251042	1180	125
2	2328199	1200	134
2	2407091	1220	132
2	2487921	1240	122
2	2570712	1260	130
2	2655572	1280	134
2	2742447	1300	124
2	2832235	1320	133
2	2923746	1340	137
2	3017192	1360	152
2	3112436	1380	136
2	3210187	1400	142
2	3309476	1420	146
2	3411041	1440	143
2	3516002	1460	139
2	3622993	1480	133
2	3731710	1500	138
2	3843676	1520	139
2	3957260	1540	146
2	4073333	1560	138
2	4191392	1580	152
2	4312182	1600	149
2	4434848	1620	162
2	4559516	1640	146
2	4687005	1660	148
2	4816217	1680	163
2	4947994	1700	163
2	5082329	1720	159
2	5218651	1740	165
2	5357487	1760	151
2	5498872	1780	159
2	5643184	1800	170
2	5789695	1820	165
2	5939416	1840	159
2	6091575	1860	174
2	6245544	1880	158
2	6402501	1900	165
2	6561257	1920	167
2	6723917	1940	158
2	6889209	1960	163
2	7056880	1980	169
2	7226459	2000	176
3	145398	240	1
3	171174	260	0
3	198480	280	2
3	225747	300	1
3	253082	320	1
3	280603	340	1
3	307995	360	2
3	336056	380	2
3	364646	400	2
3	393513	420	0
3	422997	440	3
3	453089	460	2
3	484003	480	1
3	515282	500	1
3	547669	520	1
3	580779	540	1
3	614468	560	2
3	649355	580	1
3	684811	600	2
3	721729	620	1
3	759995	640	2
3	799162	660	0
3	839709	680	2
3	881312	700	0
3	923749	720	2
3	967508	740	1
3	1012523	760	3
3	1058390	780	1
3	1105492	800	0
3	1153358	820	3
3	1202754	840	2
3	1253241	860	2
3	1305017	880	4
3	1358012	900	1
3	1412499	920	3
3	1468057	940	1
3	1524829	960	1
3	1582563	980	1
3	1641696	1000	1
3	1703074	1020	1
3	1765352	1040	2
3	1828847	1060	1
3	1894318	1080	2
3	1961707	1100	2
3	2031021	1120	2
3	2102788	1140	2
3	2176392	1160	4
3	2251042	1180	2
3	2328199	1200	2
3	2407091	1220	4
3	2487921	1240	3
3	2570712	1260	0
3	2655572	1280	3
3	2742447	1300	1
3	2832235	1320	1
3	2923746	1340	5
3	3017192	1360	0
3	3112436	1380	2
3	3210187	1400	5
3	3309476	1420	0
3	3411041	1440	2
3	3516002	1460	2
3	3622993	1480	2
3	3731710	1500	4
3	3843676	1520	2
3	3957260	1540	4
3	4073333	1560	4
3	4191392	1580	1
3	4312182	1600	1
3	4434848	1620	0
3	4559516	1640	1
3	4687005	1660	4
3	4816217	1680	2
3	4947994	1700	0
3	5082329	1720	2
3	5218651	1740	2
3	5357487	1760	3
3	5498872	1780	0
3	5643184	1800	4
3	5789695	1820	1
3	5939416	1840	2
3	6091575	1860	1
3	6245544	1880	4
3	6402501	1900	2
3	6561257	1920	3
3	6723917	1940	5
3	6889209	1960	2
3	7056880	1980	3
3	7226459	2000	2
4	145398	240	1.25
4	171174	260	1.6666666666667
4	198480	280	1.2
4	225747	300	1.4
4	253082	320	1
4	280603	340	1.75
4	307995	360	1.3333333333333
4	336056	380	1.25
4	364646	400	1.5
4	393513	420	1.5
4	422997	440	1.6666666666667
4	453089	460	1.2
4	484003	480	1.1666666666667
4	515282	500	1
4	547669	520	1.6666666666667
4	580779	540	1.4285714285714
4	614468	560	1
4	649355	580	2
4	684811	600	1.1666666666667
4	721729	620	1.5
4	759995	640	1.3333333333333
4	799162	660	1.2857142857143
4	839709	680	1.2
4	881312	700	1.1428571428571
4	923749	720	1.1428571428571
4	967508	740	1.125
4	1012523	760	1.2857142857143
4	1058390	780	1.8571428571429
4	1105492	800	1.2222222222222
4	1153358	820	1.7142857142857
4	1202754	840	1.3333333333333
4	1253241	860	1
4	1305017	880	1.3
4	1358012	900	1.5
4	1412499	920	1.5
4	1468057	940	1.4444444444444
4	1524829	960	1
4	1582563	980	1.25
4	1641696	1000	1.4
4	1703074	1020	1.3
4	1765352	1040	1.2222222222222
4	1828847	1060	1.2
4	1894318	1080	1
4	1961707	1100	1.4
4	2031021	1120	1.2857142857143
4	2102788	1140	1
4	2176392	1160	1.4
4	2251042	1180	1.4444444444444
4	2328199	1200	1.3333333333333
4	2407091	1220	1.6666666666667
4	2487921	1240	1.2727272727273
4	2570712	1260	1.625
4	2655572	1280	1.25
4	2742447	1300	1.4166666666667
4	2832235	1320	1.625
4	2923746	1340	1.5714285714286
4	3017192	1360	1
4	3112436	1380	1.2
4	3210187	1400	1.4285714285714
4	3309476	1420	1.5
4	3411041	1440	1.375
4	3516002	1460	1.6
4	3622993	1480	1.4615384615385
4	3731710	1500	1.3076923076923
4	3843676	1520	1.3333333333333
4	3957260	1540	1.4444444444444
4	4073333	1560	1.2142857142857
4	4191392	1580	1.375
4	4312182	1600	1.4444444444444
4	4434848	1620	1.4
4	4559516	1640	1.5454545454545
4	4687005	1660	1.4545454545455
4	4816217	1680	1.8
4	4947994	1700	1.6
4	5082329	1720	1.5
4	5218651	1740	1.2857142857143
4	5357487	1760	1.1428571428571
4	5498872	1780	1.75
4	5643184	1800	1.3333333333333
4	5789695	1820	1.2222222222222
4	5939416	1840	1.5454545454545
4	6091575	1860	1.3333333333333
4	6245544	1880	1.3846153846154
4	6402501	1900	1.0833333333333
4	6561257	1920	1.2727272727273
4	6723917	1940	1.5
4	6889209	1960	1.3846153846154
4	7056880	1980	1.3333333333333
4	7226459	2000	1.3333333333333
5	145398	240	0.5
5	171174	260	0.57735026918963
5	198480	280	0.44721359549996
5	225747	300	0.54772255750517
5	253082	320	0
5	280603	340	0.95742710775634
5	307995	360	0.57735026918963
5	336056	380	0.5
5	364646	400	0.57735026918963
5	393513	420	0.70710678118655
5	422997	440	0.57735026918963
5	453089	460	0.44721359549996
5	484003	480	0.40824829046386
5	515282	500	0
5	547669	520	0.57735026918963
5	580779	540	0.53452248382485
5	614468	560	0
5	649355	580	0
5	684811	600	0.40824829046386
5	721729	620	0.54772255750517
5	759995	640	0.5
5	799162	660	0.48795003647427
5	839709	680	0.42163702135578
5	881312	700	0.37796447300923
5	923749	720	0.37796447300923
5	967508	740	0.35355339059327
5	1012523	760	0.48795003647427
5	1058390	780	0.37796447300923
5	1105492	800	0.4409585518441
5	1153358	820	0.75592894601845
5	1202754	840	0.51639777949432
5	1253241	860	0
5	1305017	880	0.48304589153965
5	1358012	900	0.54772255750517
5	1412499	920	0.57735026918963
5	1468057	940	0.52704627669473
5	1524829	960	0
5	1582563	980	0.46291004988628
5	1641696	1000	0.51639777949432
5	1703074	1020	0.48304589153965
5	1765352	1040	0.4409585518441
5	1828847	1060	0.42163702135578
5	1894318	1080	0
5	1961707	1100	0.54772255750517
5	2031021	1120	0.48795003647427
5	2102788	1140	0
5	2176392	1160	0.51639777949432
5	2251042	1180	0.72648315725678
5	2328199	1200	0.51639777949432
5	2407091	1220	0.51639777949432
5	2487921	1240	0.46709936649691
5	2570712	1260	0.51754916950677
5	2655572	1280	0.46291004988628
5	2742447	1300	0.51492865054444
5	2832235	1320	0.51754916950677
5	2923746	1340	0.53452248382485
5	3017192	1360	0
5	3112436	1380	0.42163702135578
5	3210187	1400	0.53452248382485
5	3309476	1420	0.54772255750517
5	3411041	1440	0.51754916950677
5	3516002	1460	0.51639777949432
5	3622993	1480	0.51887452166277
5	3731710	1500	0.48038446141526
5	3843676	1520	0.49236596391733
5	3957260	1540	0.52704627669473
5	4073333	1560	0.42581531362632
5	4191392	1580	0.51754916950677
5	4312182	1600	0.52704627669473
5	4434848	1620	0.54772255750517
5	4559516	1640	0.52223296786709
5	4687005	1660	0.52223296786709
5	4816217	1680	0.44721359549996
5	4947994	1700	0.54772255750517
5	5082329	1720	0.53452248382485
5	5218651	1740	0.48795003647427
5	5357487	1760	0.36313651960128
5	5498872	1780	0.46291004988628
5	5643184	1800	0.51639777949432
5	5789695	1820	0.4409585518441
5	5939416	1840	0.52223296786709
5	6091575	1860	0.51639777949432
5	6245544	1880	0.50636968354183
5	6402501	1900	0.28867513459481
5	6561257	1920	0.46709936649691
5	6723917	1940	0.51887452166277
5	6889209	1960	0.50636968354183
5	7056880	1980	0.49236596391733
5	7226459	2000	0.5
6	145398	240	0.25
6	171174	260	0.33333333333333
6	198480	280	0.2
6	225747	300	0.3
6	253082	320	0
6	280603	340	0.91666666666667
6	307995	360	0.33333333333333
6	336056	380	0.25
6	364646	400	0.33333333333333
6	393513	420	0.5
6	422997	440	0.33333333333333
6	453089	460	0.2
6	484003	480	0.16666666666667
6	515282	500	0
6	547669	520	0.33333333333333
6	580779	540	0.28571428571429
6	614468	560	0
6	649355	580	0
6	684811	600	0.16666666666667
6	721729	620	0.3
6	759995	640	0.25
6	799162	660	0.23809523809524
6	839709	680	0.17777777777778
6	881312	700	0.14285714285714
6	923749	720	0.14285714285714
6	967508	740	0.125
6	1012523	760	0.23809523809524
6	1058390	780	0.14285714285714
6	1105492	800	0.19444444444444
6	1153358	820	0.57142857142857
6	1202754	840	0.26666666666667
6	1253241	860	0
6	1305017	880	0.23333333333333
6	1358012	900	0.3
6	1412499	920	0.33333333333333
6	1468057	940	0.27777777777778
6	1524829	960	0
6	1582563	980	0.21428571428571
6	1641696	1000	0.26666666666667
6	1703074	1020	0.23333333333333
6	1765352	1040	0.19444444444444
6	1828847	1060	0.17777777777778
6	1894318	1080	0
6	1961707	1100	0.3
6	2031021	1120	0.23809523809524
6	2102788	1140	0
6	2176392	1160	0.26666666666667
6	2251042	1180	0.52777777777778
6	2328199	1200	0.26666666666667
6	2407091	1220	0.26666666666667
6	2487921	1240	0.21818181818182
6	2570712	1260	0.26785714285714
6	2655572	1280	0.21428571428571
6	2742447	1300	0.26515151515152
6	2832235	1320	0.26785714285714
6	2923746	1340	0.28571428571429
6	3017192	1360	0
6	3112436	1380	0.17777777777778
6	3210187	1400	0.28571428571429
6	3309476	1420	0.3
6	3411041	1440	0.26785714285714
6	3516002	1460	0.26666666666667
6	3622993	1480	0.26923076923077
6	3731710	1500	0.23076923076923
6	3843676	1520	0.24242424242424
6	3957260	1540	0.27777777777778
6	4073333	1560	0.18131868131868
6	4191392	1580	0.26785714285714
6	4312182	1600	0.27777777777778
6	4434848	1620	0.3
6	4559516	1640	0.27272727272727
6	4687005	1660	0.27272727272727
6	4816217	1680	0.2
6	4947994	1700	0.3
6	5082329	1720	0.28571428571429
6	5218651	1740	0.23809523809524
6	5357487	1760	0.13186813186813
6	5498872	1780	0.21428571428571
6	5643184	1800	0.26666666666667
6	5789695	1820	0.19444444444444
6	5939416	1840	0.27272727272727
6	6091575	1860	0.26666666666667
6	6245544	1880	0.25641025641026
6	6402501	1900	0.083333333333333
6	6561257	1920	0.21818181818182
6	6723917	1940	0.26923076923077
6	6889209	1960	0.25641025641026
6	7056880	1980	0.24242424242424
6	7226459	2000	0.25
7	145398	240	22.692307692308
7	171174	260	22.658823529412
7	198480	280	22.10752688172
7	225747	300	22.576086956522
7	253082	320	22.357894736842
7	280603	340	22.276595744681
7	307995	360	22.276595744681
7	336056	380	22.144329896907
7	364646	400	22.113402061856
7	393513	420	22.08
7	422997	440	22.191919191919
7	453089	460	22.19801980198
7	484003	480	22.519607843137
7	515282	500	22.427184466019
7	547669	520	22.933962264151
7	580779	540	23.396226415094
7	614468	560	23.485981308411
7	649355	580	23.990740740741
7	684811	600	24
7	721729	620	24.54954954955
7	759995	640	25.681415929204
7	799162	660	25.860869565217
7	839709	680	26.208695652174
7	881312	700	27.286956521739
7	923749	720	27.803418803419
7	967508	740	27.857142857143
7	1012523	760	28.033333333333
7	1058390	780	28.818181818182
7	1105492	800	28.611570247934
7	1153358	820	29.306451612903
7	1202754	840	29.261904761905
7	1253241	860	29.872
7	1305017	880	30.409448818898
7	1358012	900	30.685039370079
7	1412499	920	30.824427480916
7	1468057	940	31.534351145038
7	1524829	960	31.894736842105
7	1582563	980	31.783582089552
7	1641696	1000	32.17037037037
7	1703074	1020	32.792592592593
7	1765352	1040	33.226277372263
7	1828847	1060	34.326086956522
7	1894318	1080	34.278571428571
7	1961707	1100	35.326241134752
7	2031021	1120	35.739436619718
7	2102788	1140	36.723404255319
7	2176392	1160	37.741258741259
7	2251042	1180	37.891156462585
7	2328199	1200	38.614864864865
7	2407091	1220	39.277027027027
7	2487921	1240	40.136054421769
7	2570712	1260	40.801324503311
7	2655572	1280	41.506578947368
7	2742447	1300	42.196078431373
7	2832235	1320	42.564935064935
7	2923746	1340	43.948051948052
7	3017192	1360	44.173076923077
7	3112436	1380	44.550632911392
7	3210187	1400	45.578616352201
7	3309476	1420	45.894409937888
7	3411041	1440	46.518518518519
7	3516002	1460	47.94512195122
7	3622993	1480	48.521212121212
7	3731710	1500	48.488095238095
7	3843676	1520	49.62874251497
7	3957260	1540	50.497005988024
7	4073333	1560	50.502958579882
7	4191392	1580	51.181286549708
7	4312182	1600	51.836257309942
7	4434848	1620	52.109195402299
7	4559516	1640	52.563218390805
7	4687005	1660	53.222857142857
7	4816217	1680	53.534090909091
7	4947994	1700	54.369318181818
7	5082329	1720	54.955056179775
7	5218651	1740	55.292817679558
7	5357487	1760	55.640883977901
7	5498872	1780	56.39226519337
7	5643184	1800	56.532608695652
7	5789695	1820	57.345945945946
7	5939416	1840	58.155913978495
7	6091575	1860	58.393617021277
7	6245544	1880	59.047619047619
7	6402501	1900	59.342105263158
7	6561257	1920	60.03125
7	6723917	1940	60.523316062176
7	6889209	1960	62.336787564767
7	7056880	1980	61.664974619289
7	7226459	2000	62.502538071066
8	145398	240	4.2466417360034
8	171174	260	4.7120740079696
8	198480	280	4.9132968777094
8	225747	300	4.0006419695068
8	253082	320	4.3854590227097
8	280603	340	4.8090511780049
8	307995	360	4.6267205583591
8	336056	380	4.9665331862411
8	364646	400	4.5411917687334
8	393513	420	5.0486121705361
8	422997	440	4.28256257368
8	453089	460	3.972454661743
8	484003	480	3.7751936338952
8	515282	500	4.1078641503102
8	547669	520	3.8477423632307
8	580779	540	3.0352821953471
8	614468	560	3.0695229977326
8	649355	580	3.7378972807836
8	684811	600	3.2716515254079
8	721729	620	4.5482039187089
8	759995	640	4.1581793035055
8	799162	660	4.6733416357293
8	839709	680	5.3303099744859
8	881312	700	5.7074362348857
8	923749	720	6.5564384205716
8	967508	740	7.3303244249033
8	1012523	760	7.0304659148873
8	1058390	780	7.6168672475413
8	1105492	800	7.9008141994211
8	1153358	820	8.4825765177659
8	1202754	840	8.7179617539226
8	1253241	860	8.7868817177984
8	1305017	880	9.841888393703
8	1358012	900	9.8163297600863
8	1412499	920	10.420011011385
8	1468057	940	11.072000521012
8	1524829	960	11.258843768274
8	1582563	980	10.893442837166
8	1641696	1000	11.681431074631
8	1703074	1020	12.263948072818
8	1765352	1040	12.721561537481
8	1828847	1060	13.323138888107
8	1894318	1080	13.611816627524
8	1961707	1100	14.408577035869
8	2031021	1120	14.773312903626
8	2102788	1140	15.180394490911
8	2176392	1160	15.837961744089
8	2251042	1180	16.524423290747
8	2328199	1200	16.726500887944
8	2407091	1220	17.458530435832
8	2487921	1240	18.141996784794
8	2570712	1260	19.021047944334
8	2655572	1280	19.138047368869
8	2742447	1300	19.950946034663
8	2832235	1320	20.234224977826
8	2923746	1340	20.766297547405
8	3017192	1360	20.996516903629
8	3112436	1380	21.639062187066
8	3210187	1400	22.25581524001
8	3309476	1420	22.678073795098
8	3411041	1440	23.480723486114
8	3516002	1460	23.627283036059
8	3622993	1480	24.576309204833
8	3731710	1500	25.115300128443
8	3843676	1520	25.376796872213
8	3957260	1540	25.488923711011
8	4073333	1560	25.938600638806
8	4191392	1580	26.156247720299
8	4312182	1600	26.708383262528
8	4434848	1620	26.823219740888
8	4559516	1640	26.538531764112
8	4687005	1660	26.882065611852
8	4816217	1680	27.083552779664
8	4947994	1700	27.660492126412
8	5082329	1720	27.658494516574
8	5218651	1740	27.881244259556
8	5357487	1760	28.443087176028
8	5498872	1780	28.570103757762
8	5643184	1800	28.966704491775
8	5789695	1820	29.20726713652
8	5939416	1840	29.434533725653
8	6091575	1860	29.978323036618
8	6245544	1880	30.085390126906
8	6402501	1900	30.555419609328
8	6561257	1920	30.829527263792
8	6723917	1940	31.203143628163
8	6889209	1960	30.869779316399
8	7056880	1980	31.588867866482
8	7226459	2000	31.478308755344
9	145398	240	18.033966033966
9	171174	260	22.203641456583
9	198480	280	24.140486208509
9	225747	300	16.00513616818
9	253082	320	19.232250839866
9	280603	340	23.12697323267
9	307995	360	21.406543125143
9	336056	380	24.666451890034
9	364646	400	20.622422680412
9	393513	420	25.488484848485
9	422997	440	18.340342197485
9	453089	460	15.780396039604
9	484003	480	14.252086973403
9	515282	500	16.874547877403
9	547669	520	14.805121293801
9	580779	540	9.2129380053908
9	614468	560	9.4219714336096
9	649355	580	13.971876081689
9	684811	600	10.703703703704
9	721729	620	20.686158886159
9	759995	640	17.290455120101
9	799162	660	21.840122044241
9	839709	680	28.412204424104
9	881312	700	32.574828375286
9	923749	720	42.986884762747
9	967508	740	53.733656174334
9	1012523	760	49.427450980392
9	1058390	780	58.016666666667
9	1105492	800	62.422865013774
9	1153358	820	71.954104379753
9	1202754	840	76.002857142857
9	1253241	860	77.209290322581
9	1305017	880	96.862767154106
9	1358012	900	96.360329958755
9	1412499	920	108.57662947739
9	1468057	940	122.58919553729
9	1524829	960	126.76156299841
9	1582563	980	118.66709684659
9	1641696	1000	136.45583195135
9	1703074	1020	150.40442233278
9	1765352	1040	161.83812795191
9	1828847	1060	177.5060298318
9	1894318	1080	185.28155190134
9	1961707	1100	207.60709219858
9	2031021	1120	218.25077414844
9	2102788	1140	230.4443768997
9	2176392	1160	250.84103220723
9	2251042	1180	273.05656509179
9	2328199	1200	279.7758319544
9	2407091	1220	304.80028497886
9	2487921	1240	329.13204733948
9	2570712	1260	361.80026490066
9	2655572	1280	366.26485709306
9	2742447	1300	398.04024767802
9	2832235	1320	409.42386045327
9	2923746	1340	431.23911382735
9	3017192	1360	440.85372208437
9	3112436	1380	468.24901233573
9	3210187	1400	495.32131199745
9	3309476	1420	514.2950310559
9	3411041	1440	551.34437543133
9	3516002	1460	558.24850366602
9	3622993	1480	603.99497413156
9	3731710	1500	630.77830054177
9	3843676	1520	643.98181949354
9	3957260	1540	649.68523194575
9	4073333	1560	672.81100309946
9	4191392	1580	684.14929480564
9	4312182	1600	713.33773649811
9	4434848	1620	719.48511726796
9	4559516	1640	704.2936681948
9	4687005	1660	722.64545155993
9	4816217	1680	733.51883116883
9	4947994	1700	765.10282467532
9	5082329	1720	764.99231892338
9	5218651	1740	777.36378146102
9	5357487	1760	809.00920810313
9	5498872	1780	816.25082872928
9	5643184	1800	839.0699691138
9	5789695	1820	853.06445358402
9	5939416	1840	866.39177564661
9	6091575	1860	898.69985208784
9	6245544	1880	905.13069908815
9	6402501	1900	933.63366750209
9	6561257	1920	950.4597513089
9	6723917	1940	973.63617227979
9	6889209	1960	952.94327504318
9	7056880	1980	997.85657308609
9	7226459	2000	990.88392209676
10	145398	240	187.91525633977
10	171174	260	144.12303181829
10	198480	280	235.74704870206
10	225747	300	236.57657355717
10	253082	320	94.924907171359
10	280603	340	196.52278033698
10	307995	360	143.23140021192
10	336056	380	189.5509930311
10	364646	400	194.04022970648
10	393513	420	97.013433466844
10	422997	440	144.59181967411
10	453089	460	244.85731589204
10	484003	480	285.81450226124
10	515282	500	200.31264957093
10	547669	520	142.45579040188
10	580779	540	347.19226928903
10	614468	560	146.01776164932
10	649355	580	145.29862586482
10	684811	600	293.60446889643
10	721729	620	295.46455479795
10	759995	640	449.7612436082
10	799162	660	341.69266619772
10	839709	680	502.06640248983
10	881312	700	345.67977126645
10	923749	720	350.90319789173
10	967508	740	388.10334134345
10	1012523	760	343.75369031973
10	1058390	780	351.14708800098
10	1105492	800	445.9304030469
10	1153358	820	343.58920460662
10	1202754	840	296.63983079957
10	1253241	860	190.73631601584
10	1305017	880	505.07542554469
10	1358012	900	301.99411306283
10	1412499	920	190.20977156366
10	1468057	940	457.5329814281
10	1524829	960	154.90192044137
10	1582563	980	377.40606479636
10	1641696	1000	506.77132194303
10	1703074	1020	479.31843330114
10	1765352	1040	443.30325060091
10	1828847	1060	492.50715410305
10	1894318	1080	194.46318772436
10	1961707	1100	255.10052369985
10	2031021	1120	357.44223717476
10	2102788	1140	236.14626855896
10	2176392	1160	497.53424451517
10	2251042	1180	462.51978013663
10	2328199	1200	304.00771997189
10	2407091	1220	298.53530179949
10	2487921	1240	553.11342919826
10	2570712	1260	399.73630819728
10	2655572	1280	391.0054106294
10	2742447	1300	596.74900422392
10	2832235	1320	389.04631480821
10	2923746	1340	342.87101445732
10	3017192	1360	103.44802001437
10	3112436	1380	498.84312994152
10	3210187	1400	356.48923650224
10	3309476	1420	300.70689906094
10	3411041	1440	399.76984213586
10	3516002	1460	498.29197533746
10	3622993	1480	651.2954500814
10	3731710	1500	654.69948567801
10	3843676	1520	603.45414896503
10	3957260	1540	451.2336800713
10	4073333	1560	686.97138420396
10	4191392	1580	404.70174889862
10	4312182	1600	458.95135392147
10	4434848	1620	250.02739842373
10	4559516	1640	558.72710699778
10	4687005	1660	551.78801539719
10	4816217	1680	244.59261077538
10	4947994	1700	255.90818251491
10	5082329	1720	403.90172223167
10	5218651	1740	340.48326904675
10	5357487	1760	711.45753137979
10	5498872	1780	407.13141035436
10	5643184	1800	301.39639819504
10	5789695	1820	449.87629238449
10	5939416	1840	556.45008646577
10	6091575	1860	306.40283258542
10	6245544	1880	652.62989351157
10	6402501	1900	587.9521594334
10	6561257	1920	554.09820164825
10	6723917	1940	716.84691115583
10	6889209	1960	653.17582067255
10	7056880	1980	609.53854078834
10	7226459	2000	466.75255281031
11	145398	240	46.978814084941
11	171174	260	48.041010606097
11	198480	280	47.149409740411
11	225747	300	47.315314711434
11	253082	320	47.46245358568
11	280603	340	49.130695084246
11	307995	360	47.74380007064
11	336056	380	47.387748257776
11	364646	400	48.510057426621
11	393513	420	48.506716733422
11	422997	440	48.197273224704
11	453089	460	48.971463178408
11	484003	480	47.635750376873
11	515282	500	50.078162392733
11	547669	520	47.485263467293
11	580779	540	49.598895612719
11	614468	560	48.672587216441
11	649355	580	48.432875288272
11	684811	600	48.934078149404
11	721729	620	49.244092466324
11	759995	640	49.973471512022
11	799162	660	48.813238028246
11	839709	680	50.206640248983
11	881312	700	49.382824466635
11	923749	720	50.129028270246
11	967508	740	48.512917667931
11	1012523	760	49.107670045676
11	1058390	780	50.163869714426
11	1105492	800	49.547822560766
11	1153358	820	49.08417208666
11	1202754	840	49.439971799928
11	1253241	860	47.68407900396
11	1305017	880	50.507542554469
11	1358012	900	50.332352177139
11	1412499	920	47.552442890915
11	1468057	940	50.836997936455
11	1524829	960	51.633973480456
11	1582563	980	47.175758099545
11	1641696	1000	50.677132194303
11	1703074	1020	47.931843330114
11	1765352	1040	49.255916733434
11	1828847	1060	49.250715410305
11	1894318	1080	48.615796931089
11	1961707	1100	51.020104739971
11	2031021	1120	51.063176739251
11	2102788	1140	47.229253711793
11	2176392	1160	49.753424451517
11	2251042	1180	51.391086681848
11	2328199	1200	50.667953328649
11	2407091	1220	49.755883633249
11	2487921	1240	50.283039018024
11	2570712	1260	49.96703852466
11	2655572	1280	48.875676328675
11	2742447	1300	49.729083685326
11	2832235	1320	48.630789351027
11	2923746	1340	48.981573493903
11	3017192	1360	51.724010007183
11	3112436	1380	49.884312994152
11	3210187	1400	50.927033786035
11	3309476	1420	50.117816510157
11	3411041	1440	49.971230266982
11	3516002	1460	49.829197533746
11	3622993	1480	50.099650006262
11	3731710	1500	50.361498898309
11	3843676	1520	50.287845747086
11	3957260	1540	50.137075563478
11	4073333	1560	49.069384585997
11	4191392	1580	50.587718612327
11	4312182	1600	50.994594880163
11	4434848	1620	50.005479684747
11	4559516	1640	50.793373363434
11	4687005	1660	50.16254685429
11	4816217	1680	48.918522155076
11	4947994	1700	51.181636502981
11	5082329	1720	50.487715278959
11	5218651	1740	48.640467006678
11	5357487	1760	50.818395098557
11	5498872	1780	50.891426294295
11	5643184	1800	50.232733032506
11	5789695	1820	49.986254709388
11	5939416	1840	50.586371496888
11	6091575	1860	51.067138764237
11	6245544	1880	50.20229950089
11	6402501	1900	48.996013286117
11	6561257	1920	50.372563786204
11	6723917	1940	51.203350796845
11	6889209	1960	50.244293897889
11	7056880	1980	50.794878399028
11	7226459	2000	51.861394756701
12	145398	240	1.1571016484954
12	171174	260	0.7443966140072
12	198480	280	0.32492712295538
12	225747	300	1.5636330452302
12	253082	320	0.28707740925396
12	280603	340	2.3827521118854
12	307995	360	0.80656240587393
12	336056	380	0.72050783407687
12	364646	400	2.9273022056262
12	393513	420	4.1882539869127
12	422997	440	2.8414064476999
12	453089	460	1.9755379538131
12	484003	480	1.7348373656374
12	515282	500	4.7998906159517
12	547669	520	0.85928548391092
12	580779	540	1.6396397653202
12	614468	560	3.4800203733622
12	649355	580	1.8747501985715
12	684811	600	3.2511793342557
12	721729	620	3.261776161959
12	759995	640	2.6588487064781
12	799162	660	2.3865188286147
12	839709	680	5.0020483393651
12	881312	700	2.0245837874598
12	923749	720	2.4795729478375
12	967508	740	3.1288206071012
12	1012523	760	1.7527154879843
12	1058390	780	2.4880460264297
12	1105492	800	3.2195042482519
12	1153358	820	2.0936057884929
12	1202754	840	2.1803809096168
12	1253241	860	2.3420691980299
12	1305017	880	3.4679053648071
12	1358012	900	3.0392647038702
12	1412499	920	2.250214900866
12	1468057	940	2.5795634945865
12	1524829	960	1.7754666150489
12	1582563	980	1.3007832750097
12	1641696	1000	3.3477689997295
12	1703074	1020	1.5508673500665
12	1765352	1040	2.2597372237664
12	1828847	1060	2.1913499927171
12	1894318	1080	2.019088338637
12	1961707	1100	3.3466518964755
12	2031021	1120	1.6526204640939
12	2102788	1140	3.7060810622663
12	2176392	1160	2.9375420431729
12	2251042	1180	5.0973459175252
12	2328199	1200	2.3032083124338
12	2407091	1220	2.2179561989014
12	2487921	1240	3.418271126533
12	2570712	1260	1.3103355860715
12	2655572	1280	2.9992202184151
12	2742447	1300	2.7674612685737
12	2832235	1320	3.0939782131685
12	2923746	1340	2.3131699231709
12	3017192	1360	0.31288796354557
12	3112436	1380	3.9577777152531
12	3210187	1400	2.6671292590669
12	3309476	1420	2.4272839390397
12	3411041	1440	1.8046268792316
12	3516002	1460	2.4257690489812
12	3622993	1480	2.3109633702546
12	3731710	1500	1.6431858547266
12	3843676	1520	2.3726774134081
12	3957260	1540	2.5666646726404
12	4073333	1560	2.2824945639313
12	4191392	1580	2.9743531872973
12	4312182	1600	2.9688584346011
12	4434848	1620	1.6359180031646
12	4559516	1640	0.88092939281799
12	4687005	1660	2.7905519798117
12	4816217	1680	1.5268040302209
12	4947994	1700	2.7088773810956
12	5082329	1720	2.4025794103338
12	5218651	1740	2.3333198626482
12	5357487	1760	2.711928348132
12	5498872	1780	2.9150443986601
12	5643184	1800	0.73830980636924
12	5789695	1820	2.2758019063872
12	5939416	1840	3.1604422788474
12	6091575	1860	4.7712948219356
12	6245544	1880	2.4825909498997
12	6402501	1900	2.1862693437903
12	6561257	1920	2.3802935149134
12	6723917	1940	3.1698977432101
12	6889209	1960	2.4411671668622
12	7056880	1980	3.3407571398591
12	7226459	2000	2.9145401079896
13	145398	240	1.3388842249507
13	171174	260	0.55412631894539
13	198480	280	0.10557763523206
13	225747	300	2.4449483001358
13	253082	320	0.082413438903963
13	280603	340	5.6775076266942
13	307995	360	0.65054291456914
13	336056	380	0.51913153896614
13	364646	400	8.5690982030641
13	393513	420	17.54147145889
13	422997	440	8.0735906010307
13	453089	460	3.9027502069559
13	484003	480	3.0096606852116
13	515282	500	23.038949925101
13	547669	520	0.73837154286002
13	580779	540	2.6884185600193
13	614468	560	12.110541799016
13	649355	580	3.5146883070437
13	684811	600	10.570167063491
13	721729	620	10.639183730724
13	759995	640	7.0694764439402
13	799162	660	5.6954721193324
13	839709	680	25.020487589346
13	881312	700	4.0989395124452
13	923749	720	6.1482820036475
13	967508	740	9.7895183914212
13	1012523	760	3.0720115818201
13	1058390	780	6.1903730296326
13	1105492	800	10.365207604512
13	1153358	820	4.3831851976109
13	1202754	840	4.7540609110214
13	1253241	860	5.4852881283603
13	1305017	880	12.026367619258
13	1358012	900	9.2371299401912
13	1412499	920	5.0634671000792
13	1468057	940	6.6541478226032
13	1524829	960	3.1522817011532
13	1582563	980	1.692037128545
13	1641696	1000	11.20755727555
13	1703074	1020	2.4051895375024
13	1765352	1040	5.1064123204753
13	1828847	1060	4.8020147905812
13	1894318	1080	4.0767177192198
13	1961707	1100	11.200078916183
13	2031021	1120	2.7311543983419
13	2102788	1140	13.735036840089
13	2176392	1160	8.6291532554086
13	2251042	1180	25.982935402911
13	2328199	1200	5.3047685304642
13	2407091	1220	4.919329700245
13	2487921	1240	11.68457749449
13	2570712	1260	1.7169793481254
13	2655572	1280	8.99532191855
13	2742447	1300	7.6588418730557
13	2832235	1320	9.5727011835616
13	2923746	1340	5.3507550934627
13	3017192	1360	0.097898877731694
13	3112436	1380	15.664004443354
13	3210187	1400	7.113578484571
13	3309476	1420	5.8917073207202
13	3411041	1440	3.2566781732451
13	3516002	1460	5.8843554789953
13	3622993	1480	5.3405516986585
13	3731710	1500	2.7000597531736
13	3843676	1520	5.6295981080972
13	3957260	1540	6.5877675417804
13	4073333	1560	5.2097814343759
13	4191392	1580	8.8467768827856
13	4312182	1600	8.814120404702
13	4434848	1620	2.6762277130781
13	4559516	1640	0.77603659513066
13	4687005	1660	7.7871803520308
13	4816217	1680	2.3311305466989
13	4947994	1700	7.3380166658111
13	5082329	1720	5.77238782296
13	5218651	1740	5.4443815814286
13	5357487	1760	7.3545553654017
13	5498872	1780	8.4974838461597
13	5643184	1800	0.54510137018098
13	5789695	1820	5.1792743171155
13	5939416	1840	9.9883953979259
13	6091575	1860	22.76525427783
13	6245544	1880	6.1632578245237
13	6402501	1900	4.7797736435975
13	6561257	1920	5.6657972171388
13	6723917	1940	10.048251702409
13	6889209	1960	5.959297136566
13	7056880	1980	11.160658267519
13	7226459	2000	8.4945440410801
14	145398	240	223.48811694832
14	171174	260	134.37791593684
14	198480	280	314.84761092445
14	225747	300	267.62420074663
14	253082	320	133.94161320287
14	280603	340	229.0839027755
14	307995	360	224.91918975389
14	336056	380	271.22941907445
14	364646	400	270.6447923951
14	393513	420	93.678510824017
14	422997	440	272.12612434984
14	453089	460	312.70339419899
14	484003	480	317.58807809623
14	515282	500	228.46138738473
14	547669	520	180.19624442047
14	580779	540	324.12757531518
14	614468	560	227.38787009235
14	649355	580	182.26606471553
14	684811	600	368.03696199681
14	721729	620	321.30661705855
14	759995	640	509.33994833184
14	799162	660	322.71964382462
14	839709	680	545.76991356025
14	881312	700	319.25570073936
14	923749	720	411.84820145001
14	967508	740	406.54592728527
14	1012523	760	456.3846008513
14	1058390	780	368.03580609534
14	1105492	800	409.96627387689
14	1153358	820	446.38786008427
14	1202754	840	364.08679330849
14	1253241	860	267.84059893956
14	1305017	880	638.45086384874
14	1358012	900	318.55736566874
14	1412499	920	317.0284970092
14	1468057	940	457.47256969527
14	1524829	960	183.32490682286
14	1582563	980	405.1946370985
14	1641696	1000	509.1467724773
14	1703074	1020	494.75241239349
14	1765352	1040	502.66939360096
14	1828847	1060	500.82751593629
14	1894318	1080	268.22180190704
14	1961707	1100	321.44594962946
14	2031021	1120	416.11428154809
14	2102788	1140	321.05541617816
14	2176392	1160	641.03880695825
14	2251042	1180	504.19099196129
14	2328199	1200	366.87522848482
14	2407091	1220	455.85919346856
14	2487921	1240	640.80341385926
14	2570712	1260	368.17516775851
14	2655572	1280	498.29221695617
14	2742447	1300	592.14553088923
14	2832235	1320	408.91296607788
14	2923746	1340	550.94655045526
14	3017192	1360	92.511601689023
14	3112436	1380	542.64809182256
14	3210187	1400	543.89038923609
14	3309476	1420	274.3491647193
14	3411041	1440	461.3661345483
14	3516002	1460	549.87967248394
14	3622993	1480	687.45958120459
14	3731710	1500	781.83737632191
14	3843676	1520	644.80921017218
14	3957260	1540	591.95920917813
14	4073333	1560	813.92890111097
14	4191392	1580	411.82921525986
14	4312182	1600	458.72964172586
14	4434848	1620	231.04710285795
14	4559516	1640	553.95720429817
14	4687005	1660	684.54908634274
14	4816217	1680	315.66231412941
14	4947994	1700	232.08883623413
14	5082329	1720	457.35821745564
14	5218651	1740	410.55592823995
14	5357487	1760	775.80619314882
14	5498872	1780	363.42223298803
14	5643184	1800	453.54608513602
14	5789695	1820	457.74251380725
14	5939416	1840	590.06480120481
14	6091575	1860	315.73582551769
14	6245544	1880	772.37190215105
14	6402501	1900	631.38346161888
14	6561257	1920	639.33197882285
14	6723917	1940	867.34238359662
14	6889209	1960	641.61886067812
14	7056880	1980	685.43166277908
14	7226459	2000	504.06154396091
15	145398	240	44.697623389664
15	171174	260	44.792638645613
15	198480	280	44.978230132064
15	225747	300	44.604033457772
15	253082	320	44.647204400956
15	280603	340	45.816780555099
15	307995	360	44.983837950777
15	336056	380	45.204903179074
15	364646	400	45.107465399183
15	393513	420	46.839255412009
15	422997	440	45.354354058307
15	453089	460	44.671913456999
15	484003	480	45.369725442318
15	515282	500	45.692277476946
15	547669	520	45.049061105117
15	580779	540	46.30393933074
15	614468	560	45.47757401847
15	649355	580	45.566516178883
15	684811	600	46.004620249601
15	721729	620	45.900945294079
15	759995	640	46.303631666531
15	799162	660	46.10280626066
15	839709	680	45.48082613002
15	881312	700	45.607957248481
15	923749	720	45.760911272224
15	967508	740	45.171769698364
15	1012523	760	45.63846008513
15	1058390	780	46.004475761918
15	1105492	800	45.551808208543
15	1153358	820	44.638786008427
15	1202754	840	45.510849163561
15	1253241	860	44.64009982326
15	1305017	880	45.603633132053
15	1358012	900	45.508195095535
15	1412499	920	45.289785287029
15	1468057	940	45.747256969527
15	1524829	960	45.831226705716
15	1582563	980	45.021626344278
15	1641696	1000	46.286070225209
15	1703074	1020	44.977492035771
15	1765352	1040	45.697217600087
15	1828847	1060	45.529774176027
15	1894318	1080	44.703633651174
15	1961707	1100	45.920849947065
15	2031021	1120	46.23492017201
15	2102788	1140	45.865059454023
15	2176392	1160	45.788486211304
15	2251042	1180	45.835544723753
15	2328199	1200	45.859403560602
15	2407091	1220	45.585919346856
15	2487921	1240	45.771672418518
15	2570712	1260	46.021895969814
15	2655572	1280	45.299292450561
15	2742447	1300	45.549656222249
15	2832235	1320	45.434774008653
15	2923746	1340	45.912212537939
15	3017192	1360	46.255800844512
15	3112436	1380	45.220674318547
15	3210187	1400	45.324199103007
15	3309476	1420	45.724860786551
15	3411041	1440	46.13661345483
15	3516002	1460	45.823306040328
15	3622993	1480	45.830638746973
15	3731710	1500	45.990433901289
15	3843676	1520	46.057800726584
15	3957260	1540	45.535323782933
15	4073333	1560	45.218272283943
15	4191392	1580	45.758801695541
15	4312182	1600	45.872964172586
15	4434848	1620	46.209420571591
15	4559516	1640	46.163100358181
15	4687005	1660	45.636605756182
15	4816217	1680	45.094616304201
15	4947994	1700	46.417767246826
15	5082329	1720	45.735821745564
15	5218651	1740	45.617325359994
15	5357487	1760	45.635658420519
15	5498872	1780	45.427779123503
15	5643184	1800	45.354608513602
15	5789695	1820	45.774251380725
15	5939416	1840	45.389600092677
15	6091575	1860	45.105117931099
15	6245544	1880	45.433641303003
15	6402501	1900	45.098818687063
15	6561257	1920	45.666569915918
15	6723917	1940	45.649599136664
15	6889209	1960	45.829918619865
15	7056880	1980	45.695444185272
15	7226459	2000	45.823776723719
16	145398	240	0.24165735492136
16	171174	260	0.2886432266854
16	198480	280	0.37656258646043
16	225747	300	0.29509087534508
16	253082	320	0.19469843415731
16	280603	340	1.5149210330749
16	307995	360	0.53530446245418
16	336056	380	1.0324870732003
16	364646	400	1.2744906577881
16	393513	420	3.2820018873995
16	422997	440	1.5759101290255
16	453089	460	0.29073002603189
16	484003	480	1.610751408726
16	515282	500	1.6271945896298
16	547669	520	0.7576037453709
16	580779	540	1.88734719982
16	614468	560	1.6377633775148
16	649355	580	0.64204169620814
16	684811	600	1.2894780648615
16	721729	620	0.94587834042125
16	759995	640	1.275777813265
16	799162	660	1.59268844443
16	839709	680	1.0957027179156
16	881312	700	1.4196073421655
16	923749	720	1.115507853214
16	967508	740	0.77824825889753
16	1012523	760	1.1630470370321
16	1058390	780	1.1761041282953
16	1105492	800	1.4766757474934
16	1153358	820	0.31497466447438
16	1202754	840	1.3598637847165
16	1253241	860	0.31008202714791
16	1305017	880	1.2334526486252
16	1358012	900	1.3320785906046
16	1412499	920	1.1613512896319
16	1468057	940	1.2203315663167
16	1524829	960	1.0253122740984
16	1582563	980	1.2010429585076
16	1641696	1000	1.313913296605
16	1703074	1020	0.98943321846792
16	1765352	1040	1.264382055745
16	1828847	1060	1.1945205398693
16	1894318	1080	0.4290578497427
16	1961707	1100	1.3272905399712
16	2031021	1120	1.072491757711
16	2102788	1140	1.0002010055133
16	2176392	1160	0.95248834163476
16	2251042	1180	0.90400557367507
16	2328199	1200	1.3710489692038
16	2407091	1220	1.0027285152022
16	2487921	1240	0.97063439329979
16	2570712	1260	1.348084003407
16	2655572	1280	0.69573839504267
16	2742447	1300	1.0124076846279
16	2832235	1320	0.95170813365201
16	2923746	1340	1.1803041797625
16	3017192	1360	0.20029385541702
16	3112436	1380	0.84402795787098
16	3210187	1400	0.73578166389228
16	3309476	1420	1.0316284365368
16	3411041	1440	0.81808093856021
16	3516002	1460	0.92190073731802
16	3622993	1480	1.0694280335422
16	3731710	1500	0.97472164688018
16	3843676	1520	1.1244608735286
16	3957260	1540	1.0037673040157
16	4073333	1560	0.68792319882889
16	4191392	1580	0.92585913266255
16	4312182	1600	0.81848447406196
16	4434848	1620	1.3917845530501
16	4559516	1640	0.6772639676155
16	4687005	1660	0.84202168919121
16	4816217	1680	0.70861585459607
16	4947994	1700	1.1263142566966
16	5082329	1720	0.77697971335337
16	5218651	1740	0.59657409535722
16	5357487	1760	0.82272750621906
16	5498872	1780	0.80248264099139
16	5643184	1800	0.61119096848015
16	5789695	1820	1.0659369554432
16	5939416	1840	0.5602218434665
16	6091575	1860	0.72963987499607
16	6245544	1880	1.0319544929181
16	6402501	1900	0.58427925544622
16	6561257	1920	0.81250722925422
16	6723917	1940	0.90132622125297
16	6889209	1960	0.99985153688497
16	7056880	1980	0.9738228728984
16	7226459	2000	0.55551809958997
17	145398	240	0.05839827718759
17	171174	260	0.083314912311361
17	198480	280	0.14179938152177
17	225747	300	0.087078624711923
17	253082	320	0.037907480263309
17	280603	340	2.2949857364527
17	307995	360	0.28655086752336
17	336056	380	1.0660295563258
17	364646	400	1.6243264367891
17	393513	420	10.771536388894
17	422997	440	2.4834927347651
17	453089	460	0.084523948036501
17	484003	480	2.5945201007129
17	515282	500	2.6477622325205
17	547669	520	0.57396343500002
17	580779	540	3.5620794526684
17	614468	560	2.6822688807288
17	649355	580	0.41221753966983
17	684811	600	1.662753679759
17	721729	620	0.89468583487805
17	759995	640	1.6276090288192
17	799162	660	2.5366564810208
17	839709	680	1.2005644460477
17	881312	700	2.0152850059303
17	923749	720	1.2443577705821
17	967508	740	0.60567035247704
17	1012523	760	1.3526784103492
17	1058390	780	1.3832209205932
17	1105492	800	2.1805712632351
17	1153358	820	0.099209039260745
17	1202754	840	1.8492295129834
17	1253241	860	0.096150863560154
17	1305017	880	1.5214054364005
17	1358012	900	1.7744333715472
17	1412499	920	1.3487368179298
17	1468057	940	1.4892091317489
17	1524829	960	1.0512652594168
17	1582563	980	1.4425041881807
17	1641696	1000	1.7263681509953
17	1703074	1020	0.9789780938078
17	1765352	1040	1.5986619828899
17	1828847	1060	1.4268793201697
17	1894318	1080	0.18409063842583
17	1961707	1100	1.7617001774971
17	2031021	1120	1.1502385703581
17	2102788	1140	1.0004020514298
17	2176392	1160	0.90723404095014
17	2251042	1180	0.81722607723559
17	2328199	1200	1.8797752759548
17	2407091	1220	1.0054644751996
17	2487921	1240	0.94213112545645
17	2570712	1260	1.817330480242
17	2655572	1280	0.48405191433655
17	2742447	1300	1.0249693198937
17	2832235	1320	0.90574837165938
17	2923746	1340	1.3931179567648
17	3017192	1360	0.040117628517816
17	3112436	1380	0.71238319366785
17	3210187	1400	0.54137465692009
17	3309476	1420	1.0642572310714
17	3411041	1440	0.66925642203555
17	3516002	1460	0.8499009694675
17	3622993	1480	1.1436763189259
17	3731710	1500	0.95008228889682
17	3843676	1520	1.2644122560968
17	3957260	1540	1.007548800611
17	4073333	1560	0.47323832748697
17	4191392	1580	0.85721513353464
17	4312182	1600	0.66991683428049
17	4434848	1620	1.9370642421088
17	4559516	1640	0.45868648183029
17	4687005	1660	0.70900052506842
17	4816217	1680	0.50213642938492
17	4947994	1700	1.2685838048381
17	5082329	1720	0.60369747496269
17	5218651	1740	0.35590065125128
17	5357487	1760	0.67688054948944
17	5498872	1780	0.64397838909252
17	5643184	1800	0.3735543999517
17	5789695	1820	1.1362215929796
17	5939416	1840	0.31384851389701
17	6091575	1860	0.53237434718429
17	6245544	1880	1.0649300754538
17	6402501	1900	0.34138224834478
17	6561257	1920	0.66016799759038
17	6723917	1940	0.81238895711816
17	6889209	1960	0.99970309581124
17	7056880	1980	0.9483309877801
17	7226459	2000	0.30860035897205
18	145398	240	1002.346718763
18	171174	260	1195.8917804924
18	198480	280	1299.4511020488
18	225747	300	1340.7785090992
18	253082	320	1334.7279495231
18	280603	340	1195.8656527837
18	307995	360	1193.7522819324
18	336056	380	1049.8221600323
18	364646	400	1098.5532597718
18	393513	420	1007.7662916693
18	422997	440	971.96779372066
18	453089	460	1182.2840323052
18	484003	480	1226.7854457728
18	515282	500	1400.9393886063
18	547669	520	1447.4592077817
18	580779	540	1671.006951822
18	614468	560	1660.6027634513
18	649355	580	1567.211814615
18	684811	600	1555.9041623952
18	721729	620	1787.5339133213
18	759995	640	1830.3704982051
18	799162	660	1979.6702812778
18	839709	680	2064.3271852786
18	881312	700	2064.2141452429
18	923749	720	2154.0329389376
18	967508	740	2323.1546115571
18	1012523	760	2402.8035865504
18	1058390	780	2368.3687305861
18	1105492	800	2607.6451169063
18	1153358	820	2826.295585396
18	1202754	840	2863.1131657599
18	1253241	860	2781.5174587146
18	1305017	880	3015.7658823405
18	1358012	900	3068.413911363
18	1412499	920	3133.704612766
18	1468057	940	3240.8215123696
18	1524829	960	3135.7861843749
18	1582563	980	3174.0937060391
18	1641696	1000	3103.6478999211
18	1703074	1020	3320.9538068782
18	1765352	1040	3309.7721365945
18	1828847	1060	3314.7866655849
18	1894318	1080	3407.0386480351
18	1961707	1100	3217.8294865113
18	2031021	1120	3230.0295144702
18	2102788	1140	2929.6365061264
18	2176392	1160	3003.3694933408
18	2251042	1180	3021.4280269351
18	2328199	1200	3100.7980060746
18	2407091	1220	3103.5790740926
18	2487921	1240	2932.7257714798
18	2570712	1260	3114.0691812897
18	2655572	1280	3347.4407477877
18	2742447	1300	3191.5229510902
18	2832235	1320	3360.4777751253
18	2923746	1340	3447.9629618572
18	3017192	1360	3501.3082111897
18	3112436	1380	3401.0275942907
18	3210187	1400	3301.107378357
18	3309476	1420	3348.6304868743
18	3411041	1440	3246.4872389166
18	3516002	1460	3452.1316679513
18	3622993	1480	3798.1257832514
18	3731710	1500	3619.7964145677
18	3843676	1520	3834.1122016497
18	3957260	1540	3988.2383673222
18	4073333	1560	4072.8391781285
18	4191392	1580	4196.9957177156
18	4312182	1600	4087.9674495754
18	4434848	1620	4154.0090944922
18	4559516	1640	3989.5152058507
18	4687005	1660	3970.4214056282
18	4816217	1680	4293.2811474604
18	4947994	1700	4047.1799014116
18	5082329	1720	3987.2253560442
18	5218651	1740	4099.5581557908
18	5357487	1760	4209.7029747862
18	5498872	1780	4251.65057879
18	5643184	1800	4199.2443080201
18	5789695	1820	4399.0592433893
18	5939416	1840	4463.9620299314
18	6091575	1860	4499.6259879443
18	6245544	1880	4702.5880008816
18	6402501	1900	4721.0125064806
18	6561257	1920	4925.9703739442
18	6723917	1940	4726.4530273914
18	6889209	1960	4860.1722615949
18	7056880	1980	5245.2586594296
18	7226459	2000	4997.6412736006
19	145398	240	47.730796131569
19	171174	260	47.835671219694
19	198480	280	48.1278185944
19	225747	300	47.884946753545
19	253082	320	47.668855340111
19	280603	340	47.834626111347
19	307995	360	47.750091277298
19	336056	380	47.719189092378
19	364646	400	47.763185207471
19	393513	420	47.988871031872
19	422997	440	48.598389686033
19	453089	460	49.261834679383
19	484003	480	49.071417830913
19	515282	500	48.308254779527
19	547669	520	48.248640259389
19	580779	540	49.147263288883
19	614468	560	48.841257748569
19	649355	580	48.97536920672
19	684811	600	48.62200507485
19	721729	620	49.65371981448
19	759995	640	49.469472924461
19	799162	660	49.491757031945
19	839709	680	49.150647268539
19	881312	700	49.147955839116
19	923749	720	48.955294066764
19	967508	740	49.428821522492
19	1012523	760	49.036807888783
19	1058390	780	49.341015220544
19	1105492	800	49.200851262383
19	1153358	820	49.584133077123
19	1202754	840	49.364020099308
19	1253241	860	49.669954619903
19	1305017	880	50.262764705674
19	1358012	900	50.301867399393
19	1412499	920	50.543622786549
19	1468057	940	50.637836130775
19	1524829	960	50.577196522176
19	1582563	980	50.382439778398
19	1641696	1000	50.058837095501
19	1703074	1020	50.317481922398
19	1765352	1040	50.148062675674
19	1828847	1060	50.22404038765
19	1894318	1080	50.103509529928
19	1961707	1100	50.278585726739
19	2031021	1120	50.469211163597
19	2102788	1140	50.510974243558
19	2176392	1160	50.056158222346
19	2251042	1180	50.357133782252
19	2328199	1200	50.832754197944
19	2407091	1220	50.878345476928
19	2487921	1240	50.564237439308
19	2570712	1260	51.050314447372
19	2655572	1280	50.718799208905
19	2742447	1300	50.659094461749
19	2832235	1320	50.916329926141
19	2923746	1340	50.705337674371
19	3017192	1360	50.743597263619
19	3112436	1380	50.761605884935
19	3210187	1400	50.786267359338
19	3309476	1420	50.736825558702
19	3411041	1440	50.726363108072
19	3516002	1460	50.766642175754
19	3622993	1480	50.641677110019
19	3731710	1500	50.274950202329
19	3843676	1520	50.448844758548
19	3957260	1540	50.484029966104
19	4073333	1560	50.28196516208
19	4191392	1580	50.566213466453
19	4312182	1600	50.468733945376
19	4434848	1620	50.658647493807
19	4559516	1640	50.500192479122
19	4687005	1660	50.25849880542
19	4816217	1680	50.509189970123
19	4947994	1700	50.589748767645
19	5082329	1720	50.471207038534
19	5218651	1740	50.611829083836
19	5357487	1760	50.719312949232
19	5498872	1780	50.614887842738
19	5643184	1800	50.593304915905
19	5789695	1820	50.563899349302
19	5939416	1840	50.726841249221
19	6091575	1860	50.55759537016
19	6245544	1880	51.115086966104
19	6402501	1900	50.763575338501
19	6561257	1920	50.783199731383
19	6723917	1940	50.822075563348
19	6889209	1960	51.159708016789
19	7056880	1980	50.924841353685
19	7226459	2000	50.996339526537
20	145398	240	1.8315788453088
20	171174	260	2.1447492431413
20	198480	280	2.2610066790986
20	225747	300	2.1930751637163
20	253082	320	2.8155958723899
20	280603	340	1.7261907085007
20	307995	360	2.3776387223807
20	336056	380	2.6224358342271
20	364646	400	1.647405792265
20	393513	420	2.0221759008774
20	422997	440	2.7278232008172
20	453089	460	2.9666817566951
20	484003	480	2.8038715676206
20	515282	500	2.8548611975008
20	547669	520	2.9138826032665
20	580779	540	2.6727529107376
20	614468	560	3.0367057839778
20	649355	580	3.5851098621929
20	684811	600	3.212225383641
20	721729	620	3.4802799502296
20	759995	640	2.878060458023
20	799162	660	3.3921806367123
20	839709	680	4.0497769649162
20	881312	700	3.12350328905
20	923749	720	3.7984812865708
20	967508	740	3.9367036766248
20	1012523	760	2.6023296044918
20	1058390	780	2.583060041277
20	1105492	800	2.4229635052224
20	1153358	820	3.0519232184002
20	1202754	840	3.1190119699336
20	1253241	860	3.3093055510503
20	1305017	880	3.1641838039188
20	1358012	900	2.805312833785
20	1412499	920	2.9458840753503
20	1468057	940	3.4405988706773
20	1524829	960	3.0549297875775
20	1582563	980	2.7976141609882
20	1641696	1000	3.0911290146073
20	1703074	1020	2.7991399267169
20	1765352	1040	2.7956481078642
20	1828847	1060	3.0428943534713
20	1894318	1080	2.8515605833942
20	1961707	1100	2.7703527705355
20	2031021	1120	2.6009840951672
20	2102788	1140	2.3708122948583
20	2176392	1160	2.7798431923936
20	2251042	1180	3.0606271310208
20	2328199	1200	2.777530923623
20	2407091	1220	2.6403957309453
20	2487921	1240	3.0256994999738
20	2570712	1260	3.1052702998983
20	2655572	1280	2.8999909536113
20	2742447	1300	3.0115430423065
20	2832235	1320	2.9206615726484
20	2923746	1340	3.27306510871
20	3017192	1360	3.6132745405597
20	3112436	1380	3.2508265331643
20	3210187	1400	2.5352725692795
20	3309476	1420	2.5309958286321
20	3411041	1440	2.7478710484204
20	3516002	1460	2.2847748102282
20	3622993	1480	2.2973597233217
20	3731710	1500	2.3528488889563
20	3843676	1520	2.3997341902443
20	3957260	1540	2.4608137104921
20	4073333	1560	2.3092250070956
20	4191392	1580	2.654001076347
20	4312182	1600	2.6387092831299
20	4434848	1620	2.734969950445
20	4559516	1640	2.8301092577796
20	4687005	1660	2.9307117667509
20	4816217	1680	2.7070848901431
20	4947994	1700	2.4660723136778
20	5082329	1720	2.6869708263405
20	5218651	1740	2.7670485299055
20	5357487	1760	3.0167734051967
20	5498872	1780	3.0488760104804
20	5643184	1800	2.8502868518081
20	5789695	1820	2.9901264344375
20	5939416	1840	2.8812395013597
20	6091575	1860	2.8814566952608
20	6245544	1880	3.052609204856
20	6402501	1900	2.9856785131431
20	6561257	1920	2.8756235784408
20	6723917	1940	2.7279192142544
20	6889209	1960	2.9016201264289
20	7056880	1980	2.634478314376
20	7226459	2000	2.6315994163681
21	145398	240	3.3546810665825
21	171174	260	4.5999493159553
21	198480	280	5.1121512029283
21	225747	300	4.8095786737092
21	253082	320	7.9275801166192
21	280603	340	2.979734362114
21	307995	360	5.6531658941641
21	336056	380	6.8771697046383
21	364646	400	2.7139458443884
21	393513	420	4.0891953740894
21	422997	440	7.4410194149164
21	453089	460	8.8012006455077
21	484003	480	7.861695767711
21	515282	500	8.1502324569955
21	547669	520	8.490711825619
21	580779	540	7.1436081218562
21	614468	560	9.2215820184442
21	649355	580	12.853012723993
21	684811	600	10.318391915308
21	721729	620	12.11234853197
21	759995	640	8.2832320000358
21	799162	660	11.506889472086
21	839709	680	16.400693465566
21	881312	700	9.7562727967064
21	923749	720	14.428460084429
21	967508	740	15.497635837551
21	1012523	760	6.7721193704146
21	1058390	780	6.6721991768418
21	1105492	800	5.8707521476394
21	1153358	820	9.3142353310104
21	1202754	840	9.7282356685888
21	1253241	860	10.951503230212
21	1305017	880	10.012059144982
21	1358012	900	7.8697800953986
21	1412499	920	8.6782329854026
21	1468057	940	11.837720588906
21	1524829	960	9.3325960070283
21	1582563	980	7.8266449937617
21	1641696	1000	9.555078584947
21	1703074	1020	7.8351843293407
21	1765352	1040	7.8156483430045
21	1828847	1060	9.2592060463873
21	1894318	1080	8.1313977607674
21	1961707	1100	7.6748544732138
21	2031021	1120	6.765118263313
21	2102788	1140	5.6207509374515
21	2176392	1160	7.727528174297
21	2251042	1180	9.3674384351408
21	2328199	1200	7.7146780316818
21	2407091	1220	6.9716896159942
21	2487921	1240	9.1548574641418
21	2570712	1260	9.6427036354304
21	2655572	1280	8.4099475310275
21	2742447	1300	9.0693914956644
21	2832235	1320	8.5302640219448
21	2923746	1340	10.712955205854
21	3017192	1360	13.055752905457
21	3112436	1380	10.567873148725
21	3210187	1400	6.4276070005411
21	3309476	1420	6.4059398845533
21	3411041	1440	7.5507952987468
21	3516002	1460	5.2201959334533
21	3622993	1480	5.277861698341
21	3731710	1500	5.5358978942628
21	3843676	1520	5.7587241838276
21	3957260	1540	6.0556041177461
21	4073333	1560	5.3325201333958
21	4191392	1580	7.0437217132513
21	4312182	1600	6.9627866808758
21	4434848	1620	7.480060629837
21	4559516	1640	8.0095184109699
21	4687005	1660	8.5890714597723
21	4816217	1680	7.3283086024412
21	4947994	1700	6.0815126562883
21	5082329	1720	7.2198122216052
21	5218651	1740	7.6565575668523
21	5357487	1760	9.1009217783021
21	5498872	1780	9.2956449272829
21	5643184	1800	8.1241351375899
21	5789695	1820	8.9408560939217
21	5939416	1840	8.3015410641952
21	6091575	1860	8.302792686663
21	6245544	1880	9.3184229575716
21	6402501	1900	8.9142761838442
21	6561257	1920	8.2692109648845
21	6723917	1940	7.4415432394984
21	6889209	1960	8.4193993580971
21	7056880	1980	6.9404759889175
21	7226459	2000	6.9253154882287
22	145398	240	3270.0372166494
22	171174	260	3675.3298369313
22	198480	280	3870.0161495041
22	225747	300	3869.5316936968
22	253082	320	4143.336680676
22	280603	340	4006.6463254551
22	307995	360	4011.2970713615
22	336056	380	4111.4832649373
22	364646	400	4113.7882461016
22	393513	420	4443.7658995953
22	422997	440	4220.6876248969
22	453089	460	4272.0118408263
22	484003	480	4313.1933643188
22	515282	500	4446.9032823116
22	547669	520	4646.6453015903
22	580779	540	4498.8007800031
22	614468	560	4642.8506258067
22	649355	580	4731.7791231171
22	684811	600	4595.3446127501
22	721729	620	4722.7395388057
22	759995	640	4635.3463819184
22	799162	660	4920.2464370038
22	839709	680	4688.3649859285
22	881312	700	4917.5154840401
22	923749	720	4916.0446708285
22	967508	740	5010.9396846662
22	1012523	760	5012.3643473292
22	1058390	780	5148.9153338368
22	1105492	800	5101.0943249936
22	1153358	820	5212.1322734142
22	1202754	840	5386.0364580565
22	1253241	860	5433.6818681579
22	1305017	880	5155.4781570149
22	1358012	900	5476.771428555
22	1412499	920	5670.8095838455
22	1468057	940	5525.7295787737
22	1524829	960	5891.3481110871
22	1582563	980	5723.2780692711
22	1641696	1000	5657.4753412782
22	1703074	1020	5669.6876725418
22	1765352	1040	5750.9298765667
22	1828847	1060	5806.2831080466
22	1894318	1080	6129.5891128479
22	1961707	1100	6120.0968528522
22	2031021	1120	6072.2897840308
22	2102788	1140	6114.1918114048
22	2176392	1160	5888.7822942149
22	2251042	1180	6206.4382105565
22	2328199	1200	6397.339268589
22	2407091	1220	6298.9826922841
22	2487921	1240	6067.0990025024
22	2570712	1260	6517.2599733948
22	2655572	1280	6440.8700979732
22	2742447	1300	6397.0429576405
22	2832235	1320	6619.193979678
22	2923746	1340	6478.1964927793
22	3017192	1360	7025.5228022143
22	3112436	1380	6671.9420252659
22	3210187	1400	6716.8404423957
22	3309476	1420	7075.1485084818
22	3411041	1440	6933.7206881742
22	3516002	1460	6933.0894222276
22	3622993	1480	6841.6322680059
22	3731710	1500	6880.0123497221
22	3843676	1520	6974.6382365656
22	3957260	1540	7025.5615501493
22	4073333	1560	6893.5667459035
22	4191392	1580	7392.1360084997
22	4312182	1600	7336.0948952862
22	4434848	1620	7710.5444349956
22	4559516	1640	7382.7979362644
22	4687005	1660	7300.9630633328
22	4816217	1680	7714.8864100568
22	4947994	1700	7793.0014287976
22	5082329	1720	7658.1102983857
22	5218651	1740	7847.7167940744
22	5357487	1760	7479.8770480368
22	5498872	1780	7889.8317945603
22	5643184	1800	7939.0078623714
22	5789695	1820	7982.3014457917
22	5939416	1840	7888.0041468535
22	6091575	1860	8258.0957134154
22	6245544	1880	7845.8883816939
22	6402501	1900	8022.5810319706
22	6561257	1920	8116.6453128649
22	6723917	1940	7924.1210744374
22	6889209	1960	8150.2429899201
22	7056880	1980	8292.6671256534
22	7226459	2000	8473.1089875295
23	145398	240	44.79503036506
23	171174	260	44.821095572333
23	198480	280	45.000187784931
23	225747	300	44.99455457787
23	253082	320	45.036268268217
23	280603	340	45.018498038821
23	307995	360	45.070753610804
23	336056	380	45.181134779531
23	364646	400	45.206464242875
23	393513	420	45.34454999587
23	422997	440	45.383737902117
23	453089	460	45.446934476876
23	484003	480	45.402035413883
23	515282	500	45.37656410522
23	547669	520	45.555346094023
23	580779	540	45.442432121243
23	614468	560	45.518143390262
23	649355	580	45.497876183818
23	684811	600	45.498461512377
23	721729	620	45.410957103901
23	759995	640	45.444572371749
23	799162	660	45.557837379665
23	839709	680	45.5181066595
23	881312	700	45.532550778149
23	923749	720	45.518932137301
23	967508	740	45.553997133329
23	1012523	760	45.566948612083
23	1058390	780	45.565622423334
23	1105492	800	45.545485044586
23	1153358	820	45.720458538721
23	1202754	840	45.644376763191
23	1253241	860	45.661192169394
23	1305017	880	45.623700504557
23	1358012	900	45.639761904625
23	1412499	920	45.732335353593
23	1468057	940	45.667186601436
23	1524829	960	45.669365202225
23	1582563	980	45.786224554169
23	1641696	1000	45.62480113934
23	1703074	1020	45.723287681789
23	1765352	1040	45.642300607672
23	1828847	1060	45.718764630288
23	1894318	1080	45.743202334686
23	1961707	1100	45.672364573524
23	2031021	1120	45.656314165645
23	2102788	1140	45.628297100036
23	2176392	1160	45.649475148953
23	2251042	1180	45.635575077621
23	2328199	1200	45.695280489922
23	2407091	1220	45.644802118001
23	2487921	1240	45.617285733101
23	2570712	1260	45.575244569194
23	2655572	1280	45.67992977286
23	2742447	1300	45.693163983146
23	2832235	1320	45.649613652952
23	2923746	1340	45.621102061826
23	3017192	1360	45.620277936457
23	3112436	1380	45.698233049767
23	3210187	1400	45.692792125141
23	3309476	1420	45.64611940956
23	3411041	1440	45.616583474831
23	3516002	1460	45.612430409392
23	3622993	1480	45.610881786706
23	3731710	1500	45.562995693524
23	3843676	1520	45.585870827226
23	3957260	1540	45.620529546424
23	4073333	1560	45.652759906646
23	4191392	1580	45.63046918827
23	4312182	1600	45.56580680302
23	4434848	1620	45.624523283998
23	4559516	1640	45.572826767064
23	4687005	1660	45.63101914583
23	4816217	1680	45.650215444123
23	4947994	1700	45.573107770746
23	5082329	1720	45.583989871344
23	5218651	1740	45.626260430665
23	5357487	1760	45.609006390469
23	5498872	1780	45.605964130406
23	5643184	1800	45.626481967652
23	5789695	1820	45.61315111881
23	5939416	1840	45.595399692795
23	6091575	1860	45.624838195665
23	6245544	1880	45.615630126128
23	6402501	1900	45.58284677256
23	6561257	1920	45.599130971151
23	6723917	1940	45.540925715157
23	6889209	1960	45.532083742571
23	7056880	1980	45.564105086008
23	7226459	2000	45.55434939532
24	145398	240	0.44102547819638
24	171174	260	0.44684173546678
24	198480	280	0.85317007018247
24	225747	300	0.66076344271322
24	253082	320	0.76125634821267
24	280603	340	0.82883946900087
24	307995	360	0.93201309393671
24	336056	380	1.2529729329286
24	364646	400	1.0323292686604
24	393513	420	1.4132010353955
24	422997	440	1.4230385863975
24	453089	460	1.3360021369949
24	484003	480	1.3532466712002
24	515282	500	1.2985769314257
24	547669	520	1.5019666577999
24	580779	540	1.3056749858763
24	614468	560	1.3620456187262
24	649355	580	1.3544888047211
24	684811	600	1.3070420435133
24	721729	620	1.2173164962171
24	759995	640	1.1868040075971
24	799162	660	1.2360779327862
24	839709	680	1.1980142457103
24	881312	700	1.1840600743863
24	923749	720	1.1953279926699
24	967508	740	1.2375547894132
24	1012523	760	1.2432571265511
24	1058390	780	1.2315893825862
24	1105492	800	1.159979804484
24	1153358	820	1.2311450595404
24	1202754	840	1.1890901856302
24	1253241	860	1.19351095326
24	1305017	880	1.2300729027186
24	1358012	900	1.2194474052761
24	1412499	920	1.2577976871941
24	1468057	940	1.1959768029378
24	1524829	960	1.1719258283146
24	1582563	980	1.229227010775
24	1641696	1000	1.1903008033122
24	1703074	1020	1.1196222960252
24	1765352	1040	1.134253822148
24	1828847	1060	1.2094528259103
24	1894318	1080	1.1245303302315
24	1961707	1100	1.1275381733283
24	2031021	1120	1.1057357667845
24	2102788	1140	1.0804272956914
24	2176392	1160	1.0866250656577
24	2251042	1180	1.0786360032267
24	2328199	1200	1.11013520399
24	2407091	1220	1.03404993323
24	2487921	1240	1.0405974212189
24	2570712	1260	1.0246018109304
24	2655572	1280	1.0506452993778
24	2742447	1300	1.0978382322323
24	2832235	1320	0.99822501976671
24	2923746	1340	0.97724893876556
24	3017192	1360	0.94750754677422
24	3112436	1380	1.0001517399298
24	3210187	1400	0.97679507124787
24	3309476	1420	0.93664981065587
24	3411041	1440	0.93718548439303
24	3516002	1460	0.95131556018353
24	3622993	1480	0.89485421358876
24	3731710	1500	0.9429182909914
24	3843676	1520	0.90285239476833
24	3957260	1540	0.90764973606901
24	4073333	1560	0.90020908921547
24	4191392	1580	0.93820609971218
24	4312182	1600	0.88016007639112
24	4434848	1620	0.90710142944384
24	4559516	1640	0.92770515613606
24	4687005	1660	0.92454713971935
24	4816217	1680	0.90900232152708
24	4947994	1700	0.85833710443024
24	5082329	1720	0.84131033606292
24	5218651	1740	0.90315772976425
24	5357487	1760	0.89038853015633
24	5498872	1780	0.8661119736098
24	5643184	1800	0.8503758728067
24	5789695	1820	0.8613673590214
24	5939416	1840	0.85024838063967
24	6091575	1860	0.83258317514046
24	6245544	1880	0.86692107179659
24	6402501	1900	0.85110840619202
24	6561257	1920	0.88491342400895
24	6723917	1940	0.82189508346879
24	6889209	1960	0.83767607601905
24	7056880	1980	0.84545721423103
24	7226459	2000	0.85398218434529
25	145398	240	0.19450347241834
25	171174	260	0.19966753655496
25	198480	280	0.72789916865515
25	225747	300	0.43660832722622
25	253082	320	0.57951122769409
25	280603	340	0.68697486537365
25	307995	360	0.86864840726948
25	336056	380	1.5699411706517
25	364646	400	1.065703718933
25	393513	420	1.997137166443
25	422997	440	2.0250388183763
25	453089	460	1.7849017100549
25	484003	480	1.8312765531144
25	515282	500	1.686302046831
25	547669	520	2.2559038411425
25	580779	540	1.7047871687429
25	614468	560	1.8551682674913
25	649355	580	1.8346399221147
25	684811	600	1.7083589035114
25	721729	620	1.4818594519624
25	759995	640	1.4085037524485
25	799162	660	1.5278886559211
25	839709	680	1.4352381329247
25	881312	700	1.4019982597558
25	923749	720	1.4288090100601
25	967508	740	1.5315418567996
25	1012523	760	1.5456882827201
25	1058390	780	1.516812407299
25	1105492	800	1.3455531468106
25	1153358	820	1.5157181576308
25	1202754	840	1.413935469562
25	1253241	860	1.4244683955516
25	1305017	880	1.5130793460025
25	1358012	900	1.4870519742347
25	1412499	920	1.582055021911
25	1468057	940	1.4303605131654
25	1524829	960	1.3734101470709
25	1582563	980	1.5109990440188
25	1641696	1000	1.4168160023656
25	1703074	1020	1.2535540857566
25	1765352	1040	1.2865317330573
25	1828847	1060	1.4627761381024
25	1894318	1080	1.2645684636107
25	1961707	1100	1.2713423323125
25	2031021	1120	1.2226515859465
25	2102788	1140	1.1673231412751
25	2176392	1160	1.1807540333155
25	2251042	1180	1.1634556274568
25	2328199	1200	1.232400171138
25	2407091	1220	1.0692592644129
25	2487921	1240	1.0828429930475
25	2570712	1260	1.0498088709618
25	2655572	1280	1.1038555451047
25	2742447	1300	1.205248784151
25	2832235	1320	0.99645319008824
25	2923746	1340	0.95501548831841
25	3017192	1360	0.89777055119411
25	3112436	1380	1.0003035028846
25	3210187	1400	0.95412861121414
25	3309476	1420	0.87731286780167
25	3411041	1440	0.878316632157
25	3516002	1460	0.9050012950473
25	3622993	1480	0.80076406357755
25	3731710	1500	0.88909490348615
25	3843676	1520	0.81514244673892
25	3957260	1540	0.82382804338615
25	4073333	1560	0.81037640430615
25	4191392	1580	0.88023068553714
25	4312182	1600	0.77468176007282
25	4434848	1620	0.82283300329906
25	4559516	1640	0.86063685672144
25	4687005	1660	0.85478741356323
25	4816217	1680	0.82628522054162
25	4947994	1700	0.73674258484168
25	5082329	1720	0.7078030815663
25	5218651	1740	0.81569388483291
25	5357487	1760	0.79279173463395
25	5498872	1780	0.75014995083027
25	5643184	1800	0.72313912505175
25	5789695	1820	0.74195372718749
25	5939416	1840	0.72292230878038
25	6091575	1860	0.69319474352696
25	6245544	1880	0.75155214472495
25	6402501	1900	0.72438551909072
25	6561257	1920	0.78307176799124
25	6723917	1940	0.67551152823017
25	6889209	1960	0.70170120833468
25	7056880	1980	0.7147979010953
25	7226459	2000	0.72928557117914
