version 2
run statisticRVV-72-20150327-02:28:14-14372
attr c 8
attr configname statisticRVV
attr datetime 20150327-02:28:14
attr experiment statisticRVV
attr inifile omnetpp.ini
attr iterationvars "$sc=\"erlangen-low.launchd.xml\", $p=1/8, $c=8"
attr iterationvars2 "$sc=\"erlangen-low.launchd.xml\", $p=1/8, $c=8, $repetition=2"
attr measurement "$sc=\"erlangen-low.launchd.xml\", $p=1/8, $c=8"
attr network RSUExampleScenario
attr p 1/8
attr processid 14372
attr repetition 2
attr replication #2
attr resultdir results
attr runnumber 72
attr sc "\"erlangen-low.launchd.xml\""
attr seedset 72

vector 0  RSUExampleScenario.rsu[0].appl  Number_CH  ETV
vector 1  RSUExampleScenario.rsu[0].appl  Number_ON  ETV
vector 2  RSUExampleScenario.rsu[0].appl  Number_FN  ETV
vector 3  RSUExampleScenario.rsu[0].appl  Number_CH_Losts  ETV
vector 4  RSUExampleScenario.rsu[0].appl  Number_CH_Losts  ETV
vector 5  RSUExampleScenario.rsu[0].appl  Mean_Cluster_Size  ETV
vector 6  RSUExampleScenario.rsu[0].appl  StdDev_Cluster_Size  ETV
vector 7  RSUExampleScenario.rsu[0].appl  Variance_Cluster_Size  ETV
vector 8  RSUExampleScenario.rsu[0].appl  Mean_Neighbors  ETV
vector 9  RSUExampleScenario.rsu[0].appl  StdDev_Neighbors  ETV
vector 10  RSUExampleScenario.rsu[0].appl  Variance_Neighbors  ETV
vector 11  RSUExampleScenario.rsu[0].appl  Total_CH_Utility  ETV
vector 12  RSUExampleScenario.rsu[0].appl  Mean_CH_Utility  ETV
vector 13  RSUExampleScenario.rsu[0].appl  StdDev_CH_Utility  ETV
vector 14  RSUExampleScenario.rsu[0].appl  Variance_CH_Utility  ETV
vector 15  RSUExampleScenario.rsu[0].appl  Total_exp_CH_Utility  ETV
vector 16  RSUExampleScenario.rsu[0].appl  Mean_exp_CH_Utility  ETV
vector 17  RSUExampleScenario.rsu[0].appl  StdDev_exp_CH_Utility  ETV
vector 18  RSUExampleScenario.rsu[0].appl  Variance_exp_CH_Utility  ETV
vector 19  RSUExampleScenario.rsu[0].appl  Total_ON_Utility  ETV
vector 20  RSUExampleScenario.rsu[0].appl  Mean_ON_Utility  ETV
vector 21  RSUExampleScenario.rsu[0].appl  StdDev_ON_Utility  ETV
vector 22  RSUExampleScenario.rsu[0].appl  Variance_ON_Utility  ETV
vector 23  RSUExampleScenario.rsu[0].appl  Total_exp_ON_Utility  ETV
vector 24  RSUExampleScenario.rsu[0].appl  Mean_exp_ON_Utility  ETV
vector 25  RSUExampleScenario.rsu[0].appl  StdDev_exp_ON_Utility  ETV
vector 26  RSUExampleScenario.rsu[0].appl  Variance_exp_ON_Utility  ETV
0	34299	240	3
0	39642	260	5
0	45011	280	6
0	50346	300	6
0	55660	320	6
0	61058	340	0
0	66256	360	6
0	71615	380	3
0	76931	400	6
0	82277	420	7
0	87506	440	2
0	92819	460	3
0	98121	480	1
0	103479	500	6
0	108767	520	5
0	114130	540	7
0	119461	560	4
0	124807	580	4
0	130080	600	3
0	135324	620	4
0	140597	640	2
0	145830	660	4
0	151261	680	9
0	156614	700	6
0	161953	720	1
0	167199	740	3
0	172515	760	4
0	177792	780	5
0	183129	800	1
0	188415	820	7
0	193774	840	2
0	199144	860	6
0	204340	880	4
0	209643	900	5
0	214920	920	3
0	220129	940	5
0	225477	960	5
0	230784	980	4
0	236110	1000	2
0	241295	1020	2
0	246602	1040	5
0	251797	1060	7
0	257022	1080	9
0	262422	1100	3
0	267731	1120	1
0	273010	1140	5
0	278305	1160	3
0	283616	1180	6
0	288786	1200	6
0	294173	1220	5
0	299532	1240	6
0	304916	1260	5
0	310202	1280	7
0	315517	1300	2
0	320738	1320	5
0	325984	1340	7
0	331298	1360	4
0	336593	1380	9
0	341867	1400	6
0	347270	1420	4
0	352495	1440	8
0	357807	1460	6
0	363035	1480	1
0	368340	1500	5
0	373660	1520	4
0	379064	1540	4
0	384452	1560	3
0	389836	1580	4
0	395104	1600	6
0	400359	1620	5
0	405674	1640	6
0	411021	1660	8
0	416334	1680	2
0	421564	1700	3
0	426881	1720	6
0	432243	1740	3
0	437602	1760	4
0	442865	1780	4
0	448248	1800	5
0	453080	1820	5
0	457301	1840	3
0	461070	1860	1
0	464422	1880	4
0	467344	1900	1
0	469835	1920	3
0	471866	1940	4
0	473471	1960	2
0	474473	1980	2
0	475084	2000	0
1	34299	240	3
1	39642	260	12
1	45011	280	10
1	50346	300	11
1	55660	320	12
1	61058	340	0
1	66256	360	17
1	71615	380	9
1	76931	400	15
1	82277	420	18
1	87506	440	2
1	92819	460	5
1	98121	480	2
1	103479	500	19
1	108767	520	14
1	114130	540	16
1	119461	560	9
1	124807	580	12
1	130080	600	9
1	135324	620	9
1	140597	640	2
1	145830	660	7
1	151261	680	18
1	156614	700	12
1	161953	720	2
1	167199	740	13
1	172515	760	8
1	177792	780	13
1	183129	800	2
1	188415	820	15
1	193774	840	11
1	199144	860	16
1	204340	880	12
1	209643	900	13
1	214920	920	6
1	220129	940	15
1	225477	960	16
1	230784	980	13
1	236110	1000	7
1	241295	1020	4
1	246602	1040	16
1	251797	1060	15
1	257022	1080	17
1	262422	1100	9
1	267731	1120	3
1	273010	1140	10
1	278305	1160	4
1	283616	1180	15
1	288786	1200	18
1	294173	1220	14
1	299532	1240	16
1	304916	1260	14
1	310202	1280	15
1	315517	1300	3
1	320738	1320	13
1	325984	1340	15
1	331298	1360	9
1	336593	1380	18
1	341867	1400	13
1	347270	1420	10
1	352495	1440	16
1	357807	1460	16
1	363035	1480	7
1	368340	1500	13
1	373660	1520	8
1	379064	1540	6
1	384452	1560	10
1	389836	1580	9
1	395104	1600	15
1	400359	1620	13
1	405674	1640	21
1	411021	1660	18
1	416334	1680	3
1	421564	1700	11
1	426881	1720	18
1	432243	1740	12
1	437602	1760	12
1	442865	1780	12
1	448248	1800	12
1	453080	1820	13
1	457301	1840	6
1	461070	1860	1
1	464422	1880	6
1	467344	1900	2
1	469835	1920	6
1	471866	1940	7
1	473471	1960	3
1	474473	1980	3
1	475084	2000	0
2	34299	240	33
2	39642	260	24
2	45011	280	24
2	50346	300	22
2	55660	320	22
2	61058	340	41
2	66256	360	16
2	71615	380	28
2	76931	400	18
2	82277	420	16
2	87506	440	36
2	92819	460	33
2	98121	480	36
2	103479	500	16
2	108767	520	21
2	114130	540	17
2	119461	560	28
2	124807	580	24
2	130080	600	28
2	135324	620	26
2	140597	640	37
2	145830	660	29
2	151261	680	14
2	156614	700	24
2	161953	720	37
2	167199	740	25
2	172515	760	30
2	177792	780	22
2	183129	800	39
2	188415	820	17
2	193774	840	28
2	199144	860	18
2	204340	880	25
2	209643	900	22
2	214920	920	31
2	220129	940	20
2	225477	960	20
2	230784	980	23
2	236110	1000	32
2	241295	1020	35
2	246602	1040	21
2	251797	1060	17
2	257022	1080	14
2	262422	1100	28
2	267731	1120	36
2	273010	1140	25
2	278305	1160	34
2	283616	1180	19
2	288786	1200	16
2	294173	1220	22
2	299532	1240	19
2	304916	1260	22
2	310202	1280	18
2	315517	1300	35
2	320738	1320	21
2	325984	1340	18
2	331298	1360	28
2	336593	1380	13
2	341867	1400	21
2	347270	1420	26
2	352495	1440	15
2	357807	1460	18
2	363035	1480	32
2	368340	1500	23
2	373660	1520	28
2	379064	1540	32
2	384452	1560	27
2	389836	1580	27
2	395104	1600	19
2	400359	1620	23
2	405674	1640	14
2	411021	1660	14
2	416334	1680	35
2	421564	1700	27
2	426881	1720	16
2	432243	1740	26
2	437602	1760	25
2	442865	1780	25
2	448248	1800	23
2	453080	1820	20
2	457301	1840	24
2	461070	1860	29
2	464422	1880	18
2	467344	1900	21
2	469835	1920	12
2	471866	1940	7
2	473471	1960	10
2	474473	1980	6
2	475084	2000	7
3	34299	240	2
3	39642	260	1
3	45011	280	0
3	50346	300	1
3	55660	320	0
3	61058	340	0
3	66256	360	0
3	71615	380	0
3	76931	400	0
3	82277	420	0
3	87506	440	0
3	92819	460	0
3	98121	480	0
3	103479	500	0
3	108767	520	0
3	114130	540	0
3	119461	560	0
3	124807	580	0
3	130080	600	1
3	135324	620	0
3	140597	640	0
3	145830	660	0
3	151261	680	1
3	156614	700	0
3	161953	720	1
3	167199	740	1
3	172515	760	0
3	177792	780	1
3	183129	800	0
3	188415	820	0
3	193774	840	0
3	199144	860	0
3	204340	880	0
3	209643	900	1
3	214920	920	0
3	220129	940	0
3	225477	960	0
3	230784	980	0
3	236110	1000	1
3	241295	1020	0
3	246602	1040	1
3	251797	1060	0
3	257022	1080	0
3	262422	1100	0
3	267731	1120	1
3	273010	1140	0
3	278305	1160	1
3	283616	1180	0
3	288786	1200	0
3	294173	1220	0
3	299532	1240	0
3	304916	1260	0
3	310202	1280	3
3	315517	1300	0
3	320738	1320	1
3	325984	1340	1
3	331298	1360	1
3	336593	1380	0
3	341867	1400	0
3	347270	1420	0
3	352495	1440	0
3	357807	1460	0
3	363035	1480	0
3	368340	1500	1
3	373660	1520	1
3	379064	1540	2
3	384452	1560	0
3	389836	1580	0
3	395104	1600	0
3	400359	1620	0
3	405674	1640	1
3	411021	1660	2
3	416334	1680	0
3	421564	1700	1
3	426881	1720	2
3	432243	1740	1
3	437602	1760	0
3	442865	1780	1
3	448248	1800	0
3	453080	1820	1
3	457301	1840	1
3	461070	1860	1
3	464422	1880	0
3	467344	1900	0
3	469835	1920	0
3	471866	1940	1
3	473471	1960	0
3	474473	1980	0
3	475084	2000	0
4	34299	240	31
4	39642	260	23
4	45011	280	24
4	50346	300	21
4	55660	320	22
4	61058	340	40
4	66256	360	16
4	71615	380	28
4	76931	400	18
4	82277	420	16
4	87506	440	36
4	92819	460	33
4	98121	480	36
4	103479	500	16
4	108767	520	21
4	114130	540	16
4	119461	560	28
4	124807	580	24
4	130080	600	27
4	135324	620	26
4	140597	640	37
4	145830	660	29
4	151261	680	13
4	156614	700	23
4	161953	720	36
4	167199	740	23
4	172515	760	30
4	177792	780	21
4	183129	800	38
4	188415	820	17
4	193774	840	28
4	199144	860	18
4	204340	880	25
4	209643	900	21
4	214920	920	31
4	220129	940	20
4	225477	960	20
4	230784	980	23
4	236110	1000	31
4	241295	1020	35
4	246602	1040	20
4	251797	1060	17
4	257022	1080	14
4	262422	1100	27
4	267731	1120	35
4	273010	1140	25
4	278305	1160	32
4	283616	1180	19
4	288786	1200	16
4	294173	1220	22
4	299532	1240	17
4	304916	1260	22
4	310202	1280	15
4	315517	1300	35
4	320738	1320	20
4	325984	1340	17
4	331298	1360	27
4	336593	1380	13
4	341867	1400	21
4	347270	1420	26
4	352495	1440	15
4	357807	1460	18
4	363035	1480	32
4	368340	1500	22
4	373660	1520	27
4	379064	1540	30
4	384452	1560	27
4	389836	1580	27
4	395104	1600	19
4	400359	1620	22
4	405674	1640	13
4	411021	1660	12
4	416334	1680	35
4	421564	1700	26
4	426881	1720	14
4	432243	1740	25
4	437602	1760	25
4	442865	1780	24
4	448248	1800	23
4	453080	1820	19
4	457301	1840	23
4	461070	1860	28
4	464422	1880	18
4	467344	1900	21
4	469835	1920	12
4	471866	1940	6
4	473471	1960	10
4	474473	1980	6
4	475084	2000	7
5	34299	240	1
5	39642	260	2.4
5	45011	280	1.6666666666667
5	50346	300	1.8333333333333
5	55660	320	2
5	61058	340	nan
5	66256	360	2.8333333333333
5	71615	380	3
5	76931	400	2.5
5	82277	420	2.5714285714286
5	87506	440	1
5	92819	460	1.6666666666667
5	98121	480	2
5	103479	500	3.1666666666667
5	108767	520	2.8
5	114130	540	2.2857142857143
5	119461	560	2.25
5	124807	580	3
5	130080	600	3
5	135324	620	2.25
5	140597	640	1
5	145830	660	1.75
5	151261	680	2
5	156614	700	2
5	161953	720	2
5	167199	740	4.3333333333333
5	172515	760	2
5	177792	780	2.6
5	183129	800	2
5	188415	820	2.1428571428571
5	193774	840	5.5
5	199144	860	2.6666666666667
5	204340	880	3
5	209643	900	2.6
5	214920	920	2
5	220129	940	3
5	225477	960	3.2
5	230784	980	3.25
5	236110	1000	3.5
5	241295	1020	2
5	246602	1040	3.2
5	251797	1060	2.1428571428571
5	257022	1080	1.8888888888889
5	262422	1100	3
5	267731	1120	3
5	273010	1140	2
5	278305	1160	1.3333333333333
5	283616	1180	2.5
5	288786	1200	3
5	294173	1220	2.8
5	299532	1240	2.6666666666667
5	304916	1260	2.8
5	310202	1280	2.1428571428571
5	315517	1300	1.5
5	320738	1320	2.6
5	325984	1340	2.1428571428571
5	331298	1360	2.25
5	336593	1380	2
5	341867	1400	2.1666666666667
5	347270	1420	2.5
5	352495	1440	2
5	357807	1460	2.6666666666667
5	363035	1480	7
5	368340	1500	2.6
5	373660	1520	2
5	379064	1540	1.5
5	384452	1560	3.3333333333333
5	389836	1580	2.25
5	395104	1600	2.5
5	400359	1620	2.6
5	405674	1640	3.5
5	411021	1660	2.25
5	416334	1680	1.5
5	421564	1700	3.6666666666667
5	426881	1720	3
5	432243	1740	4
5	437602	1760	3
5	442865	1780	3
5	448248	1800	2.4
5	453080	1820	2.6
5	457301	1840	2
5	461070	1860	1
5	464422	1880	1.5
5	467344	1900	2
5	469835	1920	2
5	471866	1940	1.75
5	473471	1960	1.5
5	474473	1980	1.5
5	475084	2000	nan
6	34299	240	0
6	39642	260	1.5165750888103
6	45011	280	0.51639777949432
6	50346	300	0.75277265270908
6	55660	320	0.63245553203368
6	61058	340	nan
6	66256	360	2.1369760566433
6	71615	380	0
6	76931	400	1.378404875209
6	82277	420	2.0701966780271
6	87506	440	0
6	92819	460	0.57735026918963
6	98121	480	nan
6	103479	500	1.7224014243685
6	108767	520	1.3038404810405
6	114130	540	1.7043362064927
6	119461	560	1.8929694486001
6	124807	580	1.4142135623731
6	130080	600	0
6	135324	620	0.95742710775634
6	140597	640	0
6	145830	660	1.5
6	151261	680	1.5811388300842
6	156614	700	0.63245553203368
6	161953	720	nan
6	167199	740	2.0816659994661
6	172515	760	1.4142135623731
6	177792	780	2.0736441353328
6	183129	800	nan
6	188415	820	1.4638501094228
6	193774	840	3.5355339059327
6	199144	860	1.211060141639
6	204340	880	2.8284271247462
6	209643	900	1.5165750888103
6	214920	920	0
6	220129	940	2.8284271247462
6	225477	960	1.3038404810405
6	230784	980	2.6299556396766
6	236110	1000	0.70710678118655
6	241295	1020	1.4142135623731
6	246602	1040	2.2803508501983
6	251797	1060	1.0690449676497
6	257022	1080	1.269295517644
6	262422	1100	2.6457513110646
6	267731	1120	nan
6	273010	1140	1
6	278305	1160	0.57735026918963
6	283616	1180	1.0488088481702
6	288786	1200	1.6733200530682
6	294173	1220	2.6832815729997
6	299532	1240	1.7511900715418
6	304916	1260	1.9235384061671
6	310202	1280	1.0690449676497
6	315517	1300	0.70710678118655
6	320738	1320	1.9493588689618
6	325984	1340	2.0354009783964
6	331298	1360	0.5
6	336593	1380	1.3228756555323
6	341867	1400	1.471960144388
6	347270	1420	1.2909944487358
6	352495	1440	0.92582009977255
6	357807	1460	1.8618986725025
6	363035	1480	nan
6	368340	1500	1.5165750888103
6	373660	1520	0.81649658092773
6	379064	1540	0.57735026918963
6	384452	1560	4.0414518843274
6	389836	1580	0.95742710775634
6	395104	1600	1.7606816861659
6	400359	1620	1.5165750888103
6	405674	1640	1.378404875209
6	411021	1660	1.0350983390135
6	416334	1680	0.70710678118655
6	421564	1700	1.1547005383793
6	426881	1720	0.89442719099992
6	432243	1740	2
6	437602	1760	1.4142135623731
6	442865	1780	1.8257418583506
6	448248	1800	1.9493588689618
6	453080	1820	0.54772255750517
6	457301	1840	0
6	461070	1860	nan
6	464422	1880	0.57735026918963
6	467344	1900	nan
6	469835	1920	0
6	471866	1940	1.5
6	473471	1960	0.70710678118655
6	474473	1980	0.70710678118655
6	475084	2000	nan
7	34299	240	0
7	39642	260	2.3
7	45011	280	0.26666666666667
7	50346	300	0.56666666666667
7	55660	320	0.4
7	61058	340	nan
7	66256	360	4.5666666666667
7	71615	380	0
7	76931	400	1.9
7	82277	420	4.2857142857143
7	87506	440	0
7	92819	460	0.33333333333333
7	98121	480	nan
7	103479	500	2.9666666666667
7	108767	520	1.7
7	114130	540	2.9047619047619
7	119461	560	3.5833333333333
7	124807	580	2
7	130080	600	0
7	135324	620	0.91666666666667
7	140597	640	0
7	145830	660	2.25
7	151261	680	2.5
7	156614	700	0.4
7	161953	720	nan
7	167199	740	4.3333333333333
7	172515	760	2
7	177792	780	4.3
7	183129	800	nan
7	188415	820	2.1428571428571
7	193774	840	12.5
7	199144	860	1.4666666666667
7	204340	880	8
7	209643	900	2.3
7	214920	920	0
7	220129	940	8
7	225477	960	1.7
7	230784	980	6.9166666666667
7	236110	1000	0.5
7	241295	1020	2
7	246602	1040	5.2
7	251797	1060	1.1428571428571
7	257022	1080	1.6111111111111
7	262422	1100	7
7	267731	1120	nan
7	273010	1140	1
7	278305	1160	0.33333333333333
7	283616	1180	1.1
7	288786	1200	2.8
7	294173	1220	7.2
7	299532	1240	3.0666666666667
7	304916	1260	3.7
7	310202	1280	1.1428571428571
7	315517	1300	0.5
7	320738	1320	3.8
7	325984	1340	4.1428571428571
7	331298	1360	0.25
7	336593	1380	1.75
7	341867	1400	2.1666666666667
7	347270	1420	1.6666666666667
7	352495	1440	0.85714285714286
7	357807	1460	3.4666666666667
7	363035	1480	nan
7	368340	1500	2.3
7	373660	1520	0.66666666666667
7	379064	1540	0.33333333333333
7	384452	1560	16.333333333333
7	389836	1580	0.91666666666667
7	395104	1600	3.1
7	400359	1620	2.3
7	405674	1640	1.9
7	411021	1660	1.0714285714286
7	416334	1680	0.5
7	421564	1700	1.3333333333333
7	426881	1720	0.8
7	432243	1740	4
7	437602	1760	2
7	442865	1780	3.3333333333333
7	448248	1800	3.8
7	453080	1820	0.3
7	457301	1840	0
7	461070	1860	nan
7	464422	1880	0.33333333333333
7	467344	1900	nan
7	469835	1920	0
7	471866	1940	2.25
7	473471	1960	0.5
7	474473	1980	0.5
7	475084	2000	nan
8	34299	240	9.025641025641
8	39642	260	9.0731707317073
8	45011	280	8.875
8	50346	300	9.2051282051282
8	55660	320	9.1
8	61058	340	9.025
8	66256	360	8.8205128205128
8	71615	380	9.05
8	76931	400	9.2307692307692
8	82277	420	8.7073170731707
8	87506	440	8.95
8	92819	460	8.8048780487805
8	98121	480	9.0769230769231
8	103479	500	8.9268292682927
8	108767	520	9
8	114130	540	9.4102564102564
8	119461	560	9
8	124807	580	8.875
8	130080	600	8.8
8	135324	620	8.9487179487179
8	140597	640	8.7073170731707
8	145830	660	8.875
8	151261	680	9.05
8	156614	700	9.1463414634146
8	161953	720	8.9
8	167199	740	8.95
8	172515	760	8.6666666666667
8	177792	780	8.7
8	183129	800	8.9024390243902
8	188415	820	8.8461538461538
8	193774	840	8.8780487804878
8	199144	860	9
8	204340	880	8.7317073170732
8	209643	900	9
8	214920	920	8.875
8	220129	940	8.8
8	225477	960	8.7560975609756
8	230784	980	8.7
8	236110	1000	9
8	241295	1020	8.5121951219512
8	246602	1040	8.452380952381
8	251797	1060	8.9487179487179
8	257022	1080	9
8	262422	1100	9.1025641025641
8	267731	1120	8.9
8	273010	1140	8.9
8	278305	1160	8.75
8	283616	1180	9.025
8	288786	1200	8.725
8	294173	1220	8.8536585365854
8	299532	1240	9.4102564102564
8	304916	1260	8.9512195121951
8	310202	1280	8.825
8	315517	1300	8.825
8	320738	1320	8.9230769230769
8	325984	1340	8.775
8	331298	1360	8.9024390243902
8	336593	1380	8.825
8	341867	1400	8.875
8	347270	1420	9.175
8	352495	1440	9.0512820512821
8	357807	1460	8.975
8	363035	1480	8.925
8	368340	1500	8.9756097560976
8	373660	1520	9.125
8	379064	1540	9.35
8	384452	1560	9.225
8	389836	1580	9.075
8	395104	1600	8.875
8	400359	1620	9.175
8	405674	1640	9
8	411021	1660	9.025
8	416334	1680	8.975
8	421564	1700	8.780487804878
8	426881	1720	8.9
8	432243	1740	8.9024390243902
8	437602	1760	8.9024390243902
8	442865	1780	8.85
8	448248	1800	9.3
8	453080	1820	8.7105263157895
8	457301	1840	8.1212121212121
8	461070	1860	8.0322580645161
8	464422	1880	8.1428571428571
8	467344	1900	7.5833333333333
8	469835	1920	7.7619047619048
8	471866	1940	7.5
8	473471	1960	7.2666666666667
8	474473	1980	5.9090909090909
8	475084	2000	4.8571428571429
9	34299	240	1.630098148275
9	39642	260	1.8893152714997
9	45011	280	1.3045777389344
9	50346	300	1.489957385111
9	55660	320	1.5980757659905
9	61058	340	1.7466084351225
9	66256	360	1.652299750934
9	71615	380	1.6478424121816
9	76931	400	1.2661906911665
9	82277	420	1.7922597808217
9	87506	440	1.8250395148515
9	92819	460	2.1933936285483
9	98121	480	1.8120156759026
9	103479	500	2.1022635884023
9	108767	520	1.8946618668627
9	114130	540	1.2715086091136
9	119461	560	1.7606816861659
9	124807	580	1.6359346109433
9	130080	600	2.2095364405348
9	135324	620	1.356247104265
9	140597	640	1.5040595473422
9	145830	660	1.284772752529
9	151261	680	1.8250395148515
9	156614	700	1.3145526921686
9	161953	720	1.7364862842489
9	167199	740	1.9605075219416
9	172515	760	2.1375466523697
9	177792	780	1.727603943216
9	183129	800	1.82763341577
9	188415	820	2.0331264689798
9	193774	840	1.3452717560259
9	199144	860	1.4675987714107
9	204340	880	1.9238553771516
9	209643	900	1.5689290811055
9	214920	920	2.0529840695299
9	220129	940	1.6044809049531
9	225477	960	1.8272997538017
9	230784	980	1.8002848777418
9	236110	1000	2.0736441353328
9	241295	1020	1.6297538344718
9	246602	1040	2.1775168331503
9	251797	1060	1.7464056011181
9	257022	1080	1.7831116564835
9	262422	1100	1.3916077751041
9	267731	1120	1.4641003188271
9	273010	1140	1.3737465148926
9	278305	1160	1.7357478252386
9	283616	1180	1.7318657495196
9	288786	1200	1.6170168798573
9	294173	1220	2.2086305214969
9	299532	1240	1.6012815380509
9	304916	1260	1.9868469935075
9	310202	1280	1.852060529553
9	315517	1300	1.7958284996068
9	320738	1320	1.5110925880688
9	325984	1340	1.6868647902286
9	331298	1360	1.82763341577
9	336593	1380	1.8381637995147
9	341867	1400	1.6822984887136
9	347270	1420	2.1470014868685
9	352495	1440	1.7312714820817
9	357807	1460	1.3679012559954
9	363035	1480	1.4916433890176
9	368340	1500	1.4914389843042
9	373660	1520	1.8836339673824
9	379064	1540	1.3310878527711
9	384452	1560	1.5605308104156
9	389836	1580	1.9662211577098
9	395104	1600	1.3622662114173
9	400359	1620	1.6312257464549
9	405674	1640	1.7888543819998
9	411021	1660	1.3298833571369
9	416334	1680	2.0062402647739
9	421564	1700	1.6509420813879
9	426881	1720	1.6763819404469
9	432243	1740	2.0591852520934
9	437602	1760	1.8682194470776
9	442865	1780	1.6416064677236
9	448248	1800	1.5055453054182
9	453080	1820	1.3337185313665
9	457301	1840	1.8329889483705
9	461070	1860	1.4487666241265
9	464422	1880	1.7578245333215
9	467344	1900	1.6396358733272
9	469835	1920	1.7861904127153
9	471866	1940	1.9174124721184
9	473471	1960	1.3345232785352
9	474473	1980	1.136181803634
9	475084	2000	1.0690449676497
10	34299	240	2.6572199730094
10	39642	260	3.569512195122
10	45011	280	1.7019230769231
10	50346	300	2.2199730094467
10	55660	320	2.5538461538462
10	61058	340	3.050641025641
10	66256	360	2.7300944669366
10	71615	380	2.7153846153846
10	76931	400	1.6032388663968
10	82277	420	3.2121951219512
10	87506	440	3.3307692307692
10	92819	460	4.8109756097561
10	98121	480	3.2834008097166
10	103479	500	4.419512195122
10	108767	520	3.5897435897436
10	114130	540	1.6167341430499
10	119461	560	3.1
10	124807	580	2.6762820512821
10	130080	600	4.8820512820513
10	135324	620	1.8394062078273
10	140597	640	2.2621951219512
10	145830	660	1.650641025641
10	151261	680	3.3307692307692
10	156614	700	1.7280487804878
10	161953	720	3.0153846153846
10	167199	740	3.8435897435897
10	172515	760	4.5691056910569
10	177792	780	2.9846153846154
10	183129	800	3.340243902439
10	188415	820	4.1336032388664
10	193774	840	1.809756097561
10	199144	860	2.1538461538462
10	204340	880	3.7012195121951
10	209643	900	2.4615384615385
10	214920	920	4.2147435897436
10	220129	940	2.574358974359
10	225477	960	3.3390243902439
10	230784	980	3.2410256410256
10	236110	1000	4.3
10	241295	1020	2.6560975609756
10	246602	1040	4.7415795586527
10	251797	1060	3.0499325236167
10	257022	1080	3.1794871794872
10	262422	1100	1.9365721997301
10	267731	1120	2.1435897435897
10	273010	1140	1.8871794871795
10	278305	1160	3.0128205128205
10	283616	1180	2.999358974359
10	288786	1200	2.6147435897436
10	294173	1220	4.8780487804878
10	299532	1240	2.5641025641026
10	304916	1260	3.9475609756098
10	310202	1280	3.4301282051282
10	315517	1300	3.225
10	320738	1320	2.2834008097166
10	325984	1340	2.8455128205128
10	331298	1360	3.340243902439
10	336593	1380	3.3788461538462
10	341867	1400	2.8301282051282
10	347270	1420	4.6096153846154
10	352495	1440	2.9973009446694
10	357807	1460	1.8711538461538
10	363035	1480	2.225
10	368340	1500	2.2243902439024
10	373660	1520	3.5480769230769
10	379064	1540	1.7717948717949
10	384452	1560	2.4352564102564
10	389836	1580	3.8660256410256
10	395104	1600	1.8557692307692
10	400359	1620	2.6608974358974
10	405674	1640	3.2
10	411021	1660	1.7685897435897
10	416334	1680	4.025
10	421564	1700	2.7256097560976
10	426881	1720	2.8102564102564
10	432243	1740	4.240243902439
10	437602	1760	3.490243902439
10	442865	1780	2.6948717948718
10	448248	1800	2.2666666666667
10	453080	1820	1.7788051209104
10	457301	1840	3.3598484848485
10	461070	1860	2.0989247311828
10	464422	1880	3.0899470899471
10	467344	1900	2.6884057971014
10	469835	1920	3.1904761904762
10	471866	1940	3.6764705882353
10	473471	1960	1.7809523809524
10	474473	1980	1.2909090909091
10	475084	2000	1.1428571428571
11	34299	240	145.91681590927
11	39642	260	234.37496795942
11	45011	280	282.56399542207
11	50346	300	272.42049738769
11	55660	320	276.40959149433
11	61058	340	0
11	66256	360	281.49734582931
11	71615	380	133.39168555189
11	76931	400	276.83497891722
11	82277	420	321.64664571785
11	87506	440	94.760349801211
11	92819	460	143.23753212947
11	98121	480	45.905774650473
11	103479	500	276.70200319298
11	108767	520	229.3710921884
11	114130	540	327.46473707772
11	119461	560	186.16487546992
11	124807	580	182.13321120115
11	130080	600	136.71334997526
11	135324	620	184.87177369845
11	140597	640	96.708628292035
11	145830	660	184.74974045605
11	151261	680	423.75730909759
11	156614	700	283.36058775445
11	161953	720	44.571202019348
11	167199	740	136.2911414193
11	172515	760	187.87869603494
11	177792	780	227.82028137762
11	183129	800	44.608864178746
11	188415	820	322.82798792905
11	193774	840	89.955962749614
11	199144	860	277.37076290109
11	204340	880	184.25650707875
11	209643	900	229.90277632491
11	214920	920	137.58688320131
11	220129	940	231.07532698415
11	225477	960	231.34635515844
11	230784	980	192.08220837589
11	236110	1000	91.172150939489
11	241295	1020	92.501553256227
11	246602	1040	232.57545777727
11	251797	1060	322.61016898896
11	257022	1080	419.90566605901
11	262422	1100	134.58102190509
11	267731	1120	45.694122592974
11	273010	1140	237.2144430514
11	278305	1160	152.6634110788
11	283616	1180	284.10329723873
11	288786	1200	278.22565825378
11	294173	1220	229.22805679175
11	299532	1240	276.77802368588
11	304916	1260	234.79569568515
11	310202	1280	323.26250633121
11	315517	1300	92.673573605263
11	320738	1320	234.32863991557
11	325984	1340	332.28428876953
11	331298	1360	190.17003778467
11	336593	1380	417.65023587141
11	341867	1400	282.41354509276
11	347270	1420	183.86752860708
11	352495	1440	371.34741687345
11	357807	1460	278.83071273372
11	363035	1480	44.970258471551
11	368340	1500	233.39252612933
11	373660	1520	186.58471482466
11	379064	1540	185.59236276207
11	384452	1560	144.07939863707
11	389836	1580	190.95910661883
11	395104	1600	276.5244757081
11	400359	1620	237.7487991824
11	405674	1640	275.82572722144
11	411021	1660	368.22022251263
11	416334	1680	96.330458504303
11	421564	1700	135.79493753178
11	426881	1720	278.09466902591
11	432243	1740	135.4143266918
11	437602	1760	185.59944014318
11	442865	1780	189.54283883665
11	448248	1800	234.37049375046
11	453080	1820	226.9656150977
11	457301	1840	137.67895570241
11	461070	1860	46.358833453348
11	464422	1880	185.22386059311
11	467344	1900	47.413528786002
11	469835	1920	143.04060426365
11	471866	1940	198.31397228442
11	473471	1960	91.208619801686
11	474473	1980	93.181473561837
11	475084	2000	0
12	34299	240	48.638938636422
12	39642	260	46.874993591884
12	45011	280	47.093999237011
12	50346	300	45.403416231282
12	55660	320	46.068265249055
12	61058	340	nan
12	66256	360	46.916224304885
12	71615	380	44.463895183964
12	76931	400	46.13916315287
12	82277	420	45.949520816836
12	87506	440	47.380174900605
12	92819	460	47.745844043156
12	98121	480	45.905774650473
12	103479	500	46.117000532163
12	108767	520	45.87421843768
12	114130	540	46.780676725388
12	119461	560	46.541218867481
12	124807	580	45.533302800286
12	130080	600	45.571116658421
12	135324	620	46.217943424614
12	140597	640	48.354314146017
12	145830	660	46.187435114013
12	151261	680	47.084145455288
12	156614	700	47.226764625742
12	161953	720	44.571202019348
12	167199	740	45.4303804731
12	172515	760	46.969674008734
12	177792	780	45.564056275523
12	183129	800	44.608864178746
12	188415	820	46.118283989864
12	193774	840	44.977981374807
12	199144	860	46.228460483514
12	204340	880	46.064126769688
12	209643	900	45.980555264982
12	214920	920	45.862294400437
12	220129	940	46.215065396831
12	225477	960	46.269271031689
12	230784	980	48.020552093972
12	236110	1000	45.586075469745
12	241295	1020	46.250776628114
12	246602	1040	46.515091555455
12	251797	1060	46.087166998423
12	257022	1080	46.656185117668
12	262422	1100	44.860340635029
12	267731	1120	45.694122592974
12	273010	1140	47.44288861028
12	278305	1160	50.887803692933
12	283616	1180	47.350549539788
12	288786	1200	46.370943042296
12	294173	1220	45.84561135835
12	299532	1240	46.129670614313
12	304916	1260	46.95913913703
12	310202	1280	46.180358047315
12	315517	1300	46.336786802632
12	320738	1320	46.865727983114
12	325984	1340	47.469184109933
12	331298	1360	47.542509446166
12	336593	1380	46.405581763489
12	341867	1400	47.068924182126
12	347270	1420	45.96688215177
12	352495	1440	46.418427109181
12	357807	1460	46.47178545562
12	363035	1480	44.970258471551
12	368340	1500	46.678505225867
12	373660	1520	46.646178706164
12	379064	1540	46.398090690517
12	384452	1560	48.026466212358
12	389836	1580	47.739776654706
12	395104	1600	46.087412618017
12	400359	1620	47.549759836479
12	405674	1640	45.970954536907
12	411021	1660	46.027527814078
12	416334	1680	48.165229252152
12	421564	1700	45.264979177261
12	426881	1720	46.349111504319
12	432243	1740	45.138108897265
12	437602	1760	46.399860035794
12	442865	1780	47.385709709163
12	448248	1800	46.874098750093
12	453080	1820	45.393123019541
12	457301	1840	45.892985234135
12	461070	1860	46.358833453348
12	464422	1880	46.305965148277
12	467344	1900	47.413528786002
12	469835	1920	47.680201421217
12	471866	1940	49.578493071106
12	473471	1960	45.604309900843
12	474473	1980	46.590736780918
12	475084	2000	nan
13	34299	240	1.3815482040769
13	39642	260	1.8359369522119
13	45011	280	2.2118916086032
13	50346	300	1.2195520810494
13	55660	320	1.5486328619019
13	61058	340	nan
13	66256	360	1.2733048813452
13	71615	380	1.3522417014878
13	76931	400	0.93269274796943
13	82277	420	1.290212953345
13	87506	440	4.0957296296536
13	92819	460	2.4361352433578
13	98121	480	nan
13	103479	500	1.8856496973109
13	108767	520	0.87735389808751
13	114130	540	1.8497086205901
13	119461	560	1.3766737391978
13	124807	580	0.8009799643373
13	130080	600	0.95951271631232
13	135324	620	0.63993571620996
13	140597	640	1.8137544312114
13	145830	660	1.0935300267343
13	151261	680	2.3951061650635
13	156614	700	1.8106643844201
13	161953	720	nan
13	167199	740	0.47758639540449
13	172515	760	1.0974223846577
13	177792	780	0.72919198815903
13	183129	800	nan
13	188415	820	0.64724533953836
13	193774	840	0.20020304078814
13	199144	860	1.056771766001
13	204340	880	0.89425561830481
13	209643	900	1.2807809956335
13	214920	920	0.20825974990652
13	220129	940	0.98399365596063
13	225477	960	2.6555965366123
13	230784	980	4.1071570111904
13	236110	1000	1.1652030869501
13	241295	1020	2.7279974141255
13	246602	1040	1.5899704722165
13	251797	1060	1.1995007297063
13	257022	1080	0.87812707602857
13	262422	1100	0.6194470526452
13	267731	1120	nan
13	273010	1140	1.3032795394627
13	278305	1160	8.2617072359723
13	283616	1180	2.4978729980972
13	288786	1200	2.8692105239144
13	294173	1220	1.1942759624177
13	299532	1240	0.73034937855312
13	304916	1260	1.8656756938967
13	310202	1280	1.0352075503895
13	315517	1300	2.5181272562844
13	320738	1320	1.2128045325505
13	325984	1340	2.4479365775856
13	331298	1360	1.8491142326202
13	336593	1380	1.597328409291
13	341867	1400	2.8481293089134
13	347270	1420	0.9923435834463
13	352495	1440	2.2153469596045
13	357807	1460	1.1120772583978
13	363035	1480	nan
13	368340	1500	1.5628884821012
13	373660	1520	1.9260015618033
13	379064	1540	1.2634641057048
13	384452	1560	3.1990586475752
13	389836	1580	1.0034428594423
13	395104	1600	1.1627036936396
13	400359	1620	1.366153525068
13	405674	1640	1.6990957939144
13	411021	1660	0.74348187601341
13	416334	1680	4.7778315945545
13	421564	1700	0.29274297163378
13	426881	1720	1.3728987165735
13	432243	1740	1.3107814845228
13	437602	1760	1.4197394874553
13	442865	1780	2.7097398321729
13	448248	1800	1.6731290204535
13	453080	1820	0.43885180947304
13	457301	1840	0.39888399748402
13	461070	1860	nan
13	464422	1880	0.77149743279753
13	467344	1900	nan
13	469835	1920	2.0567194850096
13	471866	1940	3.4931584470152
13	473471	1960	0.38656387047675
13	474473	1980	0.47953169462425
13	475084	2000	nan
14	34299	240	1.9086754401882
14	39642	260	3.370664492497
14	45011	280	4.8924644882091
14	50346	300	1.487307278392
14	55660	320	2.3982637409624
14	61058	340	nan
14	66256	360	1.6213053208574
14	71615	380	1.8285576192426
14	76931	400	0.86991576211477
14	82277	420	1.6646494649792
14	87506	440	16.775001199223
14	92819	460	5.9347549239301
14	98121	480	nan
14	103479	500	3.5556747809688
14	108767	520	0.76974986248935
14	114130	540	3.4214219810852
14	119461	560	1.8952305841968
14	124807	580	0.64156890326979
14	130080	600	0.92066465276505
14	135324	620	0.40951772088115
14	140597	640	3.2897051367391
14	145830	660	1.1958079193694
14	151261	680	5.7365335419254
14	156614	700	3.2785055130075
14	161953	720	nan
14	167199	740	0.22808876507545
14	172515	760	1.2043358903479
14	177792	780	0.53172095559532
14	183129	800	nan
14	188415	820	0.41892652955412
14	193774	840	0.040081257540818
14	199144	860	1.1167665654169
14	204340	880	0.79969311086972
14	209643	900	1.640399958776
14	214920	920	0.043372123431125
14	220129	940	0.96824351497077
14	225477	960	7.0521929652674
14	230784	980	16.868738714571
14	236110	1000	1.357698233838
14	241295	1020	7.4419698914754
14	246602	1040	2.5280061025203
14	251797	1060	1.438802000566
14	257022	1080	0.77110716165449
14	262422	1100	0.38371465103083
14	267731	1120	nan
14	273010	1140	1.6985375579822
14	278305	1160	68.255806452918
14	283616	1180	6.239369514623
14	288786	1200	8.232369030541
14	294173	1220	1.4262950744088
14	299532	1240	0.53341021475292
14	304916	1260	3.480745794797
14	310202	1280	1.0716546723835
14	315517	1300	6.3409648788422
14	320738	1320	1.4708948341751
14	325984	1340	5.9923934878813
14	331298	1360	3.4192234452785
14	336593	1380	2.551458047128
14	341867	1400	8.1118405602914
14	347270	1420	0.98474578760704
14	352495	1440	4.907762151429
14	357807	1460	1.2367158286456
14	363035	1480	nan
14	368340	1500	2.4426204074844
14	373660	1520	3.7094820160689
14	379064	1540	1.5963415464045
14	384452	1560	10.233976230626
14	389836	1580	1.0068975721657
14	395104	1600	1.3518798792032
14	400359	1620	1.8663754540557
14	405674	1640	2.8869265168975
14	411021	1660	0.55276529996042
14	416334	1680	22.827674745923
14	421564	1700	0.085698447440974
14	426881	1720	1.8848508859692
14	432243	1740	1.7181481001679
14	437602	1760	2.0156602122399
14	442865	1780	7.3426899580645
14	448248	1800	2.7993607190837
14	453080	1820	0.19259091067776
14	457301	1840	0.15910844344883
14	461070	1860	nan
14	464422	1880	0.59520828881318
14	467344	1900	nan
14	469835	1920	4.2300950400182
14	471866	1940	12.202155935953
14	473471	1960	0.14943162595796
14	474473	1980	0.22995064614921
14	475084	2000	nan
15	34299	240	222.97911664406
15	39642	260	268.58133268368
15	45011	280	267.93711581585
15	50346	300	311.48007141202
15	55660	320	269.12880868048
15	61058	340	0
15	66256	360	268.25383531899
15	71615	380	132.71082707593
15	76931	400	267.82669671636
15	82277	420	311.92263744696
15	87506	440	88.908378749857
15	92819	460	134.76095328871
15	98121	480	44.252464949909
15	103479	500	268.1785565687
15	108767	520	225.37925587981
15	114130	540	314.38425176522
15	119461	560	178.89968961481
15	124807	580	177.36322614726
15	130080	600	178.24445237698
15	135324	620	179.66094066379
15	140597	640	90.435690137738
15	145830	660	178.38743731368
15	151261	680	401.2909612123
15	156614	700	272.44282567812
15	161953	720	90.514410023648
15	167199	740	178.6072518866
15	172515	760	179.82293011448
15	177792	780	267.16571655278
15	183129	800	43.754458103756
15	188415	820	315.13405238451
15	193774	840	88.804955963019
15	199144	860	266.96496027157
15	204340	880	178.9755245319
15	209643	900	268.63678067124
15	214920	920	132.55548839916
15	220129	940	224.75260498926
15	225477	960	225.27317252796
15	230784	980	182.46929950004
15	236110	1000	135.34305637214
15	241295	1020	89.383017014443
15	246602	1040	269.41095340551
15	251797	1060	315.80936152144
15	257022	1080	407.37431089506
15	262422	1100	133.03692756533
15	267731	1120	90.947627304368
15	273010	1140	224.15255209887
15	278305	1160	179.67498990875
15	283616	1180	269.99816527211
15	288786	1200	268.68384199127
15	294173	1220	223.47280659176
15	299532	1240	267.93106387557
15	304916	1260	229.8727019791
15	310202	1280	449.81549013223
15	315517	1300	89.008662863997
15	320738	1320	270.1575004473
15	325984	1340	355.9919980532
15	331298	1360	227.62193938865
15	336593	1380	406.31386218845
15	341867	1400	267.11716887795
15	347270	1420	177.58519928839
15	352495	1440	357.14665845444
15	357807	1460	270.79199460373
15	363035	1480	44.443558253653
15	368340	1500	267.34510262877
15	373660	1520	224.07613159825
15	379064	1540	183.52608872202
15	384452	1560	134.35727020658
15	389836	1580	182.10946586104
15	395104	1600	268.51967842653
15	400359	1620	227.85710242494
15	405674	1640	314.07550482663
15	411021	1660	451.10681688367
15	416334	1680	89.970295781372
15	421564	1700	177.81973380132
15	426881	1720	356.63792736157
15	432243	1740	177.55192014082
15	437602	1760	179.11565724338
15	442865	1780	180.15633925837
15	448248	1800	225.12285807604
15	453080	1820	267.28457441314
15	457301	1840	177.40055923355
15	461070	1860	91.314055158477
15	464422	1880	181.30064117805
15	467344	1900	44.789204550989
15	469835	1920	140.30967395305
15	471866	1940	230.87718420199
15	473471	1960	91.1257499844
15	474473	1980	91.368567208582
15	475084	2000	0
16	34299	240	44.595823328812
16	39642	260	44.763555447279
16	45011	280	44.656185969309
16	50346	300	44.49715305886
16	55660	320	44.854801446747
16	61058	340	nan
16	66256	360	44.708972553166
16	71615	380	44.236942358644
16	76931	400	44.63778278606
16	82277	420	44.560376778137
16	87506	440	44.454189374929
16	92819	460	44.920317762904
16	98121	480	44.252464949909
16	103479	500	44.696426094783
16	108767	520	45.075851175962
16	114130	540	44.912035966459
16	119461	560	44.724922403703
16	124807	580	44.340806536815
16	130080	600	44.561113094245
16	135324	620	44.915235165948
16	140597	640	45.217845068869
16	145830	660	44.59685932842
16	151261	680	44.587884579145
16	156614	700	45.40713761302
16	161953	720	45.257205011824
16	167199	740	44.651812971649
16	172515	760	44.95573252862
16	177792	780	44.527619425463
16	183129	800	43.754458103756
16	188415	820	45.019150340645
16	193774	840	44.402477981509
16	199144	860	44.494160045262
16	204340	880	44.743881132976
16	209643	900	44.77279677854
16	214920	920	44.18516279972
16	220129	940	44.950520997852
16	225477	960	45.054634505592
16	230784	980	45.617324875009
16	236110	1000	45.114352124046
16	241295	1020	44.691508507222
16	246602	1040	44.901825567586
16	251797	1060	45.115623074491
16	257022	1080	45.263812321673
16	262422	1100	44.345642521776
16	267731	1120	45.473813652184
16	273010	1140	44.830510419774
16	278305	1160	44.918747477188
16	283616	1180	44.999694212018
16	288786	1200	44.780640331879
16	294173	1220	44.694561318352
16	299532	1240	44.655177312595
16	304916	1260	45.974540395819
16	310202	1280	44.981549013223
16	315517	1300	44.504331431999
16	320738	1320	45.026250074549
16	325984	1340	44.49899975665
16	331298	1360	45.524387877731
16	336593	1380	45.145984687605
16	341867	1400	44.519528146325
16	347270	1420	44.396299822097
16	352495	1440	44.643332306805
16	357807	1460	45.131999100622
16	363035	1480	44.443558253653
16	368340	1500	44.557517104794
16	373660	1520	44.81522631965
16	379064	1540	45.881522180504
16	384452	1560	44.785756735527
16	389836	1580	45.527366465261
16	395104	1600	44.753279737755
16	400359	1620	45.571420484988
16	405674	1640	44.867929260947
16	411021	1660	45.110681688367
16	416334	1680	44.985147890686
16	421564	1700	44.454933450331
16	426881	1720	44.579740920196
16	432243	1740	44.387980035205
16	437602	1760	44.778914310844
16	442865	1780	45.039084814593
16	448248	1800	45.024571615208
16	453080	1820	44.547429068856
16	457301	1840	44.350139808388
16	461070	1860	45.657027579238
16	464422	1880	45.325160294511
16	467344	1900	44.789204550989
16	469835	1920	46.769891317683
16	471866	1940	46.175436840398
16	473471	1960	45.5628749922
16	474473	1980	45.684283604291
16	475084	2000	nan
17	34299	240	0.38403509015178
17	39642	260	0.38646174252117
17	45011	280	0.31578649888196
17	50346	300	0.28670501351016
17	55660	320	0.39802555604947
17	61058	340	nan
17	66256	360	0.42829034189652
17	71615	380	0.28865423912164
17	76931	400	0.39989419911519
17	82277	420	0.35744178865015
17	87506	440	0.38511730310811
17	92819	460	0.40372579151204
17	98121	480	nan
17	103479	500	0.76123161000176
17	108767	520	0.68881597236414
17	114130	540	0.99341993567765
17	119461	560	0.26722205334571
17	124807	580	0.31664391175496
17	130080	600	0.57009772286787
17	135324	620	1.1837778053463
17	140597	640	0.78017042816857
17	145830	660	0.46569394215556
17	151261	680	0.57436060834195
17	156614	700	1.310306046635
17	161953	720	0.79264726189542
17	167199	740	0.47849205967289
17	172515	760	0.38689112603085
17	177792	780	0.44033600450556
17	183129	800	nan
17	188415	820	0.70419492586804
17	193774	840	0.2875391413776
17	199144	860	0.54076351004208
17	204340	880	0.80106358846256
17	209643	900	0.94575424088525
17	214920	920	0.076797633083555
17	220129	940	1.2266680757783
17	225477	960	1.8691329153063
17	230784	980	1.6083369987773
17	236110	1000	1.7350498249613
17	241295	1020	0.73354299612287
17	246602	1040	1.3020646586424
17	251797	1060	0.94715351775266
17	257022	1080	1.0221985818233
17	262422	1100	0.54394632042514
17	267731	1120	1.2343826531337
17	273010	1140	0.6346790465746
17	278305	1160	0.46725875883279
17	283616	1180	1.0877275204826
17	288786	1200	0.94269735296393
17	294173	1220	0.38511541956703
17	299532	1240	0.46085777793158
17	304916	1260	2.0596921201187
17	310202	1280	0.79349135358584
17	315517	1300	0.44430298840224
17	320738	1320	0.62039393427112
17	325984	1340	0.53025598941841
17	331298	1360	1.4505342917257
17	336593	1380	1.3242303789796
17	341867	1400	0.48970973601851
17	347270	1420	0.56555029934511
17	352495	1440	0.91912451520288
17	357807	1460	1.1715575334593
17	363035	1480	nan
17	368340	1500	0.77206503616047
17	373660	1520	0.59122665983552
17	379064	1540	1.0766318083745
17	384452	1560	0.64532523690247
17	389836	1580	0.84767703694019
17	395104	1600	0.54735031763726
17	400359	1620	0.86143037590149
17	405674	1640	0.73054789595039
17	411021	1660	1.3916744957154
17	416334	1680	1.171588070087
17	421564	1700	0.42072676181782
17	426881	1720	0.57765036164357
17	432243	1740	0.4903386600507
17	437602	1760	0.76174137784295
17	442865	1780	1.2317486453783
17	448248	1800	1.1993994234517
17	453080	1820	0.42089013982309
17	457301	1840	0.15747168393709
17	461070	1860	0.60630224908005
17	464422	1880	0.89739512308521
17	467344	1900	nan
17	469835	1920	0.28641140590947
17	471866	1940	2.4352432997076
17	473471	1960	0.21471043737443
17	474473	1980	0.56316369427165
17	475084	2000	nan
18	34299	240	0.14748295046789
18	39642	260	0.1493526784325
18	45011	280	0.099721112876124
18	50346	300	0.082199764771863
18	55660	320	0.15842434326849
18	61058	340	nan
18	66256	360	0.18343261696184
18	71615	380	0.083321269762893
18	76931	400	0.15991537048598
18	82277	420	0.12776463227342
18	87506	440	0.14831533715326
18	92819	460	0.16299451473202
18	98121	480	nan
18	103479	500	0.57947356406586
18	108767	520	0.47446744378396
18	114130	540	0.98688316860179
18	119461	560	0.071407625794297
18	124807	580	0.10026336685148
18	130080	600	0.32501141361914
18	135324	620	1.4013298924305
18	140597	640	0.60866589698874
18	145830	660	0.21687084776038
18	151261	680	0.32989010841493
18	156614	700	1.7169019358481
18	161953	720	0.62828968179031
18	167199	740	0.22895465117001
18	172515	760	0.14968474340142
18	177792	780	0.19389579686392
18	183129	800	nan
18	188415	820	0.49589049361829
18	193774	840	0.082678757824166
18	199144	860	0.29242517379303
18	204340	880	0.64170287276052
18	209643	900	0.89445108415244
18	214920	920	0.0058978764472364
18	220129	940	1.5047145681337
18	225477	960	3.4936578550813
18	230784	980	2.5867479016361
18	236110	1000	3.0103978950984
18	241295	1020	0.53808532716092
18	246602	1040	1.6953723752856
18	251797	1060	0.89709978619125
18	257022	1080	1.0448899406816
18	262422	1100	0.29587759950405
18	267731	1120	1.5237005343574
18	273010	1140	0.40281749216084
18	278305	1160	0.21833074770596
18	283616	1180	1.1831511588153
18	288786	1200	0.88867829928519
18	294173	1220	0.14831388638829
18	299532	1240	0.21238989148004
18	304916	1260	4.2423316296791
18	310202	1280	0.62962852821548
18	315517	1300	0.19740514550316
18	320738	1320	0.3848886336804
18	325984	1340	0.2811714143141
18	331298	1360	2.1040497314722
18	336593	1380	1.7535860966125
18	341867	1400	0.23981562555132
18	347270	1420	0.31984714108934
18	352495	1440	0.84478987444692
18	357807	1460	1.3725470542052
18	363035	1480	nan
18	368340	1500	0.59608442006147
18	373660	1520	0.34954896330027
18	379064	1540	1.1591360508037
18	384452	1560	0.41644466138323
18	389836	1580	0.71855635895571
18	395104	1600	0.29959237021761
18	400359	1620	0.74206229252578
18	405674	1640	0.53370022827754
18	411021	1660	1.9367579020248
18	416334	1680	1.3726186059702
18	421564	1700	0.17701100810971
18	426881	1720	0.33367994030695
18	432243	1740	0.24043200154031
18	437602	1760	0.58024992671808
18	442865	1780	1.5172047253913
18	448248	1800	1.4385589769764
18	453080	1820	0.1771485098003
18	457301	1840	0.024797331241982
18	461070	1860	0.36760241723952
18	464422	1880	0.80531800693712
18	467344	1900	nan
18	469835	1920	0.082031493435037
18	471866	1940	5.9304099287707
18	473471	1960	0.04610057191752
18	474473	1980	0.31715334654569
18	475084	2000	nan
19	34299	240	1342.4929524986
19	39642	260	1529.3801462088
19	45011	280	1456.1556816473
19	50346	300	1436.5286493196
19	55660	320	1240.9890572829
19	61058	340	1387.5601920015
19	66256	360	1293.6242655399
19	71615	380	1489.1486605285
19	76931	400	1306.0386265248
19	82277	420	1437.3104301562
19	87506	440	1429.7325892894
19	92819	460	1241.4678285717
19	98121	480	1192.9563009842
19	103479	500	1443.7405864774
19	108767	520	1545.1525984096
19	114130	540	1490.7700812919
19	119461	560	1664.2386791796
19	124807	580	1626.3424509483
19	130080	600	1471.9945914123
19	135324	620	1578.2809178191
19	140597	640	1489.2669943414
19	145830	660	1438.2430281802
19	151261	680	1306.6221305168
19	156614	700	1588.5660218849
19	161953	720	1615.1347022121
19	167199	740	1580.9021599609
19	172515	760	1490.2524484755
19	177792	780	1483.7386116961
19	183129	800	1563.6486916222
19	188415	820	1251.9035898911
19	193774	840	1699.1648725233
19	199144	860	1519.9015449303
19	204340	880	1621.1877696848
19	209643	900	1430.8442392347
19	214920	920	1405.6850810377
19	220129	940	1512.5286257964
19	225477	960	1425.3716754193
19	230784	980	1562.1292913572
19	236110	1000	1597.703694618
19	241295	1020	1473.0492496278
19	246602	1040	1373.0561602787
19	251797	1060	1419.6388601766
19	257022	1080	1382.4163938064
19	262422	1100	1655.6596016568
19	267731	1120	1505.918528293
19	273010	1140	1579.2947257875
19	278305	1160	1339.5337286791
19	283616	1180	1232.1110007075
19	288786	1200	1460.6165987118
19	294173	1220	1549.3545894025
19	299532	1240	1538.3010759527
19	304916	1260	1488.86429013
19	310202	1280	1390.4542663629
19	315517	1300	1544.9645438162
19	320738	1320	1489.7399298416
19	325984	1340	1440.5517589934
19	331298	1360	1408.4243139722
19	336593	1380	1345.7123737212
19	341867	1400	1489.2954274035
19	347270	1420	1633.508660562
19	352495	1440	1303.2799314645
19	357807	1460	1519.986053311
19	363035	1480	1694.2397409191
19	368340	1500	1552.0992701214
19	373660	1520	1340.3388401915
19	379064	1540	1298.9726405472
19	384452	1560	1533.3921655216
19	389836	1580	1492.2628051888
19	395104	1600	1454.06808371
19	400359	1620	1495.5000757362
19	405674	1640	1594.8848804942
19	411021	1660	1369.5728237949
19	416334	1680	1449.0474395296
19	421564	1700	1416.9456271033
19	426881	1720	1459.3863097928
19	432243	1740	1623.0136646476
19	437602	1760	1634.701291337
19	442865	1780	1537.5737572427
19	448248	1800	1666.681163595
19	453080	1820	1487.8830812814
19	457301	1840	1336.1322804139
19	461070	1860	1335.5451226104
19	464422	1880	1104.0119932169
19	467344	1900	1068.7995524808
19	469835	1920	835.45215679827
19	471866	1940	607.11814453485
19	473471	1960	606.66860843525
19	474473	1980	413.95284791537
19	475084	2000	324.66717242902
20	34299	240	46.292860430986
20	39642	260	46.344852915417
20	45011	280	46.972763924107
20	50346	300	46.339633849021
20	55660	320	45.962557677145
20	61058	340	46.252006400051
20	66256	360	46.200866626427
20	71615	380	46.535895641516
20	76931	400	46.644236661601
20	82277	420	46.364852585684
20	87506	440	46.120406106109
20	92819	460	45.980289947099
20	98121	480	45.882934653237
20	103479	500	46.572276983142
20	108767	520	46.822806012411
20	114130	540	46.586565040372
20	119461	560	46.228852199433
20	124807	580	46.466927169951
20	130080	600	45.999830981636
20	135324	620	46.420026994681
20	140597	640	46.539593573169
20	145830	660	46.394936392909
20	151261	680	46.665076089887
20	156614	700	46.722530055439
20	161953	720	46.146705777488
20	167199	740	46.49712235179
20	172515	760	46.570389014859
20	177792	780	46.366831615505
20	183129	800	45.989667400653
20	188415	820	46.366799625597
20	193774	840	45.923374933061
20	199144	860	46.057622573644
20	204340	880	46.319650562423
20	209643	900	46.156265781763
20	214920	920	46.856169367923
20	220129	940	45.834200781709
20	225477	960	45.979731465139
20	230784	980	45.944979157566
20	236110	1000	45.648676989084
20	241295	1020	46.032789050869
20	246602	1040	45.768538675957
20	251797	1060	45.79480194118
20	257022	1080	46.080546460213
20	262422	1100	45.990544490467
20	267731	1120	45.633894796758
20	273010	1140	46.449844876103
20	278305	1160	46.190818230312
20	283616	1180	47.388884642594
20	288786	1200	47.116664474573
20	294173	1220	46.950139072802
20	299532	1240	46.615184119779
20	304916	1260	46.527009066562
20	310202	1280	46.34847554543
20	315517	1300	46.817107388369
20	320738	1320	46.55437280755
20	325984	1340	46.469411580433
20	331298	1360	46.947477132407
20	336593	1380	46.403874955902
20	341867	1400	46.54048210636
20	347270	1420	46.671676016058
20	352495	1440	46.545711838018
20	357807	1460	46.060183433668
20	363035	1480	45.790263268085
20	368340	1500	47.0333112158
20	373660	1520	46.218580696259
20	379064	1540	46.391880019542
20	384452	1560	46.46642925823
20	389836	1580	46.63321266215
20	395104	1600	46.905422055161
20	400359	1620	46.734377366756
20	405674	1640	46.908378838065
20	411021	1660	47.226649096375
20	416334	1680	46.743465791278
20	421564	1700	47.231520903444
20	426881	1720	47.076977735253
20	432243	1740	46.371818989931
20	437602	1760	46.705751181058
20	442865	1780	46.59314415887
20	448248	1800	47.619461817
20	453080	1820	46.496346290043
20	457301	1840	46.073526910825
20	461070	1860	46.053280090013
20	464422	1880	46.00049971737
20	467344	1900	46.469545760036
20	469835	1920	46.414008711015
20	471866	1940	46.70139573345
20	473471	1960	46.666816033481
20	474473	1980	45.994760879485
20	475084	2000	46.381024632717
21	34299	240	2.368786916579
21	39642	260	2.3135377912461
21	45011	280	2.3504923244817
21	50346	300	2.1669432803022
21	55660	320	2.1211345633244
21	61058	340	1.9902694252711
21	66256	360	1.9751229977306
21	71615	380	3.3846035498959
21	76931	400	2.6941917930963
21	82277	420	2.4994073899968
21	87506	440	2.0134884161892
21	92819	460	2.290980919875
21	98121	480	2.6167097212125
21	103479	500	3.2630786494223
21	108767	520	2.6299712036288
21	114130	540	1.9942942492605
21	119461	560	1.9366190368442
21	124807	580	1.6589270165699
21	130080	600	2.2716507443669
21	135324	620	1.763579353551
21	140597	640	1.8444774050522
21	145830	660	1.7432196711236
21	151261	680	2.210502788723
21	156614	700	1.7167353015243
21	161953	720	1.6266562136469
21	167199	740	1.8911129607939
21	172515	760	2.5058897073821
21	177792	780	2.0669021350412
21	183129	800	1.8760097010134
21	188415	820	2.3042895454425
21	193774	840	2.2096981251403
21	199144	860	1.8729875561432
21	204340	880	1.7602341191897
21	209643	900	2.341383126761
21	214920	920	2.179491718972
21	220129	940	2.0200696373035
21	225477	960	2.4726242640334
21	230784	980	2.3405199156393
21	236110	1000	1.7916416665799
21	241295	1020	2.0692374835053
21	246602	1040	1.9559227032044
21	251797	1060	1.7853313371754
21	257022	1080	2.1245434480096
21	262422	1100	1.5881691540152
21	267731	1120	1.8652705214364
21	273010	1140	1.8235671467036
21	278305	1160	3.1960985324578
21	283616	1180	4.1140353360908
21	288786	1200	2.9067888808942
21	294173	1220	3.1120643433986
21	299532	1240	2.3098669656885
21	304916	1260	2.4237444141072
21	310202	1280	2.0632425096689
21	315517	1300	2.1172320746372
21	320738	1320	2.2257493297048
21	325984	1340	2.2896734596796
21	331298	1360	2.7668952745737
21	336593	1380	2.1839081859069
21	341867	1400	2.6046194208876
21	347270	1420	2.2814383996522
21	352495	1440	2.4311230964586
21	357807	1460	2.1761644198061
21	363035	1480	2.3075939530888
21	368340	1500	3.0723924208036
21	373660	1520	3.006316703715
21	379064	1540	3.0025557914406
21	384452	1560	3.3313733433388
21	389836	1580	3.3241803362095
21	395104	1600	3.5821065641806
21	400359	1620	3.8426050980944
21	405674	1640	4.3356636202503
21	411021	1660	3.6644061623598
21	416334	1680	3.6362520216025
21	421564	1700	3.9494944676263
21	426881	1720	4.2341603554813
21	432243	1740	2.871941742442
21	437602	1760	2.8653126112657
21	442865	1780	2.5086994813374
21	448248	1800	3.5336254996742
21	453080	1820	2.3539255062795
21	457301	1840	2.1984080217933
21	461070	1860	2.11614657784
21	464422	1880	2.4254872593296
21	467344	1900	2.2257040892585
21	469835	1920	2.3266719847891
21	471866	1940	2.8773544556443
21	473471	1960	3.0091541428221
21	474473	1980	2.4947301774007
21	475084	2000	2.969520212825
22	34299	240	5.6111514561556
22	39642	260	5.3524571115237
22	45011	280	5.5248141674472
22	50346	300	4.6956431800469
22	55660	320	4.4992118357292
22	61058	340	3.961172385169
22	66256	360	3.9011108561642
22	71615	380	11.455541189968
22	76931	400	7.2586694179873
22	82277	420	6.2470373011708
22	87506	440	4.0541356021281
22	92819	460	5.2485935752312
22	98121	480	6.8471697650878
22	103479	500	10.647682272316
22	108767	520	6.9167485319168
22	114130	540	3.9772095526334
22	119461	560	3.7504932938675
22	124807	580	2.7520388463055
22	130080	600	5.1603971043825
22	135324	620	3.1102121362712
22	140597	640	3.402096897748
22	145830	660	3.0388148217921
22	151261	680	4.8863225789523
22	156614	700	2.9471800954998
22	161953	720	2.6460104373961
22	167199	740	3.5763082304826
22	172515	760	6.2794832255637
22	177792	780	4.272084435838
22	183129	800	3.5194123982965
22	188415	820	5.3097503092355
22	193774	840	4.8827658042487
22	199144	860	3.5080823854671
22	204340	880	3.0984241543596
22	209643	900	5.4820749462813
22	214920	920	4.7501841530676
22	220129	940	4.0806813395554
22	225477	960	6.1138707510867
22	230784	980	5.4780334755044
22	236110	1000	3.2099798614253
22	241295	1020	4.2817437631435
22	246602	1040	3.8256336209105
22	251797	1060	3.1874079835006
22	257022	1080	4.5136848624805
22	262422	1100	2.5222812617655
22	267731	1120	3.4792341181395
22	273010	1140	3.3253971385366
22	278305	1160	10.215045829179
22	283616	1180	16.925286746604
22	288786	1200	8.4494215980899
22	294173	1220	9.6849444774527
22	299532	1240	5.3354853991792
22	304916	1260	5.8745369849157
22	310202	1280	4.2569696537049
22	315517	1300	4.4826716578726
22	320738	1320	4.9539600786812
22	325984	1340	5.2426045519613
22	331298	1360	7.6557094604584
22	336593	1380	4.7694549644712
22	341867	1400	6.7840423276646
22	347270	1420	5.2049611714074
22	352495	1440	5.9103595101344
22	357807	1460	4.7356915820302
22	363035	1480	5.3249898523318
22	368340	1500	9.4395951874112
22	373660	1520	9.0379401230359
22	379064	1540	9.0153412807136
22	384452	1560	11.098048352708
22	389836	1580	11.050174907642
22	395104	1600	12.831487437146
22	400359	1620	14.765613939901
22	405674	1640	18.797979027962
22	411021	1660	13.42787252274
22	416334	1680	13.222328764608
22	421564	1700	15.598506549811
22	426881	1720	17.928113915929
22	432243	1740	8.2480493719807
22	437602	1760	8.2100163602782
22	442865	1780	6.2935730876625
22	448248	1800	12.486509171948
22	453080	1820	5.5409652891132
22	457301	1840	4.8329978302853
22	461070	1860	4.4780763389042
22	464422	1880	5.8829884451704
22	467344	1900	4.9537586929421
22	469835	1920	5.4134025248025
22	471866	1940	8.2791686634161
22	473471	1960	9.0550086552635
22	474473	1980	6.2236786580335
22	475084	2000	8.8180502943763
23	34299	240	1527.666480339
23	39642	260	1567.8515912778
23	45011	280	1527.5376166095
23	50346	300	1436.3155234497
23	55660	320	1526.2821031042
23	61058	340	1794.9791928121
23	66256	360	1478.754506228
23	71615	380	1660.6419122117
23	76931	400	1480.0739000076
23	82277	420	1528.9598681114
23	87506	440	1705.1709614031
23	92819	460	1703.9078256522
23	98121	480	1703.9178589678
23	103479	500	1570.1730938127
23	108767	520	1565.4057786402
23	114130	540	1430.9567959587
23	119461	560	1659.7542100367
23	124807	580	1619.5142944088
23	130080	600	1613.3163595267
23	135324	620	1565.0910439715
23	140597	640	1751.6147873814
23	145830	660	1618.4482287305
23	151261	680	1390.489242276
23	156614	700	1572.0210980894
23	161953	720	1698.509159727
23	167199	740	1614.5430270531
23	172515	760	1704.9387431684
23	177792	780	1526.3093220126
23	183129	800	1797.8520235371
23	188415	820	1434.6701692903
23	193774	840	1751.7080185352
23	199144	860	1524.8883818936
23	204340	880	1661.2047772999
23	209643	900	1525.0593336095
23	214920	920	1662.0025434657
23	220129	940	1568.8673772156
23	225477	960	1618.4468458391
23	230784	980	1611.7428825049
23	236110	1000	1700.0980798827
23	241295	1020	1750.1130422324
23	246602	1040	1619.2886483141
23	251797	1060	1430.150284481
23	257022	1080	1388.3785661266
23	262422	1100	1617.1892226031
23	267731	1120	1703.9910618453
23	273010	1140	1573.0433114204
23	278305	1160	1616.7593118615
23	283616	1180	1525.8751590062
23	288786	1200	1527.8980140313
23	294173	1220	1620.7832927878
23	299532	1240	1481.2265669419
23	304916	1260	1613.8667664422
23	310202	1280	1342.6682583836
23	315517	1300	1706.2670401485
23	320738	1320	1476.5674523811
23	325984	1340	1436.6166159034
23	331298	1360	1618.064156091
23	336593	1380	1390.4263027541
23	341867	1400	1528.4248677219
23	347270	1420	1616.6434441775
23	352495	1440	1392.2313154699
23	357807	1460	1522.4351963728
23	363035	1480	1747.1873451831
23	368340	1500	1570.5355143886
23	373660	1520	1567.0573178604
23	379064	1540	1613.7861509193
23	384452	1560	1660.0213042927
23	389836	1580	1613.6445830833
23	395104	1600	1526.7776396516
23	400359	1620	1567.1614750983
23	405674	1640	1529.6253117282
23	411021	1660	1348.6458403028
23	416334	1680	1700.7535601719
23	421564	1700	1667.6407941085
23	426881	1720	1446.9802040131
23	432243	1740	1664.1004215995
23	437602	1760	1663.3076059361
23	442865	1780	1615.0545687012
23	448248	1800	1575.2219742322
23	453080	1820	1442.2169643964
23	457301	1840	1301.9487133757
23	461070	1860	1302.0739603754
23	464422	1880	1078.546657134
23	467344	1900	1036.2008052165
23	469835	1920	809.84099251226
23	471866	1940	590.15697078361
23	473471	1960	599.04679858646
23	474473	1980	415.72557470668
23	475084	2000	328.01140333871
24	34299	240	44.931367068795
24	39642	260	44.795759750795
24	45011	280	44.927576959102
24	50346	300	44.884860107802
24	55660	320	44.890650091299
24	61058	340	44.874479820304
24	66256	360	44.810742612971
24	71615	380	44.88221384356
24	76931	400	44.850724242655
24	82277	420	44.969407885631
24	87506	440	44.872920036924
24	92819	460	44.839679622426
24	98121	480	44.839943657046
24	103479	500	44.862088394649
24	108767	520	44.725879389719
24	114130	540	44.717399873708
24	119461	560	44.858221892883
24	124807	580	44.986508178022
24	130080	600	44.814343320186
24	135324	620	44.716886970613
24	140597	640	44.913199676447
24	145830	660	44.956895242515
24	151261	680	44.854491686323
24	156614	700	44.91488851684
24	161953	720	44.697609466499
24	167199	740	44.848417418142
24	172515	760	44.866809030748
24	177792	780	44.891450647429
24	183129	800	44.946300588428
24	188415	820	44.833442790321
24	193774	840	44.915590218851
24	199144	860	44.849658290989
24	204340	880	44.897426413511
24	209643	900	44.854686282634
24	214920	920	44.918987661236
24	220129	940	44.82478220616
24	225477	960	44.956856828863
24	230784	980	44.770635625137
24	236110	1000	44.739423154807
24	241295	1020	44.874693390574
24	246602	1040	44.980240230946
24	251797	1060	44.69219639003
24	257022	1080	44.786405358921
24	262422	1100	44.921922850086
24	267731	1120	44.84187004856
24	273010	1140	44.944094612011
24	278305	1160	44.909980885043
24	283616	1180	44.878681147242
24	288786	1200	44.938176883273
24	294173	1220	45.021758132995
24	299532	1240	44.885653543694
24	304916	1260	44.829632401172
24	310202	1280	44.755608612787
24	315517	1300	44.901764214435
24	320738	1320	44.744468253973
24	325984	1340	44.89426924698
24	331298	1360	44.946226558083
24	336593	1380	44.852461379166
24	341867	1400	44.953672580056
24	347270	1420	44.906762338263
24	352495	1440	44.910687595804
24	357807	1460	44.777505775671
24	363035	1480	44.799675517516
24	368340	1500	44.872443268246
24	373660	1520	44.773066224582
24	379064	1540	44.827393081092
24	384452	1560	44.865440656559
24	389836	1580	44.823460641204
24	395104	1600	44.905224695636
24	400359	1620	44.776042145667
24	405674	1640	44.988979756711
24	411021	1660	44.954861343428
24	416334	1680	44.756672636102
24	421564	1700	45.071372813743
24	426881	1720	45.218131375408
24	432243	1740	44.975687070256
24	437602	1760	44.954259619896
24	442865	1780	44.862626908367
24	448248	1800	45.00634212092
24	453080	1820	45.069280137387
24	457301	1840	44.89478321985
24	461070	1860	44.899102081909
24	464422	1880	44.939444047249
24	467344	1900	45.052208922458
24	469835	1920	44.991166250681
24	471866	1940	45.396690060278
24	473471	1960	46.080522968189
24	474473	1980	46.191730522964
24	475084	2000	46.85877190553
25	34299	240	1.1473223193874
25	39642	260	0.75813586884114
25	45011	280	0.92770789425703
25	50346	300	0.83803680575433
25	55660	320	0.85908442644104
25	61058	340	0.80294431470273
25	66256	360	0.69952896164745
25	71615	380	0.6524575233529
25	76931	400	0.74214555942631
25	82277	420	1.0247011123167
25	87506	440	0.67427238682127
25	92819	460	0.88839987817491
25	98121	480	0.80353959238989
25	103479	500	0.90078774384103
25	108767	520	0.66218717331053
25	114130	540	0.51992000218062
25	119461	560	0.77284115159978
25	124807	580	1.0144991992675
25	130080	600	0.76130348918685
25	135324	620	0.62469932631891
25	140597	640	0.99194009528329
25	145830	660	0.89477117688977
25	151261	680	0.88463446717732
25	156614	700	1.0540629490327
25	161953	720	0.63511884323593
25	167199	740	0.95598500887569
25	172515	760	1.1083466499788
25	177792	780	0.69225900481088
25	183129	800	0.91046033152554
25	188415	820	0.90716410985048
25	193774	840	0.87515118729907
25	199144	860	0.71360382858217
25	204340	880	0.96967257575579
25	209643	900	0.90073514082859
25	214920	920	1.049505209884
25	220129	940	0.82893006816356
25	225477	960	1.0513268877578
25	230784	980	0.7268873808705
25	236110	1000	0.90191453933216
25	241295	1020	0.76469056004931
25	246602	1040	0.91728221606846
25	251797	1060	0.59091894798705
25	257022	1080	0.64892744423408
25	262422	1100	0.64208757982842
25	267731	1120	0.60453784017688
25	273010	1140	0.85251112095772
25	278305	1160	0.82695276514154
25	283616	1180	0.85640845749836
25	288786	1200	0.90866805983788
25	294173	1220	1.0245563440244
25	299532	1240	0.87426720907918
25	304916	1260	0.91789570931565
25	310202	1280	0.6150880527724
25	315517	1300	0.78505676930009
25	320738	1320	0.6591995285277
25	325984	1340	0.85219688014088
25	331298	1360	1.1158694976173
25	336593	1380	0.77343091491468
25	341867	1400	0.92462537495099
25	347270	1420	0.97900469972514
25	352495	1440	0.86313220056735
25	357807	1460	0.71095221564512
25	363035	1480	0.78652299169038
25	368340	1500	0.66180298164882
25	373660	1520	0.57559415901891
25	379064	1540	0.73895250198793
25	384452	1560	0.70353099926221
25	389836	1580	0.67202511498957
25	395104	1600	0.88045204532611
25	400359	1620	0.63461941058087
25	405674	1640	0.79245647618011
25	411021	1660	0.87806590499445
25	416334	1680	0.62881200364805
25	421564	1700	0.9861926976828
25	426881	1720	1.4758217046345
25	432243	1740	1.0701006620929
25	437602	1760	1.0020798075142
25	442865	1780	0.84920962663203
25	448248	1800	1.2523500911589
25	453080	1820	1.1455329643179
25	457301	1840	0.7548968827478
25	461070	1860	0.83309949036587
25	464422	1880	0.97294673651027
25	467344	1900	0.96079913657496
25	469835	1920	0.70006605748544
25	471866	1940	1.1026136243288
25	473471	1960	1.4510780134522
25	474473	1980	0.82458943169731
25	475084	2000	1.5585323523606
26	34299	240	1.3163485045645
26	39642	260	0.5747699956235
26	45011	280	0.86064193706681
26	50346	300	0.70230568779892
26	55660	320	0.73802605175354
26	61058	340	0.64471957251343
26	66256	360	0.48934076818356
26	71615	380	0.4257008197798
26	76931	400	0.5507800313762
26	82277	420	1.050012369583
26	87506	440	0.45464325162965
26	92819	460	0.7892543435412
26	98121	480	0.64567587653811
26	103479	500	0.81141855945421
26	108767	520	0.43849185249699
26	114130	540	0.2703168086675
26	119461	560	0.59728344560607
26	124807	580	1.0292086253144
26	130080	600	0.57958300264808
26	135324	620	0.39024924830331
26	140597	640	0.98394515263062
26	145830	660	0.80061545899271
26	151261	680	0.78257814051811
26	156614	700	1.1110487005234
26	161953	720	0.40337594503335
26	167199	740	0.91390733719506
26	172515	760	1.2284322965193
26	177792	780	0.47922252974174
26	183129	800	0.82893801528159
26	188415	820	0.82294672220081
26	193774	840	0.76588960063097
26	199144	860	0.50923042416713
26	204340	880	0.94026490417287
26	209643	900	0.8113237939235
26	214920	920	1.1014611855736
26	220129	940	0.68712505790564
26	225477	960	1.1052882249225
26	230784	980	0.52836526446877
26	236110	1000	0.81344983625874
26	241295	1020	0.58475165262853
26	246602	1040	0.84140666391546
26	251797	1060	0.34918520309012
26	257022	1080	0.42110682788018
26	262422	1100	0.41227646016992
26	267731	1120	0.36546600020572
26	273010	1140	0.72677521135658
26	278305	1160	0.68385087577523
26	283616	1180	0.73343544607473
26	288786	1200	0.82567764296954
26	294173	1220	1.0497157020807
26	299532	1240	0.7643431528711
26	304916	1260	0.84253253318007
26	310202	1280	0.37833331266334
26	315517	1300	0.6163141310239
26	320738	1320	0.43454401841115
26	325984	1340	0.72623952252185
26	331298	1360	1.2451647357127
26	336593	1380	0.59819538014576
26	341867	1400	0.85493208400326
26	347270	1420	0.95845020208391
26	352495	1440	0.74499719565624
26	357807	1460	0.5054530529307
26	363035	1480	0.61861841645758
26	368340	1500	0.43798318651927
26	373660	1520	0.33130863589669
26	379064	1540	0.54605080019422
26	384452	1560	0.49495586692288
26	389836	1580	0.45161775517674
26	395104	1600	0.77519580411892
26	400359	1620	0.40274179628602
26	405674	1640	0.6279872666398
26	411021	1660	0.77099973351372
26	416334	1680	0.39540453593187
26	421564	1700	0.97257603696289
26	426881	1720	2.1780497038704
26	432243	1740	1.1451154270116
26	437602	1760	1.0041639406276
26	442865	1780	0.72115698996452
26	448248	1800	1.5683807508258
26	453080	1820	1.3122457723389
26	457301	1840	0.56986930358234
26	461070	1860	0.69405476084788
26	464422	1880	0.94662535208598
26	467344	1900	0.92313498084318
26	469835	1920	0.49009248484321
26	471866	1940	1.2157568045556
26	473471	1960	2.1056274011243
26	474473	1980	0.6799477308669
26	475084	2000	2.4290230933547
