version 2
run statisticRVV-5-20150324-23:35:27-3328
attr c 14
attr configname statisticRVV
attr datetime 20150324-23:35:27
attr experiment statisticRVV
attr inifile omnetpp.ini
attr iterationvars "$sc=\"erlangen-low.launchd.xml\", $p=1/15, $c=14"
attr iterationvars2 "$sc=\"erlangen-low.launchd.xml\", $p=1/15, $c=14, $repetition=5"
attr measurement "$sc=\"erlangen-low.launchd.xml\", $p=1/15, $c=14"
attr network RSUExampleScenario
attr p 1/15
attr processid 3328
attr repetition 5
attr replication #5
attr resultdir results
attr runnumber 5
attr sc "\"erlangen-low.launchd.xml\""
attr seedset 5

vector 0  RSUExampleScenario.rsu[0].appl  Number_CH  ETV
vector 1  RSUExampleScenario.rsu[0].appl  Number_ON  ETV
vector 2  RSUExampleScenario.rsu[0].appl  Number_FN  ETV
vector 3  RSUExampleScenario.rsu[0].appl  Number_CH_Losts  ETV
vector 4  RSUExampleScenario.rsu[0].appl  Mean_Cluster_Size  ETV
vector 5  RSUExampleScenario.rsu[0].appl  StdDev_Cluster_Size  ETV
vector 6  RSUExampleScenario.rsu[0].appl  Variance_Cluster_Size  ETV
vector 7  RSUExampleScenario.rsu[0].appl  Mean_Neighbors  ETV
vector 8  RSUExampleScenario.rsu[0].appl  StdDev_Neighbors  ETV
vector 9  RSUExampleScenario.rsu[0].appl  Variance_Neighbors  ETV
vector 10  RSUExampleScenario.rsu[0].appl  Total_CH_Utility  ETV
vector 11  RSUExampleScenario.rsu[0].appl  Mean_CH_Utility  ETV
vector 12  RSUExampleScenario.rsu[0].appl  StdDev_CH_Utility  ETV
vector 13  RSUExampleScenario.rsu[0].appl  Variance_CH_Utility  ETV
vector 14  RSUExampleScenario.rsu[0].appl  Total_exp_CH_Utility  ETV
vector 15  RSUExampleScenario.rsu[0].appl  Mean_exp_CH_Utility  ETV
vector 16  RSUExampleScenario.rsu[0].appl  StdDev_exp_CH_Utility  ETV
vector 17  RSUExampleScenario.rsu[0].appl  Variance_exp_CH_Utility  ETV
vector 18  RSUExampleScenario.rsu[0].appl  Total_ON_Utility  ETV
vector 19  RSUExampleScenario.rsu[0].appl  Mean_ON_Utility  ETV
vector 20  RSUExampleScenario.rsu[0].appl  StdDev_ON_Utility  ETV
vector 21  RSUExampleScenario.rsu[0].appl  Variance_ON_Utility  ETV
vector 22  RSUExampleScenario.rsu[0].appl  Total_exp_ON_Utility  ETV
vector 23  RSUExampleScenario.rsu[0].appl  Mean_exp_ON_Utility  ETV
vector 24  RSUExampleScenario.rsu[0].appl  StdDev_exp_ON_Utility  ETV
vector 25  RSUExampleScenario.rsu[0].appl  Variance_exp_ON_Utility  ETV
0	34621	240	0
0	39868	260	2
0	45203	280	1
0	50505	300	2
0	55861	320	2
0	61151	340	4
0	66372	360	4
0	71611	380	4
0	76983	400	2
0	82284	420	4
0	87631	440	4
0	92907	460	1
0	98142	480	1
0	103463	500	3
0	108776	520	1
0	114117	540	2
0	119379	560	3
0	124688	580	1
0	130036	600	1
0	135322	620	4
0	140642	640	0
0	145979	660	2
0	151365	680	1
0	156783	700	1
0	162151	720	3
0	167519	740	1
0	172874	760	2
0	178244	780	2
0	183612	800	3
0	188884	820	5
0	194237	840	0
0	199637	860	5
0	204984	880	3
0	210225	900	1
0	215544	920	3
0	220785	940	2
0	226128	960	6
0	231463	980	3
0	236725	1000	0
0	242003	1020	4
0	247358	1040	1
0	252618	1060	3
0	257860	1080	1
0	263156	1100	3
0	268408	1120	1
0	273669	1140	2
0	279023	1160	2
0	284346	1180	0
0	289701	1200	1
0	295054	1220	0
0	300379	1240	1
0	305700	1260	3
0	311037	1280	1
0	316354	1300	2
0	321708	1320	1
0	327015	1340	2
0	332320	1360	2
0	337615	1380	2
0	343031	1400	1
0	348371	1420	3
0	353793	1440	1
0	359089	1460	3
0	364331	1480	1
0	369522	1500	0
0	374899	1520	3
0	380272	1540	2
0	385649	1560	4
0	391020	1580	1
0	396369	1600	1
0	401619	1620	2
0	406857	1640	3
0	412267	1660	0
0	417486	1680	1
0	422918	1700	3
0	428387	1720	1
0	433735	1740	2
0	439098	1760	0
0	444484	1780	1
0	449681	1800	3
0	454567	1820	1
0	458798	1840	3
0	462660	1860	3
0	465959	1880	2
0	468888	1900	2
0	471342	1920	1
0	473314	1940	1
0	474811	1960	0
0	475840	1980	0
0	476440	2000	1
1	34621	240	0
1	39868	260	3
1	45203	280	1
1	50505	300	3
1	55861	320	2
1	61151	340	4
1	66372	360	4
1	71611	380	5
1	76983	400	4
1	82284	420	5
1	87631	440	6
1	92907	460	2
1	98142	480	1
1	103463	500	4
1	108776	520	1
1	114117	540	3
1	119379	560	5
1	124688	580	1
1	130036	600	1
1	135322	620	6
1	140642	640	0
1	145979	660	3
1	151365	680	1
1	156783	700	1
1	162151	720	3
1	167519	740	1
1	172874	760	2
1	178244	780	2
1	183612	800	5
1	188884	820	7
1	194237	840	0
1	199637	860	6
1	204984	880	4
1	210225	900	2
1	215544	920	5
1	220785	940	2
1	226128	960	8
1	231463	980	4
1	236725	1000	0
1	242003	1020	5
1	247358	1040	1
1	252618	1060	5
1	257860	1080	1
1	263156	1100	6
1	268408	1120	1
1	273669	1140	3
1	279023	1160	2
1	284346	1180	0
1	289701	1200	1
1	295054	1220	0
1	300379	1240	1
1	305700	1260	6
1	311037	1280	1
1	316354	1300	3
1	321708	1320	1
1	327015	1340	3
1	332320	1360	3
1	337615	1380	3
1	343031	1400	1
1	348371	1420	3
1	353793	1440	2
1	359089	1460	6
1	364331	1480	2
1	369522	1500	0
1	374899	1520	3
1	380272	1540	2
1	385649	1560	4
1	391020	1580	1
1	396369	1600	1
1	401619	1620	2
1	406857	1640	4
1	412267	1660	0
1	417486	1680	1
1	422918	1700	5
1	428387	1720	1
1	433735	1740	3
1	439098	1760	0
1	444484	1780	2
1	449681	1800	4
1	454567	1820	1
1	458798	1840	3
1	462660	1860	3
1	465959	1880	3
1	468888	1900	2
1	471342	1920	2
1	473314	1940	1
1	474811	1960	0
1	475840	1980	0
1	476440	2000	2
2	34621	240	40
2	39868	260	34
2	45203	280	38
2	50505	300	36
2	55861	320	37
2	61151	340	32
2	66372	360	31
2	71611	380	32
2	76983	400	35
2	82284	420	31
2	87631	440	30
2	92907	460	37
2	98142	480	38
2	103463	500	33
2	108776	520	39
2	114117	540	35
2	119379	560	32
2	124688	580	38
2	130036	600	38
2	135322	620	31
2	140642	640	41
2	145979	660	35
2	151365	680	38
2	156783	700	38
2	162151	720	35
2	167519	740	39
2	172874	760	36
2	178244	780	36
2	183612	800	32
2	188884	820	29
2	194237	840	41
2	199637	860	30
2	204984	880	34
2	210225	900	37
2	215544	920	33
2	220785	940	36
2	226128	960	27
2	231463	980	32
2	236725	1000	41
2	242003	1020	31
2	247358	1040	38
2	252618	1060	34
2	257860	1080	38
2	263156	1100	32
2	268408	1120	38
2	273669	1140	36
2	279023	1160	37
2	284346	1180	41
2	289701	1200	39
2	295054	1220	40
2	300379	1240	38
2	305700	1260	32
2	311037	1280	38
2	316354	1300	35
2	321708	1320	37
2	327015	1340	34
2	332320	1360	35
2	337615	1380	36
2	343031	1400	38
2	348371	1420	35
2	353793	1440	38
2	359089	1460	31
2	364331	1480	36
2	369522	1500	40
2	374899	1520	36
2	380272	1540	37
2	385649	1560	32
2	391020	1580	38
2	396369	1600	38
2	401619	1620	37
2	406857	1640	33
2	412267	1660	41
2	417486	1680	38
2	422918	1700	32
2	428387	1720	39
2	433735	1740	35
2	439098	1760	41
2	444484	1780	38
2	449681	1800	32
2	454567	1820	35
2	458798	1840	27
2	462660	1860	25
2	465959	1880	22
2	468888	1900	20
2	471342	1920	17
2	473314	1940	15
2	474811	1960	14
2	475840	1980	11
2	476440	2000	5
3	34621	240	0
3	39868	260	0
3	45203	280	1
3	50505	300	1
3	55861	320	1
3	61151	340	1
3	66372	360	1
3	71611	380	2
3	76983	400	0
3	82284	420	0
3	87631	440	2
3	92907	460	0
3	98142	480	0
3	103463	500	2
3	108776	520	1
3	114117	540	0
3	119379	560	2
3	124688	580	1
3	130036	600	0
3	135322	620	2
3	140642	640	0
3	145979	660	2
3	151365	680	0
3	156783	700	0
3	162151	720	0
3	167519	740	0
3	172874	760	0
3	178244	780	0
3	183612	800	2
3	188884	820	0
3	194237	840	1
3	199637	860	0
3	204984	880	3
3	210225	900	0
3	215544	920	0
3	220785	940	3
3	226128	960	2
3	231463	980	0
3	236725	1000	2
3	242003	1020	1
3	247358	1040	0
3	252618	1060	2
3	257860	1080	0
3	263156	1100	1
3	268408	1120	2
3	273669	1140	1
3	279023	1160	0
3	284346	1180	1
3	289701	1200	2
3	295054	1220	0
3	300379	1240	0
3	305700	1260	0
3	311037	1280	1
3	316354	1300	0
3	321708	1320	1
3	327015	1340	0
3	332320	1360	0
3	337615	1380	4
3	343031	1400	1
3	348371	1420	1
3	353793	1440	0
3	359089	1460	0
3	364331	1480	2
3	369522	1500	1
3	374899	1520	0
3	380272	1540	1
3	385649	1560	1
3	391020	1580	1
3	396369	1600	1
3	401619	1620	0
3	406857	1640	0
3	412267	1660	0
3	417486	1680	1
3	422918	1700	1
3	428387	1720	0
3	433735	1740	0
3	439098	1760	0
3	444484	1780	0
3	449681	1800	2
3	454567	1820	1
3	458798	1840	0
3	462660	1860	0
3	465959	1880	0
3	468888	1900	0
3	471342	1920	0
3	473314	1940	0
3	474811	1960	0
3	475840	1980	0
3	476440	2000	0
4	34621	240	nan
4	39868	260	1.5
4	45203	280	1
4	50505	300	1.5
4	55861	320	1
4	61151	340	1
4	66372	360	1
4	71611	380	1.25
4	76983	400	2
4	82284	420	1.25
4	87631	440	1.5
4	92907	460	2
4	98142	480	1
4	103463	500	1.3333333333333
4	108776	520	1
4	114117	540	1.5
4	119379	560	1.6666666666667
4	124688	580	1
4	130036	600	1
4	135322	620	1.5
4	140642	640	nan
4	145979	660	1.5
4	151365	680	1
4	156783	700	1
4	162151	720	1
4	167519	740	1
4	172874	760	1
4	178244	780	1
4	183612	800	1.6666666666667
4	188884	820	1.4
4	194237	840	nan
4	199637	860	1.2
4	204984	880	1.3333333333333
4	210225	900	2
4	215544	920	1.6666666666667
4	220785	940	1
4	226128	960	1.3333333333333
4	231463	980	1.3333333333333
4	236725	1000	nan
4	242003	1020	1.25
4	247358	1040	1
4	252618	1060	1.6666666666667
4	257860	1080	1
4	263156	1100	2
4	268408	1120	1
4	273669	1140	1.5
4	279023	1160	1
4	284346	1180	nan
4	289701	1200	1
4	295054	1220	nan
4	300379	1240	1
4	305700	1260	2
4	311037	1280	1
4	316354	1300	1.5
4	321708	1320	1
4	327015	1340	1.5
4	332320	1360	1.5
4	337615	1380	1.5
4	343031	1400	1
4	348371	1420	1
4	353793	1440	2
4	359089	1460	2
4	364331	1480	2
4	369522	1500	nan
4	374899	1520	1
4	380272	1540	1
4	385649	1560	1
4	391020	1580	1
4	396369	1600	1
4	401619	1620	1
4	406857	1640	1.3333333333333
4	412267	1660	nan
4	417486	1680	1
4	422918	1700	1.6666666666667
4	428387	1720	1
4	433735	1740	1.5
4	439098	1760	nan
4	444484	1780	2
4	449681	1800	1.3333333333333
4	454567	1820	1
4	458798	1840	1
4	462660	1860	1
4	465959	1880	1.5
4	468888	1900	1
4	471342	1920	2
4	473314	1940	1
4	474811	1960	nan
4	475840	1980	nan
4	476440	2000	2
5	34621	240	nan
5	39868	260	0.70710678118655
5	45203	280	nan
5	50505	300	0.70710678118655
5	55861	320	0
5	61151	340	0
5	66372	360	0
5	71611	380	0.5
5	76983	400	0
5	82284	420	0.5
5	87631	440	0.57735026918963
5	92907	460	nan
5	98142	480	nan
5	103463	500	0.57735026918963
5	108776	520	nan
5	114117	540	0.70710678118655
5	119379	560	0.57735026918963
5	124688	580	nan
5	130036	600	nan
5	135322	620	0.57735026918963
5	140642	640	nan
5	145979	660	0.70710678118655
5	151365	680	nan
5	156783	700	nan
5	162151	720	0
5	167519	740	nan
5	172874	760	0
5	178244	780	0
5	183612	800	0.57735026918963
5	188884	820	0.54772255750517
5	194237	840	nan
5	199637	860	0.44721359549996
5	204984	880	0.57735026918963
5	210225	900	nan
5	215544	920	0.57735026918963
5	220785	940	0
5	226128	960	0.51639777949432
5	231463	980	0.57735026918963
5	236725	1000	nan
5	242003	1020	0.5
5	247358	1040	nan
5	252618	1060	0.57735026918963
5	257860	1080	nan
5	263156	1100	0
5	268408	1120	nan
5	273669	1140	0.70710678118655
5	279023	1160	0
5	284346	1180	nan
5	289701	1200	nan
5	295054	1220	nan
5	300379	1240	nan
5	305700	1260	0
5	311037	1280	nan
5	316354	1300	0.70710678118655
5	321708	1320	nan
5	327015	1340	0.70710678118655
5	332320	1360	0.70710678118655
5	337615	1380	0.70710678118655
5	343031	1400	nan
5	348371	1420	0
5	353793	1440	nan
5	359089	1460	1
5	364331	1480	nan
5	369522	1500	nan
5	374899	1520	0
5	380272	1540	0
5	385649	1560	0
5	391020	1580	nan
5	396369	1600	nan
5	401619	1620	0
5	406857	1640	0.57735026918963
5	412267	1660	nan
5	417486	1680	nan
5	422918	1700	0.57735026918963
5	428387	1720	nan
5	433735	1740	0.70710678118655
5	439098	1760	nan
5	444484	1780	nan
5	449681	1800	0.57735026918963
5	454567	1820	nan
5	458798	1840	0
5	462660	1860	0
5	465959	1880	0.70710678118655
5	468888	1900	0
5	471342	1920	nan
5	473314	1940	nan
5	474811	1960	nan
5	475840	1980	nan
5	476440	2000	nan
6	34621	240	nan
6	39868	260	0.5
6	45203	280	nan
6	50505	300	0.5
6	55861	320	0
6	61151	340	0
6	66372	360	0
6	71611	380	0.25
6	76983	400	0
6	82284	420	0.25
6	87631	440	0.33333333333333
6	92907	460	nan
6	98142	480	nan
6	103463	500	0.33333333333333
6	108776	520	nan
6	114117	540	0.5
6	119379	560	0.33333333333333
6	124688	580	nan
6	130036	600	nan
6	135322	620	0.33333333333333
6	140642	640	nan
6	145979	660	0.5
6	151365	680	nan
6	156783	700	nan
6	162151	720	0
6	167519	740	nan
6	172874	760	0
6	178244	780	0
6	183612	800	0.33333333333333
6	188884	820	0.3
6	194237	840	nan
6	199637	860	0.2
6	204984	880	0.33333333333333
6	210225	900	nan
6	215544	920	0.33333333333333
6	220785	940	0
6	226128	960	0.26666666666667
6	231463	980	0.33333333333333
6	236725	1000	nan
6	242003	1020	0.25
6	247358	1040	nan
6	252618	1060	0.33333333333333
6	257860	1080	nan
6	263156	1100	0
6	268408	1120	nan
6	273669	1140	0.5
6	279023	1160	0
6	284346	1180	nan
6	289701	1200	nan
6	295054	1220	nan
6	300379	1240	nan
6	305700	1260	0
6	311037	1280	nan
6	316354	1300	0.5
6	321708	1320	nan
6	327015	1340	0.5
6	332320	1360	0.5
6	337615	1380	0.5
6	343031	1400	nan
6	348371	1420	0
6	353793	1440	nan
6	359089	1460	1
6	364331	1480	nan
6	369522	1500	nan
6	374899	1520	0
6	380272	1540	0
6	385649	1560	0
6	391020	1580	nan
6	396369	1600	nan
6	401619	1620	0
6	406857	1640	0.33333333333333
6	412267	1660	nan
6	417486	1680	nan
6	422918	1700	0.33333333333333
6	428387	1720	nan
6	433735	1740	0.5
6	439098	1760	nan
6	444484	1780	nan
6	449681	1800	0.33333333333333
6	454567	1820	nan
6	458798	1840	0
6	462660	1860	0
6	465959	1880	0.5
6	468888	1900	0
6	471342	1920	nan
6	473314	1940	nan
6	474811	1960	nan
6	475840	1980	nan
6	476440	2000	nan
7	34621	240	8.9
7	39868	260	8.9230769230769
7	45203	280	8.925
7	50505	300	8.8292682926829
7	55861	320	8.925
7	61151	340	9.2
7	66372	360	9.025641025641
7	71611	380	8.7560975609756
7	76983	400	8.7073170731707
7	82284	420	9
7	87631	440	9.05
7	92907	460	9.2820512820513
7	98142	480	8.9
7	103463	500	8.95
7	108776	520	9
7	114117	540	9.05
7	119379	560	8.9
7	124688	580	8.9
7	130036	600	9.025
7	135322	620	8.8292682926829
7	140642	640	9.05
7	145979	660	8.95
7	151365	680	9.125
7	156783	700	9.1
7	162151	720	8.8780487804878
7	167519	740	9.125
7	172874	760	9.05
7	178244	780	9.125
7	183612	800	8.95
7	188884	820	8.9512195121951
7	194237	840	9.3
7	199637	860	9.0975609756098
7	204984	880	9.1
7	210225	900	8.974358974359
7	215544	920	8.9024390243902
7	220785	940	9
7	226128	960	8.9756097560976
7	231463	980	9.2820512820513
7	236725	1000	8.8536585365854
7	242003	1020	8.975
7	247358	1040	9.0769230769231
7	252618	1060	8.8333333333333
7	257860	1080	9.025
7	263156	1100	8.8536585365854
7	268408	1120	8.85
7	273669	1140	8.5609756097561
7	279023	1160	9.2
7	284346	1180	9
7	289701	1200	8.9512195121951
7	295054	1220	9.4615384615385
7	300379	1240	8.9
7	305700	1260	8.8536585365854
7	311037	1280	8.875
7	316354	1300	9.1282051282051
7	321708	1320	9
7	327015	1340	9.0263157894737
7	332320	1360	8.575
7	337615	1380	9.125
7	343031	1400	9.075
7	348371	1420	8.8536585365854
7	353793	1440	9.0487804878049
7	359089	1460	8.975
7	364331	1480	9
7	369522	1500	8.875
7	374899	1520	8.9024390243902
7	380272	1540	9.3
7	385649	1560	9.4615384615385
7	391020	1580	9.2820512820513
7	396369	1600	8.85
7	401619	1620	9.0975609756098
7	406857	1640	8.85
7	412267	1660	9.05
7	417486	1680	8.975
7	422918	1700	9.175
7	428387	1720	8.9024390243902
7	433735	1740	9.15
7	439098	1760	9
7	444484	1780	9.2
7	449681	1800	9.0512820512821
7	454567	1820	8.8918918918919
7	458798	1840	8.4848484848485
7	462660	1860	8.4193548387097
7	465959	1880	8.3333333333333
7	468888	1900	8.125
7	471342	1920	8.35
7	473314	1940	7.6470588235294
7	474811	1960	7.2142857142857
7	475840	1980	6.3636363636364
7	476440	2000	5.25
8	34621	240	1.9054577483558
8	39868	260	1.3255508365366
8	45203	280	1.8863545089228
8	50505	300	1.8960806816218
8	55861	320	1.8998987827291
8	61151	340	1.6044809049531
8	66372	360	1.6934421421469
8	71611	380	1.6245074300365
8	76983	400	1.9005775758835
8	82284	420	1.7541160386141
8	87631	440	2.0872015370851
8	92907	460	1.6535244328199
8	98142	480	1.7066987176478
8	103463	500	2.062485431184
8	108776	520	2.0254787341673
8	114117	540	1.7679482531005
8	119379	560	1.7657714229052
8	124688	580	1.3165611772088
8	130036	600	1.7019973183865
8	135322	620	1.6718618218081
8	140642	640	1.6004806970215
8	145979	660	1.9993588715976
8	151365	680	1.620185174602
8	156783	700	1.3737465148926
8	162151	720	1.503248514904
8	167519	740	1.4355826120072
8	172874	760	1.6322078801741
8	178244	780	1.2442173938171
8	183612	800	1.6164221332376
8	188884	820	1.6874717703149
8	194237	840	1.6361305195256
8	199637	860	1.7436295198347
8	204984	880	1.8508487311612
8	210225	900	2.0836099681383
8	215544	920	1.7436295198347
8	220785	940	1.7246329970052
8	226128	960	2.0431324587267
8	231463	980	1.3755136447068
8	236725	1000	1.5582197471755
8	242003	1020	1.6090688500193
8	247358	1040	1.8120156759026
8	252618	1060	2.1174843180998
8	257860	1080	1.3679012559954
8	263156	1100	2.1972821349312
8	268408	1120	1.6259119728908
8	273669	1140	2.0621442782672
8	279023	1160	1.7859853274155
8	284346	1180	1.6881943016134
8	289701	1200	2.1441923830687
8	295054	1220	1.6834512458536
8	300379	1240	1.8783517051407
8	305700	1260	1.7686290680886
8	311037	1280	1.6359346109433
8	316354	1300	1.2392588442819
8	321708	1320	1.45095250022
8	327015	1340	1.6682543409895
8	332320	1360	1.8931387585104
8	337615	1380	1.9106650741669
8	343031	1400	1.4212219372328
8	348371	1420	1.7257024020635
8	353793	1440	1.8567608827229
8	359089	1460	1.5768761719103
8	364331	1480	1.8778487131486
8	369522	1500	1.7274184087749
8	374899	1520	1.6248827349809
8	380272	1540	1.8144717391868
8	385649	1560	1.5868896065832
8	391020	1580	1.7762870493002
8	396369	1600	1.5114944209673
8	401619	1620	1.6704023175388
8	406857	1640	2.3593784492249
8	412267	1660	1.3765434228065
8	417486	1680	1.6868647902286
8	422918	1700	1.3938969538487
8	428387	1720	2.0100357963079
8	433735	1740	1.9020906177017
8	439098	1760	1.7097008285302
8	444484	1780	1.924204797459
8	449681	1800	1.5380903735805
8	454567	1820	1.3901195748684
8	458798	1840	1.7161223026276
8	462660	1860	1.4781563640424
8	465959	1880	1.8605210188381
8	468888	1900	2.0067819794496
8	471342	1920	2.0332758116684
8	473314	1940	1.6560939160638
8	474811	1960	1.423893439648
8	475840	1980	1.0269106361049
8	476440	2000	1.1649647450214
9	34621	240	3.6307692307692
9	39868	260	1.7570850202429
9	45203	280	3.5583333333333
9	50505	300	3.5951219512195
9	55861	320	3.6096153846154
9	61151	340	2.574358974359
9	66372	360	2.8677462887989
9	71611	380	2.6390243902439
9	76983	400	3.6121951219512
9	82284	420	3.0769230769231
9	87631	440	4.3564102564103
9	92907	460	2.7341430499325
9	98142	480	2.9128205128205
9	103463	500	4.2538461538462
9	108776	520	4.1025641025641
9	114117	540	3.125641025641
9	119379	560	3.1179487179487
9	124688	580	1.7333333333333
9	130036	600	2.8967948717949
9	135322	620	2.7951219512195
9	140642	640	2.5615384615385
9	145979	660	3.9974358974359
9	151365	680	2.625
9	156783	700	1.8871794871795
9	162151	720	2.259756097561
9	167519	740	2.0608974358974
9	172874	760	2.6641025641026
9	178244	780	1.5480769230769
9	183612	800	2.6128205128205
9	188884	820	2.8475609756098
9	194237	840	2.6769230769231
9	199637	860	3.040243902439
9	204984	880	3.425641025641
9	210225	900	4.3414304993252
9	215544	920	3.040243902439
9	220785	940	2.974358974359
9	226128	960	4.1743902439024
9	231463	980	1.8920377867746
9	236725	1000	2.4280487804878
9	242003	1020	2.5891025641026
9	247358	1040	3.2834008097166
9	252618	1060	4.4837398373984
9	257860	1080	1.8711538461538
9	263156	1100	4.8280487804878
9	268408	1120	2.6435897435897
9	273669	1140	4.2524390243902
9	279023	1160	3.1897435897436
9	284346	1180	2.85
9	289701	1200	4.5975609756098
9	295054	1220	2.834008097166
9	300379	1240	3.5282051282051
9	305700	1260	3.1280487804878
9	311037	1280	2.6762820512821
9	316354	1300	1.5357624831309
9	321708	1320	2.1052631578947
9	327015	1340	2.7830725462304
9	332320	1360	3.5839743589744
9	337615	1380	3.650641025641
9	343031	1400	2.0198717948718
9	348371	1420	2.9780487804878
9	353793	1440	3.4475609756098
9	359089	1460	2.4865384615385
9	364331	1480	3.5263157894737
9	369522	1500	2.9839743589744
9	374899	1520	2.640243902439
9	380272	1540	3.2923076923077
9	385649	1560	2.5182186234818
9	391020	1580	3.1551956815115
9	396369	1600	2.2846153846154
9	401619	1620	2.790243902439
9	406857	1640	5.5666666666667
9	412267	1660	1.8948717948718
9	417486	1680	2.8455128205128
9	422918	1700	1.9429487179487
9	428387	1720	4.040243902439
9	433735	1740	3.6179487179487
9	439098	1760	2.9230769230769
9	444484	1780	3.7025641025641
9	449681	1800	2.3657219973009
9	454567	1820	1.9324324324324
9	458798	1840	2.9450757575758
9	462660	1860	2.1849462365591
9	465959	1880	3.4615384615385
9	468888	1900	4.0271739130435
9	471342	1920	4.1342105263158
9	473314	1940	2.7426470588235
9	474811	1960	2.0274725274725
9	475840	1980	1.0545454545455
9	476440	2000	1.3571428571429
10	34621	240	0
10	39868	260	91.056383659719
10	45203	280	50.223796857336
10	50505	300	99.788028115683
10	55861	320	104.68509020148
10	61151	340	189.89746491758
10	66372	360	183.21688060119
10	71611	380	188.78416736635
10	76983	400	97.58705952195
10	82284	420	188.16479267762
10	87631	440	186.1708682783
10	92907	460	48.204737767724
10	98142	480	46.409428477926
10	103463	500	139.59838051037
10	108776	520	45.575097698558
10	114117	540	97.78136288789
10	119379	560	137.37085163519
10	124688	580	47.502559629521
10	130036	600	46.493686214021
10	135322	620	183.605793298
10	140642	640	0
10	145979	660	92.271623619303
10	151365	680	48.176164365282
10	156783	700	46.085852189199
10	162151	720	138.96754096651
10	167519	740	49.773865069819
10	172874	760	90.637943259979
10	178244	780	90.333325422901
10	183612	800	143.1138505259
10	188884	820	236.73023888408
10	194237	840	0
10	199637	860	246.39857554274
10	204984	880	140.01328233634
10	210225	900	47.813957545538
10	215544	920	141.84608818617
10	220785	940	95.386732230879
10	226128	960	284.62569902438
10	231463	980	142.37828378924
10	236725	1000	0
10	242003	1020	186.38900480209
10	247358	1040	45.98608906743
10	252618	1060	140.19647698921
10	257860	1080	47.491745127115
10	263156	1100	140.42572402774
10	268408	1120	46.399175004954
10	273669	1140	92.494371072838
10	279023	1160	97.135339405971
10	284346	1180	0
10	289701	1200	44.719789821542
10	295054	1220	0
10	300379	1240	46.792468860682
10	305700	1260	142.2815800053
10	311037	1280	46.822686568863
10	316354	1300	93.495694920375
10	321708	1320	44.882636153458
10	327015	1340	95.897339972915
10	332320	1360	97.210499030375
10	337615	1380	97.159208613104
10	343031	1400	45.525591921063
10	348371	1420	141.99223771175
10	353793	1440	46.921911879251
10	359089	1460	144.82653786667
10	364331	1480	45.561668549065
10	369522	1500	0
10	374899	1520	146.24742363505
10	380272	1540	100.32551048856
10	385649	1560	196.6172955927
10	391020	1580	45.770765439526
10	396369	1600	48.576092482147
10	401619	1620	97.594576714901
10	406857	1640	140.55017093615
10	412267	1660	0
10	417486	1680	51.286205368277
10	422918	1700	141.98572715522
10	428387	1720	46.840234871735
10	433735	1740	92.897330104344
10	439098	1760	0
10	444484	1780	47.270495817334
10	449681	1800	142.73007994107
10	454567	1820	40.666922054744
10	458798	1840	138.46419735131
10	462660	1860	137.25555080233
10	465959	1880	90.164226489561
10	468888	1900	89.75483375638
10	471342	1920	46.134606628727
10	473314	1940	44.478041632523
10	474811	1960	0
10	475840	1980	0
10	476440	2000	48.930676750475
11	34621	240	nan
11	39868	260	45.52819182986
11	45203	280	50.223796857336
11	50505	300	49.894014057841
11	55861	320	52.342545100739
11	61151	340	47.474366229396
11	66372	360	45.804220150298
11	71611	380	47.196041841588
11	76983	400	48.793529760975
11	82284	420	47.041198169405
11	87631	440	46.542717069575
11	92907	460	48.204737767724
11	98142	480	46.409428477926
11	103463	500	46.532793503457
11	108776	520	45.575097698558
11	114117	540	48.890681443945
11	119379	560	45.790283878398
11	124688	580	47.502559629521
11	130036	600	46.493686214021
11	135322	620	45.901448324501
11	140642	640	nan
11	145979	660	46.135811809651
11	151365	680	48.176164365282
11	156783	700	46.085852189199
11	162151	720	46.322513655503
11	167519	740	49.773865069819
11	172874	760	45.318971629989
11	178244	780	45.16666271145
11	183612	800	47.704616841966
11	188884	820	47.346047776816
11	194237	840	nan
11	199637	860	49.279715108548
11	204984	880	46.671094112113
11	210225	900	47.813957545538
11	215544	920	47.282029395389
11	220785	940	47.69336611544
11	226128	960	47.437616504063
11	231463	980	47.459427929747
11	236725	1000	nan
11	242003	1020	46.597251200523
11	247358	1040	45.98608906743
11	252618	1060	46.732158996403
11	257860	1080	47.491745127115
11	263156	1100	46.808574675915
11	268408	1120	46.399175004954
11	273669	1140	46.247185536419
11	279023	1160	48.567669702985
11	284346	1180	nan
11	289701	1200	44.719789821542
11	295054	1220	nan
11	300379	1240	46.792468860682
11	305700	1260	47.4271933351
11	311037	1280	46.822686568863
11	316354	1300	46.747847460188
11	321708	1320	44.882636153458
11	327015	1340	47.948669986458
11	332320	1360	48.605249515187
11	337615	1380	48.579604306552
11	343031	1400	45.525591921063
11	348371	1420	47.330745903916
11	353793	1440	46.921911879251
11	359089	1460	48.275512622224
11	364331	1480	45.561668549065
11	369522	1500	nan
11	374899	1520	48.749141211682
11	380272	1540	50.162755244278
11	385649	1560	49.154323898176
11	391020	1580	45.770765439526
11	396369	1600	48.576092482147
11	401619	1620	48.79728835745
11	406857	1640	46.850056978716
11	412267	1660	nan
11	417486	1680	51.286205368277
11	422918	1700	47.328575718407
11	428387	1720	46.840234871735
11	433735	1740	46.448665052172
11	439098	1760	nan
11	444484	1780	47.270495817334
11	449681	1800	47.576693313692
11	454567	1820	40.666922054744
11	458798	1840	46.154732450435
11	462660	1860	45.751850267444
11	465959	1880	45.08211324478
11	468888	1900	44.87741687819
11	471342	1920	46.134606628727
11	473314	1940	44.478041632523
11	474811	1960	nan
11	475840	1980	nan
11	476440	2000	48.930676750475
12	34621	240	nan
12	39868	260	0.56836974743311
12	45203	280	nan
12	50505	300	5.8859765735792
12	55861	320	1.1918559137838
12	61151	340	2.4055264492043
12	66372	360	0.87206449900771
12	71611	380	1.2998883517815
12	76983	400	2.2375378651117
12	82284	420	0.83985106433665
12	87631	440	0.96479354361785
12	92907	460	nan
12	98142	480	nan
12	103463	500	1.8046628919073
12	108776	520	nan
12	114117	540	5.4418802127003
12	119379	560	0.71529324265866
12	124688	580	nan
12	130036	600	nan
12	135322	620	0.80221664382654
12	140642	640	nan
12	145979	660	0.71251069240608
12	151365	680	nan
12	156783	700	nan
12	162151	720	0.11722555024959
12	167519	740	nan
12	172874	760	0.36559705778423
12	178244	780	0.14739304834276
12	183612	800	1.8280819226541
12	188884	820	1.0600810576546
12	194237	840	nan
12	199637	860	0.77308730994175
12	204984	880	0.83849458159716
12	210225	900	nan
12	215544	920	1.7929123951207
12	220785	940	2.3353124017552
12	226128	960	1.5316921377754
12	231463	980	2.2167068738064
12	236725	1000	nan
12	242003	1020	1.5060010782101
12	247358	1040	nan
12	252618	1060	0.74573049108818
12	257860	1080	nan
12	263156	1100	2.840850252174
12	268408	1120	nan
12	273669	1140	0.17245405114618
12	279023	1160	4.0765072839395
12	284346	1180	nan
12	289701	1200	nan
12	295054	1220	nan
12	300379	1240	nan
12	305700	1260	1.8236018742449
12	311037	1280	nan
12	316354	1300	1.0876839826932
12	321708	1320	nan
12	327015	1340	0.75089880816992
12	332320	1360	0.66947717423732
12	337615	1380	0.63422895889469
12	343031	1400	nan
12	348371	1420	3.0423280509508
12	353793	1440	nan
12	359089	1460	0.91458587315087
12	364331	1480	nan
12	369522	1500	nan
12	374899	1520	1.0368864585947
12	380272	1540	8.5869093472011
12	385649	1560	4.4762284811305
12	391020	1580	nan
12	396369	1600	nan
12	401619	1620	2.9056496486628
12	406857	1640	0.44448087445682
12	412267	1660	nan
12	417486	1680	nan
12	422918	1700	0.90602198901017
12	428387	1720	nan
12	433735	1740	1.7581699343083
12	439098	1760	nan
12	444484	1780	nan
12	449681	1800	2.6021096361725
12	454567	1820	nan
12	458798	1840	0.9873026984478
12	462660	1860	1.2858509038166
12	465959	1880	0.046485035326592
12	468888	1900	0.92820776651272
12	471342	1920	nan
12	473314	1940	nan
12	474811	1960	nan
12	475840	1980	nan
12	476440	2000	nan
13	34621	240	nan
13	39868	260	0.32304416979718
13	45203	280	nan
13	50505	300	34.644720224723
13	55861	320	1.4205205192215
13	61151	340	5.7865574978217
13	66372	360	0.76049649042958
13	71611	380	1.6897097270973
13	76983	400	5.0065756978088
13	82284	420	0.7053498102674
13	87631	440	0.93082658180668
13	92907	460	nan
13	98142	480	nan
13	103463	500	3.2568081534274
13	108776	520	nan
13	114117	540	29.614060249379
13	119379	560	0.51164442299314
13	124688	580	nan
13	130036	600	nan
13	135322	620	0.64355154363232
13	140642	640	nan
13	145979	660	0.50767148679299
13	151365	680	nan
13	156783	700	nan
13	162151	720	0.01374182963132
13	167519	740	nan
13	172874	760	0.13366120866048
13	178244	780	0.02172471069977
13	183612	800	3.3418835159349
13	188884	820	1.1237718487981
13	194237	840	nan
13	199637	860	0.59766398879297
13	204984	880	0.70307316336779
13	210225	900	nan
13	215544	920	3.2145348565776
13	220785	940	5.4536840137916
13	226128	960	2.3460808049231
13	231463	980	4.9137893643806
13	236725	1000	nan
13	242003	1020	2.2680392475699
13	247358	1040	nan
13	252618	1060	0.55611396533862
13	257860	1080	nan
13	263156	1100	8.0704301552768
13	268408	1120	nan
13	273669	1140	0.029740399756729
13	279023	1160	16.617911636012
13	284346	1180	nan
13	289701	1200	nan
13	295054	1220	nan
13	300379	1240	nan
13	305700	1260	3.3255237957493
13	311037	1280	nan
13	316354	1300	1.1830564462073
13	321708	1320	nan
13	327015	1340	0.56384902011101
13	332320	1360	0.44819968682479
13	337615	1380	0.40224637230064
13	343031	1400	nan
13	348371	1420	9.2557599696022
13	353793	1440	nan
13	359089	1460	0.83646731936714
13	364331	1480	nan
13	369522	1500	nan
13	374899	1520	1.0751335280171
13	380272	1540	73.73501213705
13	385649	1560	20.036621415284
13	391020	1580	nan
13	396369	1600	nan
13	401619	1620	8.4427998807743
13	406857	1640	0.1975632477579
13	412267	1660	nan
13	417486	1680	nan
13	422918	1700	0.82087584456995
13	428387	1720	nan
13	433735	1740	3.0911615179055
13	439098	1760	nan
13	444484	1780	nan
13	449681	1800	6.7709745586616
13	454567	1820	nan
13	458798	1840	0.9747666183623
13	462660	1860	1.653412546846
13	465959	1880	0.0021608585093145
13	468888	1900	0.86156965781452
13	471342	1920	nan
13	473314	1940	nan
13	474811	1960	nan
13	475840	1980	nan
13	476440	2000	nan
14	34621	240	0
14	39868	260	89.373661640666
14	45203	280	91.432346704235
14	50505	300	135.23762940432
14	55861	320	141.40661526534
14	61151	340	223.81236193849
14	66372	360	224.44164692325
14	71611	380	268.52732178422
14	76983	400	91.682032702722
14	82284	420	179.82361641175
14	87631	440	267.25637691802
14	92907	460	45.450396835727
14	98142	480	44.368139786241
14	103463	500	222.06166376426
14	108776	520	46.229092598686
14	114117	540	92.611449947018
14	119379	560	223.1602444556
14	124688	580	90.845067448758
14	130036	600	46.936144808672
14	135322	620	266.87265422345
14	140642	640	0
14	145979	660	178.33882184269
14	151365	680	44.376027862098
14	156783	700	45.094715608417
14	162151	720	135.57539550607
14	167519	740	46.144219111732
14	172874	760	88.816811941855
14	178244	780	88.538425367657
14	183612	800	226.46419255566
14	188884	820	224.33805634109
14	194237	840	43.98081150801
14	199637	860	231.88218012943
14	204984	880	270.46183582632
14	210225	900	44.963455205448
14	215544	920	134.430245717
14	220785	940	227.29529842247
14	226128	960	355.85550732454
14	231463	980	133.41434703488
14	236725	1000	89.732114060391
14	242003	1020	222.12147185635
14	247358	1040	45.211945871218
14	252618	1060	224.49567498995
14	257860	1080	43.791279599872
14	263156	1100	178.89463442498
14	268408	1120	133.99750237583
14	273669	1140	133.9485408983
14	279023	1160	88.978622309305
14	284346	1180	44.393764892818
14	289701	1200	135.09565232954
14	295054	1220	0
14	300379	1240	46.479274078496
14	305700	1260	134.87141173349
14	311037	1280	89.989411615065
14	316354	1300	89.12655521632
14	321708	1320	90.248666724034
14	327015	1340	90.073412385342
14	332320	1360	89.693524921541
14	337615	1380	267.48973793589
14	343031	1400	88.73675809222
14	348371	1420	183.31829843708
14	353793	1440	44.540163340148
14	359089	1460	134.77555503183
14	364331	1480	132.9647030719
14	369522	1500	45.29327871881
14	374899	1520	137.54356427002
14	380272	1540	133.79362264312
14	385649	1560	226.09504500494
14	391020	1580	44.706920513513
14	396369	1600	89.272377312531
14	401619	1620	90.819825186458
14	406857	1640	134.19492355773
14	412267	1660	0
14	417486	1680	88.856532688716
14	422918	1700	179.85512014336
14	428387	1720	45.172271160714
14	433735	1740	88.830559666666
14	439098	1760	0
14	444484	1780	44.532084507302
14	449681	1800	224.39525723605
14	454567	1820	90.26311446113
14	458798	1840	133.49874599238
14	462660	1860	132.5820635198
14	465959	1880	88.267982405988
14	468888	1900	88.633552338717
14	471342	1920	45.289062858902
14	473314	1940	45.109762831636
14	474811	1960	0
14	475840	1980	0
14	476440	2000	47.453249015618
15	34621	240	nan
15	39868	260	44.686830820333
15	45203	280	45.716173352117
15	50505	300	45.079209801439
15	55861	320	47.135538421779
15	61151	340	44.762472387698
15	66372	360	44.88832938465
15	71611	380	44.754553630704
15	76983	400	45.841016351361
15	82284	420	44.955904102937
15	87631	440	44.542729486337
15	92907	460	45.450396835727
15	98142	480	44.368139786241
15	103463	500	44.412332752851
15	108776	520	46.229092598686
15	114117	540	46.305724973509
15	119379	560	44.632048891121
15	124688	580	45.422533724379
15	130036	600	46.936144808672
15	135322	620	44.478775703908
15	140642	640	nan
15	145979	660	44.584705460672
15	151365	680	44.376027862098
15	156783	700	45.094715608417
15	162151	720	45.191798502024
15	167519	740	46.144219111732
15	172874	760	44.408405970928
15	178244	780	44.269212683828
15	183612	800	45.292838511132
15	188884	820	44.867611268218
15	194237	840	43.98081150801
15	199637	860	46.376436025887
15	204984	880	45.07697263772
15	210225	900	44.963455205448
15	215544	920	44.810081905667
15	220785	940	45.459059684494
15	226128	960	44.481938415567
15	231463	980	44.471449011626
15	236725	1000	44.866057030195
15	242003	1020	44.424294371269
15	247358	1040	45.211945871218
15	252618	1060	44.899134997991
15	257860	1080	43.791279599872
15	263156	1100	44.723658606244
15	268408	1120	44.665834125275
15	273669	1140	44.649513632765
15	279023	1160	44.489311154653
15	284346	1180	44.393764892818
15	289701	1200	45.031884109846
15	295054	1220	nan
15	300379	1240	46.479274078496
15	305700	1260	44.957137244498
15	311037	1280	44.994705807533
15	316354	1300	44.56327760816
15	321708	1320	45.124333362017
15	327015	1340	45.036706192671
15	332320	1360	44.84676246077
15	337615	1380	44.581622989315
15	343031	1400	44.36837904611
15	348371	1420	45.82957460927
15	353793	1440	44.540163340148
15	359089	1460	44.925185010609
15	364331	1480	44.321567690635
15	369522	1500	45.29327871881
15	374899	1520	45.847854756673
15	380272	1540	44.597874214374
15	385649	1560	45.219009000988
15	391020	1580	44.706920513513
15	396369	1600	44.636188656266
15	401619	1620	45.409912593229
15	406857	1640	44.731641185909
15	412267	1660	nan
15	417486	1680	44.428266344358
15	422918	1700	44.963780035841
15	428387	1720	45.172271160714
15	433735	1740	44.415279833333
15	439098	1760	nan
15	444484	1780	44.532084507302
15	449681	1800	44.87905144721
15	454567	1820	45.131557230565
15	458798	1840	44.49958199746
15	462660	1860	44.194021173266
15	465959	1880	44.133991202994
15	468888	1900	44.316776169359
15	471342	1920	45.289062858902
15	473314	1940	45.109762831636
15	474811	1960	nan
15	475840	1980	nan
15	476440	2000	47.453249015618
16	34621	240	nan
16	39868	260	0.49883357685705
16	45203	280	0.39836855675092
16	50505	300	0.91118234164909
16	55861	320	0.88840190335023
16	61151	340	0.89448384456488
16	66372	360	0.22311786733282
16	71611	380	1.275095768691
16	76983	400	1.7519941873785
16	82284	420	0.48786079508144
16	87631	440	0.27942987820199
16	92907	460	nan
16	98142	480	nan
16	103463	500	0.32189699247676
16	108776	520	nan
16	114117	540	3.2795339687633
16	119379	560	0.45172914158129
16	124688	580	1.6597051318141
16	130036	600	nan
16	135322	620	0.40000791200233
16	140642	640	nan
16	145979	660	0.58290192433547
16	151365	680	nan
16	156783	700	nan
16	162151	720	1.2783771166071
16	167519	740	nan
16	172874	760	0.55154364986943
16	178244	780	0.086291355706901
16	183612	800	0.82998198024007
16	188884	820	0.70710121371452
16	194237	840	nan
16	199637	860	2.1025343803794
16	204984	880	0.58797397585861
16	210225	900	nan
16	215544	920	0.67230933044786
16	220785	940	1.5006099279384
16	226128	960	0.53426526041438
16	231463	980	0.30631246930858
16	236725	1000	0.37071913531792
16	242003	1020	0.29103075028292
16	247358	1040	nan
16	252618	1060	0.99123832251994
16	257860	1080	nan
16	263156	1100	0.50948025476958
16	268408	1120	0.50874765229252
16	273669	1140	0.76036323249395
16	279023	1160	0.0084401793158425
16	284346	1180	nan
16	289701	1200	0.4097896256195
16	295054	1220	nan
16	300379	1240	nan
16	305700	1260	0.87555988107337
16	311037	1280	0.19863762440221
16	316354	1300	0.62413438272212
16	321708	1320	0.81244381930624
16	327015	1340	0.090791566664609
16	332320	1360	0.16276116071664
16	337615	1380	0.56356223900081
16	343031	1400	0.13634581543731
16	348371	1420	1.4993984814624
16	353793	1440	nan
16	359089	1460	0.58429749699685
16	364331	1480	0.15927772991459
16	369522	1500	nan
16	374899	1520	1.469003017538
16	380272	1540	1.063705843233
16	385649	1560	0.65615349291809
16	391020	1580	nan
16	396369	1600	0.16461474331349
16	401619	1620	0.45316830446786
16	406857	1640	0.36085411326643
16	412267	1660	nan
16	417486	1680	0.079891958178126
16	422918	1700	0.52079359373158
16	428387	1720	nan
16	433735	1740	0.30345410695709
16	439098	1760	nan
16	444484	1780	nan
16	449681	1800	0.66300524492479
16	454567	1820	0.52582916547289
16	458798	1840	0.22442499778166
16	462660	1860	0.18003110483903
16	465959	1880	0.46636165392039
16	468888	1900	0.35872910981481
16	471342	1920	nan
16	473314	1940	nan
16	474811	1960	nan
16	475840	1980	nan
16	476440	2000	nan
17	34621	240	nan
17	39868	260	0.2488349374
17	45203	280	0.15869750700781
17	50505	300	0.83025325973312
17	55861	320	0.78925794187632
17	61151	340	0.80010134818757
17	66372	360	0.049781582723147
17	71611	380	1.6258692193338
17	76983	400	3.0694836326082
17	82284	420	0.2380081553775
17	87631	440	0.078081056831979
17	92907	460	nan
17	98142	480	nan
17	103463	500	0.10361767376558
17	108776	520	nan
17	114117	540	10.755343052273
17	119379	560	0.20405921735377
17	124688	580	2.7546211245699
17	130036	600	nan
17	135322	620	0.16000632966446
17	140642	640	nan
17	145979	660	0.33977465339399
17	151365	680	nan
17	156783	700	nan
17	162151	720	1.6342480522647
17	167519	740	nan
17	172874	760	0.3042003977113
17	178244	780	0.0074461980697349
17	183612	800	0.68887008752323
17	188884	820	0.49999212643655
17	194237	840	nan
17	199637	860	4.4206508206774
17	204984	880	0.34571339628699
17	210225	900	nan
17	215544	920	0.45199983580725
17	220785	940	2.2518301558274
17	226128	960	0.28543936848564
17	231463	980	0.093827328853921
17	236725	1000	0.13743267729086
17	242003	1020	0.084698897610239
17	247358	1040	nan
17	252618	1060	0.98255341203215
17	257860	1080	nan
17	263156	1100	0.25957013000008
17	268408	1120	0.25882417371315
17	273669	1140	0.57815224532865
17	279023	1160	7.1236626883575e-005
17	284346	1180	nan
17	289701	1200	0.16792753726537
17	295054	1220	nan
17	300379	1240	nan
17	305700	1260	0.76660510534521
17	311037	1280	0.039456905828154
17	316354	1300	0.38954372769592
17	321708	1320	0.6600649595289
17	327015	1340	0.0082431085774142
17	332320	1360	0.026491195437826
17	337615	1380	0.31760239722761
17	343031	1400	0.018590181387265
17	348371	1420	2.2481958062117
17	353793	1440	nan
17	359089	1460	0.34140356499678
17	364331	1480	0.025369395246744
17	369522	1500	nan
17	374899	1520	2.1579698655357
17	380272	1540	1.1314701209281
17	385649	1560	0.43053740626861
17	391020	1580	nan
17	396369	1600	0.027098013716165
17	401619	1620	0.20536151217427
17	406857	1640	0.1302156910613
17	412267	1660	nan
17	417486	1680	0.0063827249815354
17	422918	1700	0.27122596727186
17	428387	1720	nan
17	433735	1740	0.092084395029127
17	439098	1760	nan
17	444484	1780	nan
17	449681	1800	0.43957595479778
17	454567	1820	0.27649631126192
17	458798	1840	0.0503665796293
17	462660	1860	0.032411198709563
17	465959	1880	0.21749319224736
17	468888	1900	0.12868657422853
17	471342	1920	nan
17	473314	1940	nan
17	474811	1960	nan
17	475840	1980	nan
17	476440	2000	nan
18	34621	240	523.39878366919
18	39868	260	522.5946677956
18	45203	280	475.05612117284
18	50505	300	432.15725187946
18	55861	320	335.28777262413
18	61151	340	569.43333962939
18	66372	360	458.29964862423
18	71611	380	518.03517526271
18	76983	400	565.86117079709
18	82284	420	564.76871202723
18	87631	440	559.7841742977
18	92907	460	607.42813925541
18	98142	480	561.06451464005
18	103463	500	750.5575130852
18	108776	520	600.23409080733
18	114117	540	612.43759703351
18	119379	560	648.53085870687
18	124688	580	603.55427839899
18	130036	600	599.96423107345
18	135322	620	731.89687408941
18	140642	640	640.51411579711
18	145979	660	513.84560820053
18	151365	680	510.64997457159
18	156783	700	417.7529411508
18	162151	720	369.51560894752
18	167519	740	373.21310973554
18	172874	760	383.51867949376
18	178244	780	274.79092475377
18	183612	800	513.93723667804
18	188884	820	749.23354487589
18	194237	840	719.13270666875
18	199637	860	766.04569463889
18	204984	880	572.24857515318
18	210225	900	719.80786243393
18	215544	920	703.13855130128
18	220785	940	660.61384529711
18	226128	960	818.49843673372
18	231463	980	892.74556002902
18	236725	1000	902.56415926665
18	242003	1020	846.66650712562
18	247358	1040	838.41047179779
18	252618	1060	789.47123067336
18	257860	1080	893.16783521077
18	263156	1100	984.43696000947
18	268408	1120	940.07623120208
18	273669	1140	845.69158229392
18	279023	1160	790.98646180285
18	284346	1180	768.37837646212
18	289701	1200	605.73688054847
18	295054	1220	463.05829156881
18	300379	1240	424.83625386982
18	305700	1260	464.67575144727
18	311037	1280	478.52616506022
18	316354	1300	462.18519928406
18	321708	1320	362.92680462329
18	327015	1340	422.65847901779
18	332320	1360	469.63691473906
18	337615	1380	569.98555010947
18	343031	1400	616.19460412954
18	348371	1420	711.07404599063
18	353793	1440	714.72007872955
18	359089	1460	666.07706997189
18	364331	1480	797.35100869743
18	369522	1500	821.08228701627
18	374899	1520	650.14009591752
18	380272	1540	665.14819770771
18	385649	1560	563.63709414938
18	391020	1580	611.35432622804
18	396369	1600	600.72324716015
18	401619	1620	566.96907163696
18	406857	1640	514.22056011049
18	412267	1660	517.36459182034
18	417486	1680	474.86169986994
18	422918	1700	472.36154135441
18	428387	1720	473.50810142789
18	433735	1740	466.9080564615
18	439098	1760	426.79184218861
18	444484	1780	473.54818162126
18	449681	1800	667.37022265441
18	454567	1820	562.27177046593
18	458798	1840	517.91442639406
18	462660	1860	605.02258317265
18	465959	1880	543.46457792224
18	468888	1900	505.15929829877
18	471342	1920	462.89340374218
18	473314	1940	469.88643028994
18	474811	1960	477.61633404282
18	475840	1980	314.7441973218
18	476440	2000	188.21898505693
19	34621	240	47.58170760629
19	39868	260	47.508606163236
19	45203	280	47.505612117284
19	50505	300	48.017472431052
19	55861	320	47.898253232018
19	61151	340	47.452778302449
19	66372	360	45.829964862423
19	71611	380	47.094106842064
19	76983	400	47.155097566424
19	82284	420	47.064059335602
19	87631	440	46.648681191475
19	92907	460	46.725241481185
19	98142	480	46.755376220004
19	103463	500	46.909844567825
19	108776	520	46.171853139025
19	114117	540	47.110584387193
19	119379	560	46.323632764776
19	124688	580	46.427252184538
19	130036	600	46.151094697958
19	135322	620	45.743554630588
19	140642	640	45.751008271222
19	145979	660	46.713237109139
19	151365	680	46.422724961054
19	156783	700	46.4169934612
19	162151	720	46.18945111844
19	167519	740	46.651638716943
19	172874	760	47.939834936721
19	178244	780	45.798487458962
19	183612	800	46.721566970731
19	188884	820	46.827096554743
19	194237	840	47.942180444583
19	199637	860	47.877855914931
19	204984	880	47.687381262765
19	210225	900	47.987190828929
19	215544	920	46.875903420085
19	220785	940	47.186703235508
19	226128	960	48.14696686669
19	231463	980	46.98660842258
19	236725	1000	47.503376803508
19	242003	1020	47.037028173646
19	247358	1040	46.578359544322
19	252618	1060	46.439484157256
19	257860	1080	47.008833432146
19	263156	1100	46.877950476641
19	268408	1120	47.003811560104
19	273669	1140	46.982865682996
19	279023	1160	46.528615400167
19	284346	1180	48.023648528882
19	289701	1200	46.595144657574
19	295054	1220	46.305829156881
19	300379	1240	47.204028207757
19	305700	1260	46.467575144727
19	311037	1280	47.852616506022
19	316354	1300	46.218519928406
19	321708	1320	45.365850577911
19	327015	1340	46.962053224199
19	332320	1360	46.963691473906
19	337615	1380	47.498795842456
19	343031	1400	47.399584933042
19	348371	1420	47.404936399376
19	353793	1440	47.648005248637
19	359089	1460	47.576933569421
19	364331	1480	46.903000511614
19	369522	1500	48.298958059781
19	374899	1520	46.438578279823
19	380272	1540	47.51058555055
19	385649	1560	46.969757845782
19	391020	1580	47.027255863695
19	396369	1600	46.209480550781
19	401619	1620	47.247422636413
19	406857	1640	46.747323646408
19	412267	1660	47.03314471094
19	417486	1680	47.486169986994
19	422918	1700	47.236154135441
19	428387	1720	47.350810142789
19	433735	1740	46.69080564615
19	439098	1760	47.421315798734
19	444484	1780	47.354818162126
19	449681	1800	47.669301618172
19	454567	1820	46.855980872161
19	458798	1840	47.083129672187
19	462660	1860	46.540198705589
19	465959	1880	45.288714826854
19	468888	1900	45.923572572615
19	471342	1920	46.289340374218
19	473314	1940	46.988643028994
19	474811	1960	47.761633404282
19	475840	1980	44.963456760258
19	476440	2000	47.054746264232
20	34621	240	3.1882796426224
20	39868	260	2.7525156817357
20	45203	280	3.9006320618248
20	50505	300	2.8502460513554
20	55861	320	3.2164817629402
20	61151	340	3.5979757688108
20	66372	360	2.3740260304587
20	71611	380	1.4170474793433
20	76983	400	2.9659022879348
20	82284	420	1.4345646835148
20	87631	440	1.0799615605883
20	92907	460	1.372381400416
20	98142	480	1.0188594473134
20	103463	500	1.6728515384603
20	108776	520	0.8482317216373
20	114117	540	2.0472151891621
20	119379	560	1.1280927978338
20	124688	580	1.2673602461117
20	130036	600	0.8079886605419
20	135322	620	1.5680148162206
20	140642	640	1.8365190675395
20	145979	660	1.7011996820829
20	151365	680	1.0309795518586
20	156783	700	1.4322988736238
20	162151	720	0.82184783339532
20	167519	740	1.4001538637793
20	172874	760	3.2161735016766
20	178244	780	0.8152419342547
20	183612	800	1.9798242983518
20	188884	820	1.4561161293855
20	194237	840	3.2471212845458
20	199637	860	2.0406144100784
20	204984	880	1.6110669173742
20	210225	900	3.0052586008193
20	215544	920	2.5052103023265
20	220785	940	1.7622248694546
20	226128	960	3.2849865477771
20	231463	980	2.4732640504589
20	236725	1000	2.103935444045
20	242003	1020	2.1052084615403
20	247358	1040	1.5382624802518
20	252618	1060	1.2476438382991
20	257860	1080	1.5810573913354
20	263156	1100	1.8157869651264
20	268408	1120	2.111898515194
20	273669	1140	1.8594794974363
20	279023	1160	2.4755150139048
20	284346	1180	2.9944228532276
20	289701	1200	3.1569587657859
20	295054	1220	3.4916355561569
20	300379	1240	3.5780637808014
20	305700	1260	2.2584256468122
20	311037	1280	3.3771417916789
20	316354	1300	2.7098726843758
20	321708	1320	2.2165453450265
20	327015	1340	1.9794685390211
20	332320	1360	2.4030721840339
20	337615	1380	2.2359930313905
20	343031	1400	2.2438818018301
20	348371	1420	2.2493583112066
20	353793	1440	2.5191655096754
20	359089	1460	2.1896062124404
20	364331	1480	1.8425667798273
20	369522	1500	2.9179243456514
20	374899	1520	2.2203379499251
20	380272	1540	3.022238726792
20	385649	1560	3.0407624744562
20	391020	1580	3.2428132330187
20	396369	1600	2.3934566771857
20	401619	1620	2.0473158673052
20	406857	1640	1.6402168964342
20	412267	1660	1.9916791143987
20	417486	1680	1.7503549024277
20	422918	1700	1.9847587731565
20	428387	1720	2.019192708941
20	433735	1740	2.9680960289689
20	439098	1760	2.3755449565132
20	444484	1780	2.2628704070545
20	449681	1800	2.7098597358628
20	454567	1820	1.6888250996454
20	458798	1840	1.6791173604372
20	462660	1860	1.8378114611036
20	465959	1880	1.8685869344743
20	468888	1900	1.3430827117088
20	471342	1920	1.8231561081457
20	473314	1940	3.8796077381597
20	474811	1960	2.6410069293189
20	475840	1980	2.0223685272818
20	476440	2000	2.1870702864527
21	34621	240	10.16512707956
21	39868	260	7.5763425782009
21	45203	280	15.214930481736
21	50505	300	8.1239025532673
21	55861	320	10.345754931327
21	61151	340	12.945429632949
21	66372	360	5.6359995932954
21	71611	380	2.0080235587131
21	76983	400	8.7965763815766
21	82284	420	2.0579758311879
21	87631	440	1.1663169723483
21	92907	460	1.8834307082079
21	98142	480	1.0380745733798
21	103463	500	2.798432269729
21	108776	520	0.71949705359178
21	114117	540	4.191090030736
21	119379	560	1.2725933605245
21	124688	580	1.6062019934243
21	130036	600	0.65284567556429
21	135322	620	2.4586704638874
21	140642	640	3.3728022854363
21	145979	660	2.894080358319
21	151365	680	1.0629188363507
21	156783	700	2.051480063384
21	162151	720	0.67543386125658
21	167519	740	1.960430842256
21	172874	760	10.343771992887
21	178244	780	0.66461941136735
21	183612	800	3.9197042523444
21	188884	820	2.1202741822566
21	194237	840	10.54379663655
21	199637	860	4.1641071706196
21	204984	880	2.5955366122575
21	210225	900	9.0315792577982
21	215544	920	6.2760786588826
21	220785	940	3.1054364905243
21	226128	960	10.791136619076
21	231463	980	6.1170350632924
21	236725	1000	4.4265443527087
21	242003	1020	4.431902666541
21	247358	1040	2.3662514581505
21	252618	1060	1.5566151472457
21	257860	1080	2.4997424746962
21	263156	1100	3.2970823027231
21	268408	1120	4.4601153384787
21	273669	1140	3.457664001386
21	279023	1160	6.1281745840681
21	284346	1180	8.9665682239314
21	289701	1200	9.9663886488727
21	295054	1220	12.191518857019
21	300379	1240	12.802540419483
21	305700	1260	5.1004864021789
21	311037	1280	11.405086681104
21	316354	1300	7.3434099655263
21	321708	1320	4.9130732665586
21	327015	1340	3.9182956969743
21	332320	1360	5.7747559216776
21	337615	1380	4.9996648364267
21	343031	1400	5.0350055405844
21	348371	1420	5.0596128121941
21	353793	1440	6.3461948651381
21	359089	1460	4.7943753655574
21	364331	1480	3.3950523381232
21	369522	1500	8.5142824869452
21	374899	1520	4.9299006118777
21	380272	1540	9.1339269217215
21	385649	1560	9.2462364260609
21	391020	1580	10.515837664241
21	396369	1600	5.7286348655646
21	401619	1620	4.1915022605197
21	406857	1640	2.6903114673481
21	412267	1660	3.9667856947319
21	417486	1680	3.0637422844526
21	422918	1700	3.9392673876217
21	428387	1720	4.0771391958406
21	433735	1740	8.809594037181
21	439098	1760	5.6432138404152
21	444484	1780	5.120582479123
21	449681	1800	7.3433397880503
21	454567	1820	2.8521302171922
21	458798	1840	2.8194351101216
21	462660	1860	3.3775509665636
21	465959	1880	3.4916171316881
21	468888	1900	1.803871170491
21	471342	1920	3.3238981946691
21	473314	1940	15.051356201989
21	474811	1960	6.9749176007105
21	475840	1980	4.0899744601399
21	476440	2000	4.7832764378841
22	34621	240	1796.8110953483
22	39868	260	1658.7471647262
22	45203	280	1703.1413995865
22	50505	300	1709.5923205517
22	55861	320	1651.440284395
22	61151	340	1571.4164168333
22	66372	360	1524.3878102799
22	71611	380	1572.2242857093
22	76983	400	1748.0998349043
22	82284	420	1613.0705094536
22	87631	440	1522.8727650096
22	92907	460	1705.1355936376
22	98142	480	1749.678409993
22	103463	500	1571.3119829207
22	108776	520	1746.3030752952
22	114117	540	1710.0703406667
22	119379	560	1566.5257200522
22	124688	580	1700.8773971013
22	130036	600	1742.0870634899
22	135322	620	1571.5184712396
22	140642	640	1787.953004332
22	145979	660	1619.2475883011
22	151365	680	1744.2833640239
22	156783	700	1743.0141819976
22	162151	720	1700.901448868
22	167519	740	1748.7159956719
22	172874	760	1702.8613060685
22	178244	780	1703.339983171
22	183612	800	1564.4385545212
22	188884	820	1617.4724330247
22	194237	840	1749.7063778941
22	199637	860	1614.9936082163
22	204984	880	1520.3079424383
22	210225	900	1702.9610795603
22	215544	920	1710.7139766712
22	220785	940	1566.7897462111
22	226128	960	1486.6504668314
22	231463	980	1611.6927098589
22	236725	1000	1749.8571063281
22	242003	1020	1569.1756905401
22	247358	1040	1703.132182187
22	252618	1060	1659.9994156335
22	257860	1080	1754.2667198486
22	263156	1100	1660.8158441276
22	268408	1120	1658.970339766
22	273669	1140	1706.9646701964
22	279023	1160	1708.8220735118
22	284346	1180	1797.5262095003
22	289701	1200	1701.8767836844
22	295054	1220	1746.1026604354
22	300379	1240	1747.2488330837
22	305700	1260	1710.9859558704
22	311037	1280	1705.3870721199
22	316354	1300	1659.9132312722
22	321708	1320	1660.4316169898
22	327015	1340	1613.2189295667
22	332320	1360	1700.9995953345
22	337615	1380	1529.0450411871
22	343031	1400	1707.2157727843
22	348371	1420	1663.1672155073
22	353793	1440	1799.4813088914
22	359089	1460	1658.0582192209
22	364331	1480	1615.4635321729
22	369522	1500	1754.7324501841
22	374899	1520	1701.5015644257
22	380272	1540	1655.9635639302
22	385649	1560	1520.0018135999
22	391020	1580	1703.2580827903
22	396369	1600	1705.7537796009
22	401619	1620	1749.1339339267
22	406857	1640	1657.4307484428
22	412267	1660	1794.8870976631
22	417486	1680	1703.1846058914
22	422918	1700	1612.9457130459
22	428387	1720	1790.7037289958
22	433735	1740	1701.4034359351
22	439098	1760	1795.3381868245
22	444484	1780	1747.813617541
22	449681	1800	1519.1862041239
22	454567	1820	1563.8377036681
22	458798	1840	1345.9883098353
22	462660	1860	1260.2278347569
22	465959	1880	1123.6288619608
22	468888	1900	991.05694111659
22	471342	1920	855.01050857237
22	473314	1940	725.38502492554
22	474811	1960	640.75345524194
22	475840	1980	506.43424122536
22	476440	2000	329.03568121211
23	34621	240	44.920277383709
23	39868	260	44.831004452061
23	45203	280	44.819510515434
23	50505	300	44.989271593466
23	55861	320	44.633521199865
23	61151	340	44.897611909524
23	66372	360	44.834935596469
23	71611	380	44.920693877408
23	76983	400	44.823072689853
23	82284	420	44.807514151489
23	87631	440	44.790375441458
23	92907	460	44.871989306252
23	98142	480	44.863548974181
23	103463	500	44.894628083449
23	108776	520	44.777001930647
23	114117	540	45.001851070177
23	119379	560	44.757877715777
23	124688	580	44.759931502665
23	130036	600	44.668899063843
23	135322	620	44.900527749702
23	140642	640	44.698825108301
23	145979	660	44.979099675032
23	151365	680	44.72521446215
23	156783	700	44.692671333271
23	162151	720	44.760564443895
23	167519	740	44.838871683895
23	172874	760	44.812139633381
23	178244	780	44.824736399237
23	183612	800	44.698244414892
23	188884	820	44.929789806241
23	194237	840	44.864266099849
23	199637	860	44.860933561563
23	204984	880	44.714939483481
23	210225	900	44.814765251586
23	215544	920	45.018788859768
23	220785	940	44.765421320318
23	226128	960	45.050014146405
23	231463	980	44.769241940525
23	236725	1000	44.86813093149
23	242003	1020	44.833591158289
23	247358	1040	44.819267952291
23	252618	1060	44.864849071176
23	257860	1080	44.981197944836
23	263156	1100	44.886914706152
23	268408	1120	44.837036209892
23	273669	1140	44.920122899906
23	279023	1160	44.969001934522
23	284346	1180	44.938155237507
23	289701	1200	44.78623114959
23	295054	1220	44.771863088088
23	300379	1240	44.801252130352
23	305700	1260	45.025946207116
23	311037	1280	44.878607161049
23	316354	1300	44.862519764113
23	321708	1320	44.876530188914
23	327015	1340	44.811636932408
23	332320	1360	44.763147245645
23	337615	1380	44.971912976091
23	343031	1400	44.926730862744
23	348371	1420	44.950465283982
23	353793	1440	44.987032722284
23	359089	1460	44.812384303268
23	364331	1480	44.873987004804
23	369522	1500	44.993139748309
23	374899	1520	44.776356958571
23	380272	1540	44.755771998114
23	385649	1560	44.705935694114
23	391020	1580	44.822581126061
23	396369	1600	44.88825735792
23	401619	1620	44.849588049403
23	406857	1640	44.795425633589
23	412267	1660	44.872177441577
23	417486	1680	44.820647523459
23	422918	1700	44.804047584608
23	428387	1720	44.767593224895
23	433735	1740	44.773774629872
23	439098	1760	44.883454670613
23	444484	1780	44.815733783102
23	449681	1800	44.681947180115
23	454567	1820	44.68107724766
23	458798	1840	44.86627699451
23	462660	1860	45.008136955605
23	465959	1880	44.945154478431
23	468888	1900	45.048042778027
23	471342	1920	45.000553082756
23	473314	1940	45.336564057846
23	474811	1960	45.768103945853
23	475840	1980	46.039476475033
23	476440	2000	47.005097316015
24	34621	240	0.91936316877423
24	39868	260	0.6763898516852
24	45203	280	0.92858383339015
24	50505	300	1.0376667714248
24	55861	320	0.66879076365486
24	61151	340	0.96211573329132
24	66372	360	1.0396415103026
24	71611	380	0.80947129654657
24	76983	400	0.8732540250898
24	82284	420	0.69341599677517
24	87631	440	0.74169121259947
24	92907	460	1.0089148679106
24	98142	480	0.79539252145468
24	103463	500	0.90583436386706
24	108776	520	0.81597111691901
24	114117	540	1.4694555945891
24	119379	560	0.77764717811028
24	124688	580	0.76994705670046
24	130036	600	0.65402511148378
24	135322	620	1.1157539347635
24	140642	640	0.63168812413391
24	145979	660	1.3519056021617
24	151365	680	0.66274965363911
24	156783	700	0.63583355701583
24	162151	720	0.68056059284814
24	167519	740	0.81692607951787
24	172874	760	0.74776417657802
24	178244	780	0.84635926382982
24	183612	800	0.66322872332199
24	188884	820	1.0049195702374
24	194237	840	0.85630783782807
24	199637	860	0.89670624460095
24	204984	880	0.69289105852005
24	210225	900	0.94995356014187
24	215544	920	1.0340124891439
24	220785	940	0.73949527149534
24	226128	960	1.2225717809967
24	231463	980	0.64596846885083
24	236725	1000	0.83701287006797
24	242003	1020	0.79264007091535
24	247358	1040	0.88956388870124
24	252618	1060	0.85238397616495
24	257860	1080	0.89745570784544
24	263156	1100	0.99442652015786
24	268408	1120	0.81668753985903
24	273669	1140	0.83246501988459
24	279023	1160	0.98625099305408
24	284346	1180	0.91307431783303
24	289701	1200	0.79196651324725
24	295054	1220	0.63610417650983
24	300379	1240	0.68189402813119
24	305700	1260	1.2979376087137
24	311037	1280	0.86538112336782
24	316354	1300	0.71601980062709
24	321708	1320	0.75915303519541
24	327015	1340	0.62768810455099
24	332320	1360	0.66294782117078
24	337615	1380	0.99391719618529
24	343031	1400	0.72987641505344
24	348371	1420	0.9678981210938
24	353793	1440	0.94637595682491
24	359089	1460	0.63897675565681
24	364331	1480	0.67685837304471
24	369522	1500	1.2572348713771
24	374899	1520	0.70698829612728
24	380272	1540	0.6892847940482
24	385649	1560	0.78302829036494
24	391020	1580	0.91890107289653
24	396369	1600	1.0139917868322
24	401619	1620	0.9080231584226
24	406857	1640	0.94705059319856
24	412267	1660	0.88352070712439
24	417486	1680	0.69254177592613
24	422918	1700	0.79501935323735
24	428387	1720	0.64622972171546
24	433735	1740	0.66166220233686
24	439098	1760	0.97865300203901
24	444484	1780	0.78746836169916
24	449681	1800	0.56008479166717
24	454567	1820	0.63016595433681
24	458798	1840	0.77028458815697
24	462660	1860	1.0527650140696
24	465959	1880	0.90634306099822
24	468888	1900	0.96750636299351
24	471342	1920	0.92637165676142
24	473314	1940	1.2339138003517
24	474811	1960	1.1690189548691
24	475840	1980	0.7091304297224
24	476440	2000	1.525717614695
25	34621	240	0.84522863609859
25	39868	260	0.45750323146273
25	45203	280	0.86226793563355
25	50505	300	1.0767523285193
25	55861	320	0.44728108555005
25	61151	340	0.9256666842467
25	66372	360	1.0808544699443
25	71611	380	0.65524377993278
25	76983	400	0.76257259233554
25	82284	420	0.4808257445837
25	87631	440	0.55010585484727
25	92907	460	1.0179092106911
25	98142	480	0.63264926318603
25	103463	500	0.82053589476244
25	108776	520	0.66580886364606
25	114117	540	2.1592997444692
25	119379	560	0.60473513362288
25	124688	580	0.5928184701217
25	130036	600	0.42774884645137
25	135322	620	1.2449068429401
25	140642	640	0.39902988617182
25	145979	660	1.8276487571563
25	151365	680	0.43923710339876
25	156783	700	0.40428431222741
25	162151	720	0.46316272053782
25	167519	740	0.66736821939644
25	172874	760	0.5591512637734
25	178244	780	0.71632400347056
25	183612	800	0.43987233943932
25	188884	820	1.009863342646
25	194237	840	0.73326311312578
25	199637	860	0.80408208910633
25	204984	880	0.48009801897703
25	210225	900	0.90241176642622
25	215544	920	1.0691818277056
25	220785	940	0.54685325656397
25	226128	960	1.4946817596893
25	231463	980	0.41727526274948
25	236725	1000	0.70059054465943
25	242003	1020	0.62827828202069
25	247358	1040	0.79132391208127
25	252618	1060	0.72655844282278
25	257860	1080	0.80542674754436
25	263156	1100	0.98888410399326
25	268408	1120	0.66697853776099
25	273669	1140	0.69299800933145
25	279023	1160	0.97269102130017
25	284346	1180	0.83370470988626
25	289701	1200	0.62721095810501
25	295054	1220	0.40462852337325
25	300379	1240	0.46497946560098
25	305700	1260	1.6846420361134
25	311037	1280	0.74888448868134
25	316354	1300	0.51268435489006
25	321708	1320	0.5763133308464
25	327015	1340	0.39399235659481
25	332320	1360	0.43949981359508
25	337615	1380	0.98787139287283
25	343031	1400	0.53271958125127
25	348371	1420	0.93682677281691
25	353793	1440	0.89562745165627
25	359089	1460	0.4082912942697
25	364331	1480	0.45813725716074
25	369522	1500	1.5806395218067
25	374899	1520	0.49983245086095
25	380272	1540	0.47511352730607
25	385649	1560	0.61313330351184
25	391020	1580	0.8443791817704
25	396369	1600	1.0281793437632
25	401619	1620	0.82450605623175
25	406857	1640	0.89690482607774
25	412267	1660	0.78060883991759
25	417486	1680	0.47961411140292
25	422918	1700	0.63205577202194
25	428387	1720	0.41761285322844
25	433735	1740	0.43779687000126
25	439098	1760	0.95776169839997
25	444484	1780	0.62010642067717
25	449681	1800	0.31369497385685
25	454567	1820	0.39710913000522
25	458798	1840	0.59333834675215
25	462660	1860	1.108314174849
25	465959	1880	0.82145774421963
25	468888	1900	0.93606856243293
25	471342	1920	0.85816444645089
25	473314	1940	1.5225432666984
25	474811	1960	1.3666053168433
25	475840	1980	0.50286596635828
25	476440	2000	2.3278142397907
