version 2
run statisticRVV-160-20150327-10:00:07-16856
attr c 10
attr configname statisticRVV
attr datetime 20150327-10:00:07
attr experiment statisticRVV
attr inifile omnetpp.ini
attr iterationvars "$sc=\"erlangen-medium.launchd.xml\", $p=1/10, $c=10"
attr iterationvars2 "$sc=\"erlangen-medium.launchd.xml\", $p=1/10, $c=10, $repetition=0"
attr measurement "$sc=\"erlangen-medium.launchd.xml\", $p=1/10, $c=10"
attr network RSUExampleScenario
attr p 1/10
attr processid 16856
attr repetition 0
attr replication #0
attr resultdir results
attr runnumber 160
attr sc "\"erlangen-medium.launchd.xml\""
attr seedset 160

vector 0  RSUExampleScenario.rsu[0].appl  Number_CH  ETV
vector 1  RSUExampleScenario.rsu[0].appl  Number_ON  ETV
vector 2  RSUExampleScenario.rsu[0].appl  Number_FN  ETV
vector 3  RSUExampleScenario.rsu[0].appl  Number_CH_Losts  ETV
vector 4  RSUExampleScenario.rsu[0].appl  Number_CH_Losts  ETV
vector 5  RSUExampleScenario.rsu[0].appl  Mean_Cluster_Size  ETV
vector 6  RSUExampleScenario.rsu[0].appl  StdDev_Cluster_Size  ETV
vector 7  RSUExampleScenario.rsu[0].appl  Variance_Cluster_Size  ETV
vector 8  RSUExampleScenario.rsu[0].appl  Mean_Neighbors  ETV
vector 9  RSUExampleScenario.rsu[0].appl  StdDev_Neighbors  ETV
vector 10  RSUExampleScenario.rsu[0].appl  Variance_Neighbors  ETV
vector 11  RSUExampleScenario.rsu[0].appl  Total_CH_Utility  ETV
vector 12  RSUExampleScenario.rsu[0].appl  Mean_CH_Utility  ETV
vector 13  RSUExampleScenario.rsu[0].appl  StdDev_CH_Utility  ETV
vector 14  RSUExampleScenario.rsu[0].appl  Variance_CH_Utility  ETV
vector 15  RSUExampleScenario.rsu[0].appl  Total_exp_CH_Utility  ETV
vector 16  RSUExampleScenario.rsu[0].appl  Mean_exp_CH_Utility  ETV
vector 17  RSUExampleScenario.rsu[0].appl  StdDev_exp_CH_Utility  ETV
vector 18  RSUExampleScenario.rsu[0].appl  Variance_exp_CH_Utility  ETV
vector 19  RSUExampleScenario.rsu[0].appl  Total_ON_Utility  ETV
vector 20  RSUExampleScenario.rsu[0].appl  Mean_ON_Utility  ETV
vector 21  RSUExampleScenario.rsu[0].appl  StdDev_ON_Utility  ETV
vector 22  RSUExampleScenario.rsu[0].appl  Variance_ON_Utility  ETV
vector 23  RSUExampleScenario.rsu[0].appl  Total_exp_ON_Utility  ETV
vector 24  RSUExampleScenario.rsu[0].appl  Mean_exp_ON_Utility  ETV
vector 25  RSUExampleScenario.rsu[0].appl  StdDev_exp_ON_Utility  ETV
vector 26  RSUExampleScenario.rsu[0].appl  Variance_exp_ON_Utility  ETV
0	145625	240	5
0	171870	260	11
0	198784	280	7
0	226287	300	7
0	253754	320	14
0	281185	340	13
0	308927	360	7
0	336880	380	5
0	365724	400	8
0	394546	420	9
0	424444	440	6
0	454433	460	11
0	485303	480	11
0	516456	500	5
0	548104	520	7
0	580834	540	8
0	614657	560	19
0	649021	580	10
0	684697	600	12
0	720634	620	6
0	758421	640	11
0	797304	660	11
0	837690	680	2
0	879535	700	9
0	921679	720	13
0	965561	740	7
0	1010617	760	18
0	1056724	780	8
0	1103841	800	5
0	1152352	820	10
0	1201618	840	14
0	1252213	860	10
0	1304420	880	10
0	1357116	900	18
0	1411468	920	15
0	1466783	940	10
0	1524149	960	22
0	1582195	980	10
0	1641939	1000	14
0	1703341	1020	9
0	1766004	1040	8
0	1830357	1060	10
0	1896035	1080	13
0	1963424	1100	11
0	2032681	1120	14
0	2103809	1140	11
0	2176806	1160	16
0	2251402	1180	14
0	2328731	1200	20
0	2407745	1220	13
0	2488526	1240	14
0	2570758	1260	20
0	2655912	1280	15
0	2743459	1300	16
0	2832596	1320	23
0	2923946	1340	19
0	3017034	1360	21
0	3112730	1380	24
0	3210027	1400	16
0	3308788	1420	15
0	3410483	1440	19
0	3515003	1460	15
0	3621528	1480	16
0	3730557	1500	17
0	3842019	1520	18
0	3956061	1540	10
0	4071955	1560	14
0	4190635	1580	18
0	4311715	1600	14
0	4434880	1620	17
0	4560035	1640	20
0	4687689	1660	11
0	4818422	1680	13
0	4951371	1700	18
0	5085928	1720	16
0	5223317	1740	17
0	5362808	1760	16
0	5504611	1780	14
0	5649252	1800	21
0	5796381	1820	18
0	5947157	1840	18
0	6100434	1860	24
0	6255466	1880	22
0	6412822	1900	19
0	6572311	1920	19
0	6733709	1940	22
0	6898401	1960	18
0	7065509	1980	20
0	7236002	2000	15
1	145625	240	45
1	171870	260	52
1	198784	280	47
1	226287	300	57
1	253754	320	74
1	281185	340	75
1	308927	360	57
1	336880	380	45
1	365724	400	61
1	394546	420	60
1	424444	440	56
1	454433	460	80
1	485303	480	80
1	516456	500	35
1	548104	520	64
1	580834	540	56
1	614657	560	78
1	649021	580	76
1	684697	600	69
1	720634	620	46
1	758421	640	74
1	797304	660	77
1	837690	680	20
1	879535	700	72
1	921679	720	83
1	965561	740	60
1	1010617	760	90
1	1056724	780	75
1	1103841	800	49
1	1152352	820	82
1	1201618	840	99
1	1252213	860	66
1	1304420	880	82
1	1357116	900	93
1	1411468	920	89
1	1466783	940	83
1	1524149	960	103
1	1582195	980	77
1	1641939	1000	92
1	1703341	1020	75
1	1766004	1040	72
1	1830357	1060	79
1	1896035	1080	107
1	1963424	1100	96
1	2032681	1120	95
1	2103809	1140	93
1	2176806	1160	95
1	2251402	1180	99
1	2328731	1200	124
1	2407745	1220	105
1	2488526	1240	99
1	2570758	1260	119
1	2655912	1280	110
1	2743459	1300	94
1	2832596	1320	120
1	2923946	1340	125
1	3017034	1360	131
1	3112730	1380	130
1	3210027	1400	125
1	3308788	1420	117
1	3410483	1440	112
1	3515003	1460	118
1	3621528	1480	127
1	3730557	1500	131
1	3842019	1520	123
1	3956061	1540	93
1	4071955	1560	99
1	4190635	1580	107
1	4311715	1600	111
1	4434880	1620	102
1	4560035	1640	139
1	4687689	1660	68
1	4818422	1680	112
1	4951371	1700	136
1	5085928	1720	115
1	5223317	1740	128
1	5362808	1760	129
1	5504611	1780	106
1	5649252	1800	146
1	5796381	1820	135
1	5947157	1840	123
1	6100434	1860	151
1	6255466	1880	147
1	6412822	1900	145
1	6572311	1920	153
1	6733709	1940	146
1	6898401	1960	130
1	7065509	1980	129
1	7236002	2000	123
2	145625	240	29
2	171870	260	24
2	198784	280	37
2	226287	300	32
2	253754	320	7
2	281185	340	8
2	308927	360	31
2	336880	380	46
2	365724	400	29
2	394546	420	29
2	424444	440	38
2	454433	460	10
2	485303	480	11
2	516456	500	63
2	548104	520	33
2	580834	540	41
2	614657	560	12
2	649021	580	21
2	684697	600	29
2	720634	620	58
2	758421	640	28
2	797304	660	26
2	837690	680	94
2	879535	700	36
2	921679	720	21
2	965561	740	52
2	1010617	760	13
2	1056724	780	38
2	1103841	800	69
2	1152352	820	32
2	1201618	840	11
2	1252213	860	51
2	1304420	880	36
2	1357116	900	17
2	1411468	920	25
2	1466783	940	40
2	1524149	960	6
2	1582195	980	45
2	1641939	1000	28
2	1703341	1020	50
2	1766004	1040	57
2	1830357	1060	47
2	1896035	1080	20
2	1963424	1100	34
2	2032681	1120	34
2	2103809	1140	39
2	2176806	1160	32
2	2251402	1180	31
2	2328731	1200	2
2	2407745	1220	31
2	2488526	1240	36
2	2570758	1260	12
2	2655912	1280	27
2	2743459	1300	44
2	2832596	1320	12
2	2923946	1340	12
2	3017034	1360	6
2	3112730	1380	4
2	3210027	1400	19
2	3308788	1420	29
2	3410483	1440	30
2	3515003	1460	30
2	3621528	1480	21
2	3730557	1500	17
2	3842019	1520	26
2	3956061	1540	67
2	4071955	1560	56
2	4190635	1580	46
2	4311715	1600	47
2	4434880	1620	55
2	4560035	1640	14
2	4687689	1660	99
2	4818422	1680	52
2	4951371	1700	23
2	5085928	1720	49
2	5223317	1740	34
2	5362808	1760	35
2	5504611	1780	62
2	5649252	1800	17
2	5796381	1820	32
2	5947157	1840	47
2	6100434	1860	14
2	6255466	1880	19
2	6412822	1900	26
2	6572311	1920	18
2	6733709	1940	25
2	6898401	1960	46
2	7065509	1980	47
2	7236002	2000	59
3	145625	240	0
3	171870	260	3
3	198784	280	0
3	226287	300	0
3	253754	320	1
3	281185	340	0
3	308927	360	0
3	336880	380	0
3	365724	400	1
3	394546	420	0
3	424444	440	0
3	454433	460	0
3	485303	480	0
3	516456	500	0
3	548104	520	0
3	580834	540	1
3	614657	560	0
3	649021	580	2
3	684697	600	1
3	720634	620	0
3	758421	640	0
3	797304	660	0
3	837690	680	0
3	879535	700	2
3	921679	720	0
3	965561	740	0
3	1010617	760	1
3	1056724	780	0
3	1103841	800	0
3	1152352	820	1
3	1201618	840	1
3	1252213	860	2
3	1304420	880	0
3	1357116	900	0
3	1411468	920	0
3	1466783	940	0
3	1524149	960	0
3	1582195	980	0
3	1641939	1000	1
3	1703341	1020	0
3	1766004	1040	0
3	1830357	1060	1
3	1896035	1080	0
3	1963424	1100	1
3	2032681	1120	1
3	2103809	1140	0
3	2176806	1160	0
3	2251402	1180	0
3	2328731	1200	1
3	2407745	1220	0
3	2488526	1240	0
3	2570758	1260	1
3	2655912	1280	0
3	2743459	1300	0
3	2832596	1320	3
3	2923946	1340	0
3	3017034	1360	0
3	3112730	1380	0
3	3210027	1400	0
3	3308788	1420	0
3	3410483	1440	1
3	3515003	1460	1
3	3621528	1480	0
3	3730557	1500	1
3	3842019	1520	2
3	3956061	1540	0
3	4071955	1560	1
3	4190635	1580	0
3	4311715	1600	0
3	4434880	1620	0
3	4560035	1640	0
3	4687689	1660	0
3	4818422	1680	0
3	4951371	1700	0
3	5085928	1720	0
3	5223317	1740	0
3	5362808	1760	0
3	5504611	1780	0
3	5649252	1800	0
3	5796381	1820	0
3	5947157	1840	0
3	6100434	1860	0
3	6255466	1880	0
3	6412822	1900	1
3	6572311	1920	1
3	6733709	1940	0
3	6898401	1960	1
3	7065509	1980	0
3	7236002	2000	0
4	145625	240	29
4	171870	260	21
4	198784	280	37
4	226287	300	32
4	253754	320	6
4	281185	340	7
4	308927	360	31
4	336880	380	46
4	365724	400	28
4	394546	420	29
4	424444	440	38
4	454433	460	10
4	485303	480	11
4	516456	500	63
4	548104	520	32
4	580834	540	40
4	614657	560	11
4	649021	580	19
4	684697	600	28
4	720634	620	58
4	758421	640	28
4	797304	660	26
4	837690	680	93
4	879535	700	34
4	921679	720	21
4	965561	740	52
4	1010617	760	12
4	1056724	780	38
4	1103841	800	69
4	1152352	820	31
4	1201618	840	10
4	1252213	860	49
4	1304420	880	35
4	1357116	900	17
4	1411468	920	25
4	1466783	940	40
4	1524149	960	6
4	1582195	980	45
4	1641939	1000	27
4	1703341	1020	50
4	1766004	1040	57
4	1830357	1060	46
4	1896035	1080	20
4	1963424	1100	33
4	2032681	1120	33
4	2103809	1140	39
4	2176806	1160	32
4	2251402	1180	31
4	2328731	1200	1
4	2407745	1220	30
4	2488526	1240	36
4	2570758	1260	11
4	2655912	1280	27
4	2743459	1300	44
4	2832596	1320	9
4	2923946	1340	12
4	3017034	1360	6
4	3112730	1380	4
4	3210027	1400	19
4	3308788	1420	28
4	3410483	1440	28
4	3515003	1460	28
4	3621528	1480	21
4	3730557	1500	16
4	3842019	1520	24
4	3956061	1540	67
4	4071955	1560	55
4	4190635	1580	46
4	4311715	1600	47
4	4434880	1620	55
4	4560035	1640	13
4	4687689	1660	98
4	4818422	1680	51
4	4951371	1700	23
4	5085928	1720	49
4	5223317	1740	33
4	5362808	1760	35
4	5504611	1780	61
4	5649252	1800	16
4	5796381	1820	32
4	5947157	1840	47
4	6100434	1860	14
4	6255466	1880	19
4	6412822	1900	25
4	6572311	1920	17
4	6733709	1940	25
4	6898401	1960	45
4	7065509	1980	47
4	7236002	2000	59
5	145625	240	9
5	171870	260	4.7272727272727
5	198784	280	6.7142857142857
5	226287	300	8.1428571428571
5	253754	320	5.2857142857143
5	281185	340	5.7692307692308
5	308927	360	8.1428571428571
5	336880	380	9
5	365724	400	7.625
5	394546	420	6.6666666666667
5	424444	440	9.3333333333333
5	454433	460	7.2727272727273
5	485303	480	7.2727272727273
5	516456	500	7
5	548104	520	9.1428571428571
5	580834	540	7
5	614657	560	4.1052631578947
5	649021	580	7.6
5	684697	600	5.75
5	720634	620	7.6666666666667
5	758421	640	6.7272727272727
5	797304	660	7
5	837690	680	10
5	879535	700	8
5	921679	720	6.3846153846154
5	965561	740	8.5714285714286
5	1010617	760	5
5	1056724	780	9.375
5	1103841	800	9.8
5	1152352	820	8.2
5	1201618	840	7.0714285714286
5	1252213	860	6.6
5	1304420	880	8.2
5	1357116	900	5.1666666666667
5	1411468	920	5.9333333333333
5	1466783	940	8.3
5	1524149	960	4.6818181818182
5	1582195	980	7.7
5	1641939	1000	6.5714285714286
5	1703341	1020	8.3333333333333
5	1766004	1040	9
5	1830357	1060	7.9
5	1896035	1080	8.2307692307692
5	1963424	1100	8.7272727272727
5	2032681	1120	6.7857142857143
5	2103809	1140	8.4545454545455
5	2176806	1160	5.9375
5	2251402	1180	7.0714285714286
5	2328731	1200	6.2
5	2407745	1220	8.0769230769231
5	2488526	1240	7.0714285714286
5	2570758	1260	5.95
5	2655912	1280	7.3333333333333
5	2743459	1300	5.875
5	2832596	1320	5.2173913043478
5	2923946	1340	6.5789473684211
5	3017034	1360	6.2380952380952
5	3112730	1380	5.4166666666667
5	3210027	1400	7.8125
5	3308788	1420	7.8
5	3410483	1440	5.8947368421053
5	3515003	1460	7.8666666666667
5	3621528	1480	7.9375
5	3730557	1500	7.7058823529412
5	3842019	1520	6.8333333333333
5	3956061	1540	9.3
5	4071955	1560	7.0714285714286
5	4190635	1580	5.9444444444444
5	4311715	1600	7.9285714285714
5	4434880	1620	6
5	4560035	1640	6.95
5	4687689	1660	6.1818181818182
5	4818422	1680	8.6153846153846
5	4951371	1700	7.5555555555556
5	5085928	1720	7.1875
5	5223317	1740	7.5294117647059
5	5362808	1760	8.0625
5	5504611	1780	7.5714285714286
5	5649252	1800	6.952380952381
5	5796381	1820	7.5
5	5947157	1840	6.8333333333333
5	6100434	1860	6.2916666666667
5	6255466	1880	6.6818181818182
5	6412822	1900	7.6315789473684
5	6572311	1920	8.0526315789474
5	6733709	1940	6.6363636363636
5	6898401	1960	7.2222222222222
5	7065509	1980	6.45
5	7236002	2000	8.2
6	145625	240	1.7320508075689
6	171870	260	3.0030287741182
6	198784	280	2.4299715851758
6	226287	300	2.4784787961282
6	253754	320	2.3014567770661
6	281185	340	2.8033862307885
6	308927	360	1.9518001458971
6	336880	380	1
6	365724	400	2.5599944196368
6	394546	420	3.3166247903554
6	424444	440	1.211060141639
6	454433	460	2.7236339361562
6	485303	480	2.3276988246296
6	516456	500	2.5495097567964
6	548104	520	1.0690449676497
6	580834	540	2.725540575477
6	614657	560	2.5580968803239
6	649021	580	2.913569784455
6	684697	600	2.416797279647
6	720634	620	1.5055453054182
6	758421	640	2.6866674186028
6	797304	660	3.2557641192199
6	837690	680	0
6	879535	700	2.4494897427832
6	921679	720	2.9308264345989
6	965561	740	1.7182493859684
6	1010617	760	2.8284271247462
6	1056724	780	0.74402380914284
6	1103841	800	0.44721359549996
6	1152352	820	2.0439612955675
6	1201618	840	2.758602927188
6	1252213	860	3.4705106892854
6	1304420	880	2.2010098692292
6	1357116	900	2.8748401490088
6	1411468	920	2.814926202196
6	1466783	940	2.1108186931983
6	1524149	960	2.4179165300565
6	1582195	980	2.7100635498904
6	1641939	1000	2.5634797778466
6	1703341	1020	1.2247448713916
6	1766004	1040	1.309307341416
6	1830357	1060	1.5951314818674
6	1896035	1080	1.7867030229749
6	1963424	1100	0.7862453931069
6	2032681	1120	2.9917468894526
6	2103809	1140	1.4396969378058
6	2176806	1160	2.5421447637772
6	2251402	1180	2.7022579081571
6	2328731	1200	2.4192212753172
6	2407745	1220	2.5968422639024
6	2488526	1240	2.4640269015229
6	2570758	1260	3.235900590497
6	2655912	1280	2.7688746209727
6	2743459	1300	2.9410882339705
6	2832596	1320	2.7953942922264
6	2923946	1340	2.2928824526173
6	3017034	1360	3.0968493974483
6	3112730	1380	1.9091693314716
6	3210027	1400	1.9050371824893
6	3308788	1420	1.897366596101
6	3410483	1440	2.4696994158558
6	3515003	1460	1.407463101098
6	3621528	1480	2.2940139493909
6	3730557	1500	1.9610171430393
6	3842019	1520	2.9753892478919
6	3956061	1540	1.5670212364724
6	4071955	1560	2.4326081512612
6	4190635	1580	3.2079354222307
6	4311715	1600	2.2001498450468
6	4434880	1620	2.5739075352468
6	4560035	1640	2.8372521918222
6	4687689	1660	2.6388702816994
6	4818422	1680	1.3867504905631
6	4951371	1700	2.0643250491375
6	5085928	1720	2.1045585443666
6	5223317	1740	2.5029394483992
6	5362808	1760	1.9822125684867
6	5504611	1780	3.1308461799005
6	5649252	1800	2.3974192473614
6	5796381	1820	2.6843774609658
6	5947157	1840	2.4070973488953
6	6100434	1860	2.1964233112765
6	6255466	1880	2.3378126454804
6	6412822	1900	2.0604887854797
6	6572311	1920	1.8096557134355
6	6733709	1940	2.4012983501085
6	6898401	1960	2.1297764465827
6	7065509	1980	2.9819633235769
6	7236002	2000	2.9808915253183
7	145625	240	3
7	171870	260	9.0181818181818
7	198784	280	5.9047619047619
7	226287	300	6.1428571428571
7	253754	320	5.2967032967033
7	281185	340	7.8589743589744
7	308927	360	3.8095238095238
7	336880	380	1
7	365724	400	6.5535714285714
7	394546	420	11
7	424444	440	1.4666666666667
7	454433	460	7.4181818181818
7	485303	480	5.4181818181818
7	516456	500	6.5
7	548104	520	1.1428571428571
7	580834	540	7.4285714285714
7	614657	560	6.5438596491228
7	649021	580	8.4888888888889
7	684697	600	5.8409090909091
7	720634	620	2.2666666666667
7	758421	640	7.2181818181818
7	797304	660	10.6
7	837690	680	0
7	879535	700	6
7	921679	720	8.5897435897436
7	965561	740	2.952380952381
7	1010617	760	8
7	1056724	780	0.55357142857143
7	1103841	800	0.2
7	1152352	820	4.1777777777778
7	1201618	840	7.6098901098901
7	1252213	860	12.044444444444
7	1304420	880	4.8444444444444
7	1357116	900	8.2647058823529
7	1411468	920	7.9238095238095
7	1466783	940	4.4555555555556
7	1524149	960	5.8463203463203
7	1582195	980	7.3444444444444
7	1641939	1000	6.5714285714286
7	1703341	1020	1.5
7	1766004	1040	1.7142857142857
7	1830357	1060	2.5444444444444
7	1896035	1080	3.1923076923077
7	1963424	1100	0.61818181818182
7	2032681	1120	8.9505494505495
7	2103809	1140	2.0727272727273
7	2176806	1160	6.4625
7	2251402	1180	7.3021978021978
7	2328731	1200	5.8526315789474
7	2407745	1220	6.7435897435897
7	2488526	1240	6.0714285714286
7	2570758	1260	10.471052631579
7	2655912	1280	7.6666666666667
7	2743459	1300	8.65
7	2832596	1320	7.8142292490119
7	2923946	1340	5.2573099415205
7	3017034	1360	9.5904761904762
7	3112730	1380	3.6449275362319
7	3210027	1400	3.6291666666667
7	3308788	1420	3.6
7	3410483	1440	6.0994152046784
7	3515003	1460	1.9809523809524
7	3621528	1480	5.2625
7	3730557	1500	3.8455882352941
7	3842019	1520	8.8529411764706
7	3956061	1540	2.4555555555556
7	4071955	1560	5.9175824175824
7	4190635	1580	10.290849673203
7	4311715	1600	4.8406593406593
7	4434880	1620	6.625
7	4560035	1640	8.05
7	4687689	1660	6.9636363636364
7	4818422	1680	1.9230769230769
7	4951371	1700	4.2614379084967
7	5085928	1720	4.4291666666667
7	5223317	1740	6.2647058823529
7	5362808	1760	3.9291666666667
7	5504611	1780	9.8021978021978
7	5649252	1800	5.747619047619
7	5796381	1820	7.2058823529412
7	5947157	1840	5.7941176470588
7	6100434	1860	4.8242753623188
7	6255466	1880	5.465367965368
7	6412822	1900	4.2456140350877
7	6572311	1920	3.2748538011696
7	6733709	1940	5.7662337662338
7	6898401	1960	4.5359477124183
7	7065509	1980	8.8921052631579
7	7236002	2000	8.8857142857143
8	145625	240	22.73417721519
8	171870	260	22.732558139535
8	198784	280	22.538461538462
8	226287	300	22.291666666667
8	253754	320	22.136842105263
8	281185	340	22.231578947368
8	308927	360	22.105263157895
8	336880	380	21.96875
8	365724	400	21.989795918367
8	394546	420	22.112244897959
8	424444	440	22.45
8	454433	460	22.237623762376
8	485303	480	22.470588235294
8	516456	500	22.543689320388
8	548104	520	22.834951456311
8	580834	540	23.342857142857
8	614657	560	23.453703703704
8	649021	580	23.841121495327
8	684697	600	24.345454545455
8	720634	620	24.309090909091
8	758421	640	25.185840707965
8	797304	660	25.614035087719
8	837690	680	26.382608695652
8	879535	700	27.153846153846
8	921679	720	27.119658119658
8	965561	740	27.840336134454
8	1010617	760	28.446280991736
8	1056724	780	28.388429752066
8	1103841	800	29.211382113821
8	1152352	820	28.75
8	1201618	840	29.58064516129
8	1252213	860	29.913385826772
8	1304420	880	30.314960629921
8	1357116	900	30.1953125
8	1411468	920	31.085271317829
8	1466783	940	31.330827067669
8	1524149	960	31.656488549618
8	1582195	980	32.174242424242
8	1641939	1000	32.5
8	1703341	1020	33.291044776119
8	1766004	1040	33.416058394161
8	1830357	1060	34.492647058824
8	1896035	1080	34.542857142857
8	1963424	1100	35.248226950355
8	2032681	1120	35.412587412587
8	2103809	1140	36.307692307692
8	2176806	1160	37.601398601399
8	2251402	1180	38.118055555556
8	2328731	1200	38.787671232877
8	2407745	1220	39.418918918919
8	2488526	1240	40.073825503356
8	2570758	1260	40.205298013245
8	2655912	1280	41.190789473684
8	2743459	1300	42.207792207792
8	2832596	1320	42.658064516129
8	2923946	1340	43.608974358974
8	3017034	1360	43.867088607595
8	3112730	1380	44.835443037975
8	3210027	1400	45.1375
8	3308788	1420	46.20625
8	3410483	1440	46.7875
8	3515003	1460	47.493827160494
8	3621528	1480	48.768292682927
8	3730557	1500	49.628048780488
8	3842019	1520	49.413173652695
8	3956061	1540	49.641176470588
8	4071955	1560	50.615384615385
8	4190635	1580	50.766081871345
8	4311715	1600	51.720930232558
8	4434880	1620	52.235632183908
8	4560035	1640	53.302325581395
8	4687689	1660	53.062146892655
8	4818422	1680	53.585227272727
8	4951371	1700	53.943502824859
8	5085928	1720	54.572222222222
8	5223317	1740	55.365168539326
8	5362808	1760	55.894444444444
8	5504611	1780	56.629834254144
8	5649252	1800	57.169398907104
8	5796381	1820	57.508108108108
8	5947157	1840	57.952127659574
8	6100434	1860	58.756613756614
8	6255466	1880	59.579787234043
8	6412822	1900	59.773684210526
8	6572311	1920	60.505263157895
8	6733709	1940	61.015544041451
8	6898401	1960	61.242268041237
8	7065509	1980	61.734693877551
8	7236002	2000	62.604060913706
9	145625	240	4.845587103587
9	171870	260	5.2163192310392
9	198784	280	3.7366285823444
9	226287	300	4.9924504407664
9	253754	320	4.8148938396989
9	281185	340	4.8585363166264
9	308927	360	4.8013156091792
9	336880	380	4.8524613938647
9	365724	400	4.9252032203804
9	394546	420	4.178695729682
9	424444	440	4.6739661526331
9	454433	460	4.4230046684386
9	485303	480	4.2999099284901
9	516456	500	3.8673512722943
9	548104	520	3.5316415318355
9	580834	540	3.0785503938498
9	614657	560	3.8192435989862
9	649021	580	3.1805705335776
9	684697	600	4.0669542367686
9	720634	620	3.7557184644646
9	758421	640	4.5816962559234
9	797304	660	5.0405589869986
9	837690	680	5.4137294741446
9	879535	700	5.78138419265
9	921679	720	6.2286357519433
9	965561	740	7.0842187867301
9	1010617	760	8.0082773982332
9	1056724	780	7.2403635967936
9	1103841	800	7.7673676707827
9	1152352	820	8.2448555036715
9	1201618	840	8.9461776133344
9	1252213	860	9.3639155611139
9	1304420	880	9.103200891263
9	1357116	900	9.653083709283
9	1411468	920	10.559378982503
9	1466783	940	10.941803217208
9	1524149	960	10.971831760935
9	1582195	980	11.88975838205
9	1641939	1000	11.505964455234
9	1703341	1020	12.050535586553
9	1766004	1040	12.435505581012
9	1830357	1060	13.177981817905
9	1896035	1080	14.02534777705
9	1963424	1100	14.138678473489
9	2032681	1120	14.686071139405
9	2103809	1140	15.073169320665
9	2176806	1160	15.997860710917
9	2251402	1180	16.233220073508
9	2328731	1200	16.890809132784
9	2407745	1220	17.567755525321
9	2488526	1240	18.161101124393
9	2570758	1260	18.543396985017
9	2655912	1280	19.087714419404
9	2743459	1300	20.204404918243
9	2832596	1320	20.280640986591
9	2923946	1340	20.512332629641
9	3017034	1360	21.929854713963
9	3112730	1380	22.38455471815
9	3210027	1400	22.131251559672
9	3308788	1420	22.591838253236
9	3410483	1440	23.115620654419
9	3515003	1460	23.874997164601
9	3621528	1480	24.383590368848
9	3730557	1500	24.922002373492
9	3842019	1520	25.847617752546
9	3956061	1540	25.988289552681
9	4071955	1560	25.992901961515
9	4190635	1580	25.631626061527
9	4311715	1600	26.535489272717
9	4434880	1620	27.019939017535
9	4560035	1640	26.634001821724
9	4687689	1660	27.271813244399
9	4818422	1680	26.952521386522
9	4951371	1700	27.551133765263
9	5085928	1720	27.77926370948
9	5223317	1740	28.05576207421
9	5362808	1760	28.278838490885
9	5504611	1780	28.390354278936
9	5649252	1800	29.065835523715
9	5796381	1820	29.122514620382
9	5947157	1840	29.862301556852
9	6100434	1860	29.963524299928
9	6255466	1880	30.327781795205
9	6412822	1900	30.581945465768
9	6572311	1920	30.839359748846
9	6733709	1940	30.776492091492
9	6898401	1960	31.379146684427
9	7065509	1980	31.66152757881
9	7236002	2000	31.691523101392
10	145625	240	23.479714378449
10	171870	260	27.209986320109
10	198784	280	13.962393162393
10	226287	300	24.924561403509
10	253754	320	23.18320268757
10	281185	340	23.605375139978
10	308927	360	23.052631578947
10	336880	380	23.546381578947
10	365724	400	24.257626762045
10	394546	420	17.461498001262
10	424444	440	21.84595959596
10	454433	460	19.56297029703
10	485303	480	18.489225393128
10	516456	500	14.956405863316
10	548104	520	12.472491909385
10	580834	540	9.4774725274725
10	614657	560	14.586621668397
10	649021	580	10.116028919062
10	684697	600	16.54011676397
10	720634	620	14.10542118432
10	758421	640	20.991940581542
10	797304	660	25.407234901413
10	837690	680	29.308466819222
10	879535	700	33.424403183024
10	921679	720	38.795903330386
10	965561	740	50.18615581826
10	1010617	760	64.132506887052
10	1056724	780	52.422865013774
10	1103841	800	60.33200053312
10	1152352	820	67.977642276423
10	1201618	840	80.034093889326
10	1252213	860	87.682914635671
10	1304420	880	82.868266466692
10	1357116	900	93.182025098425
10	1411468	920	111.50048449612
10	1466783	940	119.72305764411
10	1524149	960	120.38109219025
10	1582195	980	141.36635438353
10	1641939	1000	132.38721804511
10	1703341	1020	145.21540792279
10	1766004	1040	154.64179905539
10	1830357	1060	173.65920479303
10	1896035	1080	196.71038026721
10	1963424	1100	199.9022289767
10	2032681	1120	215.68068551167
10	2103809	1140	227.20043336945
10	2176806	1160	255.93154732591
10	2251402	1180	263.51743395493
10	2328731	1200	285.29943316013
10	2407745	1220	308.62603419746
10	2488526	1240	329.82559405043
10	2570758	1260	343.85757174393
10	2655912	1280	364.34084175671
10	2743459	1300	408.21797810033
10	2832596	1320	411.30439882698
10	2923946	1340	420.75578990902
10	3017034	1360	480.91852777554
10	3112730	1380	501.06828992986
10	3210027	1400	489.79229559748
10	3308788	1420	510.39115566038
10	3410483	1440	534.33191823899
10	3515003	1460	570.01548960969
10	3621528	1480	594.55947927577
10	3730557	1500	621.10620230435
10	3842019	1520	668.09934348171
10	3956061	1540	675.391193874
10	4071955	1560	675.63095238095
10	4190635	1580	656.98025455796
10	4311715	1600	704.13219094247
10	4434880	1620	730.07710451133
10	4560035	1640	709.37005303958
10	4687689	1660	743.75179763739
10	4818422	1680	726.43840909091
10	4951371	1700	759.06497175141
10	5085928	1720	771.68749224084
10	5223317	1740	787.12578556465
10	5362808	1760	799.69270639354
10	5504611	1780	806.01221608349
10	5649252	1800	844.82279469165
10	5796381	1820	848.12085781434
10	5947157	1840	891.75705427239
10	6100434	1860	897.81278847236
10	6255466	1880	919.77434861759
10	6412822	1900	935.25538847118
10	6572311	1920	951.06610971874
10	6733709	1940	947.19246545769
10	6898401	1960	984.65084664281
10	7065509	1980	1002.4523286238
10	7236002	2000	1004.3526364861
11	145625	240	231.35149290909
11	171870	260	520.90924339445
11	198784	280	318.88808240224
11	226287	300	328.03347649757
11	253754	320	648.17286713833
11	281185	340	608.9255542291
11	308927	360	328.44247694882
11	336880	380	231.39667039414
11	365724	400	370.91438516513
11	394546	420	416.54111539466
11	424444	440	282.79987254969
11	454433	460	513.85804956152
11	485303	480	514.49126562287
11	516456	500	232.33854959819
11	548104	520	327.86894094596
11	580834	540	374.21188101075
11	614657	560	903.92286863095
11	649021	580	469.45909386289
11	684697	600	566.40127062412
11	720634	620	283.86565776069
11	758421	640	518.99185293973
11	797304	660	513.36122933122
11	837690	680	95.546345161884
11	879535	700	423.19813255183
11	921679	720	616.98397273394
11	965561	740	328.78462676002
11	1010617	760	866.91839953718
11	1056724	780	376.0932512848
11	1103841	800	237.7892629089
11	1152352	820	476.61872417112
11	1201618	840	664.33641345722
11	1252213	860	465.86363640349
11	1304420	880	477.80382654362
11	1357116	900	884.37334034112
11	1411468	920	721.47867695842
11	1466783	940	475.27202780818
11	1524149	960	1050.0494612777
11	1582195	980	479.03828949696
11	1641939	1000	673.72878581727
11	1703341	1020	427.56129856616
11	1766004	1040	384.40551710288
11	1830357	1060	479.1815666981
11	1896035	1080	614.32174988089
11	1963424	1100	522.35830406605
11	2032681	1120	668.70814645457
11	2103809	1140	511.49507551319
11	2176806	1160	785.31012006184
11	2251402	1180	662.82381912301
11	2328731	1200	970.98533673365
11	2407745	1220	615.72699114926
11	2488526	1240	666.0150175323
11	2570758	1260	969.3458812167
11	2655912	1280	724.15127418737
11	2743459	1300	775.79367593773
11	2832596	1320	1122.2413785062
11	2923946	1340	926.58801835566
11	3017034	1360	996.71628849672
11	3112730	1380	1172.6572181349
11	3210027	1400	752.76234438431
11	3308788	1420	722.08045494013
11	3410483	1440	910.48608978469
11	3515003	1460	719.42599986838
11	3621528	1480	774.66721225409
11	3730557	1500	820.906145568
11	3842019	1520	873.23358337886
11	3956061	1540	480.72438604354
11	4071955	1560	673.95261923541
11	4190635	1580	872.73773458575
11	4311715	1600	683.92440592276
11	4434880	1620	818.46143969648
11	4560035	1640	959.94106090725
11	4687689	1660	545.25786242841
11	4818422	1680	621.09306999634
11	4951371	1700	872.12906463613
11	5085928	1720	776.42705034409
11	5223317	1740	834.89801314958
11	5362808	1760	777.57723370055
11	5504611	1780	667.04508357489
11	5649252	1800	1023.334108581
11	5796381	1820	853.20178532848
11	5947157	1840	875.55409581152
11	6100434	1860	1166.5695314762
11	6255466	1880	1059.0157914697
11	6412822	1900	932.69420070511
11	6572311	1920	918.15936708347
11	6733709	1940	1064.8945547343
11	6898401	1960	872.92832082291
11	7065509	1980	972.73571325352
11	7236002	2000	731.07187918199
12	145625	240	46.270298581818
12	171870	260	47.355385763132
12	198784	280	45.555440343176
12	226287	300	46.861925213938
12	253754	320	46.298061938452
12	281185	340	46.840427248392
12	308927	360	46.920353849832
12	336880	380	46.279334078828
12	365724	400	46.364298145641
12	394546	420	46.282346154963
12	424444	440	47.133312091615
12	454433	460	46.714368141956
12	485303	480	46.771933238443
12	516456	500	46.467709919638
12	548104	520	46.838420135137
12	580834	540	46.776485126343
12	614657	560	47.574887822681
12	649021	580	46.945909386289
12	684697	600	47.200105885343
12	720634	620	47.310942960115
12	758421	640	47.181077539976
12	797304	660	46.669202666475
12	837690	680	47.773172580942
12	879535	700	47.022014727981
12	921679	720	47.460305594918
12	965561	740	46.969232394289
12	1010617	760	48.162133307621
12	1056724	780	47.011656410599
12	1103841	800	47.557852581781
12	1152352	820	47.661872417112
12	1201618	840	47.45260096123
12	1252213	860	46.586363640349
12	1304420	880	47.780382654362
12	1357116	900	49.131852241173
12	1411468	920	48.098578463894
12	1466783	940	47.527202780818
12	1524149	960	47.729520967166
12	1582195	980	47.903828949696
12	1641939	1000	48.123484701234
12	1703341	1020	47.506810951796
12	1766004	1040	48.05068963786
12	1830357	1060	47.91815666981
12	1896035	1080	47.255519221607
12	1963424	1100	47.487118551459
12	2032681	1120	47.764867603898
12	2103809	1140	46.499552319381
12	2176806	1160	49.081882503865
12	2251402	1180	47.344558508787
12	2328731	1200	48.549266836683
12	2407745	1220	47.363614703789
12	2488526	1240	47.572501252307
12	2570758	1260	48.467294060835
12	2655912	1280	48.276751612491
12	2743459	1300	48.487104746108
12	2832596	1320	48.793103413315
12	2923946	1340	48.767790439772
12	3017034	1360	47.462680404606
12	3112730	1380	48.860717422288
12	3210027	1400	47.047646524019
12	3308788	1420	48.138696996009
12	3410483	1440	47.920320514984
12	3515003	1460	47.961733324559
12	3621528	1480	48.416700765881
12	3730557	1500	48.288596798118
12	3842019	1520	48.512976854381
12	3956061	1540	48.072438604354
12	4071955	1560	48.13947280253
12	4190635	1580	48.485429699208
12	4311715	1600	48.851743280197
12	4434880	1620	48.144790570381
12	4560035	1640	47.997053045362
12	4687689	1660	49.568896584401
12	4818422	1680	47.776389999719
12	4951371	1700	48.451614702007
12	5085928	1720	48.526690646506
12	5223317	1740	49.111647832329
12	5362808	1760	48.598577106284
12	5504611	1780	47.646077398206
12	5649252	1800	48.730195646713
12	5796381	1820	47.400099184916
12	5947157	1840	48.641894211751
12	6100434	1860	48.607063811509
12	6255466	1880	48.137081430439
12	6412822	1900	49.089168458164
12	6572311	1920	48.324177214919
12	6733709	1940	48.404297942467
12	6898401	1960	48.496017823495
12	7065509	1980	48.636785662676
12	7236002	2000	48.738125278799
13	145625	240	0.76927143724409
13	171870	260	1.8574416233023
13	198784	280	1.387069653531
13	226287	300	2.1499782561421
13	253754	320	1.3206551530146
13	281185	340	1.0787172353671
13	308927	360	2.2827375054187
13	336880	380	0.97724283949993
13	365724	400	0.46011894395342
13	394546	420	0.8680672888717
13	424444	440	2.229092267471
13	454433	460	1.6954167461084
13	485303	480	1.3982445331012
13	516456	500	0.88463225671414
13	548104	520	1.970741461625
13	580834	540	1.3106581019812
13	614657	560	2.1828135388536
13	649021	580	1.6652767626457
13	684697	600	0.97409057556946
13	720634	620	1.3592244626339
13	758421	640	1.2993375046946
13	797304	660	1.4717796028805
13	837690	680	2.2177752060819
13	879535	700	1.4509141061011
13	921679	720	1.738237361752
13	965561	740	1.9666774931605
13	1010617	760	2.3012390411614
13	1056724	780	1.6140164422434
13	1103841	800	2.4787321991541
13	1152352	820	1.7539643567496
13	1201618	840	1.9971910694293
13	1252213	860	1.7895665126858
13	1304420	880	1.8272790714966
13	1357116	900	2.9209695416806
13	1411468	920	1.6594705524549
13	1466783	940	2.2278528451964
13	1524149	960	1.2715258431234
13	1582195	980	1.9928744163864
13	1641939	1000	2.2017789766202
13	1703341	1020	2.0585008674653
13	1766004	1040	2.422491974221
13	1830357	1060	2.4659649753796
13	1896035	1080	2.4391890260538
13	1963424	1100	1.9563911188586
13	2032681	1120	2.2403941533867
13	2103809	1140	1.8333406980654
13	2176806	1160	2.74686070258
13	2251402	1180	2.0203210214109
13	2328731	1200	2.2209504802274
13	2407745	1220	1.882944416097
13	2488526	1240	2.0842389821742
13	2570758	1260	2.607780290194
13	2655912	1280	2.1610550705932
13	2743459	1300	1.6544015712019
13	2832596	1320	2.0773158385915
13	2923946	1340	3.1626796210919
13	3017034	1360	1.8451833628655
13	3112730	1380	2.3882067122831
13	3210027	1400	1.775688682407
13	3308788	1420	1.9679430846191
13	3410483	1440	1.6303467980302
13	3515003	1460	1.4485618975162
13	3621528	1480	1.5671443836352
13	3730557	1500	1.5045890569866
13	3842019	1520	1.9963230667938
13	3956061	1540	1.8950175936793
13	4071955	1560	1.457418276275
13	4190635	1580	1.8639496060381
13	4311715	1600	2.1603151067951
13	4434880	1620	1.7822432009136
13	4560035	1640	1.9358764934307
13	4687689	1660	2.2749503374958
13	4818422	1680	2.1015253334594
13	4951371	1700	1.9092651309728
13	5085928	1720	1.7948518742482
13	5223317	1740	3.0446144436501
13	5362808	1760	1.9406971553603
13	5504611	1780	1.9030276846109
13	5649252	1800	1.6552718900979
13	5796381	1820	1.9116389379555
13	5947157	1840	1.7279790906494
13	6100434	1860	1.9016889851804
13	6255466	1880	1.7365974137792
13	6412822	1900	2.1715710797886
13	6572311	1920	2.2272439853396
13	6733709	1940	1.9508293511171
13	6898401	1960	1.5734817435326
13	7065509	1980	1.5476298019851
13	7236002	2000	2.2356341030658
14	145625	240	0.59177854415958
14	171870	260	3.450089383976
14	198784	280	1.9239622237465
14	226287	300	4.622406501884
14	253754	320	1.744130033184
14	281185	340	1.1636308738779
14	308927	360	5.2108905186453
14	336880	380	0.95500356735388
14	365724	400	0.21170944258481
14	394546	420	0.75354081800907
14	424444	440	4.9688523368992
14	454433	460	2.8744379429848
14	485303	480	1.9550877743475
14	516456	500	0.78257422961916
14	548104	520	3.8838219085679
14	580834	540	1.7178246602889
14	614657	560	4.7646749454024
14	649021	580	2.7731466962079
14	684697	600	0.94885244941325
14	720634	620	1.8474911398223
14	758421	640	1.6882779511059
14	797304	660	2.1661351994551
14	837690	680	4.9185268647117
14	879535	700	2.1051517432831
14	921679	720	3.0214691257906
14	965561	740	3.8678203621041
14	1010617	760	5.2957011245656
14	1056724	780	2.6050490758322
14	1103841	800	6.1441133151231
14	1152352	820	3.076390964748
14	1201618	840	3.9887721678083
14	1252213	860	3.2025483033264
14	1304420	880	3.3389488051296
14	1357116	900	8.5320630634256
14	1411468	920	2.7538425144649
14	1466783	940	4.9633282998496
14	1524149	960	1.6167779697307
14	1582195	980	3.9715484394874
14	1641939	1000	4.8478306618867
14	1703341	1020	4.2374258213555
14	1766004	1040	5.8684673651653
14	1830357	1060	6.0809832597989
14	1896035	1080	5.9496431048213
14	1963424	1100	3.8274662099488
14	2032681	1120	5.0193659625292
14	2103809	1140	3.3611381151829
14	2176806	1160	7.5452437193785
14	2251402	1180	4.0816970295549
14	2328731	1200	4.9326210356225
14	2407745	1220	3.545479674111
14	2488526	1240	4.3440521348147
14	2570758	1260	6.8005180419243
14	2655912	1280	4.6701590181367
14	2743459	1300	2.7370445587952
14	2832596	1320	4.3152410932632
14	2923946	1340	10.00254238567
14	3017034	1360	3.4047016425956
14	3112730	1380	5.7035313005942
14	3210027	1400	3.1530702968283
14	3308788	1420	3.8727999843001
14	3410483	1440	2.6580306818474
14	3515003	1460	2.0983315709358
14	3621528	1480	2.4559415191592
14	3730557	1500	2.263788230404
14	3842019	1520	3.9853057870131
14	3956061	1540	3.5910916803541
14	4071955	1560	2.1240680320204
14	4190635	1580	3.4743081338496
14	4311715	1600	4.6669613606472
14	4434880	1620	3.1763908272028
14	4560035	1640	3.7476177978176
14	4687689	1660	5.1753990380722
14	4818422	1680	4.4164087271718
14	4951371	1700	3.6452933403486
14	5085928	1720	3.2214932504921
14	5223317	1740	9.269677110483
14	5362808	1760	3.7663054488235
14	5504611	1780	3.6215143683954
14	5649252	1800	2.7399250301481
14	5796381	1820	3.6543634291075
14	5947157	1840	2.9859117377214
14	6100434	1860	3.6164209963565
14	6255466	1880	3.0157705775446
14	6412822	1900	4.7157209545741
14	6572311	1920	4.9606157702315
14	6733709	1940	3.80573515718
14	6898401	1960	2.4758447972305
14	7065509	1980	2.3951580039923
14	7236002	2000	4.9980598427909
15	145625	240	223.14249090044
15	171870	260	582.10208996318
15	198784	280	314.03801895688
15	226287	300	318.57715262718
15	253754	320	673.51963848992
15	281185	340	583.9622059467
15	308927	360	316.55075264022
15	336880	380	224.85681332905
15	365724	400	404.92215910837
15	394546	420	404.29792253233
15	424444	440	273.52210729729
15	454433	460	496.7286281778
15	485303	480	497.57531202634
15	516456	500	223.72987023816
15	548104	520	317.75601018938
15	580834	540	407.61059732562
15	614657	560	858.84086944151
15	649021	580	543.8504095954
15	684697	600	582.62770080765
15	720634	620	278.26989718846
15	758421	640	502.6803165731
15	797304	660	497.06481698405
15	837690	680	92.463699553772
15	879535	700	494.42294126289
15	921679	720	588.85108555498
15	965561	740	317.55783421867
15	1010617	760	867.41354345453
15	1056724	780	363.28034871432
15	1103841	800	228.33941219883
15	1152352	820	499.01250960843
15	1201618	840	684.79129709169
15	1252213	860	542.60444763163
15	1304420	880	458.39607857193
15	1357116	900	830.19607850393
15	1411468	920	688.7915350755
15	1466783	940	458.69912509619
15	1524149	960	999.98189620779
15	1582195	980	459.25451851267
15	1641939	1000	686.53729765461
15	1703341	1020	411.51497376142
15	1766004	1040	366.42542285694
15	1830357	1060	504.89231474452
15	1896035	1080	589.64248103427
15	1963424	1100	545.59768589668
15	2032681	1120	681.36917819791
15	2103809	1140	497.92498181098
15	2176806	1160	740.75074396698
15	2251402	1180	634.84987438541
15	2328731	1200	960.09738941842
15	2407745	1220	593.65423811808
15	2488526	1240	637.71298855164
15	2570758	1260	962.63502707188
15	2655912	1280	691.14798999312
15	2743459	1300	737.91999684266
15	2832596	1320	1186.9482441249
15	2923946	1340	869.04546994124
15	3017034	1360	957.91047478533
15	3112730	1380	1096.9734245313
15	3210027	1400	728.38482589752
15	3308788	1420	685.75451973973
15	3410483	1440	908.18837937151
15	3515003	1460	726.7508027118
15	3621528	1480	730.42945306582
15	3730557	1500	777.11772180737
15	3842019	1520	917.31367512417
15	3956061	1540	455.90646079965
15	4071955	1560	687.24282583513
15	4190635	1580	825.16923048423
15	4311715	1600	642.75701026342
15	4434880	1620	771.45120351718
15	4560035	1640	910.28285086936
15	4687689	1660	505.23128811195
15	4818422	1680	588.78819383202
15	4951371	1700	823.24121062298
15	5085928	1720	727.97296004767
15	5223317	1740	780.03085790574
15	5362808	1760	728.19417604729
15	5504611	1780	632.03248810191
15	5649252	1800	958.08665931747
15	5796381	1820	813.0421375295
15	5947157	1840	821.69528615205
15	6100434	1860	1095.7274943367
15	6255466	1880	1001.1239480542
15	6412822	1900	910.85422158198
15	6572311	1920	910.16096682231
15	6733709	1940	1000.3593830671
15	6898401	1960	867.48301120701
15	7065509	1980	911.02353703305
15	7236002	2000	685.13572857889
16	145625	240	44.628498180089
16	171870	260	44.777083843321
16	198784	280	44.862574136697
16	226287	300	45.511021803884
16	253754	320	44.901309232661
16	281185	340	44.920169688208
16	308927	360	45.22153609146
16	336880	380	44.971362665811
16	365724	400	44.991351012041
16	394546	420	44.921991392481
16	424444	440	45.587017882882
16	454433	460	45.157148016164
16	485303	480	45.234119275121
16	516456	500	44.745974047633
16	548104	520	45.393715741339
16	580834	540	45.290066369514
16	614657	560	45.202151023237
16	649021	580	45.320867466283
16	684697	600	44.817515446743
16	720634	620	46.378316198076
16	758421	640	45.698210597554
16	797304	660	45.187710634914
16	837690	680	46.231849776886
16	879535	700	44.947540114808
16	921679	720	45.296237350383
16	965561	740	45.365404888382
16	1010617	760	45.653344392344
16	1056724	780	45.410043589289
16	1103841	800	45.667882439766
16	1152352	820	45.364773600767
16	1201618	840	45.652753139446
16	1252213	860	45.217037302636
16	1304420	880	45.839607857193
16	1357116	900	46.122004361329
16	1411468	920	45.9194356717
16	1466783	940	45.869912509619
16	1524149	960	45.4537225549
16	1582195	980	45.925451851267
16	1641939	1000	45.769153176974
16	1703341	1020	45.723885973491
16	1766004	1040	45.803177857118
16	1830357	1060	45.899301340411
16	1896035	1080	45.357113925713
16	1963424	1100	45.466473824724
16	2032681	1120	45.424611879861
16	2103809	1140	45.265907437362
16	2176806	1160	46.296921497937
16	2251402	1180	45.346419598958
16	2328731	1200	45.718923305639
16	2407745	1220	45.665710624468
16	2488526	1240	45.550927753689
16	2570758	1260	45.839763193899
16	2655912	1280	46.076532666208
16	2743459	1300	46.119999802666
16	2832596	1320	45.651855543267
16	2923946	1340	45.739235260065
16	3017034	1360	45.614784513587
16	3112730	1380	45.707226022139
16	3210027	1400	45.524051618595
16	3308788	1420	45.716967982649
16	3410483	1440	45.409418968576
16	3515003	1460	45.421925169487
16	3621528	1480	45.651840816614
16	3730557	1500	45.71280716514
16	3842019	1520	45.865683756209
16	3956061	1540	45.590646079965
16	4071955	1560	45.816188389009
16	4190635	1580	45.842735026902
16	4311715	1600	45.911215018816
16	4434880	1620	45.379482559834
16	4560035	1640	45.514142543468
16	4687689	1660	45.930117101086
16	4818422	1680	45.29139952554
16	4951371	1700	45.735622812388
16	5085928	1720	45.498310002979
16	5223317	1740	45.884168112103
16	5362808	1760	45.512136002955
16	5504611	1780	45.145177721565
16	5649252	1800	45.623174253213
16	5796381	1820	45.169007640528
16	5947157	1840	45.649738119558
16	6100434	1860	45.65531226403
16	6255466	1880	45.505634002465
16	6412822	1900	45.542711079099
16	6572311	1920	45.508048341116
16	6733709	1940	45.470881048503
16	6898401	1960	45.657000589843
16	7065509	1980	45.551176851652
16	7236002	2000	45.675715238592
17	145625	240	0.20447281408703
17	171870	260	0.52703484873376
17	198784	280	0.87000780404424
17	226287	300	1.6114992675262
17	253754	320	0.48542344868161
17	281185	340	0.56252926035704
17	308927	360	1.0856022913857
17	336880	380	0.68544368785589
17	365724	400	0.4314455826785
17	394546	420	0.59351810669987
17	424444	440	1.9453285826393
17	454433	460	1.16111778814
17	485303	480	1.1928478005852
17	516456	500	0.28617797885241
17	548104	520	1.3728438890685
17	580834	540	1.1635893299812
17	614657	560	1.3970798775712
17	649021	580	1.3137143788302
17	684697	600	0.37949552825153
17	720634	620	1.7071564895704
17	758421	640	1.3406585893828
17	797304	660	1.0299367683044
17	837690	680	1.2786056678887
17	879535	700	0.92148492929184
17	921679	720	1.2508415872094
17	965561	740	1.423269740014
17	1010617	760	1.218689053465
17	1056724	780	0.98014574087622
17	1103841	800	1.4184572173187
17	1152352	820	1.1709138036574
17	1201618	840	1.314367466357
17	1252213	860	1.0710705040949
17	1304420	880	1.3738107133521
17	1357116	900	1.3256542160859
17	1411468	920	1.2737641412319
17	1466783	940	1.2938208789632
17	1524149	960	1.0975553801743
17	1582195	980	1.1283896103141
17	1641939	1000	1.1062451279231
17	1703341	1020	1.3058188158958
17	1766004	1040	1.1355380764366
17	1830357	1060	1.1449173533346
17	1896035	1080	1.0536114310299
17	1963424	1100	1.0929082708242
17	2032681	1120	1.2217788826707
17	2103809	1140	0.94473312552582
17	2176806	1160	1.0984955897632
17	2251402	1180	1.0851230932907
17	2328731	1200	1.2471135794889
17	2407745	1220	1.1092346800462
17	2488526	1240	1.067475210827
17	2570758	1260	1.0045162876601
17	2655912	1280	1.0984683395489
17	2743459	1300	0.98757321887664
17	2832596	1320	1.0513074008554
17	2923946	1340	0.89789815674315
17	3017034	1360	0.85360367288297
17	3112730	1380	1.0599942808823
17	3210027	1400	1.0733419814206
17	3308788	1420	1.2600987578169
17	3410483	1440	0.86772368295869
17	3515003	1460	0.72272612932772
17	3621528	1480	0.84012445870698
17	3730557	1500	0.9207508333175
17	3842019	1520	0.97815966447611
17	3956061	1540	0.96171521290883
17	4071955	1560	0.85081231244103
17	4190635	1580	1.0425136796828
17	4311715	1600	0.68402902136244
17	4434880	1620	0.56292211764734
17	4560035	1640	0.79894372349146
17	4687689	1660	0.61440778847831
17	4818422	1680	0.86658977321013
17	4951371	1700	0.75339458283437
17	5085928	1720	0.58550125058859
17	5223317	1740	1.1094288626974
17	5362808	1760	0.66129496183225
17	5504611	1780	0.67652498121361
17	5649252	1800	0.78620696022159
17	5796381	1820	0.6323421871033
17	5947157	1840	0.70838879393529
17	6100434	1860	0.89572768039907
17	6255466	1880	0.94343837906173
17	6412822	1900	0.7685542427323
17	6572311	1920	0.88672741674117
17	6733709	1940	0.8878635876728
17	6898401	1960	0.80665742443738
17	7065509	1980	0.9476722758874
17	7236002	2000	1.0060021446921
18	145625	240	0.041809131700668
18	171870	260	0.27776573177981
18	198784	280	0.75691357909788
18	226287	300	2.5969298892375
18	253754	320	0.23563592452995
18	281185	340	0.31643916875784
18	308927	360	1.1785323350619
18	336880	380	0.46983304922148
18	365724	400	0.18614529081279
18	394546	420	0.35226374298059
18	424444	440	3.7843032944334
18	454433	460	1.3481945179352
18	485303	480	1.4228858753609
18	516456	500	0.081897835580051
18	548104	520	1.8847003437526
18	580834	540	1.3539401288461
18	614657	560	1.9518321843143
18	649021	580	1.7258454691453
18	684697	600	0.14401685596291
18	720634	620	2.9143832798823
18	758421	640	1.7973654532859
18	797304	660	1.0607697467053
18	837690	680	1.634832453957
18	879535	700	0.84913447491199
18	921679	720	1.5646046762924
18	965561	740	2.0256967528396
18	1010617	760	1.4852030090355
18	1056724	780	0.9606856733578
18	1103841	800	2.0120208773634
18	1152352	820	1.3710391355953
18	1201618	840	1.7275618366178
18	1252213	860	1.1471920247422
18	1304420	880	1.887355876121
18	1357116	900	1.7573591006262
18	1411468	920	1.6224750874883
18	1466783	940	1.6739724668411
18	1524149	960	1.2046278125496
18	1582195	980	1.2732631126648
18	1641939	1000	1.2237782830537
18	1703341	1020	1.7051627799474
18	1766004	1040	1.2894467230373
18	1830357	1060	1.3108357459666
18	1896035	1080	1.110097047597
18	1963424	1100	1.194448488436
18	2032681	1120	1.49274363814
18	2103809	1140	0.89252067846578
18	2176806	1160	1.2066925607292
18	2251402	1180	1.1774921275929
18	2328731	1200	1.5552922801456
18	2407745	1220	1.2304015754171
18	2488526	1240	1.1395033257302
18	2570758	1260	1.0090529721745
18	2655912	1280	1.2066326929914
18	2743459	1300	0.97530086264236
18	2832596	1320	1.1052472510934
18	2923946	1340	0.80622109988275
18	3017034	1360	0.72863923035929
18	3112730	1380	1.1235878755032
18	3210027	1400	1.15206300908
18	3308788	1420	1.5878488794517
18	3410483	1440	0.75294438996738
18	3515003	1460	0.52233305801302
18	3621528	1480	0.7058091061177
18	3730557	1500	0.84778209705488
18	3842019	1520	0.95679632920802
18	3956061	1540	0.92489615074027
18	4071955	1560	0.72388159100125
18	4190635	1580	1.0868347723258
18	4311715	1600	0.46789570206606
18	4434880	1620	0.31688131053656
18	4560035	1640	0.63831107330639
18	4687689	1660	0.3774969305428
18	4818422	1680	0.75097783503239
18	4951371	1700	0.56760339744418
18	5085928	1720	0.3428117144408
18	5223317	1740	1.2308324013861
18	5362808	1760	0.43731102654472
18	5504611	1780	0.45768605020608
18	5649252	1800	0.61812138430087
18	5796381	1820	0.39985664159059
18	5947157	1840	0.50181468337309
18	6100434	1860	0.8023280774331
18	6255466	1880	0.89007597508662
18	6412822	1900	0.59067562402182
18	6572311	1920	0.78628551160047
18	6733709	1940	0.78830175031521
18	6898401	1960	0.65069620039996
18	7065509	1980	0.89808274248561
18	7236002	2000	1.0120403151251
19	145625	240	2077.4906319011
19	171870	260	2423.021024489
19	198784	280	2153.1807935958
19	226287	300	2642.1669732233
19	253754	320	3411.1132059219
19	281185	340	3495.2112323899
19	308927	360	2656.5692642043
19	336880	380	2079.6262018404
19	365724	400	2827.1218985597
19	394546	420	2758.0557161027
19	424444	440	2636.6432238873
19	454433	460	3730.9661276078
19	485303	480	3752.0143303431
19	516456	500	1622.9084467566
19	548104	520	3000.3292305329
19	580834	540	2627.9540988285
19	614657	560	3736.3443657697
19	649021	580	3587.3239458601
19	684697	600	3244.0943516526
19	720634	620	2172.5447179093
19	758421	640	3501.6489073422
19	797304	660	3595.6911179247
19	837690	680	955.46345161884
19	879535	700	3390.9778168303
19	921679	720	3910.2015380762
19	965561	740	2826.1822669851
19	1010617	760	4277.5236071696
19	1056724	780	3523.715581668
19	1103841	800	2333.0422798043
19	1152352	820	3914.4396348931
19	1201618	840	4702.251640754
19	1252213	860	3107.916655558
19	1304420	880	3883.9615482002
19	1357116	900	4487.902119113
19	1411468	920	4243.9529622627
19	1466783	940	3934.9464406363
19	1524149	960	4919.5438849044
19	1582195	980	3682.7783347799
19	1641939	1000	4421.078016881
19	1703341	1020	3578.953014841
19	1766004	1040	3445.1233747883
19	1830357	1060	3778.9674048057
19	1896035	1080	5073.3600632065
19	1963424	1100	4561.3381457607
19	2032681	1120	4570.5797948927
19	2103809	1140	4343.5034944039
19	2176806	1160	4612.1112171895
19	2251402	1180	4702.2963801019
19	2328731	1200	5955.9639573503
19	2407745	1220	4991.1412877199
19	2488526	1240	4718.735764898
19	2570758	1260	5681.8660799153
19	2655912	1280	5286.3672530338
19	2743459	1300	4547.4854005975
19	2832596	1320	5786.3920998243
19	2923946	1340	6055.4051416555
19	3017034	1360	6264.0097828223
19	3112730	1380	6316.8346673179
19	3210027	1400	5909.0613006932
19	3308788	1420	5617.4655830903
19	3410483	1440	5366.171901048
19	3515003	1460	5661.9935815024
19	3621528	1480	6118.1427088335
19	3730557	1500	6292.8652995866
19	3842019	1520	5938.9363531905
19	3956061	1540	4478.6538125249
19	4071955	1560	4793.0614076066
19	4190635	1580	5201.8183891262
19	4311715	1600	5401.7040179608
19	4434880	1620	4897.0522377984
19	4560035	1640	6715.4255384523
19	4687689	1660	3334.127849112
19	4818422	1680	5360.2614424042
19	4951371	1700	6564.1314728067
19	5085928	1720	5559.8449763402
19	5223317	1740	6183.9302393643
19	5362808	1760	6256.1465604686
19	5504611	1780	5073.9008726981
19	5649252	1800	7105.8905077992
19	5796381	1820	6440.1111411463
19	5947157	1840	5956.444538797
19	6100434	1860	7322.2000757936
19	6255466	1880	7099.5582081568
19	6412822	1900	7092.1084804904
19	6572311	1920	7378.6693255309
19	6733709	1940	7057.6100555748
19	6898401	1960	6293.7233546752
19	7065509	1980	6266.1039680379
19	7236002	2000	5985.7141482199
20	145625	240	46.166458486691
20	171870	260	46.596558163249
20	198784	280	45.812357310549
20	226287	300	46.353806547778
20	253754	320	46.09612440435
20	281185	340	46.602816431865
20	308927	360	46.606478319374
20	336880	380	46.213915596453
20	365724	400	46.346260632126
20	394546	420	45.967595268378
20	424444	440	47.082914712272
20	454433	460	46.637076595098
20	485303	480	46.900179129289
20	516456	500	46.368812764475
20	548104	520	46.880144227076
20	580834	540	46.927751764795
20	614657	560	47.901850843201
20	649021	580	47.201630866581
20	684697	600	47.015860168878
20	720634	620	47.229232998028
20	758421	640	47.319579828949
20	797304	660	46.697287245776
20	837690	680	47.773172580942
20	879535	700	47.096914122643
20	921679	720	47.110861904533
20	965561	740	47.103037783084
20	1010617	760	47.528040079662
20	1056724	780	46.98287442224
20	1103841	800	47.613107751107
20	1152352	820	47.737068718208
20	1201618	840	47.497491320747
20	1252213	860	47.089646296333
20	1304420	880	47.365384734149
20	1357116	900	48.257012033473
20	1411468	920	47.684864744524
20	1466783	940	47.408993260678
20	1524149	960	47.762561989363
20	1582195	980	47.828290062077
20	1641939	1000	48.055195835663
20	1703341	1020	47.719373531213
20	1766004	1040	47.848935760949
20	1830357	1060	47.835030440578
20	1896035	1080	47.414580029968
20	1963424	1100	47.513939018341
20	2032681	1120	48.111366262028
20	2103809	1140	46.704338649504
20	2176806	1160	48.54853912831
20	2251402	1180	47.497943233353
20	2328731	1200	48.031967397986
20	2407745	1220	47.534678930665
20	2488526	1240	47.663997625233
20	2570758	1260	47.746773780801
20	2655912	1280	48.057884118489
20	2743459	1300	48.377504261676
20	2832596	1320	48.219934165202
20	2923946	1340	48.443241133244
20	3017034	1360	47.816868571162
20	3112730	1380	48.591035902445
20	3210027	1400	47.272490405546
20	3308788	1420	48.012526351199
20	3410483	1440	47.9122491165
20	3515003	1460	47.98299645341
20	3621528	1480	48.174352038059
20	3730557	1500	48.037139691501
20	3842019	1520	48.284035391793
20	3956061	1540	48.157567876612
20	4071955	1560	48.414761692996
20	4190635	1580	48.615125132021
20	4311715	1600	48.664000161809
20	4434880	1620	48.010316056847
20	4560035	1640	48.3124139457
20	4687689	1660	49.031291898706
20	4818422	1680	47.859477164323
20	4951371	1700	48.265672594167
20	5085928	1720	48.346478055132
20	5223317	1740	48.311954995034
20	5362808	1760	48.497260158671
20	5504611	1780	47.866989365077
20	5649252	1800	48.670482930132
20	5796381	1820	47.704526971454
20	5947157	1840	48.426378364203
20	6100434	1860	48.491391230421
20	6255466	1880	48.296314341202
20	6412822	1900	48.911092968899
20	6572311	1920	48.226596898895
20	6733709	1940	48.339794901197
20	6898401	1960	48.413256574425
20	7065509	1980	48.574449364635
20	7236002	2000	48.664342668454
21	145625	240	1.8083325320112
21	171870	260	2.5976170485947
21	198784	280	2.6239510448194
21	226287	300	2.2893044762392
21	253754	320	1.8257979708732
21	281185	340	1.8459900537106
21	308927	360	2.7114213496036
21	336880	380	1.6930406862558
21	365724	400	2.181006092408
21	394546	420	1.6323373239026
21	424444	440	2.7168944053188
21	454433	460	2.4366138268743
21	485303	480	3.1948178470614
21	516456	500	1.9965737753994
21	548104	520	2.5015529724078
21	580834	540	2.3528055002889
21	614657	560	3.0619676818757
21	649021	580	2.900270934464
21	684697	600	1.9047432052464
21	720634	620	2.225090511818
21	758421	640	2.5252115714227
21	797304	660	2.294910501644
21	837690	680	2.1565398428598
21	879535	700	2.3090404802683
21	921679	720	2.536433973412
21	965561	740	2.5075771603379
21	1010617	760	2.4814940596103
21	1056724	780	2.2293306958484
21	1103841	800	2.7679198983921
21	1152352	820	2.5295979774108
21	1201618	840	2.7153045820723
21	1252213	860	2.4279377494825
21	1304420	880	2.4320216988946
21	1357116	900	3.246848002574
21	1411468	920	2.1963454617956
21	1466783	940	2.5693879733095
21	1524149	960	2.2983385610864
21	1582195	980	2.7670147294607
21	1641939	1000	3.0924787165559
21	1703341	1020	2.7316213014069
21	1766004	1040	2.905266097914
21	1830357	1060	3.0952199113519
21	1896035	1080	3.273225816504
21	1963424	1100	2.5759675761975
21	2032681	1120	2.8879059417307
21	2103809	1140	2.5590391262269
21	2176806	1160	3.2423873222488
21	2251402	1180	2.8959648982488
21	2328731	1200	2.8511358064133
21	2407745	1220	2.5026758580465
21	2488526	1240	2.9192429528389
21	2570758	1260	2.9359183357166
21	2655912	1280	2.771810832135
21	2743459	1300	2.6537110994716
21	2832596	1320	2.9648822823451
21	2923946	1340	3.5416233044232
21	3017034	1360	2.6389083364762
21	3112730	1380	3.0111812858287
21	3210027	1400	2.5259528200974
21	3308788	1420	2.7524726543135
21	3410483	1440	2.7844554445806
21	3515003	1460	2.7275610191728
21	3621528	1480	2.3525113407546
21	3730557	1500	2.6417951120702
21	3842019	1520	2.8125873291917
21	3956061	1540	3.1045057407321
21	4071955	1560	2.9176662076455
21	4190635	1580	2.6525822157723
21	4311715	1600	3.1185567939794
21	4434880	1620	2.8453062094902
21	4560035	1640	2.7539767923281
21	4687689	1660	2.9384564671892
21	4818422	1680	2.7276113322324
21	4951371	1700	2.754217652422
21	5085928	1720	3.0563740448748
21	5223317	1740	3.2914484375755
21	5362808	1760	3.0700104690549
21	5504611	1780	2.9016908251484
21	5649252	1800	2.8995169412878
21	5796381	1820	2.733692427852
21	5947157	1840	2.6792445836313
21	6100434	1860	2.7539834469828
21	6255466	1880	2.7144711834266
21	6412822	1900	3.0439232318718
21	6572311	1920	2.8591819947109
21	6733709	1940	2.7160230187357
21	6898401	1960	2.4652749775724
21	7065509	1980	2.4958852987471
21	7236002	2000	2.6151584470869
22	145625	240	3.27006654633
22	171870	260	6.7476143311501
22	198784	280	6.8851190856088
22	226287	300	5.2409149849286
22	253754	320	3.3335382304445
22	281185	340	3.4076792783985
22	308927	360	7.3518057350863
22	336880	380	2.8663867653174
22	365724	400	4.7567875751209
22	394546	420	2.6645251390055
22	424444	440	7.3815152096526
22	454433	460	5.937086941315
22	485303	480	10.206861075902
22	516456	500	3.9863068406126
22	548104	520	6.2577672737623
22	580834	540	5.5356937221895
22	614657	560	9.3756460848511
22	649021	580	8.4115714932966
22	684697	600	3.6280466779323
22	720634	620	4.9510277857824
22	758421	640	6.3766934804471
22	797304	660	5.266614210556
22	837690	680	4.6506640938418
22	879535	700	5.3316679395175
22	921679	720	6.4334973014787
22	965561	740	6.2879432150481
22	1010617	760	6.157812767881
22	1056724	780	4.969915351452
22	1103841	800	7.6613805639152
22	1152352	820	6.3988659273206
22	1201618	840	7.372878973423
22	1252213	860	5.8948817153623
22	1304420	880	5.9147295438939
22	1357116	900	10.542021951819
22	1411468	920	4.8239333875502
22	1466783	940	6.6017545573877
22	1524149	960	5.2823601413767
22	1582195	980	7.6563705130522
22	1641939	1000	9.5634246123514
22	1703341	1020	7.4617549342998
22	1766004	1040	8.4405710996885
22	1830357	1060	9.5803862996295
22	1896035	1080	10.714007245828
22	1963424	1100	6.6356089536209
22	2032681	1120	8.3400007282837
22	2103809	1140	6.5486812495601
22	2176806	1160	10.51307554748
22	2251402	1180	8.3866126918893
22	2328731	1200	8.1289753866119
22	2407745	1220	6.2633864504489
22	2488526	1240	8.5219794176994
22	2570758	1260	8.6196164739969
22	2655912	1280	7.6829352891408
22	2743459	1300	7.0421825994589
22	2832596	1320	8.7905269481637
22	2923946	1340	12.543095630434
22	3017034	1360	6.9638372083233
22	3112730	1380	9.0672127361251
22	3210027	1400	6.3804376493582
22	3308788	1420	7.5761057127434
22	3410483	1440	7.7531921228543
22	3515003	1460	7.439589113311
22	3621528	1480	5.5343096083792
22	3730557	1500	6.9790814141581
22	3842019	1520	7.91064748433
22	3956061	1540	9.6379558942383
22	4071955	1560	8.5127760992363
22	4190635	1580	7.0361924114314
22	4311715	1600	9.7253964772748
22	4434880	1620	8.0957674257633
22	4560035	1640	7.5843881726817
22	4687689	1660	8.634526409566
22	4818422	1680	7.4398635797224
22	4951371	1700	7.585714876913
22	5085928	1720	9.3414223021846
22	5223317	1740	10.833632817218
22	5362808	1760	9.4249642801067
22	5504611	1780	8.4198096447505
22	5649252	1800	8.4071984928152
22	5796381	1820	7.4730742900953
22	5947157	1840	7.1783515389176
22	6100434	1860	7.5844248262552
22	6255466	1880	7.3683538056536
22	6412822	1900	9.2654686415286
22	6572311	1920	8.1749216788787
22	6733709	1940	7.3767810383019
22	6898401	1960	6.0775807150444
22	7065509	1980	6.2294434245018
22	7236002	2000	6.8390537033702
23	145625	240	3318.0100420311
23	171870	260	3268.1806767167
23	198784	280	3777.9751509627
23	226287	300	4006.7259597065
23	253754	320	3608.6721450639
23	281185	340	3693.2668122186
23	308927	360	3967.8730874892
23	336880	380	4114.3734636862
23	365724	400	4020.3079640451
23	394546	420	4040.7054455911
23	424444	440	4268.0240063491
23	454433	460	4086.0433212812
23	485303	480	4126.2618261412
23	516456	500	4460.0163170457
23	548104	520	4363.5447331874
23	580834	540	4364.8704031198
23	614657	560	4057.3181831114
23	649021	580	4323.8841515698
23	684697	600	4422.27317973
23	720634	620	4725.8608785583
23	758421	640	4638.0491164389
23	797304	660	4690.862898056
23	837690	680	5135.1835075738
23	879535	700	4832.2376387274
23	921679	720	4733.5592001166
23	965561	740	5095.7861555959
23	1010617	760	4637.7876186134
23	1056724	780	5146.2635532771
23	1103841	800	5380.8238215936
23	1152352	820	5152.965382667
23	1201618	840	4962.7484557018
23	1252213	860	5253.3825838351
23	1304420	880	5339.4242391852
23	1357116	900	5014.1165783539
23	1411468	920	5198.2398479629
23	1466783	940	5617.5048047378
23	1524149	960	4982.3058629678
23	1582195	980	5565.3949276868
23	1641939	1000	5438.7591468916
23	1703341	1020	5709.7933357286
23	1766004	1040	5897.6753718171
23	1830357	1060	5701.5575128023
23	1896035	1080	5808.0549751793
23	1963424	1100	5898.8075749837
23	2032681	1120	5853.800004544
23	2103809	1140	6032.9143123734
23	2176806	1160	5786.2800090343
23	2251402	1180	5939.9451185373
23	2328731	1200	5708.0391080231
23	2407745	1220	6165.6897171012
23	2488526	1240	6167.3418036328
23	2570758	1260	5936.4572564569
23	2655912	1280	6247.7177930053
23	2743459	1300	6293.761590138
23	2832596	1320	5887.1142246051
23	2923946	1340	6257.647700758
23	3017034	1360	6252.4894206589
23	3112730	1380	6112.0549653592
23	3210027	1400	6579.7895786678
23	3308788	1420	6622.8537023027
23	3410483	1440	6393.3785847433
23	3515003	1460	6663.4037147214
23	3621528	1480	6757.2391194023
23	3730557	1500	6707.9066095742
23	3842019	1520	6695.3202396755
23	3956061	1540	7306.2332805891
23	4071955	1560	7026.5048610652
23	4190635	1580	6987.6566699007
23	4311715	1600	7205.1448132671
23	4434880	1620	7172.1923356048
23	4560035	1640	6931.4437848707
23	4687689	1660	7572.8927427529
23	4818422	1680	7443.976711695
23	4951371	1700	7251.1493637001
23	5085928	1720	7488.6279364791
23	5223317	1740	7338.9294652917
23	5362808	1760	7483.759409024
23	5504611	1780	7621.1389554038
23	5649252	1800	7383.2876133236
23	5796381	1820	7621.4622945173
23	5947157	1840	7746.1824402144
23	6100434	1860	7520.9219674652
23	6255466	1880	7563.4941422468
23	6412822	1900	7744.528297183
23	6572311	1920	7743.1665178806
23	6733709	1940	7789.4492841006
23	6898401	1960	7968.8633958606
23	7065509	1980	8011.4854124376
23	7236002	2000	8289.4711932158
24	145625	240	44.837973540961
24	171870	260	44.769598311188
24	198784	280	44.975894654317
24	226287	300	45.019392805692
24	253754	320	45.108401813299
24	281185	340	45.039839173398
24	308927	360	45.089466903286
24	336880	380	45.212895205343
24	365724	400	45.171999596012
24	394546	420	45.401184781922
24	424444	440	45.404510705841
24	454433	460	45.400481347569
24	485303	480	45.343536551002
24	516456	500	45.510370582099
24	548104	520	45.453590970702
24	580834	540	45.467400032498
24	614657	560	45.587844754061
24	649021	580	45.514570016524
24	684697	600	45.590445151856
24	720634	620	45.440969986137
24	758421	640	45.471069769009
24	797304	660	45.542358233553
24	837690	680	45.444101836936
24	879535	700	45.587147535165
24	921679	720	45.514992308813
24	965561	740	45.498090674964
24	1010617	760	45.468506064838
24	1056724	780	45.542155338736
24	1103841	800	45.600201877912
24	1152352	820	45.601463563424
24	1201618	840	45.529802345888
24	1252213	860	45.681587685523
24	1304420	880	45.63610460842
24	1357116	900	45.582877985036
24	1411468	920	45.598595157569
24	1466783	940	45.670770770226
24	1524149	960	45.709228100622
24	1582195	980	45.617991210547
24	1641939	1000	45.703858377241
24	1703341	1020	45.678346685828
24	1766004	1040	45.718413735016
24	1830357	1060	45.612460102419
24	1896035	1080	45.732716339994
24	1963424	1100	45.727190503749
24	2032681	1120	45.7328125355
24	2103809	1140	45.703896305859
24	2176806	1160	45.561259913656
24	2251402	1180	45.69188552721
24	2328731	1200	45.664312864185
24	2407745	1220	45.671775682231
24	2488526	1240	45.684013360243
24	2570758	1260	45.665055818899
24	2655912	1280	45.603779510987
24	2743459	1300	45.606968044479
24	2832596	1320	45.636544376784
24	2923946	1340	45.676260589475
24	3017034	1360	45.638608909919
24	3112730	1380	45.612350487755
24	3210027	1400	45.692983185193
24	3308788	1420	45.674853119329
24	3410483	1440	45.666989891023
24	3515003	1460	45.639751470695
24	3621528	1480	45.657021077043
24	3730557	1500	45.632017752205
24	3842019	1520	45.546396188269
24	3956061	1540	45.663958003682
24	4071955	1560	45.626654941982
24	4190635	1580	45.670958626802
24	4311715	1600	45.60218236245
24	4434880	1620	45.682753729967
24	4560035	1640	45.601603847834
24	4687689	1660	45.619835799716
24	4818422	1680	45.668568783405
24	4951371	1700	45.604712979246
24	5085928	1720	45.662365466336
24	5223317	1740	45.583412827899
24	5362808	1760	45.632679323317
24	5504611	1780	45.635562607208
24	5649252	1800	45.575849464961
24	5796381	1820	45.637498769565
24	5947157	1840	45.565779060085
24	6100434	1860	45.581345257365
24	6255466	1880	45.563217724378
24	6412822	1900	45.556048806959
24	6572311	1920	45.548038340474
24	6733709	1940	45.55233499474
24	6898401	1960	45.53636226206
24	7065509	1980	45.519803479759
24	7236002	2000	45.546545017669
25	145625	240	0.40522695405374
25	171870	260	0.3627930762645
25	198784	280	0.61066570808703
25	226287	300	0.73119370874746
25	253754	320	0.90788540690653
25	281185	340	0.81015741439802
25	308927	360	0.95715901930125
25	336880	380	1.189819975902
25	365724	400	1.1223472639785
25	394546	420	1.408237140113
25	424444	440	1.464723704588
25	454433	460	1.4158009235371
25	485303	480	1.2689655237668
25	516456	500	1.4652603132005
25	548104	520	1.3428967788523
25	580834	540	1.341476321651
25	614657	560	1.3785631363676
25	649021	580	1.3459539267477
25	684697	600	1.3584394349409
25	720634	620	1.2402505178197
25	758421	640	1.2458870095054
25	797304	660	1.2463990569885
25	837690	680	1.1792331680133
25	879535	700	1.2061630088263
25	921679	720	1.1349944907764
25	965561	740	1.0902532243451
25	1010617	760	1.0929852547706
25	1056724	780	1.2288661821467
25	1103841	800	1.2402778845579
25	1152352	820	1.1830819448705
25	1201618	840	1.1027069895473
25	1252213	860	1.2623449051588
25	1304420	880	1.1902307381751
25	1357116	900	1.1959194264284
25	1411468	920	1.2020486093986
25	1466783	940	1.2598187182714
25	1524149	960	1.1760283365252
25	1582195	980	1.1585437000032
25	1641939	1000	1.2191202220392
25	1703341	1020	1.1510855026778
25	1766004	1040	1.1896817194779
25	1830357	1060	1.1024752000582
25	1896035	1080	1.1464002446117
25	1963424	1100	1.1516944278627
25	2032681	1120	1.1252921092308
25	2103809	1140	1.0868184365225
25	2176806	1160	1.0588243162958
25	2251402	1180	1.0933831630265
25	2328731	1200	1.0668018306123
25	2407745	1220	1.0884088398049
25	2488526	1240	1.0713687559416
25	2570758	1260	1.0806207107498
25	2655912	1280	0.98841284750236
25	2743459	1300	0.99011075444263
25	2832596	1320	0.99997682115141
25	2923946	1340	1.0006032435484
25	3017034	1360	1.0088086017728
25	3112730	1380	0.92386248081353
25	3210027	1400	0.93463005002823
25	3308788	1420	0.98510911184991
25	3410483	1440	0.95283836689786
25	3515003	1460	0.93386526765623
25	3621528	1480	0.92327520782096
25	3730557	1500	0.90393115483836
25	3842019	1520	0.83610702155571
25	3956061	1540	0.90890103811382
25	4071955	1560	0.87259080925686
25	4190635	1580	0.92844812187079
25	4311715	1600	0.85133562494336
25	4434880	1620	0.90575178470267
25	4560035	1640	0.799159096001
25	4687689	1660	0.87637727160568
25	4818422	1680	0.85202726799042
25	4951371	1700	0.84391672029462
25	5085928	1720	0.94801515748109
25	5223317	1740	0.83622171738595
25	5362808	1760	0.87063079214608
25	5504611	1780	0.84830519305201
25	5649252	1800	0.83654269427819
25	5796381	1820	0.85181073111291
25	5947157	1840	0.87068063053906
25	6100434	1860	0.84544060485487
25	6255466	1880	0.81428563264042
25	6412822	1900	0.88394823264469
25	6572311	1920	0.83136871846843
25	6733709	1940	0.8719325368242
25	6898401	1960	0.85330430278584
25	7065509	1980	0.81997140915892
25	7236002	2000	0.81533195444299
26	145625	240	0.16420888429167
26	171870	260	0.13161881618546
26	198784	280	0.37291260703343
26	226287	300	0.53464423971186
26	253754	320	0.82425591207383
26	281185	340	0.65635503610408
26	308927	360	0.91615338822973
26	336880	380	1.4156715750555
26	365724	400	1.2596633809599
26	394546	420	1.9831318427935
26	424444	440	2.1454155307819
26	454433	460	2.0044922550886
26	485303	480	1.6102735005088
26	516456	500	2.1469877854403
26	548104	520	1.803371758652
26	580834	540	1.7995587215502
26	614657	560	1.9004363209516
26	649021	580	1.8115919729275
26	684697	600	1.8453576984025
26	720634	620	1.538221346952
26	758421	640	1.5522344404543
26	797304	660	1.5535106092619
26	837690	680	1.3905908645427
26	879535	700	1.4548292038609
26	921679	720	1.2882124940928
26	965561	740	1.1886520931948
26	1010617	760	1.1946167671459
26	1056724	780	1.5101120936238
26	1103841	800	1.5382892309233
26	1152352	820	1.3996828882786
26	1201618	840	1.2159627047965
26	1252213	860	1.5935146595803
26	1304420	880	1.4166492100969
26	1357116	900	1.4302232745088
26	1411468	920	1.4449208593571
26	1466783	940	1.5871432029071
26	1524149	960	1.3830426483102
26	1582195	980	1.342223504817
26	1641939	1000	1.4862541157849
26	1703341	1020	1.3249978344749
26	1766004	1040	1.4153425936598
26	1830357	1060	1.2154515667434
26	1896035	1080	1.3142335208457
26	1963424	1100	1.32640005517
26	2032681	1120	1.2662823310972
26	2103809	1140	1.1811743139653
26	2176806	1160	1.1211089327794
26	2251402	1180	1.1954867411899
26	2328731	1200	1.1380661457978
26	2407745	1220	1.1846338025655
26	2488526	1240	1.1478310112078
26	2570758	1260	1.1677411205015
26	2655912	1280	0.97695995710773
26	2743459	1300	0.98031930606295
26	2832596	1320	0.99995364284007
26	2923946	1340	1.0012068509996
26	3017034	1360	1.0176947950109
26	3112730	1380	0.85352188345492
26	3210027	1400	0.87353333041578
26	3308788	1420	0.97043996224971
26	3410483	1440	0.90790095343258
26	3515003	1460	0.87210433813464
26	3621528	1480	0.85243710937684
26	3730557	1500	0.81709153268741
26	3842019	1520	0.69907495149476
26	3956061	1540	0.82610109708437
26	4071955	1560	0.76141472039954
26	4190635	1580	0.8620159150054
26	4311715	1600	0.7247723462977
26	4434880	1620	0.82038629549207
26	4560035	1640	0.63865526072114
26	4687689	1660	0.76803712218701
26	4818422	1680	0.72595046539922
26	4951371	1700	0.71219543079282
26	5085928	1720	0.8987327388139
26	5223317	1740	0.69926676062791
26	5362808	1760	0.75799797623291
26	5504611	1780	0.71962170055901
26	5649252	1800	0.69980367935021
26	5796381	1820	0.7255815216391
26	5947157	1840	0.75808476039589
26	6100434	1860	0.71476981633737
26	6255466	1880	0.6630610915246
26	6412822	1900	0.78136447799567
26	6572311	1920	0.69117394604783
26	6733709	1940	0.76026634877268
26	6898401	1960	0.72812823315282
26	7065509	1980	0.67235311183806
26	7236002	2000	0.66476619593583
