version 2
run statisticRVV-241-20150326-11:07:47-9264
attr c 14
attr configname statisticRVV
attr datetime 20150326-11:07:47
attr experiment statisticRVV
attr inifile omnetpp.ini
attr iterationvars "$sc=\"erlangen-high.launchd.xml\", $p=1/15, $c=14"
attr iterationvars2 "$sc=\"erlangen-high.launchd.xml\", $p=1/15, $c=14, $repetition=1"
attr measurement "$sc=\"erlangen-high.launchd.xml\", $p=1/15, $c=14"
attr network RSUExampleScenario
attr p 1/15
attr processid 9264
attr repetition 1
attr replication #1
attr resultdir results
attr runnumber 241
attr sc "\"erlangen-high.launchd.xml\""
attr seedset 241

vector 0  RSUExampleScenario.rsu[0].appl  Number_CH  ETV
vector 1  RSUExampleScenario.rsu[0].appl  Number_ON  ETV
vector 2  RSUExampleScenario.rsu[0].appl  Number_FN  ETV
vector 3  RSUExampleScenario.rsu[0].appl  Number_CH_Losts  ETV
vector 4  RSUExampleScenario.rsu[0].appl  Mean_Cluster_Size  ETV
vector 5  RSUExampleScenario.rsu[0].appl  StdDev_Cluster_Size  ETV
vector 6  RSUExampleScenario.rsu[0].appl  Variance_Cluster_Size  ETV
vector 7  RSUExampleScenario.rsu[0].appl  Mean_Neighbors  ETV
vector 8  RSUExampleScenario.rsu[0].appl  StdDev_Neighbors  ETV
vector 9  RSUExampleScenario.rsu[0].appl  Variance_Neighbors  ETV
vector 10  RSUExampleScenario.rsu[0].appl  Total_CH_Utility  ETV
vector 11  RSUExampleScenario.rsu[0].appl  Mean_CH_Utility  ETV
vector 12  RSUExampleScenario.rsu[0].appl  StdDev_CH_Utility  ETV
vector 13  RSUExampleScenario.rsu[0].appl  Variance_CH_Utility  ETV
vector 14  RSUExampleScenario.rsu[0].appl  Total_exp_CH_Utility  ETV
vector 15  RSUExampleScenario.rsu[0].appl  Mean_exp_CH_Utility  ETV
vector 16  RSUExampleScenario.rsu[0].appl  StdDev_exp_CH_Utility  ETV
vector 17  RSUExampleScenario.rsu[0].appl  Variance_exp_CH_Utility  ETV
vector 18  RSUExampleScenario.rsu[0].appl  Total_ON_Utility  ETV
vector 19  RSUExampleScenario.rsu[0].appl  Mean_ON_Utility  ETV
vector 20  RSUExampleScenario.rsu[0].appl  StdDev_ON_Utility  ETV
vector 21  RSUExampleScenario.rsu[0].appl  Variance_ON_Utility  ETV
vector 22  RSUExampleScenario.rsu[0].appl  Total_exp_ON_Utility  ETV
vector 23  RSUExampleScenario.rsu[0].appl  Mean_exp_ON_Utility  ETV
vector 24  RSUExampleScenario.rsu[0].appl  StdDev_exp_ON_Utility  ETV
vector 25  RSUExampleScenario.rsu[0].appl  Variance_exp_ON_Utility  ETV
0	356982	240	3
0	425967	260	11
0	500353	280	6
0	579816	300	7
0	664671	320	9
0	754424	340	7
0	849402	360	9
0	946173	380	5
0	1045721	400	8
0	1146707	420	10
0	1251827	440	8
0	1360778	460	9
0	1473877	480	9
0	1592705	500	11
0	1715375	520	13
0	1842930	540	14
0	1975591	560	12
0	2114761	580	15
0	2258986	600	13
0	2411542	620	11
0	2572773	640	8
0	2740998	660	13
0	2916352	680	12
0	3100232	700	7
0	3292792	720	9
0	3494325	740	12
0	3704458	760	17
0	3923285	780	12
0	4151164	800	10
0	4387977	820	22
0	4633822	840	10
0	4889338	860	16
0	5153096	880	12
0	5425750	900	12
0	5707093	920	15
0	5996685	940	16
0	6296762	960	16
0	6605913	980	16
0	6924352	1000	15
0	7252033	1020	14
0	7588855	1040	18
0	7935292	1060	13
0	8291072	1080	19
0	8657081	1100	15
0	9034544	1120	22
0	9425659	1140	14
0	9830875	1160	9
0	10247912	1180	16
0	10678285	1200	19
0	11120209	1220	16
0	11574856	1240	24
0	12044730	1260	11
0	12529553	1280	18
0	13031057	1300	22
0	13546373	1320	20
0	14073075	1340	27
0	14610686	1360	19
0	15159254	1380	17
0	15719488	1400	21
0	16291947	1420	25
0	16882240	1440	20
0	17494198	1460	22
0	18127007	1480	19
0	18773448	1500	9
0	19432161	1520	18
0	20101725	1540	18
0	20778064	1560	24
0	21466651	1580	16
0	22165447	1600	23
0	22877653	1620	19
0	23606669	1640	26
0	24355242	1660	23
0	25126408	1680	22
0	25914967	1700	24
0	26718578	1720	18
0	27539619	1740	24
0	28381318	1760	27
0	29241096	1780	24
0	30119477	1800	25
0	31015509	1820	20
0	31929079	1840	20
0	32861764	1860	28
0	33816508	1880	24
0	34793927	1900	26
0	35789337	1920	26
0	36801984	1940	25
0	37841393	1960	30
0	38910534	1980	26
0	40006754	2000	23
1	356982	240	5
1	425967	260	14
1	500353	280	8
1	579816	300	8
1	664671	320	11
1	754424	340	10
1	849402	360	13
1	946173	380	6
1	1045721	400	9
1	1146707	420	14
1	1251827	440	12
1	1360778	460	13
1	1473877	480	12
1	1592705	500	14
1	1715375	520	16
1	1842930	540	21
1	1975591	560	16
1	2114761	580	19
1	2258986	600	20
1	2411542	620	18
1	2572773	640	13
1	2740998	660	19
1	2916352	680	16
1	3100232	700	9
1	3292792	720	14
1	3494325	740	19
1	3704458	760	23
1	3923285	780	17
1	4151164	800	16
1	4387977	820	35
1	4633822	840	14
1	4889338	860	26
1	5153096	880	20
1	5425750	900	20
1	5707093	920	21
1	5996685	940	22
1	6296762	960	25
1	6605913	980	24
1	6924352	1000	22
1	7252033	1020	21
1	7588855	1040	23
1	7935292	1060	20
1	8291072	1080	30
1	8657081	1100	22
1	9034544	1120	33
1	9425659	1140	19
1	9830875	1160	15
1	10247912	1180	23
1	10678285	1200	30
1	11120209	1220	23
1	11574856	1240	36
1	12044730	1260	16
1	12529553	1280	28
1	13031057	1300	35
1	13546373	1320	31
1	14073075	1340	42
1	14610686	1360	30
1	15159254	1380	28
1	15719488	1400	35
1	16291947	1420	36
1	16882240	1440	27
1	17494198	1460	38
1	18127007	1480	28
1	18773448	1500	14
1	19432161	1520	33
1	20101725	1540	31
1	20778064	1560	39
1	21466651	1580	31
1	22165447	1600	34
1	22877653	1620	34
1	23606669	1640	35
1	24355242	1660	37
1	25126408	1680	35
1	25914967	1700	40
1	26718578	1720	26
1	27539619	1740	37
1	28381318	1760	39
1	29241096	1780	38
1	30119477	1800	37
1	31015509	1820	30
1	31929079	1840	32
1	32861764	1860	40
1	33816508	1880	44
1	34793927	1900	42
1	35789337	1920	41
1	36801984	1940	37
1	37841393	1960	47
1	38910534	1980	44
1	40006754	2000	40
2	356982	240	104
2	425967	260	96
2	500353	280	116
2	579816	300	124
2	664671	320	130
2	754424	340	142
2	849402	360	146
2	946173	380	164
2	1045721	400	163
2	1146707	420	155
2	1251827	440	165
2	1360778	460	167
2	1473877	480	171
2	1592705	500	175
2	1715375	520	174
2	1842930	540	170
2	1975591	560	180
2	2114761	580	178
2	2258986	600	182
2	2411542	620	191
2	2572773	640	205
2	2740998	660	196
2	2916352	680	205
2	3100232	700	221
2	3292792	720	218
2	3494325	740	214
2	3704458	760	209
2	3923285	780	226
2	4151164	800	231
2	4387977	820	202
2	4633822	840	240
2	4889338	860	225
2	5153096	880	241
2	5425750	900	245
2	5707093	920	245
2	5996685	940	247
2	6296762	960	248
2	6605913	980	253
2	6924352	1000	259
2	7252033	1020	266
2	7588855	1040	265
2	7935292	1060	277
2	8291072	1080	265
2	8657081	1100	280
2	9034544	1120	265
2	9425659	1140	292
2	9830875	1160	305
2	10247912	1180	292
2	10678285	1200	287
2	11120209	1220	300
2	11574856	1240	282
2	12044730	1260	322
2	12529553	1280	307
2	13031057	1300	298
2	13546373	1320	307
2	14073075	1340	295
2	14610686	1360	319
2	15159254	1380	327
2	15719488	1400	321
2	16291947	1420	319
2	16882240	1440	339
2	17494198	1460	328
2	18127007	1480	346
2	18773448	1500	371
2	19432161	1520	348
2	20101725	1540	355
2	20778064	1560	343
2	21466651	1580	363
2	22165447	1600	360
2	22877653	1620	364
2	23606669	1640	361
2	24355242	1660	366
2	25126408	1680	373
2	25914967	1700	370
2	26718578	1720	394
2	27539619	1740	381
2	28381318	1760	382
2	29241096	1780	387
2	30119477	1800	392
2	31015509	1820	408
2	31929079	1840	411
2	32861764	1860	400
2	33816508	1880	403
2	34793927	1900	407
2	35789337	1920	410
2	36801984	1940	418
2	37841393	1960	406
2	38910534	1980	418
2	40006754	2000	429
3	356982	240	3
3	425967	260	6
3	500353	280	1
3	579816	300	1
3	664671	320	0
3	754424	340	3
3	849402	360	2
3	946173	380	0
3	1045721	400	1
3	1146707	420	2
3	1251827	440	5
3	1360778	460	2
3	1473877	480	1
3	1592705	500	1
3	1715375	520	0
3	1842930	540	2
3	1975591	560	2
3	2114761	580	4
3	2258986	600	3
3	2411542	620	4
3	2572773	640	0
3	2740998	660	2
3	2916352	680	4
3	3100232	700	1
3	3292792	720	4
3	3494325	740	3
3	3704458	760	3
3	3923285	780	2
3	4151164	800	3
3	4387977	820	6
3	4633822	840	10
3	4889338	860	3
3	5153096	880	5
3	5425750	900	3
3	5707093	920	4
3	5996685	940	3
3	6296762	960	1
3	6605913	980	2
3	6924352	1000	7
3	7252033	1020	2
3	7588855	1040	3
3	7935292	1060	4
3	8291072	1080	1
3	8657081	1100	4
3	9034544	1120	3
3	9425659	1140	4
3	9830875	1160	5
3	10247912	1180	7
3	10678285	1200	6
3	11120209	1220	5
3	11574856	1240	5
3	12044730	1260	9
3	12529553	1280	6
3	13031057	1300	3
3	13546373	1320	2
3	14073075	1340	10
3	14610686	1360	6
3	15159254	1380	8
3	15719488	1400	6
3	16291947	1420	1
3	16882240	1440	8
3	17494198	1460	7
3	18127007	1480	4
3	18773448	1500	8
3	19432161	1520	5
3	20101725	1540	6
3	20778064	1560	7
3	21466651	1580	9
3	22165447	1600	8
3	22877653	1620	3
3	23606669	1640	4
3	24355242	1660	7
3	25126408	1680	10
3	25914967	1700	6
3	26718578	1720	8
3	27539619	1740	10
3	28381318	1760	8
3	29241096	1780	5
3	30119477	1800	10
3	31015509	1820	8
3	31929079	1840	6
3	32861764	1860	7
3	33816508	1880	9
3	34793927	1900	12
3	35789337	1920	5
3	36801984	1940	6
3	37841393	1960	7
3	38910534	1980	8
3	40006754	2000	6
4	356982	240	1.6666666666667
4	425967	260	1.2727272727273
4	500353	280	1.3333333333333
4	579816	300	1.1428571428571
4	664671	320	1.2222222222222
4	754424	340	1.4285714285714
4	849402	360	1.4444444444444
4	946173	380	1.2
4	1045721	400	1.125
4	1146707	420	1.4
4	1251827	440	1.5
4	1360778	460	1.4444444444444
4	1473877	480	1.3333333333333
4	1592705	500	1.2727272727273
4	1715375	520	1.2307692307692
4	1842930	540	1.5
4	1975591	560	1.3333333333333
4	2114761	580	1.2666666666667
4	2258986	600	1.5384615384615
4	2411542	620	1.6363636363636
4	2572773	640	1.625
4	2740998	660	1.4615384615385
4	2916352	680	1.3333333333333
4	3100232	700	1.2857142857143
4	3292792	720	1.5555555555556
4	3494325	740	1.5833333333333
4	3704458	760	1.3529411764706
4	3923285	780	1.4166666666667
4	4151164	800	1.6
4	4387977	820	1.5909090909091
4	4633822	840	1.4
4	4889338	860	1.625
4	5153096	880	1.6666666666667
4	5425750	900	1.6666666666667
4	5707093	920	1.4
4	5996685	940	1.375
4	6296762	960	1.5625
4	6605913	980	1.5
4	6924352	1000	1.4666666666667
4	7252033	1020	1.5
4	7588855	1040	1.2777777777778
4	7935292	1060	1.5384615384615
4	8291072	1080	1.5789473684211
4	8657081	1100	1.4666666666667
4	9034544	1120	1.5
4	9425659	1140	1.3571428571429
4	9830875	1160	1.6666666666667
4	10247912	1180	1.4375
4	10678285	1200	1.5789473684211
4	11120209	1220	1.4375
4	11574856	1240	1.5
4	12044730	1260	1.4545454545455
4	12529553	1280	1.5555555555556
4	13031057	1300	1.5909090909091
4	13546373	1320	1.55
4	14073075	1340	1.5555555555556
4	14610686	1360	1.5789473684211
4	15159254	1380	1.6470588235294
4	15719488	1400	1.6666666666667
4	16291947	1420	1.44
4	16882240	1440	1.35
4	17494198	1460	1.7272727272727
4	18127007	1480	1.4736842105263
4	18773448	1500	1.5555555555556
4	19432161	1520	1.8333333333333
4	20101725	1540	1.7222222222222
4	20778064	1560	1.625
4	21466651	1580	1.9375
4	22165447	1600	1.4782608695652
4	22877653	1620	1.7894736842105
4	23606669	1640	1.3461538461538
4	24355242	1660	1.6086956521739
4	25126408	1680	1.5909090909091
4	25914967	1700	1.6666666666667
4	26718578	1720	1.4444444444444
4	27539619	1740	1.5416666666667
4	28381318	1760	1.4444444444444
4	29241096	1780	1.5833333333333
4	30119477	1800	1.48
4	31015509	1820	1.5
4	31929079	1840	1.6
4	32861764	1860	1.4285714285714
4	33816508	1880	1.8333333333333
4	34793927	1900	1.6153846153846
4	35789337	1920	1.5769230769231
4	36801984	1940	1.48
4	37841393	1960	1.5666666666667
4	38910534	1980	1.6923076923077
4	40006754	2000	1.7391304347826
5	356982	240	0.57735026918963
5	425967	260	0.46709936649691
5	500353	280	0.51639777949432
5	579816	300	0.37796447300923
5	664671	320	0.4409585518441
5	754424	340	0.53452248382485
5	849402	360	0.52704627669473
5	946173	380	0.44721359549996
5	1045721	400	0.35355339059327
5	1146707	420	0.51639777949432
5	1251827	440	0.53452248382485
5	1360778	460	0.52704627669473
5	1473877	480	0.5
5	1592705	500	0.46709936649691
5	1715375	520	0.43852900965351
5	1842930	540	0.51887452166277
5	1975591	560	0.49236596391733
5	2114761	580	0.45773770821706
5	2258986	600	0.51887452166277
5	2411542	620	0.50452497910951
5	2572773	640	0.51754916950677
5	2740998	660	0.51887452166277
5	2916352	680	0.49236596391733
5	3100232	700	0.48795003647427
5	3292792	720	0.52704627669473
5	3494325	740	0.51492865054444
5	3704458	760	0.49259218307189
5	3923285	780	0.51492865054444
5	4151164	800	0.51639777949432
5	4387977	820	0.5032362797402
5	4633822	840	0.51639777949432
5	4889338	860	0.5
5	5153096	880	0.49236596391733
5	5425750	900	0.49236596391733
5	5707093	920	0.50709255283711
5	5996685	940	0.5
5	6296762	960	0.51234753829798
5	6605913	980	0.51639777949432
5	6924352	1000	0.51639777949432
5	7252033	1020	0.51887452166277
5	7588855	1040	0.46088859896248
5	7935292	1060	0.51887452166277
5	8291072	1080	0.50725727350179
5	8657081	1100	0.51639777949432
5	9034544	1120	0.51176631571916
5	9425659	1140	0.49724515809885
5	9830875	1160	0.5
5	10247912	1180	0.51234753829798
5	10678285	1200	0.60697697866688
5	11120209	1220	0.51234753829798
5	11574856	1240	0.51075391845525
5	12044730	1260	0.52223296786709
5	12529553	1280	0.78382337612967
5	13031057	1300	0.59032605269025
5	13546373	1320	0.6048053188293
5	14073075	1340	0.64051261522035
5	14610686	1360	0.60697697866688
5	15159254	1380	0.70188820963422
5	15719488	1400	0.79582242575422
5	16291947	1420	0.58309518948453
5	16882240	1440	0.48936048492959
5	17494198	1460	0.63108509590102
5	18127007	1480	0.6117752903215
5	18773448	1500	0.52704627669473
5	19432161	1520	0.85749292571254
5	20101725	1540	0.75190390152212
5	20778064	1560	0.57577924513691
5	21466651	1580	0.77190241179396
5	22165447	1600	0.66534783913046
5	22877653	1620	0.78732651481814
5	23606669	1640	0.48516452403758
5	24355242	1660	0.72231511851462
5	25126408	1680	0.59032605269025
5	25914967	1700	0.63702205727061
5	26718578	1720	0.6156987634552
5	27539619	1740	0.58822996587527
5	28381318	1760	0.69798244045211
5	29241096	1780	0.65386254815829
5	30119477	1800	0.8225975119502
5	31015509	1820	0.60697697866688
5	31929079	1840	0.59824304161612
5	32861764	1860	0.57274979532282
5	33816508	1880	0.63702205727061
5	34793927	1900	0.57109880594679
5	35789337	1920	0.75752633871447
5	36801984	1940	0.71414284285428
5	37841393	1960	0.67891055392436
5	38910534	1980	0.78837710617347
5	40006754	2000	0.86431219656009
6	356982	240	0.33333333333333
6	425967	260	0.21818181818182
6	500353	280	0.26666666666667
6	579816	300	0.14285714285714
6	664671	320	0.19444444444444
6	754424	340	0.28571428571429
6	849402	360	0.27777777777778
6	946173	380	0.2
6	1045721	400	0.125
6	1146707	420	0.26666666666667
6	1251827	440	0.28571428571429
6	1360778	460	0.27777777777778
6	1473877	480	0.25
6	1592705	500	0.21818181818182
6	1715375	520	0.19230769230769
6	1842930	540	0.26923076923077
6	1975591	560	0.24242424242424
6	2114761	580	0.20952380952381
6	2258986	600	0.26923076923077
6	2411542	620	0.25454545454545
6	2572773	640	0.26785714285714
6	2740998	660	0.26923076923077
6	2916352	680	0.24242424242424
6	3100232	700	0.23809523809524
6	3292792	720	0.27777777777778
6	3494325	740	0.26515151515152
6	3704458	760	0.24264705882353
6	3923285	780	0.26515151515152
6	4151164	800	0.26666666666667
6	4387977	820	0.25324675324675
6	4633822	840	0.26666666666667
6	4889338	860	0.25
6	5153096	880	0.24242424242424
6	5425750	900	0.24242424242424
6	5707093	920	0.25714285714286
6	5996685	940	0.25
6	6296762	960	0.2625
6	6605913	980	0.26666666666667
6	6924352	1000	0.26666666666667
6	7252033	1020	0.26923076923077
6	7588855	1040	0.21241830065359
6	7935292	1060	0.26923076923077
6	8291072	1080	0.25730994152047
6	8657081	1100	0.26666666666667
6	9034544	1120	0.26190476190476
6	9425659	1140	0.24725274725275
6	9830875	1160	0.25
6	10247912	1180	0.2625
6	10678285	1200	0.36842105263158
6	11120209	1220	0.2625
6	11574856	1240	0.26086956521739
6	12044730	1260	0.27272727272727
6	12529553	1280	0.61437908496732
6	13031057	1300	0.34848484848485
6	13546373	1320	0.36578947368421
6	14073075	1340	0.41025641025641
6	14610686	1360	0.36842105263158
6	15159254	1380	0.49264705882353
6	15719488	1400	0.63333333333333
6	16291947	1420	0.34
6	16882240	1440	0.23947368421053
6	17494198	1460	0.3982683982684
6	18127007	1480	0.37426900584795
6	18773448	1500	0.27777777777778
6	19432161	1520	0.73529411764706
6	20101725	1540	0.56535947712418
6	20778064	1560	0.33152173913043
6	21466651	1580	0.59583333333333
6	22165447	1600	0.44268774703557
6	22877653	1620	0.61988304093567
6	23606669	1640	0.23538461538462
6	24355242	1660	0.52173913043478
6	25126408	1680	0.34848484848485
6	25914967	1700	0.40579710144928
6	26718578	1720	0.37908496732026
6	27539619	1740	0.34601449275362
6	28381318	1760	0.48717948717949
6	29241096	1780	0.42753623188406
6	30119477	1800	0.67666666666667
6	31015509	1820	0.36842105263158
6	31929079	1840	0.35789473684211
6	32861764	1860	0.32804232804233
6	33816508	1880	0.40579710144928
6	34793927	1900	0.32615384615385
6	35789337	1920	0.57384615384615
6	36801984	1940	0.51
6	37841393	1960	0.46091954022989
6	38910534	1980	0.62153846153846
6	40006754	2000	0.74703557312253
7	356982	240	42.625
7	425967	260	43.264462809917
7	500353	280	43.553846153846
7	579816	300	44.093525179856
7	664671	320	43.286666666667
7	754424	340	43.584905660377
7	849402	360	43.660714285714
7	946173	380	42.817142857143
7	1045721	400	42.977653631285
7	1146707	420	43.31843575419
7	1251827	440	43.221621621622
7	1360778	460	43.703703703704
7	1473877	480	44.528795811518
7	1592705	500	45.422110552764
7	1715375	520	45.931034482759
7	1842930	540	46.751219512195
7	1975591	560	47.576923076923
7	2114761	580	48.679245283019
7	2258986	600	49.93023255814
7	2411542	620	51.290909090909
7	2572773	640	53.323008849558
7	2740998	660	55.245614035088
7	2916352	680	56.326180257511
7	3100232	700	57.713080168776
7	3292792	720	59.0622406639
7	3494325	740	60.330612244898
7	3704458	760	62.236947791165
7	3923285	780	63.802371541502
7	4151164	800	65.400778210117
7	4387977	820	66.96138996139
7	4633822	840	68.405303030303
7	4889338	860	70.47191011236
7	5153096	880	71.40293040293
7	5425750	900	72.779783393502
7	5707093	920	74.800711743772
7	5996685	940	75.919298245614
7	6296762	960	78.114583333333
7	6605913	980	79.419795221843
7	6924352	1000	81.081081081081
7	7252033	1020	82.451827242525
7	7588855	1040	83.751633986928
7	7935292	1060	84.938709677419
7	8291072	1080	86.439102564103
7	8657081	1100	88.066246056782
7	9034544	1120	90
7	9425659	1140	92.305555555556
7	9830875	1160	94.63829787234
7	10247912	1180	96.592145015106
7	10678285	1200	98.089285714286
7	11120209	1220	99.666666666667
7	11574856	1240	101.6783625731
7	12044730	1260	103.2005730659
7	12529553	1280	105.17847025496
7	13031057	1300	108.8
7	13546373	1320	111.1312849162
7	14073075	1340	112.5261707989
7	14610686	1360	113.24456521739
7	15159254	1380	114.45967741935
7	15719488	1400	115.57029177719
7	16291947	1420	117.34473684211
7	16882240	1440	119.33419689119
7	17494198	1460	123.18298969072
7	18127007	1480	126.42239185751
7	18773448	1500	129.27664974619
7	19432161	1520	129.81704260652
7	20101725	1540	130.75742574257
7	20778064	1560	130.21921182266
7	21466651	1580	130.93170731707
7	22165447	1600	130.56594724221
7	22877653	1620	132.97601918465
7	23606669	1640	134.74881516588
7	24355242	1660	137.50704225352
7	25126408	1680	140.76046511628
7	25914967	1700	143.81105990783
7	26718578	1720	145.50456621005
7	27539619	1740	147.26923076923
7	28381318	1760	149.27455357143
7	29241096	1780	151.96881959911
7	30119477	1800	153.83039647577
7	31015509	1820	155.89496717724
7	31929079	1840	157
7	32861764	1860	157.57692307692
7	33816508	1880	159.91719745223
7	34793927	1900	162.98942917548
7	35789337	1920	165.36134453782
7	36801984	1940	166.63125
7	37841393	1960	169.15942028986
7	38910534	1980	172.26694045175
7	40006754	2000	174.62195121951
8	356982	240	9.8914149690573
8	425967	260	8.9347342760723
8	500353	280	9.3684788490523
8	579816	300	8.4988422794962
8	664671	320	10.009617299315
8	754424	340	9.20051036476
8	849402	360	8.7895081420382
8	946173	380	10.085310978693
8	1045721	400	9.9492844908242
8	1146707	420	8.9677478170483
8	1251827	440	9.3250228795364
8	1360778	460	8.8574428996326
8	1473877	480	7.8168480735816
8	1592705	500	7.7871114422473
8	1715375	520	7.8567100925898
8	1842930	540	8.3196884943341
8	1975591	560	7.9371837053705
8	2114761	580	9.1071006824359
8	2258986	600	10.100419508354
8	2411542	620	12.192403844138
8	2572773	640	13.943285178653
8	2740998	660	15.335347670254
8	2916352	680	16.714541766599
8	3100232	700	18.029459115038
8	3292792	720	19.327879948195
8	3494325	740	20.161867555168
8	3704458	760	21.62836959393
8	3923285	780	22.30240560883
8	4151164	800	23.884137636558
8	4387977	820	24.608060529464
8	4633822	840	25.114008677369
8	4889338	860	26.64191249188
8	5153096	880	27.809599330278
8	5425750	900	28.621060376135
8	5707093	920	29.115830246108
8	5996685	940	29.907789264015
8	6296762	960	30.733723136074
8	6605913	980	31.977055407912
8	6924352	1000	32.999335075687
8	7252033	1020	33.523750361747
8	7588855	1040	33.834366280213
8	7935292	1060	34.369863157646
8	8291072	1080	34.870861574865
8	8657081	1100	35.500205420729
8	9034544	1120	36.69744125082
8	9425659	1140	38.527813522969
8	9830875	1160	40.306749020556
8	10247912	1180	41.075021517434
8	10678285	1200	42.095602685535
8	11120209	1220	42.56527647439
8	11574856	1240	42.869734481967
8	12044730	1260	44.664263527481
8	12529553	1280	46.568063467931
8	13031057	1300	47.921039102888
8	13546373	1320	49.398647891116
8	14073075	1340	50.042868401383
8	14610686	1360	50.020867283996
8	15159254	1380	50.797053928021
8	15719488	1400	51.013983983637
8	16291947	1420	51.316747241266
8	16882240	1440	53.776784654671
8	17494198	1460	56.097783024727
8	18127007	1480	58.840320995697
8	18773448	1500	59.167482240252
8	19432161	1520	58.734725248577
8	20101725	1540	58.219236281984
8	20778064	1560	57.212997965212
8	21466651	1580	56.285034464389
8	22165447	1600	56.128382124643
8	22877653	1620	55.484616721834
8	23606669	1640	57.372214185859
8	24355242	1660	59.938409150281
8	25126408	1680	62.497782299246
8	25914967	1700	63.998854401418
8	26718578	1720	64.754871190872
8	27539619	1740	65.612359904183
8	28381318	1760	66.592708919461
8	29241096	1780	67.363711012137
8	30119477	1800	68.457846079969
8	31015509	1820	68.972518021013
8	31929079	1840	69.031299758301
8	32861764	1860	69.318095421217
8	33816508	1880	70.299840662945
8	34793927	1900	70.990673580961
8	35789337	1920	72.08599906018
8	36801984	1940	73.898278718785
8	37841393	1960	75.479968003356
8	38910534	1980	77.112649383489
8	40006754	2000	79.144762605722
9	356982	240	97.84009009009
9	425967	260	79.829476584022
9	500353	280	87.76839594514
9	579816	300	72.230320091753
9	664671	320	100.19243847875
9	754424	340	84.649390972056
9	849402	360	77.255453378956
9	946173	380	101.71349753695
9	1045721	400	98.988261879355
9	1146707	420	80.420500910175
9	1251827	440	86.956051703878
9	1360778	460	78.454294720252
9	1473877	480	61.103113805456
9	1592705	500	60.639104613979
9	1715375	520	61.727893479003
9	1842930	540	69.217216642755
9	1975591	560	62.998885172798
9	2114761	580	82.939282840025
9	2258986	600	102.01847424473
9	2411542	620	148.65471149855
9	2572773	640	194.41520157325
9	2740998	660	235.17288816756
9	2916352	680	279.37590646737
9	3100232	700	325.06139598083
9	3292792	720	373.56694329184
9	3494325	740	406.50090331214
9	3704458	760	467.78637129162
9	3923285	780	497.39729594077
9	4151164	800	570.45203064202
9	4387977	820	605.55664302176
9	4633822	840	630.71343184699
9	4889338	860	709.79150122497
9	5153096	880	773.37381491058
9	5425750	900	819.16509705436
9	5707093	920	847.73157092018
9	5996685	940	894.47585866074
9	6296762	960	944.56173780488
9	6605913	980	1022.5320725607
9	6924352	1000	1088.9561154375
9	7252033	1020	1123.8418383167
9	7588855	1040	1144.7643415836
9	7935292	1060	1181.2874934753
9	8291072	1080	1215.9769869734
9	8657081	1100	1260.2645849139
9	9034544	1120	1346.7021943574
9	9425659	1140	1484.3924148607
9	9830875	1160	1624.6340166061
9	10247912	1180	1687.1573926577
9	10678285	1200	1772.0397654584
9	11120209	1220	1811.8027613412
9	11574856	1240	1837.8141345544
9	12044730	1260	1994.8964364523
9	12529553	1280	2168.5845351532
9	13031057	1300	2296.4259887006
9	13546373	1320	2440.2264134704
9	14073075	1340	2504.2886778382
9	14610686	1360	2502.0871638431
9	15159254	1380	2580.3406877663
9	15719488	1400	2602.4265618827
9	16291947	1420	2633.408547424
9	16882240	1440	2891.9425677949
9	17494198	1460	3146.9612602893
9	18127007	1480	3462.1833748767
9	18773448	1500	3500.7909546505
9	19432161	1520	3449.7679500258
9	20101725	1540	3389.4794732575
9	20778064	1560	3273.3271361674
9	21466651	1580	3168.0051046574
9	22165447	1600	3150.3952799299
9	22877653	1620	3078.5426927689
9	23606669	1640	3291.5709605881
9	24355242	1660	3592.6128914664
9	25126408	1680	3905.972792324
9	25914967	1700	4095.8533646939
9	26718578	1720	4193.1933429464
9	27539619	1740	4304.9817721961
9	28381318	1760	4434.588881232
9	29241096	1780	4537.8695613268
9	30119477	1800	4686.4766899087
9	31015509	1820	4757.208242159
9	31929079	1840	4765.3203463203
9	32861764	1860	4804.9983528249
9	33816508	1880	4942.0675972354
9	34793927	1900	5039.6757354786
9	35789337	1920	5196.3912605042
9	36801984	1940	5460.9555975992
9	37841393	1960	5697.2255697877
9	38910534	1980	5946.3606949409
9	40006754	2000	6263.8934479161
10	356982	240	145.1153601169
10	425967	260	532.91078571014
10	500353	280	295.86133075027
10	579816	300	338.29871549121
10	664671	320	438.9095522154
10	754424	340	338.50042168352
10	849402	360	433.34847011301
10	946173	380	246.09361774285
10	1045721	400	405.20459185198
10	1146707	420	491.59927117329
10	1251827	440	402.95041104004
10	1360778	460	450.70423971761
10	1473877	480	443.42611608772
10	1592705	500	546.4152975982
10	1715375	520	651.38749959502
10	1842930	540	710.85713266948
10	1975591	560	608.65275253154
10	2114761	580	741.94444686557
10	2258986	600	644.02714944118
10	2411542	620	562.92644945606
10	2572773	640	401.98808310267
10	2740998	660	643.40319460495
10	2916352	680	610.41300170753
10	3100232	700	340.74658791576
10	3292792	720	451.71997464663
10	3494325	740	611.59573634972
10	3704458	760	859.12336235033
10	3923285	780	596.15201254772
10	4151164	800	498.80042090741
10	4387977	820	1104.3123726335
10	4633822	840	505.73672038713
10	4889338	860	806.83380165034
10	5153096	880	613.08898092432
10	5425750	900	605.53508814663
10	5707093	920	753.86265744903
10	5996685	940	814.16876803564
10	6296762	960	794.51994583353
10	6605913	980	807.90102260755
10	6924352	1000	757.53906398158
10	7252033	1020	688.60316706312
10	7588855	1040	922.21753754555
10	7935292	1060	664.55584424362
10	8291072	1080	950.77207551014
10	8657081	1100	767.23104593327
10	9034544	1120	1100.5199868531
10	9425659	1140	701.10224595467
10	9830875	1160	455.5581057517
10	10247912	1180	821.60845316649
10	10678285	1200	973.60836346002
10	11120209	1220	809.6931548061
10	11574856	1240	1191.8024635315
10	12044730	1260	559.85026773734
10	12529553	1280	891.00601501201
10	13031057	1300	1122.631673024
10	13546373	1320	1012.8418142105
10	14073075	1340	1348.8495709963
10	14610686	1360	959.62165689907
10	15159254	1380	850.10861790347
10	15719488	1400	1042.3169779716
10	16291947	1420	1268.0593071561
10	16882240	1440	1011.8364288885
10	17494198	1460	1121.6531088504
10	18127007	1480	941.55762080617
10	18773448	1500	463.02114581146
10	19432161	1520	904.16612269978
10	20101725	1540	889.69493890883
10	20778064	1560	1221.3331747184
10	21466651	1580	800.53570683339
10	22165447	1600	1153.4588170761
10	22877653	1620	957.26972119356
10	23606669	1640	1321.8815959576
10	24355242	1660	1172.995496466
10	25126408	1680	1111.374847001
10	25914967	1700	1217.2711282257
10	26718578	1720	890.48096908608
10	27539619	1740	1197.1641903192
10	28381318	1760	1356.1577195884
10	29241096	1780	1218.2559171295
10	30119477	1800	1243.9198464108
10	31015509	1820	1007.9298436568
10	31929079	1840	1019.6128716378
10	32861764	1860	1430.6379337396
10	33816508	1880	1201.8861507042
10	34793927	1900	1312.9285573589
10	35789337	1920	1329.5402006363
10	36801984	1940	1260.3669551454
10	37841393	1960	1510.6201026282
10	38910534	1980	1283.8340484127
10	40006754	2000	1157.6217927571
11	356982	240	48.371786705633
11	425967	260	48.446435064558
11	500353	280	49.310221791712
11	579816	300	48.328387927316
11	664671	320	48.767728023933
11	754424	340	48.357203097645
11	849402	360	48.149830012557
11	946173	380	49.218723548571
11	1045721	400	50.650573981498
11	1146707	420	49.159927117329
11	1251827	440	50.368801380005
11	1360778	460	50.078248857513
11	1473877	480	49.269568454191
11	1592705	500	49.674117963473
11	1715375	520	50.106730738079
11	1842930	540	50.775509476392
11	1975591	560	50.721062710961
11	2114761	580	49.462963124371
11	2258986	600	49.540549957014
11	2411542	620	51.175131768733
11	2572773	640	50.248510387834
11	2740998	660	49.49255343115
11	2916352	680	50.867750142294
11	3100232	700	48.678083987965
11	3292792	720	50.19110829407
11	3494325	740	50.966311362476
11	3704458	760	50.536668373549
11	3923285	780	49.679334378977
11	4151164	800	49.880042090741
11	4387977	820	50.196016937887
11	4633822	840	50.573672038713
11	4889338	860	50.427112603146
11	5153096	880	51.09074841036
11	5425750	900	50.461257345552
11	5707093	920	50.257510496602
11	5996685	940	50.885548002227
11	6296762	960	49.657496614596
11	6605913	980	50.493813912972
11	6924352	1000	50.502604265438
11	7252033	1020	49.185940504509
11	7588855	1040	51.23430764142
11	7935292	1060	51.119680326432
11	8291072	1080	50.040635553165
11	8657081	1100	51.148736395552
11	9034544	1120	50.023635766051
11	9425659	1140	50.078731853905
11	9830875	1160	50.617567305744
11	10247912	1180	51.350528322906
11	10678285	1200	51.242545445264
11	11120209	1220	50.605822175381
11	11574856	1240	49.65843598048
11	12044730	1260	50.895478885213
11	12529553	1280	49.500334167334
11	13031057	1300	51.02871241018
11	13546373	1320	50.642090710523
11	14073075	1340	49.957391518383
11	14610686	1360	50.506402994688
11	15159254	1380	50.00638928844
11	15719488	1400	49.63414180817
11	16291947	1420	50.722372286244
11	16882240	1440	50.591821444427
11	17494198	1460	50.984232220471
11	18127007	1480	49.555664252956
11	18773448	1500	51.446793979052
11	19432161	1520	50.231451261099
11	20101725	1540	49.427496606046
11	20778064	1560	50.888882279933
11	21466651	1580	50.033481677087
11	22165447	1600	50.150383351135
11	22877653	1620	50.382616904924
11	23606669	1640	50.841599844521
11	24355242	1660	50.999804194175
11	25126408	1680	50.517038500047
11	25914967	1700	50.719630342739
11	26718578	1720	49.471164949226
11	27539619	1740	49.881841263301
11	28381318	1760	50.228063688459
11	29241096	1780	50.760663213729
11	30119477	1800	49.756793856432
11	31015509	1820	50.396492182839
11	31929079	1840	50.98064358189
11	32861764	1860	51.094211919272
11	33816508	1880	50.078589612674
11	34793927	1900	50.497252206113
11	35789337	1920	51.136161562935
11	36801984	1940	50.414678205814
11	37841393	1960	50.354003420941
11	38910534	1980	49.378232631256
11	40006754	2000	50.331382293788
12	356982	240	0.94217058069015
12	425967	260	2.5256965140246
12	500353	280	2.0763766389786
12	579816	300	1.2808338274185
12	664671	320	1.6496161090066
12	754424	340	1.1186221416314
12	849402	360	0.91074542318905
12	946173	380	1.6091760916056
12	1045721	400	3.0889133745988
12	1146707	420	1.6508224230746
12	1251827	440	3.7849571173915
12	1360778	460	2.644981985606
12	1473877	480	1.1543375362954
12	1592705	500	3.4956007904124
12	1715375	520	2.8636342034275
12	1842930	540	3.2613865678923
12	1975591	560	1.985582797446
12	2114761	580	1.6125241125045
12	2258986	600	1.9871339060112
12	2411542	620	2.4566775223323
12	2572773	640	2.6416136242911
12	2740998	660	1.4897736247403
12	2916352	680	2.150527418191
12	3100232	700	2.0361400048725
12	3292792	720	2.6034344082532
12	3494325	740	1.4379806378712
12	3704458	760	1.6976194121538
12	3923285	780	1.8365326965005
12	4151164	800	4.1746796241922
12	4387977	820	2.1684524301172
12	4633822	840	2.0544861652107
12	4889338	860	2.324829049289
12	5153096	880	2.9740021326431
12	5425750	900	2.1959706968746
12	5707093	920	1.9254466425244
12	5996685	940	2.5600684510196
12	6296762	960	3.4575229631855
12	6605913	980	2.6563562699545
12	6924352	1000	2.1909646861373
12	7252033	1020	1.9827258174413
12	7588855	1040	2.2151211371053
12	7935292	1060	1.993826881936
12	8291072	1080	1.5223053100821
12	8657081	1100	2.0481468160272
12	9034544	1120	2.4735193076931
12	9425659	1140	2.0294813429802
12	9830875	1160	1.6173530678039
12	10247912	1180	2.8194936734808
12	10678285	1200	3.2305852556508
12	11120209	1220	2.3633957462061
12	11574856	1240	2.8587863733019
12	12044730	1260	2.0615704687719
12	12529553	1280	3.0923264383439
12	13031057	1300	1.9779747899093
12	13546373	1320	1.8105674431628
12	14073075	1340	3.112346493728
12	14610686	1360	2.4649398641624
12	15159254	1380	2.8316099151924
12	15719488	1400	3.2838758784194
12	16291947	1420	3.1344709379639
12	16882240	1440	2.1342380955429
12	17494198	1460	1.7277656425059
12	18127007	1480	3.6022460976691
12	18773448	1500	2.4205097569291
12	19432161	1520	2.5117853143582
12	20101725	1540	2.8921290077441
12	20778064	1560	2.4917648106718
12	21466651	1580	2.1561579159677
12	22165447	1600	2.900964636509
12	22877653	1620	2.3880732330894
12	23606669	1640	2.0732758484607
12	24355242	1660	2.5156175821847
12	25126408	1680	2.3753628363482
12	25914967	1700	1.9930559166923
12	26718578	1720	3.7670203611517
12	27539619	1740	3.259649841874
12	28381318	1760	2.7628936104013
12	29241096	1780	2.2398599518165
12	30119477	1800	3.1434886619689
12	31015509	1820	3.1689872775332
12	31929079	1840	2.5807393426307
12	32861764	1860	2.4094313790652
12	33816508	1880	2.027244968985
12	34793927	1900	2.7400056230199
12	35789337	1920	2.5473331410598
12	36801984	1940	2.8459806924876
12	37841393	1960	2.1602867573164
12	38910534	1980	2.8824199723248
12	40006754	2000	2.1804506491107
13	356982	240	0.88768540311801
13	425967	260	6.3791428809561
13	500353	280	4.3113399468959
13	579816	300	1.6405352934596
13	664671	320	2.7212333070939
13	754424	340	1.251315495748
13	849402	360	0.82945722585981
13	946173	380	2.589447693795
13	1045721	400	9.5413858357753
13	1146707	420	2.7252146725259
13	1251827	440	14.325900380492
13	1360778	460	6.9959297041801
13	1473877	480	1.3324951477006
13	1592705	500	12.219224885932
13	1715375	520	8.2004008510396
13	1842930	540	10.636642345228
13	1975591	560	3.9425390455133
13	2114761	580	2.6002340134085
13	2258986	600	3.9487011604192
13	2411542	620	6.0352644487329
13	2572773	640	6.9781225400402
13	2740998	660	2.2194254529718
13	2916352	680	4.6247681763913
13	3100232	700	4.1458661194424
13	3292792	720	6.7778707180768
13	3494325	740	2.0677883148923
13	3704458	760	2.8819116685215
13	3923285	780	3.3728523453155
13	4151164	800	17.427949964646
13	4387977	820	4.7021859416813
13	4633822	840	4.2209134030423
13	4889338	860	5.4048301084179
13	5153096	880	8.8446886849655
13	5425750	900	4.822287301532
13	5707093	920	3.7073447732085
13	5996685	940	6.5539504739061
13	6296762	960	11.954465040955
13	6605913	980	7.0562286329266
13	6924352	1000	4.8003262559009
13	7252033	1020	3.9312016671483
13	7588855	1040	4.9067616520508
13	7935292	1060	3.9753456351307
13	8291072	1080	2.3174134571042
13	8657081	1100	4.1949053800024
13	9034544	1120	6.1182977655304
13	9425659	1140	4.1187945215047
13	9830875	1160	2.6158309459346
13	10247912	1180	7.9495445747983
13	10678285	1200	10.436681094028
13	11120209	1220	5.5856394531852
13	11574856	1240	8.1726595281765
13	12044730	1260	4.2500727977122
13	12529553	1280	9.5624828012808
13	13031057	1300	3.9123842695166
13	13546373	1320	3.2781544662411
13	14073075	1340	9.6867006970209
13	14610686	1360	6.075928533937
13	15159254	1380	8.0180147118162
13	15719488	1400	10.783840784865
13	16291947	1420	9.8249080609403
13	16882240	1440	4.5549722484668
13	17494198	1460	2.9851741154237
13	18127007	1480	12.976176948172
13	18773448	1500	5.8588674833888
13	19432161	1520	6.3090654654254
13	20101725	1540	8.3644101974348
13	20778064	1560	6.2088918717025
13	21466651	1580	4.6490169585902
13	22165447	1600	8.4155958222759
13	22877653	1620	5.7028937665982
13	23606669	1640	4.2984727438103
13	24355242	1660	6.3283318197967
13	25126408	1680	5.642348604304
13	25914967	1700	3.9722718870621
13	26718578	1720	14.190442401332
13	27539619	1740	10.625317091629
13	28381318	1760	7.6335811023965
13	29241096	1780	5.0169726037516
13	30119477	1800	9.8815209679268
13	31015509	1820	10.042480365167
13	31929079	1840	6.660215554602
13	32861764	1860	5.8053595704242
13	33816508	1880	4.1097221642749
13	34793927	1900	7.5076308141808
13	35789337	1920	6.4889061315418
13	36801984	1940	8.0996061020121
13	37841393	1960	4.6668388738365
13	38910534	1980	8.3083448968571
13	40006754	2000	4.7543650332074
14	356982	240	270.92235779466
14	425967	260	764.37842716833
14	500353	280	313.55425395004
14	579816	300	356.88690604369
14	664671	320	404.80497672356
14	754424	340	447.20157958882
14	849402	360	492.67741970351
14	946173	380	224.91812480952
14	1045721	400	409.36710029006
14	1146707	420	540.15685762838
14	1251827	440	589.57914912657
14	1360778	460	498.7181009489
14	1473877	480	455.40333297296
14	1592705	500	541.07321332011
14	1715375	520	587.24596484957
14	1842930	540	724.3666604527
14	1975591	560	637.40382696988
14	2114761	580	866.59908318574
14	2258986	600	723.56197943512
14	2411542	620	685.88565694202
14	2572773	640	364.12330146668
14	2740998	660	680.77290303233
14	2916352	680	728.23121765998
14	3100232	700	361.22763892182
14	3292792	720	588.5655721074
14	3494325	740	684.57162459479
14	3704458	760	909.50567329643
14	3923285	780	632.12866952351
14	4151164	800	589.34623662007
14	4387977	820	1264.3918967567
14	4633822	840	908.12909901213
14	4889338	860	862.31913036035
14	5153096	880	775.37262412437
14	5425750	900	679.36145017523
14	5707093	920	863.21281087393
14	5996685	940	864.10618627835
14	6296762	960	725.46650321271
14	6605913	980	811.04066879298
14	6924352	1000	995.66942682632
14	7252033	1020	724.54872943984
14	7588855	1040	949.39246488773
14	7935292	1060	768.47356771948
14	8291072	1080	903.97217275447
14	8657081	1100	857.83854856445
14	9034544	1120	1133.8644285292
14	9425659	1140	813.14194331917
14	9830875	1160	634.21090039746
14	10247912	1180	1039.8652312933
14	10678285	1200	1125.9805513512
14	11120209	1220	947.7978357889
14	11574856	1240	1309.7491239294
14	12044730	1260	904.44473067161
14	12529553	1280	1081.435173313
14	13031057	1300	1131.9905566146
14	13546373	1320	991.32102367397
14	14073075	1340	1674.9422865543
14	14610686	1360	1130.4005330732
14	15159254	1380	1128.1525211689
14	15719488	1400	1221.2440023744
14	16291947	1420	1172.3045383345
14	16882240	1440	1266.2205190327
14	17494198	1460	1312.4541857061
14	18127007	1480	1039.2063892751
14	18773448	1500	768.30408052055
14	19432161	1520	1037.1842817021
14	20101725	1540	1085.0939670859
14	20778064	1560	1403.3342934515
14	21466651	1580	1129.9263699823
14	22165447	1600	1402.5809451946
14	22877653	1620	999.01614253693
14	23606669	1640	1365.0192997181
14	24355242	1660	1361.7252692295
14	25126408	1680	1453.9445706231
14	25914967	1700	1358.9851007136
14	26718578	1720	1170.3667524039
14	27539619	1740	1538.6644791704
14	28381318	1760	1576.1274555587
14	29241096	1780	1309.0412836524
14	30119477	1800	1582.6166214264
14	31015509	1820	1264.1297924491
14	31929079	1840	1174.9762105811
14	32861764	1860	1582.5503574571
14	33816508	1880	1490.9962899456
14	34793927	1900	1715.2773419835
14	35789337	1920	1401.4926956274
14	36801984	1940	1403.9611008263
14	37841393	1960	1673.2050627211
14	38910534	1980	1530.6372054533
14	40006754	2000	1308.1394989029
15	356982	240	45.15372629911
15	425967	260	44.963436892255
15	500353	280	44.793464850005
15	579816	300	44.610863255461
15	664671	320	44.978330747062
15	754424	340	44.720157958882
15	849402	360	44.788856336682
15	946173	380	44.983624961905
15	1045721	400	45.485233365562
15	1146707	420	45.013071469032
15	1251827	440	45.352242240506
15	1360778	460	45.338009177173
15	1473877	480	45.540333297296
15	1592705	500	45.089434443343
15	1715375	520	45.17276652689
15	1842930	540	45.272916278294
15	1975591	560	45.528844783563
15	2114761	580	45.610478062407
15	2258986	600	45.222623714695
15	2411542	620	45.725710462801
15	2572773	640	45.515412683334
15	2740998	660	45.384860202155
15	2916352	680	45.514451103749
15	3100232	700	45.153454865228
15	3292792	720	45.274274777493
15	3494325	740	45.638108306319
15	3704458	760	45.475283664821
15	3923285	780	45.152047823108
15	4151164	800	45.334325893852
15	4387977	820	45.156853455598
15	4633822	840	45.406454950606
15	4889338	860	45.385217387387
15	5153096	880	45.610154360257
15	5425750	900	45.290763345015
15	5707093	920	45.432253203891
15	5996685	940	45.479272962019
15	6296762	960	45.341656450794
15	6605913	980	45.057814932943
15	6924352	1000	45.257701219378
15	7252033	1020	45.28429558999
15	7588855	1040	45.209164994654
15	7935292	1060	45.204327512911
15	8291072	1080	45.198608637724
15	8657081	1100	45.149397292866
15	9034544	1120	45.354577141167
15	9425659	1140	45.174552406621
15	9830875	1160	45.300778599819
15	10247912	1180	45.211531795359
15	10678285	1200	45.039222054047
15	11120209	1220	45.133230275662
15	11574856	1240	45.163762894118
15	12044730	1260	45.22223653358
15	12529553	1280	45.059798888041
15	13031057	1300	45.279622264586
15	13546373	1320	45.060046530635
15	14073075	1340	45.268710447412
15	14610686	1360	45.21602132293
15	15159254	1380	45.126100846756
15	15719488	1400	45.231259347198
15	16291947	1420	45.08863608979
15	16882240	1440	45.222161394026
15	17494198	1460	45.257040886416
15	18127007	1480	45.18288649022
15	18773448	1500	45.194357677679
15	19432161	1520	45.094968769658
15	20101725	1540	45.212248628578
15	20778064	1560	45.268848175856
15	21466651	1580	45.197054799292
15	22165447	1600	45.244546619181
15	22877653	1620	45.40982466077
15	23606669	1640	45.500643323935
15	24355242	1660	45.390842307651
15	25126408	1680	45.435767831971
15	25914967	1700	45.299503357119
15	26718578	1720	45.01410586169
15	27539619	1740	45.25483762266
15	28381318	1760	45.032213015963
15	29241096	1780	45.139354608702
15	30119477	1800	45.217617755041
15	31015509	1820	45.147492587469
15	31929079	1840	45.191392714659
15	32861764	1860	45.215724498774
15	33816508	1880	45.181705755927
15	34793927	1900	45.138877420619
15	35789337	1920	45.209441794432
15	36801984	1940	45.289067768592
15	37841393	1960	45.221758451921
15	38910534	1980	45.018741336861
15	40006754	2000	45.10825858286
16	356982	240	0.42163975867064
16	425967	260	0.41122710444864
16	500353	280	0.19654087093115
16	579816	300	0.17055065250479
16	664671	320	0.39489119772066
16	754424	340	0.30153356496506
16	849402	360	0.16649372443765
16	946173	380	0.21904501672081
16	1045721	400	1.765280323887
16	1146707	420	0.38973679794256
16	1251827	440	1.2179649209349
16	1360778	460	0.86631573173825
16	1473877	480	0.98267664461102
16	1592705	500	0.64568222226377
16	1715375	520	0.62015536964791
16	1842930	540	0.77413570350192
16	1975591	560	0.96462875329982
16	2114761	580	0.89608513986403
16	2258986	600	0.84705140082901
16	2411542	620	0.98697453690078
16	2572773	640	1.0322215127604
16	2740998	660	0.78170567384072
16	2916352	680	0.96716545770128
16	3100232	700	0.61043858701985
16	3292792	720	0.65456192176396
16	3494325	740	0.87301032710123
16	3704458	760	0.89744580413748
16	3923285	780	0.63660734307254
16	4151164	800	0.6779454636453
16	4387977	820	0.55046231170727
16	4633822	840	0.93195945999316
16	4889338	860	0.75671233250562
16	5153096	880	1.0562120049919
16	5425750	900	0.65950670307161
16	5707093	920	0.69705462700721
16	5996685	940	0.7661639457844
16	6296762	960	0.75974764805637
16	6605913	980	0.65910034572662
16	6924352	1000	0.82843000579566
16	7252033	1020	0.7164789506954
16	7588855	1040	0.51199774937508
16	7935292	1060	0.38191577988938
16	8291072	1080	0.69897532228942
16	8657081	1100	0.75171418648019
16	9034544	1120	0.72510692000583
16	9425659	1140	0.41008825102058
16	9830875	1160	0.78287491974848
16	10247912	1180	0.70571647555394
16	10678285	1200	0.59902273203392
16	11120209	1220	0.62148749111286
16	11574856	1240	0.55565540098769
16	12044730	1260	0.68126455689209
16	12529553	1280	0.50575032561007
16	13031057	1300	0.66564347769416
16	13546373	1320	0.60305714347089
16	14073075	1340	0.64748711779689
16	14610686	1360	0.64344421461918
16	15159254	1380	0.67086259355033
16	15719488	1400	0.70536344938569
16	16291947	1420	0.50217401067741
16	16882240	1440	0.82015526840639
16	17494198	1460	0.71558021021834
16	18127007	1480	0.53944125742729
16	18773448	1500	0.73412105802448
16	19432161	1520	0.64884124416416
16	20101725	1540	0.51111555967308
16	20778064	1560	0.53548293128121
16	21466651	1580	0.59396832287207
16	22165447	1600	0.56486484205599
16	22877653	1620	0.84897204543141
16	23606669	1640	1.2991793927705
16	24355242	1660	0.78577104452879
16	25126408	1680	0.96274824415892
16	25914967	1700	0.78032898888155
16	26718578	1720	0.24810023813937
16	27539619	1740	0.69844094773829
16	28381318	1760	0.42913762239528
16	29241096	1780	0.54073718706909
16	30119477	1800	0.60315356212032
16	31015509	1820	0.49491367301692
16	31929079	1840	0.75917322454309
16	32861764	1860	0.76559890758765
16	33816508	1880	0.37265930419467
16	34793927	1900	0.60329536647939
16	35789337	1920	0.46235739700813
16	36801984	1940	0.75227473962785
16	37841393	1960	0.63002876402306
16	38910534	1980	0.34920936003171
16	40006754	2000	0.58671010624817
17	356982	240	0.17778008609184
17	425967	260	0.16910773143322
17	500353	280	0.038628313946377
17	579816	300	0.029087525069811
17	664671	320	0.15593905803726
17	754424	340	0.090922490800536
17	849402	360	0.02772016027712
17	946173	380	0.04798071935022
17	1045721	400	3.1162146219026
17	1146707	420	0.15189477167052
17	1251827	440	1.4834385486279
17	1360778	460	0.75050294705717
17	1473877	480	0.96565338786397
17	1592705	500	0.41690553214748
17	1715375	520	0.38459268250313
17	1842930	540	0.59928608743642
17	1975591	560	0.93050863169276
17	2114761	580	0.80296857788515
17	2258986	600	0.71749607564639
17	2411542	620	0.9741187364905
17	2572773	640	1.0654812514053
17	2740998	660	0.61106376051478
17	2916352	680	0.93540902257052
17	3100232	700	0.3726352685228
17	3292792	720	0.42845130942333
17	3494325	740	0.7621470312254
17	3704458	760	0.80540897136396
17	3923285	780	0.40526890925388
17	4151164	800	0.45961005167724
17	4387977	820	0.30300875661011
17	4633822	840	0.86854843507073
17	4889338	860	0.5726135541661
17	5153096	880	1.1155837994891
17	5425750	900	0.43494909139639
17	5707093	920	0.48588515303216
17	5996685	940	0.58700719181992
17	6296762	960	0.57721648872718
17	6605913	980	0.43441326573695
17	6924352	1000	0.6862962745026
17	7252033	1020	0.51334208678958
17	7588855	1040	0.26214169536515
17	7935292	1060	0.14585966292852
17	8291072	1080	0.48856650116961
17	8657081	1100	0.56507421815558
17	9034544	1120	0.52578004544034
17	9425659	1140	0.16817237362512
17	9830875	1160	0.61289313997118
17	10247912	1180	0.49803574386827
17	10678285	1200	0.35882823349338
17	11120209	1220	0.38624670160976
17	11574856	1240	0.30875292464679
17	12044730	1260	0.46412139647737
17	12529553	1280	0.25578339185469
17	13031057	1300	0.44308123939678
17	13546373	1320	0.36367791829127
17	14073075	1340	0.41923956771292
17	14610686	1360	0.41402045732689
17	15159254	1380	0.45005661942508
17	15719488	1400	0.49753759572928
17	16291947	1420	0.25217873699983
17	16882240	1440	0.67265466429475
17	17494198	1460	0.51205503725613
17	18127007	1480	0.29099687021473
17	18773448	1500	0.53893372783498
17	19432161	1520	0.4209949601285
17	20101725	1540	0.26123911533992
17	20778064	1560	0.28674196969352
17	21466651	1580	0.35279836857546
17	22165447	1600	0.31907228979094
17	22877653	1620	0.72075353392399
17	23606669	1640	1.6878670945995
17	24355242	1660	0.61743613441987
17	25126408	1680	0.92688418163109
17	25914967	1700	0.60891333088891
17	26718578	1720	0.061553728164811
17	27539619	1740	0.48781975747756
17	28381318	1760	0.18415909895508
17	29241096	1780	0.29239670547939
17	30119477	1800	0.36379421949843
17	31015509	1820	0.2449395437391
17	31929079	1840	0.57634398486316
17	32861764	1860	0.5861416872994
17	33816508	1880	0.13887495700286
17	34793927	1900	0.36396529921551
17	35789337	1920	0.21377436256813
17	36801984	1940	0.56591728388214
17	37841393	1960	0.39693624349642
17	38910534	1980	0.12194717713376
17	40006754	2000	0.34422874877374
18	356982	240	1426.4133827746
18	425967	260	1665.8114130716
18	500353	280	2002.568589429
18	579816	300	2149.1075324784
18	664671	320	2586.7544324285
18	754424	340	2740.7620765316
18	849402	360	2925.3316994594
18	946173	380	3184.4944544911
18	1045721	400	3203.415572794
18	1146707	420	3356.4451215819
18	1251827	440	3581.7556913673
18	1360778	460	3786.0860385263
18	1473877	480	3691.5416051013
18	1592705	500	4141.5775964743
18	1715375	520	4349.4832678904
18	1842930	540	4878.8423042213
18	1975591	560	4945.9321840441
18	2114761	580	4981.928634467
18	2258986	600	5284.5528693712
18	2411542	620	5327.7356888055
18	2572773	640	5451.5237291252
18	2740998	660	5563.7172722369
18	2916352	680	5481.0290010528
18	3100232	700	5500.610542766
18	3292792	720	5371.7782713908
18	3494325	740	5072.3482354755
18	3704458	760	5173.7597601281
18	3923285	780	5579.1321354918
18	4151164	800	5895.1463722268
18	4387977	820	5744.9194979358
18	4633822	840	6247.4632441568
18	4889338	860	6513.5950514144
18	5153096	880	6662.730962156
18	5425750	900	7020.1855601619
18	5707093	920	6869.4539679288
18	5996685	940	7290.668005685
18	6296762	960	7377.3934597633
18	6605913	980	7620.960861731
18	6924352	1000	7942.3048600551
18	7252033	1020	8145.486541543
18	7588855	1040	8299.0327716883
18	7935292	1060	8565.5397237739
18	8291072	1080	8815.3449156167
18	8657081	1100	8956.8384696245
18	9034544	1120	8811.0885191574
18	9425659	1140	9142.0698924901
18	9830875	1160	9070.273273047
18	10247912	1180	9114.0832861889
18	10678285	1200	9290.9323372038
18	11120209	1220	9254.1902985988
18	11574856	1240	9283.3061130683
18	12044730	1260	9539.850170434
18	12529553	1280	9691.9323476939
18	13031057	1300	9761.0366549717
18	13546373	1320	10112.8676357
18	14073075	1340	9654.7828965198
18	14610686	1360	10342.139190013
18	15159254	1380	10621.015636464
18	15719488	1400	10877.272583269
18	16291947	1420	11002.78345036
18	16882240	1440	10993.488580163
18	17494198	1460	10874.977361128
18	18127007	1480	11412.816576426
18	18773448	1500	11293.551186205
18	19432161	1520	11701.484826267
18	20101725	1540	11567.808737179
18	20778064	1560	11475.349918381
18	21466651	1580	11703.937080823
18	22165447	1600	11776.973742428
18	22877653	1620	12241.916962452
18	23606669	1640	12076.26954701
18	24355242	1660	12468.921651087
18	25126408	1680	12615.688529922
18	25914967	1700	13213.695295155
18	26718578	1720	13124.089460857
18	27539619	1740	12850.731759348
18	28381318	1760	13252.154613615
18	29241096	1780	13635.952083887
18	30119477	1800	13871.925530442
18	31015509	1820	13905.511076972
18	31929079	1840	14380.41397744
18	32861764	1860	14183.465449364
18	33816508	1880	14733.817990176
18	34793927	1900	14754.619952316
18	35789337	1920	15002.433447271
18	36801984	1940	15175.689850203
18	37841393	1960	15043.698993739
18	38910534	1980	15543.790672088
18	40006754	2000	15685.238034955
19	356982	240	49.186668371539
19	425967	260	48.994453325635
19	500353	280	48.843136327535
19	579816	300	48.843353010873
19	664671	320	48.806687404311
19	754424	340	48.942179938064
19	849402	360	48.755528324323
19	946173	380	48.992222376786
19	1045721	400	49.283316504523
19	1146707	420	49.359487082087
19	1251827	440	49.746606824546
19	1360778	460	49.816921559557
19	1473877	480	49.885697366234
19	1592705	500	49.898525258726
19	1715375	520	49.994060550464
19	1842930	540	50.297343342488
19	1975591	560	50.468695755552
19	2114761	580	50.322511459262
19	2258986	600	50.329074946392
19	2411542	620	50.261657441561
19	2572773	640	50.477071565974
19	2740998	660	50.579247929426
19	2916352	680	50.750268528267
19	3100232	700	50.931579099685
19	3292792	720	51.159793060865
19	3494325	740	50.723482354755
19	3704458	760	50.723134903217
19	3923285	780	50.719383049926
19	4151164	800	50.820227346783
19	4387977	820	50.839995556954
19	4633822	840	50.792384098836
19	4889338	860	50.887461339175
19	5153096	880	50.860541695847
19	5425750	900	50.870909856245
19	5707093	920	50.88484420688
19	5996685	940	50.983692347447
19	6296762	960	50.878575584574
19	6605913	980	51.147388333765
19	6924352	1000	50.912210641379
19	7252033	1020	50.909290884644
19	7588855	1040	50.91431148275
19	7935292	1060	50.985355498654
19	8291072	1080	50.955750957322
19	8657081	1100	50.891127668321
19	9034544	1120	50.93114750958
19	9425659	1140	50.508673439172
19	9830875	1160	50.390407072484
19	10247912	1180	50.354051304911
19	10678285	1200	50.494197484803
19	11120209	1220	50.294512492385
19	11574856	1240	50.180033043613
19	12044730	1260	50.209737739126
19	12529553	1280	50.217266050228
19	13031057	1300	50.056598230624
19	13546373	1320	49.817081949259
19	14073075	1340	50.024781847253
19	14610686	1360	49.962025072525
19	15159254	1380	49.863923175889
19	15719488	1400	50.12568010723
19	16291947	1420	49.786350454117
19	16882240	1440	49.970402637106
19	17494198	1460	49.657430872728
19	18127007	1480	49.620941636633
19	18773448	1500	49.751326811474
19	19432161	1520	49.582562823164
19	20101725	1540	49.647247799049
19	20778064	1560	49.676839473512
19	21466651	1580	49.80398757797
19	22165447	1600	49.902431111983
19	22877653	1620	49.763890091268
19	23606669	1640	49.696582497983
19	24355242	1660	49.875686604348
19	25126408	1680	49.864381541193
19	25914967	1700	49.675546222386
19	26718578	1720	49.524865890025
19	27539619	1740	49.616724939568
19	28381318	1760	49.820130126371
19	29241096	1780	49.766248481339
19	30119477	1800	49.899012699433
19	31015509	1820	49.840541494524
19	31929079	1840	49.931992977221
19	32861764	1860	49.941779751283
19	33816508	1880	49.94514572941
19	34793927	1900	50.015660855307
19	35789337	1920	50.008111490904
19	36801984	1940	50.08478498417
19	37841393	1960	50.145663312462
19	38910534	1980	50.14126023254
19	40006754	2000	50.112581581326
20	356982	240	1.7697878057294
20	425967	260	2.9316929390144
20	500353	280	1.928207361485
20	579816	300	1.9190961222331
20	664671	320	1.6525129352685
20	754424	340	1.8236098956124
20	849402	360	1.7934319882833
20	946173	380	2.1014066145258
20	1045721	400	2.3120588740144
20	1146707	420	2.2819662838917
20	1251827	440	3.0059713409069
20	1360778	460	2.7540527904172
20	1473877	480	2.341533782508
20	1592705	500	2.3520305431035
20	1715375	520	2.4855856880649
20	1842930	540	2.643874972558
20	1975591	560	2.596755710689
20	2114761	580	2.1916943568128
20	2258986	600	2.2934589578239
20	2411542	620	2.4194386116858
20	2572773	640	3.1692974682541
20	2740998	660	2.9558566573149
20	2916352	680	2.936929822291
20	3100232	700	3.0424103710036
20	3292792	720	2.995683020207
20	3494325	740	2.6072692985133
20	3704458	760	2.621809992386
20	3923285	780	2.4233849284409
20	4151164	800	2.3476632089621
20	4387977	820	2.2328868376653
20	4633822	840	2.5387700454414
20	4889338	860	2.4471405779338
20	5153096	880	2.4534049241896
20	5425750	900	2.3180944213336
20	5707093	920	2.2348724523394
20	5996685	940	2.3514429671937
20	6296762	960	2.519581551028
20	6605913	980	2.6689938006902
20	6924352	1000	2.532378972196
20	7252033	1020	2.4411281675162
20	7588855	1040	2.0670012542235
20	7935292	1060	2.2626974627498
20	8291072	1080	2.2663272821178
20	8657081	1100	2.2785145589147
20	9034544	1120	2.4037876005303
20	9425659	1140	2.7179128933058
20	9830875	1160	2.9163290834292
20	10247912	1180	3.1041070672485
20	10678285	1200	3.3069515867423
20	11120209	1220	3.336597435554
20	11574856	1240	3.3918804508183
20	12044730	1260	3.4684909607747
20	12529553	1280	3.5046189838595
20	13031057	1300	3.5948158711927
20	13546373	1320	3.5766691887489
20	14073075	1340	3.4465827363827
20	14610686	1360	3.5627536176787
20	15159254	1380	3.7002427248458
20	15719488	1400	3.6824619361235
20	16291947	1420	3.8070741524954
20	16882240	1440	3.9210850184426
20	17494198	1460	3.9618980807364
20	18127007	1480	3.8703543481145
20	18773448	1500	4.0514254522158
20	19432161	1520	4.0006019243311
20	20101725	1540	3.8331146776329
20	20778064	1560	3.7874698630251
20	21466651	1580	3.8544299375012
20	22165447	1600	3.9340146109405
20	22877653	1620	3.7291535135466
20	23606669	1640	3.8025817404516
20	24355242	1660	3.6377035164271
20	25126408	1680	3.6592660864106
20	25914967	1700	3.7167375188582
20	26718578	1720	3.8177513170474
20	27539619	1740	3.7938035543514
20	28381318	1760	3.7366768615637
20	29241096	1780	3.72580096669
20	30119477	1800	3.5781143519698
20	31015509	1820	3.6872647122982
20	31929079	1840	3.6553767689989
20	32861764	1860	3.6772541207012
20	33816508	1880	3.5897640432974
20	34793927	1900	3.5904386857659
20	35789337	1920	3.6318719153194
20	36801984	1940	3.4745583519945
20	37841393	1960	3.502633489099
20	38910534	1980	3.4887885519423
20	40006754	2000	3.5739392940396
21	356982	240	3.1321488773087
21	425967	260	8.5948234886671
21	500353	280	3.7179836288851
21	579816	300	3.6829299263702
21	664671	320	2.7307990012299
21	754424	340	3.3255530513753
21	849402	360	3.2163982965978
21	946173	380	4.415909759573
21	1045721	400	5.3456162369087
21	1146707	420	5.2073701208187
21	1251827	440	9.0358637023537
21	1360778	460	7.5848067724048
21	1473877	480	5.4827804546264
21	1592705	500	5.5320476756917
21	1715375	520	6.178136212713
21	1842930	540	6.9900748705185
21	1975591	560	6.7431402209961
21	2114761	580	4.8035241536851
21	2258986	600	5.2599539912225
21	2411542	620	5.853683195716
21	2572773	640	10.044446442282
21	2740998	660	8.7370885785926
21	2916352	680	8.6255567810621
21	3100232	700	9.2562608655905
21	3292792	720	8.9741167575565
21	3494325	740	6.7978531949702
21	3704458	760	6.8738876361749
21	3923285	780	5.8727945113944
21	4151164	800	5.5115225427143
21	4387977	820	4.985783629819
21	4633822	840	6.4453533436306
21	4889338	860	5.9884970081703
21	5153096	880	6.0191957220376
21	5425750	900	5.3735617462177
21	5707093	920	4.9946548782253
21	5996685	940	5.5292840279646
21	6296762	960	6.3482911922807
21	6605913	980	7.1235279081226
21	6924352	1000	6.4129432588202
21	7252033	1020	5.9591067302411
21	7588855	1040	4.2724941849615
21	7935292	1060	5.1197998079344
21	8291072	1080	5.1362393496715
21	8657081	1100	5.1916285951861
21	9034544	1120	5.778194828463
21	9425659	1140	7.387050495598
21	9830875	1160	8.5049753228551
21	10247912	1180	9.6354806849422
21	10678285	1200	10.935928797057
21	11120209	1220	11.132882446945
21	11574856	1240	11.504852992643
21	12044730	1260	12.030429544976
21	12529553	1280	12.282354222028
21	13031057	1300	12.922701147779
21	13546373	1320	12.792562485746
21	14073075	1340	11.878932558731
21	14610686	1360	12.693213340282
21	15159254	1380	13.691796222774
21	15719488	1400	13.560525910998
21	16291947	1420	14.493813602598
21	16882240	1440	15.374907721855
21	17494198	1460	15.696636402143
21	18127007	1480	14.979642779969
21	18773448	1500	16.414048194862
21	19432161	1520	16.004815756962
21	20101725	1540	14.692768131885
21	20778064	1560	14.344927963323
21	21466651	1580	14.856630143106
21	22165447	1600	15.476470959093
21	22877653	1620	13.906585927597
21	23606669	1640	14.459627892816
21	24355242	1660	13.232886873426
21	25126408	1680	13.390228291155
21	25914967	1700	13.814137784088
21	26718578	1720	14.575225118817
21	27539619	1740	14.39294540901
21	28381318	1760	13.962753967746
21	29241096	1780	13.881592843388
21	30119477	1800	12.802902315772
21	31015509	1820	13.59592105856
21	31929079	1840	13.361779323337
21	32861764	1860	13.522197868214
21	33816508	1880	12.886405886551
21	34793927	1900	12.891249956244
21	35789337	1920	13.190493609286
21	36801984	1940	12.072555741415
21	37841393	1960	12.268441358958
21	38910534	1980	12.171645560164
21	40006754	2000	12.77304207748
22	356982	240	4761.6133193842
22	425967	260	4670.933707729
22	500353	280	5521.3063389371
22	579816	300	5878.1811572883
22	664671	320	6331.0755151005
22	754424	340	6695.8224635718
22	849402	360	7060.4648554381
22	946173	380	7656.7788484931
22	1045721	400	7677.0456755907
22	1146707	420	7552.1518484953
22	1251827	440	7782.1556438959
22	1360778	460	8061.785564949
22	1473877	480	8193.6548343907
22	1592705	500	8477.4241758074
22	1715375	520	8619.1309267334
22	1842930	540	8576.626943039
22	1975591	560	8805.9356567742
22	2114761	580	8761.2535784999
22	2258986	600	9037.6396991379
22	2411542	620	9302.9143899415
22	2572773	640	9894.3133949792
22	2740998	660	9664.6837780334
22	2916352	680	9855.4656237649
22	3100232	700	10400.481796826
22	3292792	720	10356.749266106
22	3494325	740	10439.691733956
22	3704458	760	10392.6606408
22	3923285	780	10851.853827375
22	4151164	800	11071.33618427
22	4387977	820	10480.557886314
22	4633822	840	11071.096454842
22	4889338	860	11245.734838997
22	5153096	880	11605.447781771
22	5425750	900	11878.894156882
22	5707093	920	11881.050077485
22	5996685	940	12059.724538405
22	6296762	960	12327.563145866
22	6605913	980	12462.780936368
22	6924352	1000	12410.93313719
22	7252033	1020	12907.694201169
22	7588855	1040	12904.261696335
22	7935292	1060	13266.396757183
22	8291072	1080	13216.598758937
22	8657081	1100	13488.521786635
22	9034544	1120	13345.991559373
22	9425659	1140	13853.016269267
22	9830875	1160	14255.667332365
22	10247912	1180	13934.203516141
22	10678285	1200	14072.108843844
22	11120209	1220	14383.152666022
22	11574856	1240	14160.906678687
22	12044730	1260	14882.387757846
22	12529553	1280	14890.451294869
22	13031057	1300	14917.941700786
22	13546373	1320	15194.828219399
22	14073075	1340	14730.980281528
22	14610686	1360	15514.012363357
22	15159254	1380	15692.484286711
22	15719488	1400	15817.035751849
22	16291947	1420	16005.81335523
22	16882240	1440	16186.978529899
22	17494198	1460	16218.90446467
22	18127007	1480	16721.950547789
22	18773448	1500	17032.836829989
22	19432161	1520	16992.372560243
22	20101725	1540	17171.339081408
22	20778064	1560	16951.856020344
22	21466651	1580	17407.892970536
22	22165447	1600	17458.14814353
22	22877653	1620	17857.676631364
22	23606669	1640	17719.755959327
22	24355242	1660	17899.82481128
22	25126408	1680	17975.919546822
22	25914967	1700	18248.932522855
22	26718578	1720	18617.857320421
22	27539619	1740	18427.469442364
22	28381318	1760	18666.026319474
22	29241096	1780	18971.799142226
22	30119477	1800	18928.827591016
22	31015509	1820	19381.660630934
22	31929079	1840	19744.783382259
22	32861764	1860	19567.565143252
22	33816508	1880	19803.687429707
22	34793927	1900	19665.798151059
22	35789337	1920	20109.577245247
22	36801984	1940	20295.080231685
22	37841393	1960	20157.735435198
22	38910534	1980	20476.441249731
22	40006754	2000	20934.086829349
23	356982	240	44.920880371549
23	425967	260	44.912824112779
23	500353	280	44.888669422253
23	579816	300	44.871611887697
23	664671	320	44.901244787946
23	754424	340	44.938405795784
23	849402	360	44.971113728905
23	946173	380	45.039875579371
23	1045721	400	45.159092209357
23	1146707	420	45.222466158655
23	1251827	440	45.245090952883
23	1360778	460	45.290930140163
23	1473877	480	45.268811239728
23	1592705	500	45.333819121965
23	1715375	520	45.363846982807
23	1842930	540	45.378978534598
23	1975591	560	45.391420911207
23	2114761	580	45.395096261657
23	2258986	600	45.41527487004
23	2411542	620	45.380070194837
23	2572773	640	45.386758692565
23	2740998	660	45.374102244288
23	2916352	680	45.416892275414
23	3100232	700	45.416951077841
23	3292792	720	45.42433888643
23	3494325	740	45.389964060678
23	3704458	760	45.382797558079
23	3923285	780	45.405246139644
23	4151164	800	45.374328624059
23	4387977	820	45.370380460234
23	4633822	840	45.373346126403
23	4889338	860	45.345704995955
23	5153096	880	45.333780397544
23	5425750	900	45.339290675122
23	5707093	920	45.347519379714
23	5996685	940	45.337310294754
23	6296762	960	45.321923330388
23	6605913	980	45.319203404976
23	6924352	1000	45.295376413101
23	7252033	1020	45.290155091823
23	7588855	1040	45.278111215212
23	7935292	1060	45.277804632023
23	8291072	1080	45.262324516908
23	8657081	1100	45.263495928307
23	9034544	1120	45.240649353805
23	9425659	1140	45.271294997604
23	9830875	1160	45.256086769412
23	10247912	1180	45.24092050695
23	10678285	1200	45.247938404642
23	11120209	1220	45.230039830257
23	11574856	1240	45.242513350438
23	12044730	1260	45.235221148467
23	12529553	1280	45.259730379542
23	13031057	1300	45.205883941776
23	13546373	1320	45.222703033926
23	14073075	1340	45.187056078308
23	14610686	1360	45.230356744481
23	15159254	1380	45.223297656228
23	15719488	1400	45.19153071957
23	16291947	1420	45.214162020424
23	16882240	1440	45.215023826534
23	17494198	1460	45.178006865376
23	18127007	1480	45.19446093997
23	18773448	1500	45.179938541084
23	19432161	1520	45.192480213411
23	20101725	1540	45.187734424759
23	20778064	1560	45.204949387584
23	21466651	1580	45.215306416975
23	22165447	1600	45.228363066139
23	22877653	1620	45.209307927504
23	23606669	1640	45.203459079915
23	24355242	1660	45.201577806262
23	25126408	1680	45.165627002065
23	25914967	1700	45.170625056572
23	26718578	1720	45.188974078691
23	27539619	1740	45.165366280304
23	28381318	1760	45.196189635529
23	29241096	1780	45.170950338633
23	30119477	1800	45.176199501231
23	31015509	1820	45.178696109403
23	31929079	1840	45.182570668785
23	32861764	1860	45.190681624139
23	33816508	1880	45.213898241341
23	34793927	1900	45.208731381745
23	35789337	1920	45.190061225274
23	36801984	1940	45.20062412402
23	37841393	1960	45.196716222417
23	38910534	1980	45.201857063423
23	40006754	2000	45.21401043056
24	356982	240	0.36433166274468
24	425967	260	0.40047588004254
24	500353	280	0.33913493225346
24	579816	300	0.29656507164838
24	664671	320	0.39717266881096
24	754424	340	0.3643486075782
24	849402	360	0.40546751330152
24	946173	380	0.55461734353512
24	1045721	400	0.90914735313277
24	1146707	420	0.97605536261627
24	1251827	440	0.97846302020191
24	1360778	460	1.0216346041016
24	1473877	480	0.9118684461016
24	1592705	500	0.92389689704451
24	1715375	520	0.979436911527
24	1842930	540	0.94619413716289
24	1975591	560	0.94598053050303
24	2114761	580	0.96161324120688
24	2258986	600	0.91843925300911
24	2411542	620	0.892294184683
24	2572773	640	0.85471832208603
24	2740998	660	0.81975698233691
24	2916352	680	0.85375317759438
24	3100232	700	0.85006000994206
24	3292792	720	0.85842908931946
24	3494325	740	0.79333885468691
24	3704458	760	0.78232115387037
24	3923285	780	0.8022098423055
24	4151164	800	0.77591777005383
24	4387977	820	0.7546368235448
24	4633822	840	0.75750845791887
24	4889338	860	0.75765886819539
24	5153096	880	0.71346532546878
24	5425750	900	0.72752138403438
24	5707093	920	0.76168200681299
24	5996685	940	0.75091214878048
24	6296762	960	0.71971375200519
24	6605913	980	0.73357667478227
24	6924352	1000	0.68553054303639
24	7252033	1020	0.72424999852696
24	7588855	1040	0.74324163829408
24	7935292	1060	0.7372996153454
24	8291072	1080	0.72504694323868
24	8657081	1100	0.69081710829962
24	9034544	1120	0.64055984399925
24	9425659	1140	0.7254947999486
24	9830875	1160	0.7242802296724
24	10247912	1180	0.68646197137691
24	10678285	1200	0.63391254548886
24	11120209	1220	0.62829336351277
24	11574856	1240	0.6297383417306
24	12044730	1260	0.65931401462311
24	12529553	1280	0.68724322931643
24	13031057	1300	0.64204805527964
24	13546373	1320	0.64462246832199
24	14073075	1340	0.60025016912855
24	14610686	1360	0.67713912600825
24	15159254	1380	0.6752538633041
24	15719488	1400	0.62762575079813
24	16291947	1420	0.64772966650158
24	16882240	1440	0.65184094394156
24	17494198	1460	0.6139349948002
24	18127007	1480	0.6564321961853
24	18773448	1500	0.64844652837173
24	19432161	1520	0.6499062711706
24	20101725	1540	0.66377426798078
24	20778064	1560	0.65191277887124
24	21466651	1580	0.62491101570128
24	22165447	1600	0.65655681922726
24	22877653	1620	0.59325442171765
24	23606669	1640	0.6117073926141
24	24355242	1660	0.63147061669056
24	25126408	1680	0.57100257798806
24	25914967	1700	0.60789444564459
24	26718578	1720	0.63572511855424
24	27539619	1740	0.60106193210943
24	28381318	1760	0.63569682986623
24	29241096	1780	0.56807485185569
24	30119477	1800	0.61817801677646
24	31015509	1820	0.6345204858789
24	31929079	1840	0.61021879982099
24	32861764	1860	0.58282726734114
24	33816508	1880	0.63297303041247
24	34793927	1900	0.62683303255383
24	35789337	1920	0.60392234683328
24	36801984	1940	0.60094953606016
24	37841393	1960	0.5807890510407
24	38910534	1980	0.58011453532297
24	40006754	2000	0.61441927163461
25	356982	240	0.1327375604783
25	425967	260	0.16038093049584
25	500353	280	0.11501250227456
25	579816	300	0.087950841721808
25	664671	320	0.15774612885042
25	754424	340	0.13274990784417
25	849402	360	0.16440390434292
25	946173	380	0.30760039774995
25	1045721	400	0.82654890970833
25	1146707	420	0.95268407089197
25	1251827	440	0.95738988190265
25	1360778	460	1.0437372642979
25	1473877	480	0.83150406299574
25	1592705	500	0.85358547636848
25	1715375	520	0.95929666366154
25	1842930	540	0.89528334520143
25	1975591	560	0.89487916409079
25	2114761	580	0.9247000256644
25	2258986	600	0.84353066146794
25	2411542	620	0.79618891201911
25	2572773	640	0.73054341010956
25	2740998	660	0.67200151009012
25	2916352	680	0.7288944882525
25	3100232	700	0.72260202050269
25	3292792	720	0.73690050138983
25	3494325	740	0.62938653835593
25	3704458	760	0.61202638779306
25	3923285	780	0.64354063109182
25	4151164	800	0.60204838588531
25	4387977	820	0.56947673544979
25	4633822	840	0.57381906381863
25	4889338	860	0.57404696055512
25	5153096	880	0.50903277064627
25	5425750	900	0.52928736422731
25	5707093	920	0.58015947950266
25	5996685	940	0.56386905518612
25	6296762	960	0.51798788482539
25	6605913	980	0.53813473778461
25	6924352	1000	0.46995212543577
25	7252033	1020	0.5245380603663
25	7588855	1040	0.55240813289406
25	7935292	1060	0.54361072278847
25	8291072	1080	0.52569306989976
25	8657081	1100	0.47722827711945
25	9034544	1120	0.41031691374435
25	9425659	1140	0.52634270475246
25	9830875	1160	0.52458185109431
25	10247912	1180	0.47123003814667
25	10678285	1200	0.40184511532817
25	11120209	1220	0.39475255063419
25	11574856	1240	0.39657037904561
25	12044730	1260	0.43469496987844
25	12529553	1280	0.47230325624128
25	13031057	1300	0.41222570528837
25	13546373	1320	0.41553812666554
25	14073075	1340	0.36030026553885
25	14610686	1360	0.45851739597122
25	15159254	1380	0.45596777990711
25	15719488	1400	0.39391408306491
25	16291947	1420	0.41955372086625
25	16882240	1440	0.42489661619862
25	17494198	1460	0.37691617784032
25	18127007	1480	0.43090322818866
25	18773448	1500	0.42048290015734
25	19432161	1520	0.42237816130687
25	20101725	1540	0.44059627883342
25	20778064	1560	0.42499027125562
25	21466651	1580	0.3905137775448
25	22165447	1600	0.43106685687381
25	22877653	1620	0.35195080888754
25	23606669	1640	0.37418593417874
25	24355242	1660	0.39875513974356
25	25126408	1680	0.32604394406901
25	25914967	1700	0.36953565704555
25	26718578	1720	0.40414642636081
25	27539619	1740	0.36127544623113
25	28381318	1760	0.40411045950198
25	29241096	1780	0.32270903731087
25	30119477	1800	0.38214406042567
25	31015509	1820	0.402616247
25	31929079	1840	0.37236698365496
25	32861764	1860	0.33968762355634
25	33816508	1880	0.40065485722954
25	34793927	1900	0.39291965070064
25	35789337	1920	0.36472220100461
25	36801984	1940	0.36114034489093
25	37841393	1960	0.33731592180876
25	38910534	1980	0.33653287409299
25	40006754	2000	0.37751104135601
