version 2
run statisticRVV-233-20150326-09:49:40-7904
attr c 6
attr configname statisticRVV
attr datetime 20150326-09:49:40
attr experiment statisticRVV
attr inifile omnetpp.ini
attr iterationvars "$sc=\"erlangen-medium.launchd.xml\", $p=1/5, $c=6"
attr iterationvars2 "$sc=\"erlangen-medium.launchd.xml\", $p=1/5, $c=6, $repetition=3"
attr measurement "$sc=\"erlangen-medium.launchd.xml\", $p=1/5, $c=6"
attr network RSUExampleScenario
attr p 1/5
attr processid 7904
attr repetition 3
attr replication #3
attr resultdir results
attr runnumber 233
attr sc "\"erlangen-medium.launchd.xml\""
attr seedset 233

vector 0  RSUExampleScenario.rsu[0].appl  Number_CH  ETV
vector 1  RSUExampleScenario.rsu[0].appl  Number_ON  ETV
vector 2  RSUExampleScenario.rsu[0].appl  Number_FN  ETV
vector 3  RSUExampleScenario.rsu[0].appl  Number_CH_Losts  ETV
vector 4  RSUExampleScenario.rsu[0].appl  Mean_Cluster_Size  ETV
vector 5  RSUExampleScenario.rsu[0].appl  StdDev_Cluster_Size  ETV
vector 6  RSUExampleScenario.rsu[0].appl  Variance_Cluster_Size  ETV
vector 7  RSUExampleScenario.rsu[0].appl  Mean_Neighbors  ETV
vector 8  RSUExampleScenario.rsu[0].appl  StdDev_Neighbors  ETV
vector 9  RSUExampleScenario.rsu[0].appl  Variance_Neighbors  ETV
vector 10  RSUExampleScenario.rsu[0].appl  Total_CH_Utility  ETV
vector 11  RSUExampleScenario.rsu[0].appl  Mean_CH_Utility  ETV
vector 12  RSUExampleScenario.rsu[0].appl  StdDev_CH_Utility  ETV
vector 13  RSUExampleScenario.rsu[0].appl  Variance_CH_Utility  ETV
vector 14  RSUExampleScenario.rsu[0].appl  Total_exp_CH_Utility  ETV
vector 15  RSUExampleScenario.rsu[0].appl  Mean_exp_CH_Utility  ETV
vector 16  RSUExampleScenario.rsu[0].appl  StdDev_exp_CH_Utility  ETV
vector 17  RSUExampleScenario.rsu[0].appl  Variance_exp_CH_Utility  ETV
vector 18  RSUExampleScenario.rsu[0].appl  Total_ON_Utility  ETV
vector 19  RSUExampleScenario.rsu[0].appl  Mean_ON_Utility  ETV
vector 20  RSUExampleScenario.rsu[0].appl  StdDev_ON_Utility  ETV
vector 21  RSUExampleScenario.rsu[0].appl  Variance_ON_Utility  ETV
vector 22  RSUExampleScenario.rsu[0].appl  Total_exp_ON_Utility  ETV
vector 23  RSUExampleScenario.rsu[0].appl  Mean_exp_ON_Utility  ETV
vector 24  RSUExampleScenario.rsu[0].appl  StdDev_exp_ON_Utility  ETV
vector 25  RSUExampleScenario.rsu[0].appl  Variance_exp_ON_Utility  ETV
0	144813	240	10
0	170805	260	17
0	197993	280	18
0	225355	300	11
0	252656	320	13
0	279742	340	19
0	306914	360	15
0	334555	380	19
0	362019	400	13
0	389849	420	13
0	418340	440	15
0	446852	460	13
0	475948	480	15
0	505669	500	18
0	535996	520	18
0	567094	540	16
0	598816	560	17
0	631343	580	12
0	664545	600	19
0	698945	620	18
0	733995	640	15
0	769881	660	22
0	807043	680	18
0	845259	700	19
0	884863	720	14
0	925739	740	14
0	967250	760	11
0	1010612	780	16
0	1054975	800	25
0	1100697	820	22
0	1147457	840	21
0	1195030	860	17
0	1244310	880	21
0	1294251	900	17
0	1345274	920	16
0	1397311	940	14
0	1451222	960	27
0	1505906	980	18
0	1561687	1000	13
0	1619715	1020	23
0	1679434	1040	28
0	1740390	1060	19
0	1802852	1080	18
0	1867648	1100	29
0	1932745	1120	18
0	1999826	1140	19
0	2069555	1160	24
0	2140830	1180	24
0	2213349	1200	19
0	2287681	1220	28
0	2365020	1240	27
0	2443440	1260	24
0	2524371	1280	15
0	2606989	1300	28
0	2690949	1320	28
0	2777667	1340	28
0	2866474	1360	27
0	2957502	1380	21
0	3051325	1400	24
0	3146447	1420	30
0	3243764	1440	23
0	3343716	1460	22
0	3445210	1480	22
0	3548630	1500	22
0	3654480	1520	23
0	3763353	1540	20
0	3874392	1560	32
0	3986742	1580	18
0	4102003	1600	22
0	4220716	1620	21
0	4340571	1640	27
0	4462538	1660	19
0	4586902	1680	23
0	4713351	1700	28
0	4842265	1720	32
0	4973984	1740	24
0	5107757	1760	33
0	5243965	1780	23
0	5381803	1800	28
0	5523209	1820	27
0	5666441	1840	31
0	5812442	1860	17
0	5960261	1880	27
0	6110314	1900	29
0	6263259	1920	34
0	6419727	1940	28
0	6578515	1960	28
0	6740169	1980	34
0	6904347	2000	33
1	144813	240	13
1	170805	260	22
1	197993	280	22
1	225355	300	12
1	252656	320	17
1	279742	340	26
1	306914	360	20
1	334555	380	26
1	362019	400	17
1	389849	420	15
1	418340	440	19
1	446852	460	18
1	475948	480	20
1	505669	500	23
1	535996	520	25
1	567094	540	23
1	598816	560	25
1	631343	580	15
1	664545	600	23
1	698945	620	24
1	733995	640	22
1	769881	660	34
1	807043	680	28
1	845259	700	29
1	884863	720	22
1	925739	740	20
1	967250	760	17
1	1010612	780	24
1	1054975	800	35
1	1100697	820	35
1	1147457	840	29
1	1195030	860	23
1	1244310	880	26
1	1294251	900	25
1	1345274	920	24
1	1397311	940	22
1	1451222	960	36
1	1505906	980	26
1	1561687	1000	20
1	1619715	1020	35
1	1679434	1040	41
1	1740390	1060	30
1	1802852	1080	26
1	1867648	1100	40
1	1932745	1120	29
1	1999826	1140	30
1	2069555	1160	33
1	2140830	1180	34
1	2213349	1200	27
1	2287681	1220	41
1	2365020	1240	38
1	2443440	1260	36
1	2524371	1280	21
1	2606989	1300	37
1	2690949	1320	40
1	2777667	1340	37
1	2866474	1360	38
1	2957502	1380	29
1	3051325	1400	30
1	3146447	1420	40
1	3243764	1440	34
1	3343716	1460	33
1	3445210	1480	32
1	3548630	1500	31
1	3654480	1520	35
1	3763353	1540	28
1	3874392	1560	48
1	3986742	1580	28
1	4102003	1600	29
1	4220716	1620	28
1	4340571	1640	40
1	4462538	1660	28
1	4586902	1680	34
1	4713351	1700	45
1	4842265	1720	46
1	4973984	1740	38
1	5107757	1760	47
1	5243965	1780	27
1	5381803	1800	38
1	5523209	1820	39
1	5666441	1840	47
1	5812442	1860	29
1	5960261	1880	37
1	6110314	1900	40
1	6263259	1920	50
1	6419727	1940	36
1	6578515	1960	35
1	6740169	1980	47
1	6904347	2000	46
2	144813	240	55
2	170805	260	47
2	197993	280	51
2	225355	300	70
2	252656	320	63
2	279742	340	49
2	306914	360	58
2	334555	380	51
2	362019	400	63
2	389849	420	69
2	418340	440	63
2	446852	460	65
2	475948	480	63
2	505669	500	59
2	535996	520	59
2	567094	540	62
2	598816	560	63
2	631343	580	76
2	664545	600	65
2	698945	620	66
2	733995	640	73
2	769881	660	55
2	807043	680	68
2	845259	700	66
2	884863	720	80
2	925739	740	81
2	967250	760	88
2	1010612	780	78
2	1054975	800	59
2	1100697	820	63
2	1147457	840	72
2	1195030	860	82
2	1244310	880	79
2	1294251	900	84
2	1345274	920	85
2	1397311	940	92
2	1451222	960	67
2	1505906	980	85
2	1561687	1000	99
2	1619715	1020	75
2	1679434	1040	66
2	1740390	1060	88
2	1802852	1080	93
2	1867648	1100	69
2	1932745	1120	90
2	1999826	1140	91
2	2069555	1160	85
2	2140830	1180	84
2	2213349	1200	98
2	2287681	1220	75
2	2365020	1240	83
2	2443440	1260	90
2	2524371	1280	113
2	2606989	1300	84
2	2690949	1320	82
2	2777667	1340	87
2	2866474	1360	89
2	2957502	1380	106
2	3051325	1400	102
2	3146447	1420	88
2	3243764	1440	103
2	3343716	1460	104
2	3445210	1480	108
2	3548630	1500	109
2	3654480	1520	106
2	3763353	1540	117
2	3874392	1560	86
2	3986742	1580	122
2	4102003	1600	117
2	4220716	1620	121
2	4340571	1640	103
2	4462538	1660	126
2	4586902	1680	119
2	4713351	1700	101
2	4842265	1720	98
2	4973984	1740	114
2	5107757	1760	100
2	5243965	1780	132
2	5381803	1800	115
2	5523209	1820	116
2	5666441	1840	107
2	5812442	1860	137
2	5960261	1880	121
2	6110314	1900	119
2	6263259	1920	104
2	6419727	1940	126
2	6578515	1960	128
2	6740169	1980	112
2	6904347	2000	113
3	144813	240	2
3	170805	260	3
3	197993	280	2
3	225355	300	3
3	252656	320	8
3	279742	340	5
3	306914	360	2
3	334555	380	7
3	362019	400	1
3	389849	420	5
3	418340	440	7
3	446852	460	5
3	475948	480	4
3	505669	500	4
3	535996	520	3
3	567094	540	4
3	598816	560	4
3	631343	580	7
3	664545	600	6
3	698945	620	3
3	733995	640	10
3	769881	660	2
3	807043	680	4
3	845259	700	2
3	884863	720	8
3	925739	740	4
3	967250	760	7
3	1010612	780	5
3	1054975	800	4
3	1100697	820	7
3	1147457	840	7
3	1195030	860	4
3	1244310	880	11
3	1294251	900	3
3	1345274	920	3
3	1397311	940	8
3	1451222	960	6
3	1505906	980	6
3	1561687	1000	6
3	1619715	1020	5
3	1679434	1040	6
3	1740390	1060	6
3	1802852	1080	7
3	1867648	1100	3
3	1932745	1120	6
3	1999826	1140	6
3	2069555	1160	3
3	2140830	1180	3
3	2213349	1200	5
3	2287681	1220	5
3	2365020	1240	6
3	2443440	1260	5
3	2524371	1280	4
3	2606989	1300	9
3	2690949	1320	10
3	2777667	1340	6
3	2866474	1360	5
3	2957502	1380	4
3	3051325	1400	10
3	3146447	1420	7
3	3243764	1440	6
3	3343716	1460	7
3	3445210	1480	8
3	3548630	1500	7
3	3654480	1520	6
3	3763353	1540	5
3	3874392	1560	11
3	3986742	1580	9
3	4102003	1600	10
3	4220716	1620	7
3	4340571	1640	9
3	4462538	1660	14
3	4586902	1680	8
3	4713351	1700	14
3	4842265	1720	4
3	4973984	1740	7
3	5107757	1760	6
3	5243965	1780	5
3	5381803	1800	7
3	5523209	1820	2
3	5666441	1840	8
3	5812442	1860	4
3	5960261	1880	14
3	6110314	1900	4
3	6263259	1920	7
3	6419727	1940	4
3	6578515	1960	6
3	6740169	1980	2
3	6904347	2000	9
4	144813	240	1.3
4	170805	260	1.2941176470588
4	197993	280	1.2222222222222
4	225355	300	1.0909090909091
4	252656	320	1.3076923076923
4	279742	340	1.3684210526316
4	306914	360	1.3333333333333
4	334555	380	1.3684210526316
4	362019	400	1.3076923076923
4	389849	420	1.1538461538462
4	418340	440	1.2666666666667
4	446852	460	1.3846153846154
4	475948	480	1.3333333333333
4	505669	500	1.2777777777778
4	535996	520	1.3888888888889
4	567094	540	1.4375
4	598816	560	1.4705882352941
4	631343	580	1.25
4	664545	600	1.2105263157895
4	698945	620	1.3333333333333
4	733995	640	1.4666666666667
4	769881	660	1.5454545454545
4	807043	680	1.5555555555556
4	845259	700	1.5263157894737
4	884863	720	1.5714285714286
4	925739	740	1.4285714285714
4	967250	760	1.5454545454545
4	1010612	780	1.5
4	1054975	800	1.4
4	1100697	820	1.5909090909091
4	1147457	840	1.3809523809524
4	1195030	860	1.3529411764706
4	1244310	880	1.2380952380952
4	1294251	900	1.4705882352941
4	1345274	920	1.5
4	1397311	940	1.5714285714286
4	1451222	960	1.3333333333333
4	1505906	980	1.4444444444444
4	1561687	1000	1.5384615384615
4	1619715	1020	1.5217391304348
4	1679434	1040	1.4642857142857
4	1740390	1060	1.5789473684211
4	1802852	1080	1.4444444444444
4	1867648	1100	1.3793103448276
4	1932745	1120	1.6111111111111
4	1999826	1140	1.5789473684211
4	2069555	1160	1.375
4	2140830	1180	1.4166666666667
4	2213349	1200	1.4210526315789
4	2287681	1220	1.4642857142857
4	2365020	1240	1.4074074074074
4	2443440	1260	1.5
4	2524371	1280	1.4
4	2606989	1300	1.3214285714286
4	2690949	1320	1.4285714285714
4	2777667	1340	1.3214285714286
4	2866474	1360	1.4074074074074
4	2957502	1380	1.3809523809524
4	3051325	1400	1.25
4	3146447	1420	1.3333333333333
4	3243764	1440	1.4782608695652
4	3343716	1460	1.5
4	3445210	1480	1.4545454545455
4	3548630	1500	1.4090909090909
4	3654480	1520	1.5217391304348
4	3763353	1540	1.4
4	3874392	1560	1.5
4	3986742	1580	1.5555555555556
4	4102003	1600	1.3181818181818
4	4220716	1620	1.3333333333333
4	4340571	1640	1.4814814814815
4	4462538	1660	1.4736842105263
4	4586902	1680	1.4782608695652
4	4713351	1700	1.6071428571429
4	4842265	1720	1.4375
4	4973984	1740	1.5833333333333
4	5107757	1760	1.4242424242424
4	5243965	1780	1.1739130434783
4	5381803	1800	1.3571428571429
4	5523209	1820	1.4444444444444
4	5666441	1840	1.5161290322581
4	5812442	1860	1.7058823529412
4	5960261	1880	1.3703703703704
4	6110314	1900	1.3793103448276
4	6263259	1920	1.4705882352941
4	6419727	1940	1.2857142857143
4	6578515	1960	1.25
4	6740169	1980	1.3823529411765
4	6904347	2000	1.3939393939394
5	144813	240	0.48304589153965
5	170805	260	0.46966821831386
5	197993	280	0.4277926319465
5	225355	300	0.30151134457776
5	252656	320	0.48038446141526
5	279742	340	0.49559462778335
5	306914	360	0.48795003647427
5	334555	380	0.49559462778335
5	362019	400	0.48038446141526
5	389849	420	0.37553380809941
5	418340	440	0.45773770821706
5	446852	460	0.50636968354183
5	475948	480	0.48795003647427
5	505669	500	0.46088859896248
5	535996	520	0.50163132570455
5	567094	540	0.51234753829798
5	598816	560	0.51449575542753
5	631343	580	0.45226701686665
5	664545	600	0.4188539082917
5	698945	620	0.48507125007267
5	733995	640	0.51639777949432
5	769881	660	0.5958006000151
5	807043	680	0.51130999256491
5	845259	700	0.51298917604258
5	884863	720	0.5135525910131
5	925739	740	0.5135525910131
5	967250	760	0.68755165095233
5	1010612	780	0.63245553203368
5	1054975	800	0.5
5	1100697	820	0.5032362797402
5	1147457	840	0.49761335152812
5	1195030	860	0.60633906259083
5	1244310	880	0.5389584311208
5	1294251	900	0.6242642728468
5	1345274	920	0.63245553203368
5	1397311	940	0.5135525910131
5	1451222	960	0.48038446141526
5	1505906	980	0.51130999256491
5	1561687	1000	0.66022529177352
5	1619715	1020	0.51075391845525
5	1679434	1040	0.50787450018337
5	1740390	1060	0.50725727350179
5	1802852	1080	0.51130999256491
5	1867648	1100	0.49380397379124
5	1932745	1120	0.60768498891419
5	1999826	1140	0.50725727350179
5	2069555	1160	0.49453535504684
5	2140830	1180	0.50361015518533
5	2213349	1200	0.50725727350179
5	2287681	1220	0.50787450018337
5	2365020	1240	0.50071174413254
5	2443440	1260	0.51075391845525
5	2524371	1280	0.50709255283711
5	2606989	1300	0.47559486560567
5	2690949	1320	0.50395263067897
5	2777667	1340	0.47559486560567
5	2866474	1360	0.50071174413254
5	2957502	1380	0.49761335152812
5	3051325	1400	0.44232586846469
5	3146447	1420	0.47946330148538
5	3243764	1440	0.51075391845525
5	3343716	1460	0.51176631571916
5	3445210	1480	0.50964719143763
5	3548630	1500	0.5032362797402
5	3654480	1520	0.51075391845525
5	3763353	1540	0.50262468995003
5	3874392	1560	0.56796183424706
5	3986742	1580	0.51130999256491
5	4102003	1600	0.4767312946228
5	4220716	1620	0.48304589153965
5	4340571	1640	0.50917507721732
5	4462538	1660	0.51298917604258
5	4586902	1680	0.59310931212255
5	4713351	1700	0.49734746139344
5	4842265	1720	0.50401612877419
5	4973984	1740	0.50361015518533
5	5107757	1760	0.50189036591066
5	5243965	1780	0.38755338788159
5	5381803	1800	0.48795003647427
5	5523209	1820	0.50636968354183
5	5666441	1840	0.50800050800076
5	5812442	1860	0.58786753209726
5	5960261	1880	0.49210287762341
5	6110314	1900	0.49380397379124
5	6263259	1920	0.5066403971049
5	6419727	1940	0.46004370622824
5	6578515	1960	0.4409585518441
5	6740169	1980	0.49327021805638
5	6904347	2000	0.49619766344887
6	144813	240	0.23333333333333
6	170805	260	0.22058823529412
6	197993	280	0.18300653594771
6	225355	300	0.090909090909091
6	252656	320	0.23076923076923
6	279742	340	0.24561403508772
6	306914	360	0.23809523809524
6	334555	380	0.24561403508772
6	362019	400	0.23076923076923
6	389849	420	0.14102564102564
6	418340	440	0.20952380952381
6	446852	460	0.25641025641026
6	475948	480	0.23809523809524
6	505669	500	0.21241830065359
6	535996	520	0.2516339869281
6	567094	540	0.2625
6	598816	560	0.26470588235294
6	631343	580	0.20454545454545
6	664545	600	0.17543859649123
6	698945	620	0.23529411764706
6	733995	640	0.26666666666667
6	769881	660	0.35497835497836
6	807043	680	0.26143790849673
6	845259	700	0.26315789473684
6	884863	720	0.26373626373626
6	925739	740	0.26373626373626
6	967250	760	0.47272727272727
6	1010612	780	0.4
6	1054975	800	0.25
6	1100697	820	0.25324675324675
6	1147457	840	0.24761904761905
6	1195030	860	0.36764705882353
6	1244310	880	0.29047619047619
6	1294251	900	0.38970588235294
6	1345274	920	0.4
6	1397311	940	0.26373626373626
6	1451222	960	0.23076923076923
6	1505906	980	0.26143790849673
6	1561687	1000	0.43589743589744
6	1619715	1020	0.26086956521739
6	1679434	1040	0.25793650793651
6	1740390	1060	0.25730994152047
6	1802852	1080	0.26143790849673
6	1867648	1100	0.24384236453202
6	1932745	1120	0.36928104575163
6	1999826	1140	0.25730994152047
6	2069555	1160	0.2445652173913
6	2140830	1180	0.2536231884058
6	2213349	1200	0.25730994152047
6	2287681	1220	0.25793650793651
6	2365020	1240	0.25071225071225
6	2443440	1260	0.26086956521739
6	2524371	1280	0.25714285714286
6	2606989	1300	0.22619047619048
6	2690949	1320	0.25396825396825
6	2777667	1340	0.22619047619048
6	2866474	1360	0.25071225071225
6	2957502	1380	0.24761904761905
6	3051325	1400	0.19565217391304
6	3146447	1420	0.22988505747126
6	3243764	1440	0.26086956521739
6	3343716	1460	0.26190476190476
6	3445210	1480	0.25974025974026
6	3548630	1500	0.25324675324675
6	3654480	1520	0.26086956521739
6	3763353	1540	0.25263157894737
6	3874392	1560	0.32258064516129
6	3986742	1580	0.26143790849673
6	4102003	1600	0.22727272727273
6	4220716	1620	0.23333333333333
6	4340571	1640	0.25925925925926
6	4462538	1660	0.26315789473684
6	4586902	1680	0.35177865612648
6	4713351	1700	0.2473544973545
6	4842265	1720	0.25403225806452
6	4973984	1740	0.2536231884058
6	5107757	1760	0.25189393939394
6	5243965	1780	0.1501976284585
6	5381803	1800	0.23809523809524
6	5523209	1820	0.25641025641026
6	5666441	1840	0.25806451612903
6	5812442	1860	0.34558823529412
6	5960261	1880	0.24216524216524
6	6110314	1900	0.24384236453202
6	6263259	1920	0.25668449197861
6	6419727	1940	0.21164021164021
6	6578515	1960	0.19444444444444
6	6740169	1980	0.24331550802139
6	6904347	2000	0.24621212121212
7	144813	240	22.692307692308
7	170805	260	22.732558139535
7	197993	280	22.571428571429
7	225355	300	22.537634408602
7	252656	320	22.408602150538
7	279742	340	22.063829787234
7	306914	360	22.311827956989
7	334555	380	22.125
7	362019	400	22.333333333333
7	389849	420	21.824742268041
7	418340	440	22.354166666667
7	446852	460	22.052083333333
7	475948	480	22.397959183673
7	505669	500	21.92
7	535996	520	22.333333333333
7	567094	540	22.60396039604
7	598816	560	23.116504854369
7	631343	580	23.106796116505
7	664545	600	23.196261682243
7	698945	620	23.314814814815
7	733995	640	24.192660550459
7	769881	660	24.117117117117
7	807043	680	24.605263157895
7	845259	700	25.482456140351
7	884863	720	25.879310344828
7	925739	740	26.721739130435
7	967250	760	27.181034482759
7	1010612	780	27.593220338983
7	1054975	800	28.218487394958
7	1100697	820	28.158333333333
7	1147457	840	29.270491803279
7	1195030	860	28.959016393443
7	1244310	880	29.420634920635
7	1294251	900	30.12
7	1345274	920	29.992
7	1397311	940	30.433070866142
7	1451222	960	30.415384615385
7	1505906	980	31.682170542636
7	1561687	1000	31.689393939394
7	1619715	1020	31.872180451128
7	1679434	1040	32.422222222222
7	1740390	1060	33.007299270073
7	1802852	1080	33.240875912409
7	1867648	1100	34.31884057971
7	1932745	1120	34.78102189781
7	1999826	1140	35.884892086331
7	2069555	1160	35.781690140845
7	2140830	1180	36.577464788732
7	2213349	1200	37.0625
7	2287681	1220	37.902777777778
7	2365020	1240	38.351351351351
7	2443440	1260	39.173333333333
7	2524371	1280	40.25
7	2606989	1300	40.765100671141
7	2690949	1320	41.52
7	2777667	1340	41.539473684211
7	2866474	1360	42.415584415584
7	2957502	1380	43.365384615385
7	3051325	1400	44.307692307692
7	3146447	1420	45.056962025316
7	3243764	1440	45.0875
7	3343716	1460	46.320754716981
7	3445210	1480	46.518518518519
7	3548630	1500	47.335403726708
7	3654480	1520	47.609756097561
7	3763353	1540	49.187878787879
7	3874392	1560	49.759036144578
7	3986742	1580	49.821428571429
7	4102003	1600	50.27380952381
7	4220716	1620	51.105882352941
7	4340571	1640	52.065088757396
7	4462538	1660	52.046242774566
7	4586902	1680	52.411428571429
7	4713351	1700	52.988505747126
7	4842265	1720	53.380681818182
7	4973984	1740	54.056818181818
7	5107757	1760	54.166666666667
7	5243965	1780	55.077348066298
7	5381803	1800	55.635359116022
7	5523209	1820	56.131868131868
7	5666441	1840	56.934426229508
7	5812442	1860	57.185792349727
7	5960261	1880	58.076086956522
7	6110314	1900	58.037234042553
7	6263259	1920	58.5
7	6419727	1940	59.542105263158
7	6578515	1960	59.816753926702
7	6740169	1980	60.80829015544
7	6904347	2000	61.494791666667
8	144813	240	4.4961966389143
8	170805	260	4.9667705654199
8	197993	280	4.6978549647516
8	225355	300	4.4417954159398
8	252656	320	4.0813375874876
8	279742	340	3.8766145041423
8	306914	360	4.9562838783834
8	334555	380	4.5311785384565
8	362019	400	4.5857371825309
8	389849	420	4.811033995927
8	418340	440	4.8774004436502
8	446852	460	4.2806044621529
8	475948	480	4.4344941154739
8	505669	500	4.6551372729816
8	535996	520	4.340309185805
8	567094	540	3.9321220935286
8	598816	560	2.8707482486852
8	631343	580	3.1774716220612
8	664545	600	3.9368583690131
8	698945	620	3.3618201238057
8	733995	640	3.2786544897773
8	769881	660	4.0893180999431
8	807043	680	5.1191440466979
8	845259	700	4.5646437621188
8	884863	720	5.7106386948264
8	925739	740	5.9405650184446
8	967250	760	6.5655214540825
8	1010612	780	6.8090403557638
8	1054975	800	7.0340089876541
8	1100697	820	7.1877531620255
8	1147457	840	8.1818554395575
8	1195030	860	7.677806958089
8	1244310	880	8.5522892136346
8	1294251	900	8.5105247933406
8	1345274	920	8.7265778682323
8	1397311	940	9.2886605653406
8	1451222	960	9.9656655653801
8	1505906	980	10.597747767896
8	1561687	1000	10.945480837995
8	1619715	1020	11.329375557048
8	1679434	1040	11.777455485437
8	1740390	1060	12.342833328057
8	1802852	1080	12.503837968121
8	1867648	1100	13.590993962699
8	1932745	1120	13.547148239339
8	1999826	1140	13.735112697812
8	2069555	1160	14.693616212725
8	2140830	1180	15.188332561851
8	2213349	1200	15.787141244422
8	2287681	1220	16.317359345379
8	2365020	1240	17.143597152625
8	2443440	1260	17.550979118241
8	2524371	1280	17.692719206645
8	2606989	1300	18.271743530523
8	2690949	1320	19.49108211155
8	2777667	1340	19.528170034254
8	2866474	1360	19.562101982403
8	2957502	1380	20.774701283039
8	3051325	1400	21.104537162273
8	3146447	1420	22.133999460405
8	3243764	1440	22.462655941577
8	3343716	1460	22.375766942437
8	3445210	1480	23.57259758274
8	3548630	1500	23.938187091805
8	3654480	1520	24.544816202085
8	3763353	1540	24.976962038409
8	3874392	1560	25.84386234454
8	3986742	1580	25.712440528798
8	4102003	1600	25.687365514534
8	4220716	1620	26.169462997844
8	4340571	1640	26.413412450567
8	4462538	1660	26.94909392033
8	4586902	1680	26.968092805326
8	4713351	1700	27.242220824341
8	4842265	1720	26.958538993709
8	4973984	1740	27.586894592301
8	5107757	1760	27.819951845221
8	5243965	1780	28.270215689846
8	5381803	1800	28.175633060191
8	5523209	1820	28.504611933215
8	5666441	1840	28.749888973962
8	5812442	1860	28.872177856484
8	5960261	1880	29.245048600823
8	6110314	1900	29.752700804176
8	6263259	1920	29.973160899904
8	6419727	1940	30.232534698146
8	6578515	1960	30.421649699847
8	6740169	1980	30.832368233974
8	6904347	2000	31.003799361134
9	144813	240	20.215784215784
9	170805	260	24.668809849521
9	197993	280	22.069841269841
9	225355	300	19.729546517064
9	252656	320	16.657316503039
9	279742	340	15.028140013727
9	306914	360	24.564749883123
9	334555	380	20.531578947368
9	362019	400	21.028985507246
9	389849	420	23.146048109966
9	418340	440	23.789035087719
9	446852	460	18.323574561404
9	475948	480	19.664738060173
9	505669	500	21.670303030303
9	535996	520	18.838283828383
9	567094	540	15.461584158416
9	598816	560	8.2411955073291
9	631343	580	10.096325909004
9	664545	600	15.498853817669
9	698945	620	11.301834544825
9	733995	640	10.749575263337
9	769881	660	16.722522522523
9	807043	680	26.205635770843
9	845259	700	20.83597267505
9	884863	720	32.611394302849
9	925739	740	35.290312738368
9	967250	760	43.106071964018
9	1010612	780	46.36303056642
9	1054975	800	49.477282438399
9	1100697	820	51.663795518207
9	1147457	840	66.942758433817
9	1195030	860	58.948719685679
9	1244310	880	73.141650793651
9	1294251	900	72.429032258065
9	1345274	920	76.153161290323
9	1397311	940	86.279215098113
9	1451222	960	99.314490161002
9	1505906	980	112.31225775194
9	1561687	1000	119.80355077492
9	1619715	1020	128.35475051265
9	1679434	1040	138.70845771144
9	1740390	1060	152.34553456419
9	1802852	1080	156.34596393302
9	1867648	1100	184.71511689411
9	1932745	1120	183.52522541863
9	1999826	1140	188.6533208216
9	2069555	1160	215.90235740685
9	2140830	1180	230.68544600939
9	2213349	1200	249.23382867133
9	2287681	1220	266.25621600622
9	2365020	1240	293.90292333149
9	2443440	1260	308.03686800895
9	2524371	1280	313.03231292517
9	2606989	1300	333.8566116452
9	2690949	1320	379.90228187919
9	2777667	1340	381.34942488672
9	2866474	1360	382.67583396995
9	2957502	1380	431.5882133995
9	3051325	1400	445.40148883375
9	3146447	1420	489.9139321132
9	3243764	1440	504.57091194969
9	3343716	1460	500.67494626224
9	3445210	1480	555.66735679779
9	3548630	1500	573.03680124224
9	3654480	1520	602.44800239413
9	3763353	1540	623.84863266814
9	3874392	1560	667.90522088353
9	3986742	1580	661.12959794696
9	4102003	1600	659.84074707727
9	4220716	1620	684.84079359554
9	4340571	1640	697.66835728374
9	4462538	1660	726.25366312676
9	4586902	1680	727.27802955665
9	4713351	1700	742.13859544216
9	4842265	1720	726.76282467532
9	4973984	1740	761.03675324675
9	5107757	1760	773.94972067039
9	5243965	1780	799.2050951504
9	5381803	1800	793.86629834254
9	5523209	1820	812.51290146318
9	5666441	1840	826.55611601513
9	5812442	1860	833.60265417642
9	5960261	1880	855.27286766453
9	6110314	1900	885.22320514279
9	6263259	1920	898.39037433155
9	6419727	1940	914.00615427458
9	6578515	1960	925.47677046018
9	6740169	1980	950.63493091537
9	6904347	2000	961.23557482548
10	144813	240	485.19881790454
10	170805	260	813.88132096042
10	197993	280	851.64452909868
10	225355	300	519.07998964555
10	252656	320	613.38614084214
10	279742	340	913.62026785735
10	306914	360	717.87985646951
10	334555	380	923.63671915823
10	362019	400	623.52608941293
10	389849	420	620.29278790644
10	418340	440	722.12541423888
10	446852	460	629.42184360323
10	475948	480	731.32364429427
10	505669	500	875.69299524616
10	535996	520	863.72501052761
10	567094	540	786.01274146608
10	598816	560	812.58799740423
10	631343	580	581.47641714689
10	664545	600	932.10889358038
10	698945	620	866.08054088508
10	733995	640	736.26044946865
10	769881	660	1071.5688996062
10	807043	680	887.27795382125
10	845259	700	935.44034742786
10	884863	720	670.48361729159
10	925739	740	683.62726854891
10	967250	760	536.23813367379
10	1010612	780	779.22007249358
10	1054975	800	1218.9110177229
10	1100697	820	1074.994355931
10	1147457	840	1054.8502052142
10	1195030	860	848.51037153415
10	1244310	880	1019.2851077527
10	1294251	900	832.54659441231
10	1345274	920	787.45898481327
10	1397311	940	681.37885220557
10	1451222	960	1334.981634307
10	1505906	980	887.27113951495
10	1561687	1000	652.15232860996
10	1619715	1020	1125.0507318021
10	1679434	1040	1405.4889902739
10	1740390	1060	953.14098007975
10	1802852	1080	889.98242002887
10	1867648	1100	1435.891681942
10	1932745	1120	887.24064908367
10	1999826	1140	959.38025926492
10	2069555	1160	1214.6226529528
10	2140830	1180	1217.1040148409
10	2213349	1200	953.00101595139
10	2287681	1220	1378.5990991118
10	2365020	1240	1340.7320475151
10	2443440	1260	1189.4513937485
10	2524371	1280	765.2695619786
10	2606989	1300	1426.6770668177
10	2690949	1320	1395.0162103959
10	2777667	1340	1416.6210710677
10	2866474	1360	1360.9734431255
10	2957502	1380	1056.187492066
10	3051325	1400	1216.6058678111
10	3146447	1420	1511.180119718
10	3243764	1440	1164.299923322
10	3343716	1460	1099.7736801324
10	3445210	1480	1101.4620867156
10	3548630	1500	1104.5280613279
10	3654480	1520	1160.191169503
10	3763353	1540	1006.9284240593
10	3874392	1560	1597.594742294
10	3986742	1580	908.97550539844
10	4102003	1600	1111.41650301
10	4220716	1620	1059.9832353031
10	4340571	1640	1346.3193142706
10	4462538	1660	962.8071616285
10	4586902	1680	1154.9065598382
10	4713351	1700	1404.6594245881
10	4842265	1720	1641.6676044211
10	4973984	1740	1197.5343014166
10	5107757	1760	1655.6448597543
10	5243965	1780	1150.6693457633
10	5381803	1800	1414.9476220682
10	5523209	1820	1392.433091604
10	5666441	1840	1558.5832223809
10	5812442	1860	857.07752753858
10	5960261	1880	1362.7183008459
10	6110314	1900	1456.9243190088
10	6263259	1920	1727.1671205574
10	6419727	1940	1401.3145257936
10	6578515	1960	1409.389518925
10	6740169	1980	1732.271565968
10	6904347	2000	1678.5381490982
11	144813	240	48.519881790454
11	170805	260	47.875371821201
11	197993	280	47.313584949927
11	225355	300	47.189089967777
11	252656	320	47.18354929555
11	279742	340	48.08527725565
11	306914	360	47.858657097967
11	334555	380	48.612458903065
11	362019	400	47.963545339457
11	389849	420	47.714829838957
11	418340	440	48.141694282592
11	446852	460	48.417064892556
11	475948	480	48.754909619618
11	505669	500	48.649610847009
11	535996	520	47.984722807089
11	567094	540	49.12579634163
11	598816	560	47.799293964955
11	631343	580	48.456368095574
11	664545	600	49.05836282002
11	698945	620	48.115585604727
11	733995	640	49.084029964577
11	769881	660	48.707677254826
11	807043	680	49.293219656736
11	845259	700	49.233702496203
11	884863	720	47.891686949399
11	925739	740	48.830519182065
11	967250	760	48.748921243071
11	1010612	780	48.701254530849
11	1054975	800	48.756440708914
11	1100697	820	48.863379815048
11	1147457	840	50.230962153059
11	1195030	860	49.912374796126
11	1244310	880	48.537386083463
11	1294251	900	48.973329083077
11	1345274	920	49.21618655083
11	1397311	940	48.669918014684
11	1451222	960	49.443764233593
11	1505906	980	49.292841084164
11	1561687	1000	50.165563739228
11	1619715	1020	48.915249208786
11	1679434	1040	50.196035366926
11	1740390	1060	50.16531474104
11	1802852	1080	49.443467779381
11	1867648	1100	49.513506273861
11	1932745	1120	49.291147171315
11	1999826	1140	50.493697856048
11	2069555	1160	50.609277206366
11	2140830	1180	50.712667285038
11	2213349	1200	50.157948207968
11	2287681	1220	49.235682111134
11	2365020	1240	49.656742500561
11	2443440	1260	49.560474739519
11	2524371	1280	51.017970798573
11	2606989	1300	50.952752386345
11	2690949	1320	49.822007514139
11	2777667	1340	50.59360968099
11	2866474	1360	50.406423819463
11	2957502	1380	50.294642479331
11	3051325	1400	50.691911158795
11	3146447	1420	50.372670657267
11	3243764	1440	50.621735796609
11	3343716	1460	49.989712733291
11	3445210	1480	50.066458487073
11	3548630	1500	50.205820969449
11	3654480	1520	50.443094326217
11	3763353	1540	50.346421202964
11	3874392	1560	49.924835696686
11	3986742	1580	50.498639188802
11	4102003	1600	50.518931954999
11	4220716	1620	50.47539215729
11	4340571	1640	49.86367830632
11	4462538	1660	50.674061138342
11	4586902	1680	50.213328688615
11	4713351	1700	50.166408021005
11	4842265	1720	51.302112638158
11	4973984	1740	49.897262559026
11	5107757	1760	50.171056356192
11	5243965	1780	50.02910198971
11	5381803	1800	50.533843645293
11	5523209	1820	51.571595985332
11	5666441	1840	50.27687814132
11	5812442	1860	50.416325149328
11	5960261	1880	50.471048179477
11	6110314	1900	50.238769620992
11	6263259	1920	50.799032957572
11	6419727	1940	50.04694734977
11	6578515	1960	50.335339961606
11	6740169	1980	50.94916370494
11	6904347	2000	50.864792396914
12	144813	240	2.6849345963428
12	170805	260	2.2337103244894
12	197993	280	1.6646071061391
12	225355	300	0.76828539785349
12	252656	320	1.0024177204583
12	279742	340	1.6679342985011
12	306914	360	1.3253629244638
12	334555	380	2.0984791575946
12	362019	400	2.2167253701231
12	389849	420	2.0580802789135
12	418340	440	1.8092096614097
12	446852	460	2.1441936973477
12	475948	480	2.3096144830499
12	505669	500	2.5097129571116
12	535996	520	1.9377071215999
12	567094	540	2.6633634009784
12	598816	560	3.0925252732496
12	631343	580	1.8527803266741
12	664545	600	2.3521617648243
12	698945	620	1.9724395296577
12	733995	640	2.4104187799043
12	769881	660	2.358239817818
12	807043	680	1.9487837977014
12	845259	700	3.3284916765626
12	884863	720	2.3304921052268
12	925739	740	3.8189270058339
12	967250	760	2.2204657016183
12	1010612	780	1.8523620971636
12	1054975	800	2.7952142673979
12	1100697	820	2.1451438719965
12	1147457	840	4.0275944782799
12	1195030	860	3.5732408728776
12	1244310	880	2.5038772249418
12	1294251	900	4.252614478163
12	1345274	920	2.0092251279912
12	1397311	940	3.2126573365601
12	1451222	960	2.0109677603416
12	1505906	980	2.481298579329
12	1561687	1000	2.1490570106229
12	1619715	1020	2.1623092035343
12	1679434	1040	2.8356521860275
12	1740390	1060	2.4492975881344
12	1802852	1080	2.7516920765085
12	1867648	1100	2.5219383670146
12	1932745	1120	1.832178479538
12	1999826	1140	2.7603868145424
12	2069555	1160	3.4594019493324
12	2140830	1180	2.5552341696715
12	2213349	1200	3.8188413438276
12	2287681	1220	1.8295281530171
12	2365020	1240	2.9013713558713
12	2443440	1260	2.6609867116428
12	2524371	1280	4.0436491767522
12	2606989	1300	3.4951662894882
12	2690949	1320	2.7764652897489
12	2777667	1340	3.4618639523135
12	2866474	1360	2.244745292753
12	2957502	1380	3.0707767737269
12	3051325	1400	2.5813014786763
12	3146447	1420	2.4268080880311
12	3243764	1440	3.0137963703457
12	3343716	1460	2.839521293077
12	3445210	1480	3.2020798871885
12	3548630	1500	2.9158910654978
12	3654480	1520	2.2706354145513
12	3763353	1540	2.3424629737185
12	3874392	1560	3.0712583151832
12	3986742	1580	2.648787993684
12	4102003	1600	2.8286495709937
12	4220716	1620	2.1984647446934
12	4340571	1640	2.5507903738781
12	4462538	1660	2.699130941722
12	4586902	1680	2.6414154719074
12	4713351	1700	2.0367545599603
12	4842265	1720	2.7406396995854
12	4973984	1740	2.4564175503107
12	5107757	1760	2.0462612432903
12	5243965	1780	2.6104832805426
12	5381803	1800	2.627466711922
12	5523209	1820	2.3110634622902
12	5666441	1840	2.1994818932286
12	5812442	1860	2.5270242535921
12	5960261	1880	2.1326675268318
12	6110314	1900	2.536285739822
12	6263259	1920	2.1935225128654
12	6419727	1940	2.0433900446671
12	6578515	1960	2.2920171771586
12	6740169	1980	2.8216245671281
12	6904347	2000	2.490218199041
13	144813	240	7.2088737866387
13	170805	260	4.9894618137304
13	197993	280	2.7709168178089
13	225355	300	0.5902624525549
13	252656	320	1.0048412862888
13	279742	340	2.7820048241164
13	306914	360	1.7565868815433
13	334555	380	4.403614774859
13	362019	400	4.9138713665473
13	389849	420	4.2356944344529
13	418340	440	3.2732395989383
13	446852	460	4.5975666117455
13	475948	480	5.3343190603139
13	505669	500	6.2986591270938
13	535996	520	3.7547088890989
13	567094	540	7.0935046056715
13	598816	560	9.5637125656876
13	631343	580	3.4327949389106
13	664545	600	5.5326649679013
13	698945	620	3.8905176981565
13	733995	640	5.8101186945153
13	769881	660	5.5612950383424
13	807043	680	3.7977582901835
13	845259	700	11.078856840947
13	884863	720	5.4311934525243
13	925739	740	14.584203475887
13	967250	760	4.9304679320631
13	1010612	780	3.4312453390083
13	1054975	800	7.8132228006648
13	1100697	820	4.6016422315641
13	1147457	840	16.221517281471
13	1195030	860	12.768050335603
13	1244310	880	6.2694011575822
13	1294251	900	18.084729899881
13	1345274	920	4.0369856149512
13	1397311	940	10.321167162154
13	1451222	960	4.0439913331332
13	1505906	980	6.1568426397801
13	1561687	1000	4.6184460349075
13	1619715	1020	4.6755810916893
13	1679434	1040	8.0409233201223
13	1740390	1060	5.9990586752409
13	1802852	1080	7.5718092839197
13	1867648	1100	6.3601731270202
13	1932745	1120	3.3568779808822
13	1999826	1140	7.6197353658994
13	2069555	1160	11.967461847045
13	2140830	1180	6.5292216618569
13	2213349	1200	14.583549209327
13	2287681	1220	3.3471732626821
13	2365020	1240	8.4179557446702
13	2443440	1260	7.0808502795397
13	2524371	1280	16.351098664649
13	2606989	1300	12.216187391175
13	2690949	1320	7.7087595051806
13	2777667	1340	11.984502024328
13	2866474	1360	5.0388814293366
13	2957502	1380	9.4296699940607
13	3051325	1400	6.6631173238163
13	3146447	1420	5.8893974961332
13	3243764	1440	9.0829685619087
13	3343716	1460	8.0628811738377
13	3445210	1480	10.253315603937
13	3548630	1500	8.5024207058496
13	3654480	1520	5.1557851858145
13	3763353	1540	5.487132783242
13	3874392	1560	9.4326276385817
13	3986742	1580	7.0160778354845
13	4102003	1600	8.0012583954827
13	4220716	1620	4.8332472336596
13	4340571	1640	6.5065315314694
13	4462538	1660	7.2853078405612
13	4586902	1680	6.9770756952319
13	4713351	1700	4.1483691375192
13	4842265	1720	7.5111059629434
13	4973984	1740	6.0339871814742
13	5107757	1760	4.187185075792
13	5243965	1780	6.8146229579925
13	5381803	1800	6.9035813222583
13	5523209	1820	5.3410143267325
13	5666441	1840	4.8377205986407
13	5812442	1860	6.3858515782425
13	5960261	1880	4.5482707800029
13	6110314	1900	6.4327453540243
13	6263259	1920	4.8115410144474
13	6419727	1940	4.1754428746445
13	6578515	1960	5.2533427403902
13	6740169	1980	7.961565197821
13	6904347	2000	6.2011866788348
14	144813	240	539.2823765586
14	170805	260	895.86010831243
14	197993	280	904.05207130281
14	225355	300	632.10133858268
14	252656	320	941.4799959335
14	279742	340	1080.0852654477
14	306914	360	763.08035761002
14	334555	380	1170.8335254995
14	362019	400	628.47854883635
14	389849	420	810.79077752674
14	418340	440	993.48492047519
14	446852	460	813.51604337358
14	475948	480	858.59579536956
14	505669	500	995.12140460785
14	535996	520	949.15862502419
14	567094	540	910.97531680634
14	598816	560	949.06923750357
14	631343	580	866.23724160746
14	664545	600	1138.5493463371
14	698945	620	953.00333708643
14	733995	640	1097.7104323256
14	769881	660	1101.0966825597
14	807043	680	1010.6570069984
14	845259	700	955.34841796137
14	884863	720	997.37928729131
14	925739	740	810.52807551835
14	967250	760	817.44803378744
14	1010612	780	952.55242544343
14	1054975	800	1325.8885795676
14	1100697	820	1327.4187489524
14	1147457	840	1279.1285814157
14	1195030	860	965.69331700404
14	1244310	880	1449.1667938387
14	1294251	900	907.43158777676
14	1345274	920	864.72248963963
14	1397311	940	956.55671615736
14	1451222	960	1509.2250780704
14	1505906	980	1091.5472503618
14	1561687	1000	875.94586071228
14	1619715	1020	1276.6682040838
14	1679434	1040	1556.8177363641
14	1740390	1060	1150.2810878312
14	1802852	1080	1140.2483296803
14	1867648	1100	1471.6517564298
14	1932745	1120	1095.5432273296
14	1999826	1140	1100.3586366695
14	2069555	1160	1231.1347887726
14	2140830	1180	1239.5416190911
14	2213349	1200	1095.6499539912
14	2287681	1220	1502.7348869064
14	2365020	1240	1506.0707890312
14	2443440	1260	1321.5333561912
14	2524371	1280	827.21616929908
14	2606989	1300	1698.2075229626
14	2690949	1320	1735.1697503512
14	2777667	1340	1546.6105560235
14	2866474	1360	1461.0244488466
14	2957502	1380	1139.995260243
14	3051325	1400	1548.1510984698
14	3146447	1420	1684.3397648668
14	3243764	1440	1322.3174929256
14	3343716	1460	1319.0911659529
14	3445210	1480	1382.7349084632
14	3548630	1500	1322.0911574288
14	3654480	1520	1328.320595854
14	3763353	1540	1146.4401507756
14	3874392	1560	1951.606347287
14	3986742	1580	1237.5107827209
14	4102003	1600	1463.1210011416
14	4220716	1620	1278.771833124
14	4340571	1640	1638.162904459
14	4462538	1660	1500.3682100723
14	4586902	1680	1408.479931277
14	4713351	1700	1914.309800792
14	4842265	1720	1648.3761976348
14	4973984	1740	1407.3818033533
14	5107757	1760	1783.1631536145
14	5243965	1780	1278.8492517374
14	5381803	1800	1595.6207670066
14	5523209	1820	1330.5151712634
14	5666441	1840	1773.3060094226
14	5812442	1860	955.23905853769
14	5960261	1880	1871.3104962749
14	6110314	1900	1501.6014447241
14	6263259	1920	1873.6841228694
14	6419727	1940	1455.7461798628
14	6578515	1960	1551.4385391154
14	6740169	1980	1642.9022592101
14	6904347	2000	1911.6865688267
15	144813	240	44.94019804655
15	170805	260	44.793005415621
15	197993	280	45.20260356514
15	225355	300	45.150095613049
15	252656	320	44.832380758738
15	279742	340	45.003552726986
15	306914	360	44.887079859413
15	334555	380	45.032058673057
15	362019	400	44.891324916882
15	389849	420	45.043932084819
15	418340	440	45.158405476145
15	446852	460	45.195335742977
15	475948	480	45.189252387871
15	505669	500	45.232791118539
15	535996	520	45.198029763057
15	567094	540	45.548765840317
15	598816	560	45.193773214456
15	631343	580	45.591433768813
15	664545	600	45.541973853485
15	698945	620	45.38111128983
15	733995	640	45.737934680232
15	769881	660	45.879028439988
15	807043	680	45.938954863566
15	845259	700	45.492781807684
15	884863	720	45.335422149605
15	925739	740	45.029337528797
15	967250	760	45.413779654858
15	1010612	780	45.35963930683
15	1054975	800	45.720295847158
15	1100697	820	45.773060308705
15	1147457	840	45.683163621988
15	1195030	860	45.985396047811
15	1244310	880	45.286462307458
15	1294251	900	45.371579388838
15	1345274	920	45.511709981033
15	1397311	940	45.550319817017
15	1451222	960	45.734093274861
15	1505906	980	45.48113543174
15	1561687	1000	46.102413721699
15	1619715	1020	45.595293002995
15	1679434	1040	45.788756951884
15	1740390	1060	46.011243513249
15	1802852	1080	45.609933187214
15	1867648	1100	45.989117388432
15	1932745	1120	45.647634472066
15	1999826	1140	45.848276527897
15	2069555	1160	45.597584769355
15	2140830	1180	45.908948855227
15	2213349	1200	45.6520814163
15	2287681	1220	45.537420815345
15	2365020	1240	45.638508758522
15	2443440	1260	45.570115730732
15	2524371	1280	45.956453849949
15	2606989	1300	45.897500620611
15	2690949	1320	45.662361851347
15	2777667	1340	45.488545765397
15	2866474	1360	45.657014026456
15	2957502	1380	45.599810409719
15	3051325	1400	45.533855837348
15	3146447	1420	45.522696347751
15	3243764	1440	45.59715492847
15	3343716	1460	45.485902274239
15	3445210	1480	46.09116361544
15	3548630	1500	45.589350256166
15	3654480	1520	45.804158477723
15	3763353	1540	45.857606031025
15	3874392	1560	45.386194122954
15	3986742	1580	45.833732693366
15	4102003	1600	45.722531285674
15	4220716	1620	45.670422611572
15	4340571	1640	45.504525123861
15	4462538	1660	45.465703335525
15	4586902	1680	45.434836492805
15	4713351	1700	45.578804780761
15	4842265	1720	45.788227712077
15	4973984	1740	45.399413011397
15	5107757	1760	45.722132143963
15	5243965	1780	45.67318756205
15	5381803	1800	45.589164771618
15	5523209	1820	45.87983349184
15	5666441	1840	45.46938485699
15	5812442	1860	45.48757421608
15	5960261	1880	45.64171942134
15	6110314	1900	45.503074082549
15	6263259	1920	45.699612752911
15	6419727	1940	45.492068120712
15	6578515	1960	45.630545268101
15	6740169	1980	45.636173866947
15	6904347	2000	45.516346876827
16	144813	240	0.71648617467318
16	170805	260	0.41184237132847
16	197993	280	1.2177443746406
16	225355	300	0.95897108816992
16	252656	320	0.46319931124278
16	279742	340	0.61648882937685
16	306914	360	0.93006798265968
16	334555	380	0.73332144342946
16	362019	400	0.65985222096578
16	389849	420	0.81571844473372
16	418340	440	1.0598588833192
16	446852	460	1.1252428530268
16	475948	480	0.95287444991595
16	505669	500	1.2207425451966
16	535996	520	1.3645490560863
16	567094	540	1.4212840393116
16	598816	560	1.1821553939333
16	631343	580	1.4889780292126
16	664545	600	1.364443650267
16	698945	620	1.1416188164473
16	733995	640	1.5413854632222
16	769881	660	1.4210892248706
16	807043	680	1.4049817791696
16	845259	700	1.1308798104009
16	884863	720	1.1034108946384
16	925739	740	0.6589695077866
16	967250	760	1.0123688315418
16	1010612	780	1.075975084354
16	1054975	800	1.1217809878258
16	1100697	820	1.1933561952336
16	1147457	840	1.1916964375709
16	1195030	860	1.3377374473707
16	1244310	880	0.95487405259187
16	1294251	900	1.1802519871562
16	1345274	920	1.1959078352519
16	1397311	940	1.1351741075113
16	1451222	960	1.2506600147849
16	1505906	980	1.2204426562286
16	1561687	1000	1.3693441607922
16	1619715	1020	1.2893903788449
16	1679434	1040	1.1973813605752
16	1740390	1060	1.2100129441218
16	1802852	1080	1.170953927532
16	1867648	1100	1.1594409756349
16	1932745	1120	1.1043672290021
16	1999826	1140	1.1609403627765
16	2069555	1160	1.1022191392601
16	2140830	1180	1.0973106938851
16	2213349	1200	1.0976083176621
16	2287681	1220	1.1924818881975
16	2365020	1240	1.1539917167176
16	2443440	1260	1.016911823149
16	2524371	1280	1.0804866284246
16	2606989	1300	1.0718659208121
16	2690949	1320	0.89247009584795
16	2777667	1340	0.93269402993831
16	2866474	1360	1.0372821605928
16	2957502	1380	1.0192838616433
16	3051325	1400	0.91847011546101
16	3146447	1420	0.86734061496161
16	3243764	1440	1.0208310546109
16	3343716	1460	0.98108697409575
16	3445210	1480	1.0118592327819
16	3548630	1500	0.92854034503342
16	3654480	1520	1.166953373023
16	3763353	1540	1.0761968791809
16	3874392	1560	0.92707102987972
16	3986742	1580	1.1826655101529
16	4102003	1600	1.1489591735768
16	4220716	1620	0.82557982714766
16	4340571	1640	0.89429148510963
16	4462538	1660	0.84319534154466
16	4586902	1680	0.92214149587023
16	4713351	1700	0.89737264050186
16	4842265	1720	0.83846066616014
16	4973984	1740	0.93809892166127
16	5107757	1760	0.88307334184113
16	5243965	1780	0.98949868748375
16	5381803	1800	0.91494471129727
16	5523209	1820	0.74433983904765
16	5666441	1840	0.84044764044628
16	5812442	1860	0.73163070561706
16	5960261	1880	0.79495564369722
16	6110314	1900	0.75192446243479
16	6263259	1920	0.89831930543977
16	6419727	1940	0.82162271012043
16	6578515	1960	0.93626552738382
16	6740169	1980	0.70401269431877
16	6904347	2000	0.85729993551319
17	144813	240	0.5133524384978
17	170805	260	0.16961413882145
17	197993	280	1.4829013619689
17	225355	300	0.9196255479458
17	252656	320	0.21455360193579
17	279742	340	0.38005847674644
17	306914	360	0.86502645236865
17	334555	380	0.53776033939347
17	362019	400	0.43540495351347
17	389849	420	0.6653965810788
17	418340	440	1.1233008525507
17	446852	460	1.266171478288
17	475948	480	0.90796971730262
17	505669	500	1.4902123616532
17	535996	520	1.8619941264659
17	567094	540	2.0200483204018
17	598816	560	1.3974913754056
17	631343	580	2.217055571478
17	664545	600	1.861706474754
17	698945	620	1.3032935220666
17	733995	640	2.3758691462328
17	769881	660	2.0194945850432
17	807043	680	1.9739737997986
17	845259	700	1.2788891455724
17	884863	720	1.2175156024068
17	925739	740	0.43424081219251
17	967250	760	1.0248906510773
17	1010612	780	1.1577223821505
17	1054975	800	1.2583925846474
17	1100697	820	1.4240990087025
17	1147457	840	1.4201403993191
17	1195030	860	1.7895414780979
17	1244310	880	0.91178445631323
17	1294251	900	1.392994753186
17	1345274	920	1.4301955504168
17	1397311	940	1.2886202543641
17	1451222	960	1.5641504725819
17	1505906	980	1.4894802771423
17	1561687	1000	1.8751034306958
17	1619715	1020	1.6625275490577
17	1679434	1040	1.433722122653
17	1740390	1060	1.4641313249424
17	1802852	1080	1.3711331004026
17	1867648	1100	1.3443033759813
17	1932745	1120	1.2196269764938
17	1999826	1140	1.3477825259237
17	2069555	1160	1.2148870309514
17	2140830	1180	1.2040907589147
17	2213349	1200	1.2047440190011
17	2287681	1220	1.4220130536791
17	2365020	1240	1.3316968822528
17	2443440	1260	1.0341096560603
17	2524371	1280	1.1674513542043
17	2606989	1300	1.1488965521985
17	2690949	1320	0.79650287198285
17	2777667	1340	0.86991815348257
17	2866474	1360	1.0759542806841
17	2957502	1380	1.0389395906065
17	3051325	1400	0.84358735299495
17	3146447	1420	0.75227974236199
17	3243764	1440	1.0420960420579
17	3343716	1460	0.96253165074035
17	3445210	1480	1.023859106966
17	3548630	1500	0.86218717235478
17	3654480	1520	1.3617801748097
17	3763353	1540	1.1581997227587
17	3874392	1560	0.85946069444224
17	3986742	1580	1.3986977089052
17	4102003	1600	1.3201071825462
17	4220716	1620	0.68158205099316
17	4340571	1640	0.79975726033958
17	4462538	1660	0.71097838400261
17	4586902	1680	0.85034493840579
17	4713351	1700	0.80527765592127
17	4842265	1720	0.70301628869771
17	4973984	1740	0.88002958682204
17	5107757	1760	0.77981852707046
17	5243965	1780	0.97910765253207
17	5381803	1800	0.83712382473085
17	5523209	1820	0.55404179599349
17	5666441	1840	0.70635223633172
17	5812442	1860	0.53528348940172
17	5960261	1880	0.63195447544606
17	6110314	1900	0.56539039720784
17	6263259	1920	0.80697757452579
17	6419727	1940	0.67506387778565
17	6578515	1960	0.87659313776731
17	6740169	1980	0.49563387376197
17	6904347	2000	0.73496317943091
18	144813	240	1916.8850409791
18	170805	260	1872.8161912834
18	197993	280	2113.5638256443
18	225355	300	2480.1607242284
18	252656	320	2013.9372315118
18	279742	340	2493.2952528403
18	306914	360	2421.4995510627
18	334555	380	2267.8796482995
18	362019	400	2506.2750276105
18	389849	420	2510.8139503454
18	418340	440	2264.0563325777
18	446852	460	2794.8709703609
18	475948	480	2645.2159680936
18	505669	500	2755.5415163728
18	535996	520	2816.513934158
18	567094	540	2803.0824915358
18	598816	560	2790.6615660355
18	631343	580	2771.0298911497
18	664545	600	2603.2734869324
18	698945	620	2972.3967139097
18	733995	640	2854.7100188906
18	769881	660	2743.6030548856
18	807043	680	2743.1732105036
18	845259	700	2938.9753453896
18	884863	720	3041.1055168799
18	925739	740	3283.8757471959
18	967250	760	3417.5474319855
18	1010612	780	3318.7104887588
18	1054975	800	2956.7701961814
18	1100697	820	2792.6086444483
18	1147457	840	3115.3010728315
18	1195030	860	3526.1122978099
18	1244310	880	3440.1831258053
18	1294251	900	3855.454347433
18	1345274	920	3779.8470594787
18	1397311	940	3752.6788532253
18	1451222	960	3618.6051929623
18	1505906	980	4082.7066384624
18	1561687	1000	4241.2061229262
18	1619715	1020	3945.391836587
18	1679434	1040	3885.0275128191
18	1740390	1060	4228.1493598505
18	1802852	1080	4202.7076514927
18	1867648	1100	3868.5728008401
18	1932745	1120	4434.1687075091
18	1999826	1140	4661.8464369469
18	2069555	1160	4586.8117827743
18	2140830	1180	4467.7110224323
18	2213349	1200	4451.7914238755
18	2287681	1220	4506.7679094756
18	2365020	1240	4673.0861690811
18	2443440	1260	5018.3780769015
18	2524371	1280	5146.8834835274
18	2606989	1300	4700.6343787124
18	2690949	1320	4678.6088687817
18	2777667	1340	4951.234072159
18	2866474	1360	5120.0691626091
18	2957502	1380	5207.3104370624
18	3051325	1400	4903.7752794346
18	3146447	1420	4891.0606017586
18	3243764	1440	5176.7794513029
18	3343716	1460	5309.6103205694
18	3445210	1480	5077.0755205957
18	3548630	1500	5219.4863486479
18	3654480	1520	5255.4131930708
18	3763353	1540	5081.7928451315
18	3874392	1560	4994.703957924
18	3986742	1580	5176.9893467335
18	4102003	1600	5077.1105917725
18	4220716	1620	5100.8333146126
18	4340571	1640	5022.3664700485
18	4462538	1660	5269.8555213147
18	4586902	1680	5572.7215683107
18	4713351	1700	5285.7774703665
18	4842265	1720	5354.3084002421
18	4973984	1740	5694.8642736354
18	5107757	1760	5590.8339710906
18	5243965	1780	6014.7310664276
18	5381803	1800	5908.6438596883
18	5523209	1820	5746.9751317049
18	5666441	1840	5808.6031070332
18	5812442	1860	6373.232493738
18	5960261	1880	5621.9915281205
18	6110314	1900	6178.1259829552
18	6263259	1920	5847.8512925051
18	6419727	1940	6070.2815854474
18	6578515	1960	5876.6529134857
18	6740169	1980	6052.1937210389
18	6904347	2000	5956.7424318325
19	144813	240	47.922126024477
19	170805	260	48.020927981626
19	197993	280	48.035541491916
19	225355	300	47.695398542855
19	252656	320	47.950886464567
19	279742	340	47.947985631544
19	306914	360	48.429991021253
19	334555	380	48.252758474457
19	362019	400	48.197596684817
19	389849	420	48.284883660489
19	418340	440	48.171411331441
19	446852	460	48.187430523463
19	475948	480	48.09483578352
19	505669	500	48.342833620576
19	535996	520	48.560585071689
19	567094	540	48.329008474755
19	598816	560	48.958974842729
19	631343	580	48.614559493854
19	664545	600	49.118367677969
19	698945	620	48.727814982126
19	733995	640	48.384915574417
19	769881	660	48.133386927818
19	807043	680	48.985235901851
19	845259	700	48.982922423161
19	884863	720	49.050088981934
19	925739	740	49.01307085367
19	967250	760	48.822106171221
19	1010612	780	48.804566011158
19	1054975	800	49.279503269689
19	1100697	820	48.993134113128
19	1147457	840	49.449223378278
19	1195030	860	48.973781914027
19	1244310	880	49.14547322579
19	1294251	900	49.428901890167
19	1345274	920	49.088922850372
19	1397311	940	49.377353331912
19	1451222	960	49.569934150169
19	1505906	980	49.789105347103
19	1561687	1000	49.896542622661
19	1619715	1020	49.941668817557
19	1679434	1040	49.808045036142
19	1740390	1060	49.7429336453
19	1802852	1080	50.032233946342
19	1867648	1100	49.597087190258
19	1932745	1120	50.388280767149
19	1999826	1140	50.12738104244
19	2069555	1160	50.404525085432
19	2140830	1180	50.199000252048
19	2213349	1200	50.588538907676
19	2287681	1220	50.075198994173
19	2365020	1240	50.794414881316
19	2443440	1260	50.69068764547
19	2524371	1280	50.459641995366
19	2606989	1300	50.54445568508
19	2690949	1320	50.854444225888
19	2777667	1340	50.522796654684
19	2866474	1360	50.693754085239
19	2957502	1380	50.556412010314
19	3051325	1400	50.554384324068
19	3146447	1420	50.948547934986
19	3243764	1440	50.752739718656
19	3343716	1460	51.05394539009
19	3445210	1480	50.770755205957
19	3548630	1500	50.674624744155
19	3654480	1520	50.532819164143
19	3763353	1540	50.314780644866
19	3874392	1560	50.966366917592
19	3986742	1580	50.754797516995
19	4102003	1600	50.771105917725
19	4220716	1620	51.008333146126
19	4340571	1640	50.730974444935
19	4462538	1660	50.671687704949
19	4586902	1680	50.661105166461
19	4713351	1700	50.340737813014
19	4842265	1720	50.51234339851
19	4973984	1740	50.847002443173
19	5107757	1760	50.825763373551
19	5243965	1780	50.543958541408
19	5381803	1800	50.501229569985
19	5523209	1820	50.412062558815
19	5666441	1840	50.952658833624
19	5812442	1860	50.985859949904
19	5960261	1880	50.64857232541
19	6110314	1900	51.058892421118
19	6263259	1920	50.850880804392
19	6419727	1940	50.585679878728
19	6578515	1960	50.660800978325
19	6740169	1980	50.434947675324
19	6904347	2000	50.912328477201
20	144813	240	2.7504017673076
20	170805	260	2.89319153582
20	197993	280	2.6772078156082
20	225355	300	2.6145175566074
20	252656	320	2.6602338613267
20	279742	340	2.0553130245084
20	306914	360	2.2465854829957
20	334555	380	2.3440602221494
20	362019	400	2.4813634097311
20	389849	420	2.2713991523426
20	418340	440	2.5049516256646
20	446852	460	2.1223131320966
20	475948	480	2.4575014296414
20	505669	500	2.1853242866175
20	535996	520	2.33123002249
20	567094	540	2.4099402499088
20	598816	560	2.9926912702597
20	631343	580	2.1716681422359
20	664545	600	2.4867188933985
20	698945	620	2.2678724720603
20	733995	640	2.7574342849829
20	769881	660	2.3496929083507
20	807043	680	2.8479552848764
20	845259	700	2.9839555451963
20	884863	720	2.863600623572
20	925739	740	2.6095254237611
20	967250	760	3.0076479559683
20	1010612	780	2.1670367148246
20	1054975	800	3.0979061739931
20	1100697	820	2.5121523817778
20	1147457	840	2.9253568085347
20	1195030	860	2.3323416280677
20	1244310	880	2.9914916277111
20	1294251	900	2.9471761080665
20	1345274	920	2.6132395762262
20	1397311	940	2.4669248655331
20	1451222	960	2.8509182115126
20	1505906	980	2.4820866771893
20	1561687	1000	2.6432717664146
20	1619715	1020	2.8450161744589
20	1679434	1040	2.8956438745832
20	1740390	1060	2.6540272863821
20	1802852	1080	3.0653284954322
20	1867648	1100	3.1312802514161
20	1932745	1120	3.5323865866049
20	1999826	1140	3.1385399833691
20	2069555	1160	3.3684933655669
20	2140830	1180	3.2157748963676
20	2213349	1200	3.1193822991373
20	2287681	1220	3.1079411904605
20	2365020	1240	3.3406048411985
20	2443440	1260	3.4022616040929
20	2524371	1280	3.2563346146051
20	2606989	1300	3.0270657453182
20	2690949	1320	3.3969458281597
20	2777667	1340	2.9926553637151
20	2866474	1360	2.9299602202895
20	2957502	1380	2.5653978285954
20	3051325	1400	2.7559270488824
20	3146447	1420	3.1043689715369
20	3243764	1440	2.9204160594267
20	3343716	1460	3.4372839564579
20	3445210	1480	3.1491206887163
20	3548630	1500	2.8910915333287
20	3654480	1520	2.9424042351625
20	3763353	1540	2.8447497926818
20	3874392	1560	3.1106623782969
20	3986742	1580	2.737123282514
20	4102003	1600	3.4448040683995
20	4220716	1620	3.3785208025562
20	4340571	1640	3.0957445506973
20	4462538	1660	2.7173655163504
20	4586902	1680	2.8430722219101
20	4713351	1700	2.8019069553952
20	4842265	1720	3.0648355674908
20	4973984	1740	2.7571575438052
20	5107757	1760	2.7277703536338
20	5243965	1780	2.8377462910514
20	5381803	1800	2.7625949219152
20	5523209	1820	2.8184713673305
20	5666441	1840	2.7601305960233
20	5812442	1860	2.6513058816
20	5960261	1880	2.7007020392166
20	6110314	1900	2.688356798295
20	6263259	1920	2.2953054363993
20	6419727	1940	2.5972133065332
20	6578515	1960	2.4368282819407
20	6740169	1980	2.6892847912888
20	6904347	2000	2.5561801445033
21	144813	240	7.5647098816088
21	170805	260	8.3705572629404
21	197993	280	7.1674416879539
21	225355	300	6.8357020538081
21	252656	320	7.0768441969492
21	279742	340	4.224311628714
21	306914	360	5.047146332407
21	334555	380	5.4946183250632
21	362019	400	6.1571643711523
21	389849	420	5.1592541092626
21	418340	440	6.2747826469196
21	446852	460	4.5042130306695
21	475948	480	6.0393132766893
21	505669	500	4.7756422376801
21	535996	520	5.4346334177587
21	567094	540	5.8078120081307
21	598816	560	8.9562010390886
21	631343	580	4.7161425200023
21	664545	600	6.1837708547853
21	698945	620	5.1432455495287
21	733995	640	7.6034438359993
21	769881	660	5.5210567635537
21	807043	680	8.1108493046554
21	845259	700	8.903990695708
21	884863	720	8.2002085313221
21	925739	740	6.8096229372556
21	967250	760	9.04594622704
21	1010612	780	4.6960481233977
21	1054975	800	9.5970226628647
21	1100697	820	6.3109095892717
21	1147457	840	8.5577124572405
21	1195030	860	5.4398174700175
21	1244310	880	8.9490221586654
21	1294251	900	8.6858470119581
21	1345274	920	6.8290210827551
21	1397311	940	6.0857182921855
21	1451222	960	8.1277346487343
21	1505906	980	6.1607542730806
21	1561687	1000	6.9868856311247
21	1619715	1020	8.0941170329327
21	1679434	1040	8.3847534484111
21	1740390	1060	7.0438608368605
21	1802852	1080	9.3962387849088
21	1867648	1100	9.8049160129087
21	1932745	1120	12.477754997226
21	1999826	1140	9.8504332272063
21	2069555	1160	11.346747553869
21	2140830	1180	10.341208184108
21	2213349	1200	9.7305459281712
21	2287681	1220	9.6592984433612
21	2365020	1240	11.159640705039
21	2443440	1260	11.575384022685
21	2524371	1280	10.603715122275
21	2606989	1300	9.1631270264787
21	2690949	1320	11.539240959452
21	2777667	1340	8.9559861259726
21	2866474	1360	8.5846668924791
21	2957502	1380	6.5812660189619
21	3051325	1400	7.5951338987614
21	3146447	1420	9.6371067114412
21	3243764	1440	8.5288299601574
21	3343716	1460	11.814920997323
21	3445210	1480	9.9169611121012
21	3548630	1500	8.358410254085
21	3654480	1520	8.657742683102
21	3763353	1540	8.0926013829629
21	3874392	1560	9.6762204317519
21	3986742	1580	7.4918438636801
21	4102003	1600	11.866675069662
21	4220716	1620	11.414402813305
21	4340571	1640	9.5836343231723
21	4462538	1660	7.3840753494505
21	4586902	1680	8.0830596589969
21	4713351	1700	7.8506825866922
21	4842265	1720	9.3932170557564
21	4973984	1740	7.6019177213619
21	5107757	1760	7.4407311021633
21	5243965	1780	8.0528040123761
21	5381803	1800	7.6319307025917
21	5523209	1820	7.9437808484616
21	5666441	1840	7.6183209071041
21	5812442	1860	7.029422877807
21	5960261	1880	7.2937915046286
21	6110314	1900	7.2272622749392
21	6263259	1920	5.268427046364
21	6419727	1940	6.7455169596331
21	6578515	1960	5.938132075666
21	6740169	1980	7.2322526886572
21	6904347	2000	6.5340569311528
22	144813	240	2957.6539075491
22	170805	260	2960.1922417212
22	197993	280	3193.7325805265
22	225355	300	3553.3809794233
22	252656	320	3241.3064988968
22	279742	340	3153.3164561788
22	306914	360	3423.4235136466
22	334555	380	3154.1719783778
22	362019	400	3555.0519237591
22	389849	420	3569.1353274215
22	418340	440	3341.5278720005
22	446852	460	3524.5091276314
22	475948	480	3576.6364554376
22	505669	500	3536.2515316177
22	535996	520	3689.8179904447
22	567094	540	3667.4332837256
22	598816	560	3739.5263390038
22	631343	580	3811.9504463122
22	664545	600	3736.2899856392
22	698945	620	3962.98144461
22	733995	640	3867.6579206412
22	769881	660	3946.5864220352
22	807043	680	4180.1798811923
22	845259	700	4235.0495664833
22	884863	720	4288.3407331473
22	925739	740	4423.1396843451
22	967250	760	4456.4234404317
22	1010612	780	4417.680741032
22	1054975	800	4094.4336617416
22	1100697	820	4133.0248130002
22	1147457	840	4281.4451207461
22	1195030	860	4597.4620712138
22	1244310	880	4298.8893803232
22	1294251	900	4799.9555663038
22	1345274	920	4839.2469902561
22	1397311	940	4839.8655390226
22	1451222	960	4430.835130305
22	1505906	980	4801.5472730567
22	1561687	1000	5154.1645489835
22	1619715	1020	4803.8668995794
22	1679434	1040	4614.9487539298
22	1740390	1060	5114.9579963038
22	1802852	1080	5125.9461908487
22	1867648	1100	4834.2867267443
22	1932745	1120	5163.6250440866
22	1999826	1140	5255.2882208348
22	2069555	1160	5262.8269504157
22	2140830	1180	5245.0936665157
22	2213349	1200	5483.9503902928
22	2287681	1220	5079.1134553229
22	2365020	1240	5260.9336781681
22	2443440	1260	5538.5441153314
22	2524371	1280	5931.3360634984
22	2606989	1300	5111.0169990297
22	2690949	1320	5114.4256696712
22	2777667	1340	5389.3728908315
22	2866474	1360	5571.24440084
22	2957502	1380	5987.9682207955
22	3051325	1400	5576.6528656805
22	3146447	1420	5519.663195416
22	3243764	1440	5977.5017804688
22	3343716	1460	5940.6479067148
22	3445210	1480	6013.0946879357
22	3548630	1500	6020.0196151823
22	3654480	1520	6149.7722291822
22	3763353	1540	6383.7658428024
22	3874392	1560	5614.3834987234
22	3986742	1580	6421.8522455533
22	4102003	1600	6202.6398930628
22	4220716	1620	6473.5020502637
22	4340571	1640	6061.6572500946
22	4462538	1660	6386.5893265351
22	4586902	1680	6573.6636314678
22	4713351	1700	6016.6798784661
22	4842265	1720	6378.7667047613
22	4973984	1740	6611.3182008856
22	5107757	1760	6425.8502522232
22	5243965	1780	6975.2682857405
22	5381803	1800	6657.6333440409
22	5523209	1820	6967.9738274513
22	5666441	1840	6569.0819873827
22	5812442	1860	7385.8218784309
22	5960261	1880	6507.8595645598
22	6110314	1900	7073.4179312595
22	6263259	1920	6697.3531203452
22	6419727	1940	7200.8953714572
22	6578515	1960	7151.2377220931
22	6740169	1980	7150.1615236763
22	6904347	2000	6837.506818
23	144813	240	44.812937993168
23	170805	260	44.851397601837
23	197993	280	44.9821490215
23	225355	300	44.97950606865
23	252656	320	45.018145818011
23	279742	340	45.047377945411
23	306914	360	45.045046232193
23	334555	380	45.059599691112
23	362019	400	45.000657262774
23	389849	420	45.178928195209
23	418340	440	45.155782054061
23	446852	460	45.186014456813
23	475948	480	45.273879182755
23	505669	500	45.336558097662
23	535996	520	45.553308524008
23	567094	540	45.276954120069
23	598816	560	45.603979743949
23	631343	580	45.380362456098
23	664545	600	45.56451201999
23	698945	620	45.551510857587
23	733995	640	45.501857889896
23	769881	660	45.363062322244
23	807043	680	45.436737839047
23	845259	700	45.538167381541
23	884863	720	45.620646097312
23	925739	740	45.599378189125
23	967250	760	45.473708575834
23	1010612	780	45.54310042301
23	1054975	800	45.493707352684
23	1100697	820	45.417855087915
23	1147457	840	45.547288518576
23	1195030	860	45.519426447661
23	1244310	880	45.732865748119
23	1294251	900	45.713862536226
23	1345274	920	45.653273492982
23	1397311	940	45.659108858703
23	1451222	960	45.678712683557
23	1505906	980	45.729021648159
23	1561687	1000	45.612075654721
23	1619715	1020	45.751113329328
23	1679434	1040	45.692561920097
23	1740390	1060	45.669267824141
23	1802852	1080	45.767376704006
23	1867648	1100	45.606478554191
23	1932745	1120	45.695796850323
23	1999826	1140	45.698158442042
23	2069555	1160	45.763712612311
23	2140830	1180	45.609510143615
23	2213349	1200	45.699586585773
23	2287681	1220	45.757778876783
23	2365020	1240	45.747249375374
23	2443440	1260	45.773091862243
23	2524371	1280	45.625662026911
23	2606989	1300	45.634080348479
23	2690949	1320	45.664514907779
23	2777667	1340	45.672651617217
23	2866474	1360	45.665937711803
23	2957502	1380	45.709681074775
23	3051325	1400	45.710269390824
23	3146447	1420	45.617051201785
23	3243764	1440	45.629784583731
23	3343716	1460	45.697291590114
23	3445210	1480	45.553747635876
23	3548630	1500	45.606209205926
23	3654480	1520	45.553868364313
23	3763353	1540	45.598327448588
23	3874392	1560	45.645394298564
23	3986742	1580	45.545051386903
23	4102003	1600	45.607646272521
23	4220716	1620	45.588042607491
23	4340571	1640	45.576370301464
23	4462538	1660	45.618495189536
23	4586902	1680	45.650441885193
23	4713351	1700	45.580908170198
23	4842265	1720	45.562619319724
23	4973984	1740	45.595297937142
23	5107757	1760	45.573406044136
23	5243965	1780	45.58998879569
23	5381803	1800	45.600228383842
23	5523209	1820	45.542312597721
23	5666441	1840	45.61862491238
23	5812442	1860	45.591493076734
23	5960261	1880	45.509507444474
23	6110314	1900	45.634954395222
23	6263259	1920	45.560225308471
23	6419727	1940	45.575287161122
23	6578515	1960	45.549284854096
23	6740169	1980	45.54243008711
23	6904347	2000	45.583378786667
24	144813	240	0.4047940098146
24	170805	260	0.43516979278286
24	197993	280	0.68264964931807
24	225355	300	0.60542883348862
24	252656	320	0.66568004862424
24	279742	340	0.76821535856506
24	306914	360	0.72901212674117
24	334555	380	0.73721245638938
24	362019	400	0.73609222887756
24	389849	420	1.0301396383848
24	418340	440	1.0824577476177
24	446852	460	1.0468348455054
24	475948	480	1.2804732216039
24	505669	500	1.3005424149945
24	535996	520	1.5874744854603
24	567094	540	1.2137505195369
24	598816	560	1.5844128777378
24	631343	580	1.2741043059973
24	664545	600	1.4717765247994
24	698945	620	1.3637342014705
24	733995	640	1.3024346645033
24	769881	660	1.1708731963386
24	807043	680	1.196290999164
24	845259	700	1.2515421961645
24	884863	720	1.2836157866529
24	925739	740	1.1475286501103
24	967250	760	1.106359523731
24	1010612	780	1.1316898662677
24	1054975	800	1.1331750962559
24	1100697	820	1.070634372246
24	1147457	840	1.1877673156253
24	1195030	860	1.1763425607439
24	1244310	880	1.2865308069143
24	1294251	900	1.2570256635797
24	1345274	920	1.2161439753752
24	1397311	940	1.2480456200839
24	1451222	960	1.2039248568173
24	1505906	980	1.1903906365544
24	1561687	1000	1.1643120626768
24	1619715	1020	1.1965761810222
24	1679434	1040	1.1846486364031
24	1740390	1060	1.1856632576238
24	1802852	1080	1.1694539228998
24	1867648	1100	1.0884055925771
24	1932745	1120	1.1072679522667
24	1999826	1140	1.155462812194
24	2069555	1160	1.0889028365338
24	2140830	1180	1.0797581874323
24	2213349	1200	1.103675028661
24	2287681	1220	1.0744221921782
24	2365020	1240	1.0460970219484
24	2443440	1260	1.1364411012397
24	2524371	1280	1.0353400830455
24	2606989	1300	1.0276012499815
24	2690949	1320	1.0379092507656
24	2777667	1340	0.95884991243332
24	2866474	1360	0.99447011389238
24	2957502	1380	1.0248401683347
24	3051325	1400	1.0276059891366
24	3146447	1420	0.93532689845644
24	3243764	1440	1.002441310145
24	3343716	1460	1.0033172141101
24	3445210	1480	0.99223881562014
24	3548630	1500	0.9127235604076
24	3654480	1520	0.86089540143747
24	3763353	1540	0.9328741029063
24	3874392	1560	0.87064222060718
24	3986742	1580	0.91177707331197
24	4102003	1600	0.92381008953622
24	4220716	1620	0.9113046051376
24	4340571	1640	0.82179505226945
24	4462538	1660	0.89337901986479
24	4586902	1680	0.94443978754756
24	4713351	1700	0.91661432612316
24	4842265	1720	0.90388944234543
24	4973984	1740	0.86066813398915
24	5107757	1760	0.88567035033526
24	5243965	1780	0.83902637010328
24	5381803	1800	0.84503755058727
24	5523209	1820	0.87922056333727
24	5666441	1840	0.87023838425957
24	5812442	1860	0.8508073720053
24	5960261	1880	0.7999880575596
24	6110314	1900	0.93404362658483
24	6263259	1920	0.8753415675125
24	6419727	1940	0.80139287368686
24	6578515	1960	0.79039059626102
24	6740169	1980	0.82659680970653
24	6904347	2000	0.82310767120516
25	144813	240	0.16385819038178
25	170805	260	0.18937274855068
25	197993	280	0.46601054371409
25	225355	300	0.36654407241939
25	252656	320	0.44312992713637
25	279742	340	0.59015483713525
25	306914	360	0.53145868093568
25	334555	380	0.54348220585566
25	362019	400	0.54183176941393
25	389849	420	1.0611876745716
25	418340	440	1.1717147753777
25	446852	460	1.0958631937644
25	475948	480	1.6396116712447
25	505669	500	1.6914105731998
25	535996	520	2.5200752419876
25	567094	540	1.473190323676
25	598816	560	2.5103641671415
25	631343	580	1.6233417825609
25	664545	600	2.1661261389507
25	698945	620	1.8597709722604
25	733995	640	1.6963360552999
25	769881	660	1.3709440419041
25	807043	680	1.4311121546807
25	845259	700	1.5663578687802
25	884863	720	1.6476694877446
25	925739	740	1.3168220028239
25	967250	760	1.2240313957503
25	1010612	780	1.280721953413
25	1054975	800	1.2840857987745
25	1100697	820	1.1462579590346
25	1147457	840	1.4107911960678
25	1195030	860	1.3837818202174
25	1244310	880	1.6551615171396
25	1294251	900	1.580113518898
25	1345274	920	1.4790061688415
25	1397311	940	1.5576178698107
25	1451222	960	1.4494350608625
25	1505906	980	1.4170298675963
25	1561687	1000	1.3556225792946
25	1619715	1020	1.4317945569896
25	1679434	1040	1.4033923917317
25	1740390	1060	1.4057973604792
25	1802852	1080	1.3676224777858
25	1867648	1100	1.184626733953
25	1932745	1120	1.2260423181169
25	1999826	1140	1.3350943103632
25	2069555	1160	1.1857093874114
25	2140830	1180	1.165877743327
25	2213349	1200	1.21809856889
25	2287681	1220	1.154383047045
25	2365020	1240	1.0943189793294
25	2443440	1260	1.2914983765869
25	2524371	1280	1.0719290875607
25	2606989	1300	1.0559643289635
25	2690949	1320	1.0772556128249
25	2777667	1340	0.91939315457339
25	2866474	1360	0.98897080742511
25	2957502	1380	1.0502973706323
25	3051325	1400	1.0559740689094
25	3146447	1420	0.87483640697614
25	3243764	1440	1.0048885802852
25	3343716	1460	1.0066454321296
25	3445210	1480	0.98453786722325
25	3548630	1500	0.83306429772313
25	3654480	1520	0.74114089221619
25	3763353	1540	0.87025409187323
25	3874392	1560	0.7580178763038
25	3986742	1580	0.83133743141735
25	4102003	1600	0.85342508152892
25	4220716	1620	0.83047608334499
25	4340571	1640	0.67534710793454
25	4462538	1660	0.79812607313458
25	4586902	1680	0.89196651230288
25	4713351	1700	0.84018182285421
25	4842265	1720	0.81701612398353
25	4973984	1740	0.74074963686436
25	5107757	1760	0.78441196946298
25	5243965	1780	0.70396524972868
25	5381803	1800	0.71408846190253
25	5523209	1820	0.77302879899511
25	5666441	1840	0.75731484543872
25	5812442	1860	0.72387318425857
25	5960261	1880	0.63998089223798
25	6110314	1900	0.87243749636375
25	6263259	1920	0.76622285981525
25	6419727	1940	0.64223053799609
25	6578515	1960	0.62471729465784
25	6740169	1980	0.68326228581701
25	6904347	2000	0.67750623839678
