version 2
run statisticRVV-155-20150325-17:22:57-15560
attr c 9
attr configname statisticRVV
attr datetime 20150325-17:22:57
attr experiment statisticRVV
attr inifile omnetpp.ini
attr iterationvars "$sc=\"erlangen-medium.launchd.xml\", $p=1/10, $c=9"
attr iterationvars2 "$sc=\"erlangen-medium.launchd.xml\", $p=1/10, $c=9, $repetition=5"
attr measurement "$sc=\"erlangen-medium.launchd.xml\", $p=1/10, $c=9"
attr network RSUExampleScenario
attr p 1/10
attr processid 15560
attr repetition 5
attr replication #5
attr resultdir results
attr runnumber 155
attr sc "\"erlangen-medium.launchd.xml\""
attr seedset 155

vector 0  RSUExampleScenario.rsu[0].appl  Number_CH  ETV
vector 1  RSUExampleScenario.rsu[0].appl  Number_ON  ETV
vector 2  RSUExampleScenario.rsu[0].appl  Number_FN  ETV
vector 3  RSUExampleScenario.rsu[0].appl  Number_CH_Losts  ETV
vector 4  RSUExampleScenario.rsu[0].appl  Mean_Cluster_Size  ETV
vector 5  RSUExampleScenario.rsu[0].appl  StdDev_Cluster_Size  ETV
vector 6  RSUExampleScenario.rsu[0].appl  Variance_Cluster_Size  ETV
vector 7  RSUExampleScenario.rsu[0].appl  Mean_Neighbors  ETV
vector 8  RSUExampleScenario.rsu[0].appl  StdDev_Neighbors  ETV
vector 9  RSUExampleScenario.rsu[0].appl  Variance_Neighbors  ETV
vector 10  RSUExampleScenario.rsu[0].appl  Total_CH_Utility  ETV
vector 11  RSUExampleScenario.rsu[0].appl  Mean_CH_Utility  ETV
vector 12  RSUExampleScenario.rsu[0].appl  StdDev_CH_Utility  ETV
vector 13  RSUExampleScenario.rsu[0].appl  Variance_CH_Utility  ETV
vector 14  RSUExampleScenario.rsu[0].appl  Total_exp_CH_Utility  ETV
vector 15  RSUExampleScenario.rsu[0].appl  Mean_exp_CH_Utility  ETV
vector 16  RSUExampleScenario.rsu[0].appl  StdDev_exp_CH_Utility  ETV
vector 17  RSUExampleScenario.rsu[0].appl  Variance_exp_CH_Utility  ETV
vector 18  RSUExampleScenario.rsu[0].appl  Total_ON_Utility  ETV
vector 19  RSUExampleScenario.rsu[0].appl  Mean_ON_Utility  ETV
vector 20  RSUExampleScenario.rsu[0].appl  StdDev_ON_Utility  ETV
vector 21  RSUExampleScenario.rsu[0].appl  Variance_ON_Utility  ETV
vector 22  RSUExampleScenario.rsu[0].appl  Total_exp_ON_Utility  ETV
vector 23  RSUExampleScenario.rsu[0].appl  Mean_exp_ON_Utility  ETV
vector 24  RSUExampleScenario.rsu[0].appl  StdDev_exp_ON_Utility  ETV
vector 25  RSUExampleScenario.rsu[0].appl  Variance_exp_ON_Utility  ETV
0	145313	240	6
0	171095	260	6
0	198332	280	8
0	225448	300	11
0	252740	320	3
0	279988	340	11
0	307078	360	6
0	334514	380	5
0	361870	400	5
0	388901	420	8
0	416154	440	6
0	443957	460	5
0	471988	480	6
0	500575	500	5
0	529669	520	9
0	558968	540	7
0	589067	560	7
0	619618	580	11
0	651057	600	7
0	683138	620	6
0	716641	640	10
0	749896	660	7
0	784569	680	6
0	820254	700	9
0	856856	720	5
0	894580	740	6
0	933589	760	9
0	974112	780	8
0	1015524	800	11
0	1057494	820	9
0	1101797	840	6
0	1146732	860	9
0	1192905	880	11
0	1240251	900	12
0	1288859	920	12
0	1338313	940	12
0	1388836	960	11
0	1440819	980	12
0	1493345	1000	6
0	1547512	1020	11
0	1603782	1040	8
0	1660905	1060	16
0	1718639	1080	12
0	1778561	1100	12
0	1840627	1120	14
0	1904095	1140	7
0	1969800	1160	7
0	2036055	1180	15
0	2104152	1200	13
0	2175066	1220	10
0	2246653	1240	14
0	2320518	1260	16
0	2396424	1280	12
0	2474622	1300	14
0	2553807	1320	12
0	2635964	1340	15
0	2719982	1360	16
0	2805505	1380	13
0	2893686	1400	14
0	2983722	1420	15
0	3075702	1440	12
0	3169654	1460	12
0	3266184	1480	12
0	3364601	1500	12
0	3465742	1520	12
0	3569339	1540	10
0	3675376	1560	12
0	3783139	1580	8
0	3894373	1600	13
0	4006695	1620	9
0	4121626	1640	14
0	4238645	1660	12
0	4358625	1680	15
0	4480174	1700	10
0	4604615	1720	12
0	4730670	1740	10
0	4858952	1760	14
0	4989713	1780	14
0	5122890	1800	14
0	5258655	1820	16
0	5397103	1840	14
0	5537095	1860	17
0	5680148	1880	17
0	5825381	1900	20
0	5974124	1920	23
0	6124792	1940	14
0	6277564	1960	8
0	6432957	1980	9
0	6590833	2000	14
1	145313	240	9
1	171095	260	6
1	198332	280	10
1	225448	300	16
1	252740	320	5
1	279988	340	14
1	307078	360	9
1	334514	380	6
1	361870	400	6
1	388901	420	12
1	416154	440	9
1	443957	460	11
1	471988	480	8
1	500575	500	7
1	529669	520	12
1	558968	540	7
1	589067	560	8
1	619618	580	13
1	651057	600	9
1	683138	620	9
1	716641	640	14
1	749896	660	8
1	784569	680	11
1	820254	700	12
1	856856	720	8
1	894580	740	8
1	933589	760	13
1	974112	780	10
1	1015524	800	16
1	1057494	820	12
1	1101797	840	8
1	1146732	860	11
1	1192905	880	16
1	1240251	900	16
1	1288859	920	15
1	1338313	940	18
1	1388836	960	12
1	1440819	980	16
1	1493345	1000	8
1	1547512	1020	14
1	1603782	1040	10
1	1660905	1060	23
1	1718639	1080	19
1	1778561	1100	17
1	1840627	1120	21
1	1904095	1140	8
1	1969800	1160	9
1	2036055	1180	21
1	2104152	1200	18
1	2175066	1220	13
1	2246653	1240	22
1	2320518	1260	26
1	2396424	1280	18
1	2474622	1300	17
1	2553807	1320	16
1	2635964	1340	23
1	2719982	1360	23
1	2805505	1380	18
1	2893686	1400	20
1	2983722	1420	21
1	3075702	1440	18
1	3169654	1460	18
1	3266184	1480	16
1	3364601	1500	16
1	3465742	1520	13
1	3569339	1540	15
1	3675376	1560	19
1	3783139	1580	12
1	3894373	1600	22
1	4006695	1620	12
1	4121626	1640	18
1	4238645	1660	19
1	4358625	1680	21
1	4480174	1700	15
1	4604615	1720	16
1	4730670	1740	12
1	4858952	1760	20
1	4989713	1780	21
1	5122890	1800	19
1	5258655	1820	21
1	5397103	1840	21
1	5537095	1860	26
1	5680148	1880	26
1	5825381	1900	31
1	5974124	1920	33
1	6124792	1940	21
1	6277564	1960	10
1	6432957	1980	13
1	6590833	2000	22
2	145313	240	64
2	171095	260	73
2	198332	280	75
2	225448	300	67
2	252740	320	87
2	279988	340	68
2	307078	360	79
2	334514	380	83
2	361870	400	83
2	388901	420	72
2	416154	440	78
2	443957	460	80
2	471988	480	83
2	500575	500	85
2	529669	520	78
2	558968	540	85
2	589067	560	85
2	619618	580	80
2	651057	600	87
2	683138	620	90
2	716641	640	82
2	749896	660	89
2	784569	680	92
2	820254	700	90
2	856856	720	98
2	894580	740	97
2	933589	760	91
2	974112	780	97
2	1015524	800	89
2	1057494	820	94
2	1101797	840	105
2	1146732	860	99
2	1192905	880	94
2	1240251	900	95
2	1288859	920	96
2	1338313	940	95
2	1388836	960	103
2	1440819	980	98
2	1493345	1000	113
2	1547512	1020	106
2	1603782	1040	114
2	1660905	1060	94
2	1718639	1080	101
2	1778561	1100	105
2	1840627	1120	102
2	1904095	1140	123
2	1969800	1160	124
2	2036055	1180	104
2	2104152	1200	108
2	2175066	1220	119
2	2246653	1240	108
2	2320518	1260	103
2	2396424	1280	117
2	2474622	1300	116
2	2553807	1320	121
2	2635964	1340	111
2	2719982	1360	112
2	2805505	1380	119
2	2893686	1400	119
2	2983722	1420	119
2	3075702	1440	128
2	3169654	1460	127
2	3266184	1480	132
2	3364601	1500	133
2	3465742	1520	136
2	3569339	1540	139
2	3675376	1560	134
2	3783139	1580	144
2	3894373	1600	133
2	4006695	1620	148
2	4121626	1640	137
2	4238645	1660	139
2	4358625	1680	136
2	4480174	1700	148
2	4604615	1720	145
2	4730670	1740	153
2	4858952	1760	142
2	4989713	1780	141
2	5122890	1800	145
2	5258655	1820	143
2	5397103	1840	145
2	5537095	1860	140
2	5680148	1880	141
2	5825381	1900	134
2	5974124	1920	130
2	6124792	1940	150
2	6277564	1960	169
2	6432957	1980	167
2	6590833	2000	155
3	145313	240	0
3	171095	260	0
3	198332	280	5
3	225448	300	3
3	252740	320	2
3	279988	340	2
3	307078	360	1
3	334514	380	2
3	361870	400	0
3	388901	420	1
3	416154	440	3
3	443957	460	2
3	471988	480	4
3	500575	500	3
3	529669	520	3
3	558968	540	2
3	589067	560	5
3	619618	580	3
3	651057	600	0
3	683138	620	1
3	716641	640	2
3	749896	660	3
3	784569	680	3
3	820254	700	4
3	856856	720	2
3	894580	740	2
3	933589	760	4
3	974112	780	3
3	1015524	800	2
3	1057494	820	5
3	1101797	840	3
3	1146732	860	0
3	1192905	880	5
3	1240251	900	0
3	1288859	920	1
3	1338313	940	3
3	1388836	960	3
3	1440819	980	1
3	1493345	1000	2
3	1547512	1020	2
3	1603782	1040	3
3	1660905	1060	3
3	1718639	1080	4
3	1778561	1100	7
3	1840627	1120	2
3	1904095	1140	2
3	1969800	1160	4
3	2036055	1180	5
3	2104152	1200	3
3	2175066	1220	2
3	2246653	1240	4
3	2320518	1260	1
3	2396424	1280	3
3	2474622	1300	5
3	2553807	1320	2
3	2635964	1340	2
3	2719982	1360	1
3	2805505	1380	2
3	2893686	1400	4
3	2983722	1420	3
3	3075702	1440	6
3	3169654	1460	1
3	3266184	1480	4
3	3364601	1500	5
3	3465742	1520	4
3	3569339	1540	5
3	3675376	1560	2
3	3783139	1580	4
3	3894373	1600	2
3	4006695	1620	2
3	4121626	1640	5
3	4238645	1660	2
3	4358625	1680	9
3	4480174	1700	8
3	4604615	1720	3
3	4730670	1740	7
3	4858952	1760	3
3	4989713	1780	6
3	5122890	1800	2
3	5258655	1820	4
3	5397103	1840	3
3	5537095	1860	4
3	5680148	1880	7
3	5825381	1900	2
3	5974124	1920	2
3	6124792	1940	6
3	6277564	1960	3
3	6432957	1980	7
3	6590833	2000	3
4	145313	240	1.5
4	171095	260	1
4	198332	280	1.25
4	225448	300	1.4545454545455
4	252740	320	1.6666666666667
4	279988	340	1.2727272727273
4	307078	360	1.5
4	334514	380	1.2
4	361870	400	1.2
4	388901	420	1.5
4	416154	440	1.5
4	443957	460	2.2
4	471988	480	1.3333333333333
4	500575	500	1.4
4	529669	520	1.3333333333333
4	558968	540	1
4	589067	560	1.1428571428571
4	619618	580	1.1818181818182
4	651057	600	1.2857142857143
4	683138	620	1.5
4	716641	640	1.4
4	749896	660	1.1428571428571
4	784569	680	1.8333333333333
4	820254	700	1.3333333333333
4	856856	720	1.6
4	894580	740	1.3333333333333
4	933589	760	1.4444444444444
4	974112	780	1.25
4	1015524	800	1.4545454545455
4	1057494	820	1.3333333333333
4	1101797	840	1.3333333333333
4	1146732	860	1.2222222222222
4	1192905	880	1.4545454545455
4	1240251	900	1.3333333333333
4	1288859	920	1.25
4	1338313	940	1.5
4	1388836	960	1.0909090909091
4	1440819	980	1.3333333333333
4	1493345	1000	1.3333333333333
4	1547512	1020	1.2727272727273
4	1603782	1040	1.25
4	1660905	1060	1.4375
4	1718639	1080	1.5833333333333
4	1778561	1100	1.4166666666667
4	1840627	1120	1.5
4	1904095	1140	1.1428571428571
4	1969800	1160	1.2857142857143
4	2036055	1180	1.4
4	2104152	1200	1.3846153846154
4	2175066	1220	1.3
4	2246653	1240	1.5714285714286
4	2320518	1260	1.625
4	2396424	1280	1.5
4	2474622	1300	1.2142857142857
4	2553807	1320	1.3333333333333
4	2635964	1340	1.5333333333333
4	2719982	1360	1.4375
4	2805505	1380	1.3846153846154
4	2893686	1400	1.4285714285714
4	2983722	1420	1.4
4	3075702	1440	1.5
4	3169654	1460	1.5
4	3266184	1480	1.3333333333333
4	3364601	1500	1.3333333333333
4	3465742	1520	1.0833333333333
4	3569339	1540	1.5
4	3675376	1560	1.5833333333333
4	3783139	1580	1.5
4	3894373	1600	1.6923076923077
4	4006695	1620	1.3333333333333
4	4121626	1640	1.2857142857143
4	4238645	1660	1.5833333333333
4	4358625	1680	1.4
4	4480174	1700	1.5
4	4604615	1720	1.3333333333333
4	4730670	1740	1.2
4	4858952	1760	1.4285714285714
4	4989713	1780	1.5
4	5122890	1800	1.3571428571429
4	5258655	1820	1.3125
4	5397103	1840	1.5
4	5537095	1860	1.5294117647059
4	5680148	1880	1.5294117647059
4	5825381	1900	1.55
4	5974124	1920	1.4347826086957
4	6124792	1940	1.5
4	6277564	1960	1.25
4	6432957	1980	1.4444444444444
4	6590833	2000	1.5714285714286
5	145313	240	0.54772255750517
5	171095	260	0
5	198332	280	0.46291004988628
5	225448	300	0.52223296786709
5	252740	320	0.57735026918963
5	279988	340	0.46709936649691
5	307078	360	0.54772255750517
5	334514	380	0.44721359549996
5	361870	400	0.44721359549996
5	388901	420	0.75592894601845
5	416154	440	0.54772255750517
5	443957	460	0.83666002653408
5	471988	480	0.51639777949432
5	500575	500	0.54772255750517
5	529669	520	0.5
5	558968	540	0
5	589067	560	0.37796447300923
5	619618	580	0.40451991747795
5	651057	600	0.48795003647427
5	683138	620	0.54772255750517
5	716641	640	0.51639777949432
5	749896	660	0.37796447300923
5	784569	680	0.75277265270908
5	820254	700	0.5
5	856856	720	0.54772255750517
5	894580	740	0.51639777949432
5	933589	760	0.52704627669473
5	974112	780	0.46291004988628
5	1015524	800	0.52223296786709
5	1057494	820	0.5
5	1101797	840	0.51639777949432
5	1146732	860	0.4409585518441
5	1192905	880	0.52223296786709
5	1240251	900	0.49236596391733
5	1288859	920	0.45226701686665
5	1338313	940	0.52223296786709
5	1388836	960	0.30151134457776
5	1440819	980	0.49236596391733
5	1493345	1000	0.51639777949432
5	1547512	1020	0.46709936649691
5	1603782	1040	0.46291004988628
5	1660905	1060	0.6291528696059
5	1718639	1080	0.51492865054444
5	1778561	1100	0.51492865054444
5	1840627	1120	0.65044363558799
5	1904095	1140	0.37796447300923
5	1969800	1160	0.48795003647427
5	2036055	1180	0.50709255283711
5	2104152	1200	0.50636968354183
5	2175066	1220	0.48304589153965
5	2246653	1240	0.5135525910131
5	2320518	1260	0.5
5	2396424	1280	0.52223296786709
5	2474622	1300	0.42581531362632
5	2553807	1320	0.49236596391733
5	2635964	1340	0.51639777949432
5	2719982	1360	0.51234753829798
5	2805505	1380	0.50636968354183
5	2893686	1400	0.5135525910131
5	2983722	1420	0.50709255283711
5	3075702	1440	0.52223296786709
5	3169654	1460	0.52223296786709
5	3266184	1480	0.49236596391733
5	3364601	1500	0.49236596391733
5	3465742	1520	0.28867513459481
5	3569339	1540	0.52704627669473
5	3675376	1560	0.51492865054444
5	3783139	1580	0.53452248382485
5	3894373	1600	0.48038446141526
5	4006695	1620	0.5
5	4121626	1640	0.4688072309385
5	4238645	1660	0.51492865054444
5	4358625	1680	0.50709255283711
5	4480174	1700	0.52704627669473
5	4604615	1720	0.49236596391733
5	4730670	1740	0.42163702135578
5	4858952	1760	0.5135525910131
5	4989713	1780	0.51887452166277
5	5122890	1800	0.49724515809885
5	5258655	1820	0.47871355387817
5	5397103	1840	0.51887452166277
5	5537095	1860	0.51449575542753
5	5680148	1880	0.51449575542753
5	5825381	1900	0.51041778553404
5	5974124	1920	0.5068698018697
5	6124792	1940	0.51887452166277
5	6277564	1960	0.46291004988628
5	6432957	1980	0.52704627669473
5	6590833	2000	0.5135525910131
6	145313	240	0.3
6	171095	260	0
6	198332	280	0.21428571428571
6	225448	300	0.27272727272727
6	252740	320	0.33333333333333
6	279988	340	0.21818181818182
6	307078	360	0.3
6	334514	380	0.2
6	361870	400	0.2
6	388901	420	0.57142857142857
6	416154	440	0.3
6	443957	460	0.7
6	471988	480	0.26666666666667
6	500575	500	0.3
6	529669	520	0.25
6	558968	540	0
6	589067	560	0.14285714285714
6	619618	580	0.16363636363636
6	651057	600	0.23809523809524
6	683138	620	0.3
6	716641	640	0.26666666666667
6	749896	660	0.14285714285714
6	784569	680	0.56666666666667
6	820254	700	0.25
6	856856	720	0.3
6	894580	740	0.26666666666667
6	933589	760	0.27777777777778
6	974112	780	0.21428571428571
6	1015524	800	0.27272727272727
6	1057494	820	0.25
6	1101797	840	0.26666666666667
6	1146732	860	0.19444444444444
6	1192905	880	0.27272727272727
6	1240251	900	0.24242424242424
6	1288859	920	0.20454545454545
6	1338313	940	0.27272727272727
6	1388836	960	0.090909090909091
6	1440819	980	0.24242424242424
6	1493345	1000	0.26666666666667
6	1547512	1020	0.21818181818182
6	1603782	1040	0.21428571428571
6	1660905	1060	0.39583333333333
6	1718639	1080	0.26515151515152
6	1778561	1100	0.26515151515152
6	1840627	1120	0.42307692307692
6	1904095	1140	0.14285714285714
6	1969800	1160	0.23809523809524
6	2036055	1180	0.25714285714286
6	2104152	1200	0.25641025641026
6	2175066	1220	0.23333333333333
6	2246653	1240	0.26373626373626
6	2320518	1260	0.25
6	2396424	1280	0.27272727272727
6	2474622	1300	0.18131868131868
6	2553807	1320	0.24242424242424
6	2635964	1340	0.26666666666667
6	2719982	1360	0.2625
6	2805505	1380	0.25641025641026
6	2893686	1400	0.26373626373626
6	2983722	1420	0.25714285714286
6	3075702	1440	0.27272727272727
6	3169654	1460	0.27272727272727
6	3266184	1480	0.24242424242424
6	3364601	1500	0.24242424242424
6	3465742	1520	0.083333333333333
6	3569339	1540	0.27777777777778
6	3675376	1560	0.26515151515152
6	3783139	1580	0.28571428571429
6	3894373	1600	0.23076923076923
6	4006695	1620	0.25
6	4121626	1640	0.21978021978022
6	4238645	1660	0.26515151515152
6	4358625	1680	0.25714285714286
6	4480174	1700	0.27777777777778
6	4604615	1720	0.24242424242424
6	4730670	1740	0.17777777777778
6	4858952	1760	0.26373626373626
6	4989713	1780	0.26923076923077
6	5122890	1800	0.24725274725275
6	5258655	1820	0.22916666666667
6	5397103	1840	0.26923076923077
6	5537095	1860	0.26470588235294
6	5680148	1880	0.26470588235294
6	5825381	1900	0.26052631578947
6	5974124	1920	0.25691699604743
6	6124792	1940	0.26923076923077
6	6277564	1960	0.21428571428571
6	6432957	1980	0.27777777777778
6	6590833	2000	0.26373626373626
7	145313	240	22.367088607595
7	171095	260	22.505882352941
7	198332	280	22.075268817204
7	225448	300	22.053191489362
7	252740	320	22.378947368421
7	279988	340	22.602150537634
7	307078	360	22.021276595745
7	334514	380	22.612903225806
7	361870	400	22.462365591398
7	388901	420	22.369565217391
7	416154	440	22.268817204301
7	443957	460	22.010416666667
7	471988	480	21.865979381443
7	500575	500	22.237113402062
7	529669	520	21.848484848485
7	558968	540	22.252525252525
7	589067	560	22.42
7	619618	580	22.009615384615
7	651057	600	22.572815533981
7	683138	620	22.609523809524
7	716641	640	23.552380952381
7	749896	660	23.278846153846
7	784569	680	23.559633027523
7	820254	700	24.490909090909
7	856856	720	24.684684684685
7	894580	740	25.216216216216
7	933589	760	25.839285714286
7	974112	780	26.191304347826
7	1015524	800	27.293103448276
7	1057494	820	27.35652173913
7	1101797	840	28.016806722689
7	1146732	860	28.756302521008
7	1192905	880	27.97520661157
7	1240251	900	29.146341463415
7	1288859	920	29.447154471545
7	1338313	940	29.524193548387
7	1388836	960	29.952380952381
7	1440819	980	30.420634920635
7	1493345	1000	30.488188976378
7	1547512	1020	30.938461538462
7	1603782	1040	31.242424242424
7	1660905	1060	31.699248120301
7	1718639	1080	32.007575757576
7	1778561	1100	32.932330827068
7	1840627	1120	32.992700729927
7	1904095	1140	34.101449275362
7	1969800	1160	34.407142857143
7	2036055	1180	34.942446043165
7	2104152	1200	35.748201438849
7	2175066	1220	36.274647887324
7	2246653	1240	36.923076923077
7	2320518	1260	37.331034482759
7	2396424	1280	38.299319727891
7	2474622	1300	39.342465753425
7	2553807	1320	39.389261744966
7	2635964	1340	40.557046979866
7	2719982	1360	41.364238410596
7	2805505	1380	42.066666666667
7	2893686	1400	42.333333333333
7	2983722	1420	42.929032258065
7	3075702	1440	43.28025477707
7	3169654	1460	44.649681528662
7	3266184	1480	44.51875
7	3364601	1500	46.08125
7	3465742	1520	46.335403726708
7	3569339	1540	47.207317073171
7	3675376	1560	47.575757575758
7	3783139	1580	48.609756097561
7	3894373	1600	48.934131736527
7	4006695	1620	49.928571428571
7	4121626	1640	50.301775147929
7	4238645	1660	51.058823529412
7	4358625	1680	51.485380116959
7	4480174	1700	52.028901734104
7	4604615	1720	52.616279069767
7	4730670	1740	52.748571428571
7	4858952	1760	53.255681818182
7	4989713	1780	53.862857142857
7	5122890	1800	54.123595505618
7	5258655	1820	54.633333333333
7	5397103	1840	55.777777777778
7	5537095	1860	55.994535519126
7	5680148	1880	56.217391304348
7	5825381	1900	56.848648648649
7	5974124	1920	57.596774193548
7	6124792	1940	58.497297297297
7	6277564	1960	58.786096256684
7	6432957	1980	59.349206349206
7	6590833	2000	60.322751322751
8	145313	240	4.7235829924878
8	171095	260	4.5372099918126
8	198332	280	5.2300065656701
8	225448	300	4.700416410921
8	252740	320	4.6153742785654
8	279988	340	4.7938814829681
8	307078	360	4.1503432256157
8	334514	380	4.331462896931
8	361870	400	4.1795546355858
8	388901	420	3.9661130286641
8	416154	440	4.6254019448049
8	443957	460	4.8482113721219
8	471988	480	5.25124760172
8	500575	500	4.7538869970537
8	529669	520	4.8410734944689
8	558968	540	3.7480428480318
8	589067	560	3.9110824149544
8	619618	580	4.8561745148415
8	651057	600	4.1647492256674
8	683138	620	3.9939743992459
8	716641	640	2.8283623706367
8	749896	660	2.778058030838
8	784569	680	4.1842544197586
8	820254	700	2.3607861174992
8	856856	720	4.2038553343805
8	894580	740	4.6248447746048
8	933589	760	4.4287219221326
8	974112	780	5.8172394311686
8	1015524	800	5.9680558940431
8	1057494	820	6.1118109762664
8	1101797	840	7.3461429903868
8	1146732	860	6.8543767862618
8	1192905	880	7.7043957257284
8	1240251	900	8.747536352774
8	1288859	920	8.1795459131174
8	1338313	940	8.3075670371087
8	1388836	960	9.2259262020523
8	1440819	980	8.9087401350388
8	1493345	1000	9.62459328494
8	1547512	1020	10.426378180168
8	1603782	1040	10.483080670191
8	1660905	1060	11.296275172097
8	1718639	1080	10.984024632694
8	1778561	1100	11.57792798802
8	1840627	1120	12.854100027048
8	1904095	1140	13.461103660283
8	1969800	1160	13.845445153199
8	2036055	1180	13.267465810997
8	2104152	1200	14.239205688022
8	2175066	1220	15.14569637453
8	2246653	1240	15.196402893067
8	2320518	1260	16.327403333563
8	2396424	1280	16.542769378558
8	2474622	1300	17.434582500926
8	2553807	1320	17.500081625059
8	2635964	1340	18.115762343186
8	2719982	1360	19.119443312575
8	2805505	1380	19.612578714893
8	2893686	1400	19.751748756689
8	2983722	1420	20.325631466499
8	3075702	1440	20.812297398692
8	3169654	1460	21.506667493891
8	3266184	1480	22.175677047516
8	3364601	1500	22.546659342002
8	3465742	1520	23.212050776315
8	3569339	1540	24.062667571819
8	3675376	1560	24.900570939471
8	3783139	1580	24.72486942409
8	3894373	1600	25.209516687574
8	4006695	1620	25.371862256329
8	4121626	1640	26.119871274597
8	4238645	1660	26.050407640816
8	4358625	1680	26.341503089264
8	4480174	1700	26.657698339571
8	4604615	1720	26.635143036095
8	4730670	1740	27.18084784047
8	4858952	1760	26.889774404641
8	4989713	1780	26.771350762987
8	5122890	1800	27.165456723138
8	5258655	1820	28.377129039316
8	5397103	1840	28.073637319602
8	5537095	1860	28.797225382936
8	5680148	1880	29.020183700486
8	5825381	1900	28.665211661123
8	5974124	1920	29.25994938797
8	6124792	1940	29.602644624132
8	6277564	1960	29.910389809393
8	6432957	1980	30.655685007889
8	6590833	2000	30.166498270795
9	145313	240	22.31223628692
9	171095	260	20.586274509804
9	198332	280	27.352968676952
9	225448	300	22.093914436056
9	252740	320	21.301679731243
9	279988	340	22.981299672744
9	307078	360	17.225348890414
9	334514	380	18.761570827489
9	361870	400	17.468676951847
9	388901	420	15.73005255614
9	416154	440	21.394343151005
9	443957	460	23.505153508772
9	471988	480	27.57560137457
9	500575	500	22.599441580756
9	529669	520	23.43599257885
9	558968	540	14.047825190682
9	589067	560	15.296565656566
9	619618	580	23.582430918596
9	651057	600	17.345136112698
9	683138	620	15.951831501832
9	716641	640	7.9996336996337
9	749896	660	7.7176064227035
9	784569	680	17.507985049269
9	820254	700	5.5733110925771
9	856856	720	17.6723996724
9	894580	740	21.389189189189
9	933589	760	19.613577863578
9	974112	780	33.840274599542
9	1015524	800	35.617691154423
9	1057494	820	37.354233409611
9	1101797	840	53.965816835209
9	1146732	860	46.982481128044
9	1192905	880	59.357713498623
9	1240251	900	76.519392243103
9	1288859	920	66.904971344795
9	1338313	940	69.015670076056
9	1388836	960	85.117714285714
9	1440819	980	79.365650793651
9	1493345	1000	92.632795900512
9	1547512	1020	108.70936195587
9	1603782	1040	109.89498033773
9	1660905	1060	127.60583276373
9	1718639	1080	120.64879713162
9	1778561	1100	134.04841649578
9	1840627	1120	165.22788750537
9	1904095	1140	181.20131175288
9	1969800	1160	191.69635149024
9	2036055	1180	176.02564904598
9	2104152	1200	202.7549786258
9	2175066	1220	229.39211866946
9	2246653	1240	230.93066088841
9	2320518	1260	266.58409961686
9	2396424	1280	273.66321871214
9	2474622	1300	303.96466698158
9	2553807	1320	306.25285688373
9	2635964	1340	328.1808452748
9	2719982	1360	365.55311258278
9	2805505	1380	384.65324384787
9	2893686	1400	390.13157894737
9	2983722	1420	413.13129451194
9	3075702	1440	433.1517230116
9	3169654	1460	462.5367466928
9	3266184	1480	491.76065251572
9	3364601	1500	508.35184748428
9	3465742	1520	538.79930124224
9	3569339	1540	579.01197067185
9	3675376	1560	620.0384331116
9	3783139	1580	611.31916803831
9	3894373	1600	635.5197316211
9	4006695	1620	643.73139435415
9	4121626	1640	682.24767540152
9	4238645	1660	678.6237382527
9	4358625	1680	693.87478500172
9	4480174	1700	710.63288076354
9	4604615	1720	709.43084455324
9	4730670	1740	738.79848932677
9	4858952	1760	723.05996753247
9	4989713	1780	716.70522167488
9	5122890	1800	737.9620389767
9	5258655	1820	805.26145251397
9	5397103	1840	788.12911235258
9	5537095	1860	829.2801897556
9	5680148	1880	842.17106200998
9	5825381	1900	821.69435957697
9	5974124	1920	856.14463818657
9	6124792	1940	876.31656874266
9	6277564	1960	894.63141854982
9	6432957	1980	939.77102330294
9	6590833	2000	910.01761792187
10	145313	240	279.74375285354
10	171095	260	293.71897890624
10	198332	280	378.25127952246
10	225448	300	524.33410983547
10	252740	320	146.98139814647
10	279988	340	526.79601434593
10	307078	360	288.49980767832
10	334514	380	238.42603865871
10	361870	400	242.32994882657
10	388901	420	387.29748840845
10	416154	440	287.65244133226
10	443957	460	243.73454912913
10	471988	480	292.82248847372
10	500575	500	242.12023229886
10	529669	520	438.24192935833
10	558968	540	340.34692558321
10	589067	560	352.88822038334
10	619618	580	533.28361074865
10	651057	600	339.14041420597
10	683138	620	295.55947315625
10	716641	640	503.1614677602
10	749896	660	339.38182958747
10	784569	680	296.07523036349
10	820254	700	439.45479594702
10	856856	720	247.30187414888
10	894580	740	295.38141827735
10	933589	760	437.00707295127
10	974112	780	387.54271641722
10	1015524	800	534.47956403494
10	1057494	820	434.18113452889
10	1101797	840	291.06284301689
10	1146732	860	436.39490689332
10	1192905	880	548.96248145383
10	1240251	900	583.65476970756
10	1288859	920	590.31266197922
10	1338313	940	588.80345872645
10	1388836	960	536.30933791998
10	1440819	980	579.66314474146
10	1493345	1000	292.29825354433
10	1547512	1020	555.41842464557
10	1603782	1040	397.19746497699
10	1660905	1060	799.34697988535
10	1718639	1080	590.5329578438
10	1778561	1100	596.01533753554
10	1840627	1120	708.77326952629
10	1904095	1140	348.98130284423
10	1969800	1160	342.41815822041
10	2036055	1180	747.80580245443
10	2104152	1200	650.0546982661
10	2175066	1220	501.53495998813
10	2246653	1240	687.90796884726
10	2320518	1260	794.45999184867
10	2396424	1280	599.37356641153
10	2474622	1300	678.85447227103
10	2553807	1320	602.83989128194
10	2635964	1340	751.70789205393
10	2719982	1360	802.27985684071
10	2805505	1380	645.97141397812
10	2893686	1400	702.28968057113
10	2983722	1420	763.66362728873
10	3075702	1440	598.93989257257
10	3169654	1460	600.11771146514
10	3266184	1480	611.81055109538
10	3364601	1500	596.11595173539
10	3465742	1520	591.33440037509
10	3569339	1540	497.63775276076
10	3675376	1560	585.86539743539
10	3783139	1580	420.50028321218
10	3894373	1600	643.24548715049
10	4006695	1620	451.61361854892
10	4121626	1640	715.81425182929
10	4238645	1660	604.50660730069
10	4358625	1680	760.84239733133
10	4480174	1700	496.36944366443
10	4604615	1720	619.25950615921
10	4730670	1740	500.30693761603
10	4858952	1760	700.85157042063
10	4989713	1780	712.6312676252
10	5122890	1800	701.26937823855
10	5258655	1820	790.57370171068
10	5397103	1840	700.63733806083
10	5537095	1860	857.19751809834
10	5680148	1880	853.01927778684
10	5825381	1900	1016.3263841202
10	5974124	1920	1155.1351671718
10	6124792	1940	718.16039374211
10	6277564	1960	408.97651638534
10	6432957	1980	448.88937839943
10	6590833	2000	690.04124193169
11	145313	240	46.623958808923
11	171095	260	48.953163151039
11	198332	280	47.281409940307
11	225448	300	47.66673725777
11	252740	320	48.993799382155
11	279988	340	47.890546758721
11	307078	360	48.08330127972
11	334514	380	47.685207731741
11	361870	400	48.465989765315
11	388901	420	48.412186051057
11	416154	440	47.942073555377
11	443957	460	48.746909825827
11	471988	480	48.803748078953
11	500575	500	48.424046459771
11	529669	520	48.693547706481
11	558968	540	48.62098936903
11	589067	560	50.412602911905
11	619618	580	48.480328249877
11	651057	600	48.448630600853
11	683138	620	49.259912192709
11	716641	640	50.31614677602
11	749896	660	48.483118512496
11	784569	680	49.345871727248
11	820254	700	48.82831066078
11	856856	720	49.460374829776
11	894580	740	49.230236379558
11	933589	760	48.55634143903
11	974112	780	48.442839552152
11	1015524	800	48.589051275903
11	1057494	820	48.242348280988
11	1101797	840	48.510473836149
11	1146732	860	48.488322988146
11	1192905	880	49.905680132167
11	1240251	900	48.63789747563
11	1288859	920	49.192721831602
11	1338313	940	49.066954893871
11	1388836	960	48.755394356362
11	1440819	980	48.305262061789
11	1493345	1000	48.716375590721
11	1547512	1020	50.492584058688
11	1603782	1040	49.649683122124
11	1660905	1060	49.959186242834
11	1718639	1080	49.211079820316
11	1778561	1100	49.667944794628
11	1840627	1120	50.626662109021
11	1904095	1140	49.85447183489
11	1969800	1160	48.916879745773
11	2036055	1180	49.853720163629
11	2104152	1200	50.004207558931
11	2175066	1220	50.153495998813
11	2246653	1240	49.13628348909
11	2320518	1260	49.653749490542
11	2396424	1280	49.94779720096
11	2474622	1300	48.489605162216
11	2553807	1320	50.236657606828
11	2635964	1340	50.113859470262
11	2719982	1360	50.142491052544
11	2805505	1380	49.690108767548
11	2893686	1400	50.163548612223
11	2983722	1420	50.910908485915
11	3075702	1440	49.911657714381
11	3169654	1460	50.009809288761
11	3266184	1480	50.984212591282
11	3364601	1500	49.676329311282
11	3465742	1520	49.277866697924
11	3569339	1540	49.763775276076
11	3675376	1560	48.822116452949
11	3783139	1580	52.562535401523
11	3894373	1600	49.480422088499
11	4006695	1620	50.17929094988
11	4121626	1640	51.129589416378
11	4238645	1660	50.375550608391
11	4358625	1680	50.722826488755
11	4480174	1700	49.636944366443
11	4604615	1720	51.604958846601
11	4730670	1740	50.030693761603
11	4858952	1760	50.060826458616
11	4989713	1780	50.9022334018
11	5122890	1800	50.090669874182
11	5258655	1820	49.410856356917
11	5397103	1840	50.045524147202
11	5537095	1860	50.423383417549
11	5680148	1880	50.177604575696
11	5825381	1900	50.816319206011
11	5974124	1920	50.223268137905
11	6124792	1940	51.29717098158
11	6277564	1960	51.122064548167
11	6432957	1980	49.876597599936
11	6590833	2000	49.288660137978
12	145313	240	0.29038270025398
12	171095	260	1.3008247654278
12	198332	280	1.2747249574127
12	225448	300	1.2031142786581
12	252740	320	1.1513753919232
12	279988	340	1.3085215874145
12	307078	360	2.1049206409177
12	334514	380	1.5735927775966
12	361870	400	1.5337338241667
12	388901	420	1.5449151361224
12	416154	440	0.59204083629623
12	443957	460	1.9791151804072
12	471988	480	2.8483030984214
12	500575	500	1.2274841109007
12	529669	520	2.6344947965015
12	558968	540	2.3688244735983
12	589067	560	3.7174843627344
12	619618	580	1.8000481896006
12	651057	600	2.3907905092342
12	683138	620	2.3188887178442
12	716641	640	1.8646441956508
12	749896	660	1.5348477181172
12	784569	680	2.5414074697039
12	820254	700	1.8809151435477
12	856856	720	2.5105939543422
12	894580	740	3.1068872302386
12	933589	760	2.3350805485069
12	974112	780	1.510348697303
12	1015524	800	2.6452142896993
12	1057494	820	2.6091296848532
12	1101797	840	1.442535373112
12	1146732	860	1.9279260866954
12	1192905	880	2.265325074524
12	1240251	900	1.8130285406971
12	1288859	920	2.0129980129554
12	1338313	940	2.3134811713677
12	1388836	960	2.245839456208
12	1440819	980	1.7878682816312
12	1493345	1000	2.3740058746806
12	1547512	1020	2.745273539585
12	1603782	1040	2.397093581917
12	1660905	1060	1.9803532551184
12	1718639	1080	2.0158609333056
12	1778561	1100	3.0227950055571
12	1840627	1120	2.8435742365738
12	1904095	1140	2.4124553778352
12	1969800	1160	2.3506013901536
12	2036055	1180	2.5393685765171
12	2104152	1200	2.1516113779632
12	2175066	1220	2.8465841768807
12	2246653	1240	1.9367361356556
12	2320518	1260	3.7614660745405
12	2396424	1280	1.6592266220016
12	2474622	1300	2.5148473402303
12	2553807	1320	3.1730720509725
12	2635964	1340	2.8889733574422
12	2719982	1360	3.0286536196481
12	2805505	1380	3.3367163481278
12	2893686	1400	2.5637230527821
12	2983722	1420	2.98748685046
12	3075702	1440	3.2143133311158
12	3169654	1460	2.4294701966254
12	3266184	1480	3.3706772543723
12	3364601	1500	2.2109882930583
12	3465742	1520	3.6393141125286
12	3569339	1540	2.9731455812872
12	3675376	1560	2.238891556338
12	3783139	1580	4.4689119193877
12	3894373	1600	2.7088519077777
12	4006695	1620	2.4293470863637
12	4121626	1640	2.5522646987403
12	4238645	1660	1.8327412223139
12	4358625	1680	2.4342552542699
12	4480174	1700	3.037888012138
12	4604615	1720	1.271403496586
12	4730670	1740	2.820900812535
12	4858952	1760	2.5884384711742
12	4989713	1780	2.241749313225
12	5122890	1800	2.1509806607605
12	5258655	1820	2.4451411910323
12	5397103	1840	2.7675518043003
12	5537095	1860	2.1140788621046
12	5680148	1880	2.1854517599184
12	5825381	1900	2.1031348274629
12	5974124	1920	2.4829009961708
12	6124792	1940	2.7459238099533
12	6277564	1960	4.1245979085157
12	6432957	1980	2.7724601898274
12	6590833	2000	2.2033669039504
13	145313	240	0.08432211260679
13	171095	260	1.6921450703502
13	198332	280	1.6249237170508
13	225448	300	1.4474839675111
13	252740	320	1.3256652931264
13	279988	340	1.7122287447299
13	307078	360	4.4306909045613
13	334514	380	2.4761942297043
13	361870	400	2.3523394433929
13	388901	420	2.38676277782
13	416154	440	0.35051235184233
13	443957	460	3.9168968973182
13	471988	480	8.1128305404771
13	500575	500	1.5067172425137
13	529669	520	6.9405628327932
13	558968	540	5.6113293867181
13	589067	560	13.819689987175
13	619618	580	3.2401734848844
13	651057	600	5.7158792590445
13	683138	620	5.3772448857452
13	716641	640	3.4768979763741
13	749896	660	2.3557575178095
13	784569	680	6.4587519270665
13	820254	700	3.5378417772271
13	856856	720	6.3030820035796
13	894580	740	9.6527482614197
13	933589	760	5.4526011680155
13	974112	780	2.2811531874448
13	1015524	800	6.9971586384293
13	1057494	820	6.807557712382
13	1101797	840	2.0809083026793
13	1146732	860	3.7168989957607
13	1192905	880	5.131697693267
13	1240251	900	3.2870724893822
13	1288859	920	4.0521610001624
13	1338313	940	5.3521951302728
13	1388836	960	5.0437948630606
13	1440819	980	3.196472992463
13	1493345	1000	5.6359038930179
13	1547512	1020	7.5365268071456
13	1603782	1040	5.7460576404675
13	1660905	1060	3.921799015058
13	1718639	1080	4.0636953024276
13	1778561	1100	9.1372896456208
13	1840627	1120	8.085914438906
13	1904095	1140	5.8199409500458
13	1969800	1160	5.5253268953922
13	2036055	1180	6.4483927674023
13	2104152	1200	4.6294315217809
13	2175066	1220	8.1030414760674
13	2246653	1240	3.7509468591543
13	2320518	1260	14.148627029919
13	2396424	1280	2.7530329831587
13	2474622	1300	6.3244571446636
13	2553807	1320	10.068386240663
13	2635964	1340	8.346167060011
13	2719982	1360	9.1727427478076
13	2805505	1380	11.133675987864
13	2893686	1400	6.5726758913665
13	2983722	1420	8.9250776816712
13	3075702	1440	10.331810190589
13	3169654	1460	5.9023254362908
13	3266184	1480	11.361465153143
13	3364601	1500	4.8884692320409
13	3465742	1520	13.24460720965
13	3569339	1540	8.8395946475277
13	3675376	1560	5.0126354010417
13	3783139	1580	19.971173743246
13	3894373	1600	7.3378786582707
13	4006695	1620	5.901727266024
13	4121626	1640	6.514055092436
13	4238645	1660	3.3589403879687
13	4358625	1680	5.9255986429408
13	4480174	1700	9.228763574292
13	4604615	1720	1.616466851131
13	4730670	1740	7.9574813941604
13	4858952	1760	6.7000137190547
13	4989713	1780	5.0254399833447
13	5122890	1800	4.6267178029656
13	5258655	1820	5.9787154440829
13	5397103	1840	7.6593429894857
13	5537095	1860	4.4693294351974
13	5680148	1880	4.7761993949302
13	5825381	1900	4.4231761024874
13	5974124	1920	6.1647973567858
13	6124792	1940	7.5400975700682
13	6277564	1960	17.012307906932
13	6432957	1980	7.6865355041778
13	6590833	2000	4.8548257134242
14	145313	240	268.33913971419
14	171095	260	271.19612881313
14	198332	280	584.1114558382
14	225448	300	627.51396452446
14	252740	320	226.54439600268
14	279988	340	579.5458425353
14	307078	360	313.37307320116
14	334514	380	270.95740580647
14	361870	400	226.0841213383
14	388901	420	406.75008184681
14	416154	440	408.3543418963
14	443957	460	324.27268996407
14	471988	480	450.18212490971
14	500575	500	363.35875541507
14	529669	520	543.4449474719
14	558968	540	402.60687621602
14	589067	560	560.09433557231
14	619618	580	630.08217784694
14	651057	600	319.06467236445
14	683138	620	317.0870759145
14	716641	640	546.18206889757
14	749896	660	451.57817324042
14	784569	680	412.16373797536
14	820254	700	592.2581866002
14	856856	720	320.72845978493
14	894580	740	363.71237957532
14	933589	760	590.75057271623
14	974112	780	504.93693531317
14	1015524	800	593.13709502083
14	1057494	820	631.25757277484
14	1101797	840	404.13852262042
14	1146732	860	408.55999837038
14	1192905	880	733.07591052516
14	1240251	900	544.84898969092
14	1288859	920	595.23133859038
14	1338313	940	677.40841959706
14	1388836	960	638.81374296763
14	1440819	980	594.70073816973
14	1493345	1000	365.15359892163
14	1547512	1020	599.12403484485
14	1603782	1040	503.74760206018
14	1660905	1060	870.10044645615
14	1718639	1080	729.44404001037
14	1778561	1100	866.5661249975
14	1840627	1120	735.72648642847
14	1904095	1140	410.74315411508
14	1969800	1160	501.30675927917
14	2036055	1180	911.03192898186
14	2104152	1200	725.57723749536
14	2175066	1220	549.69958495515
14	2246653	1240	821.1479935989
14	2320518	1260	774.40162546716
14	2396424	1280	685.36069675615
14	2474622	1300	863.15146568253
14	2553807	1320	636.7655132827
14	2635964	1340	773.98281210748
14	2719982	1360	773.25775558342
14	2805505	1380	682.64667815707
14	2893686	1400	820.3544333287
14	2983722	1420	822.87459990413
14	3075702	1440	820.64652153443
14	3169654	1460	590.73376120208
14	3266184	1480	730.08969854103
14	3364601	1500	777.92637649019
14	3465742	1520	728.86690685725
14	3569339	1540	683.63046808526
14	3675376	1560	635.15798679684
14	3783139	1580	551.93734824805
14	3894373	1600	679.46713221576
14	4006695	1620	498.17007757031
14	4121626	1640	869.1000030755
14	4238645	1660	643.42986403549
14	4358625	1680	1046.9398613686
14	4480174	1700	814.97252714278
14	4604615	1720	692.66745490364
14	4730670	1740	769.4053531809
14	4858952	1760	775.99438714087
14	4989713	1780	913.74641458752
14	5122890	1800	730.56484668967
14	5258655	1820	904.03826149212
14	5397103	1840	773.36245392412
14	5537095	1860	954.84643718914
14	5680148	1880	1096.2072083514
14	5825381	1900	1005.0711655357
14	5974124	1920	1147.5339691665
14	6124792	1940	911.97371497145
14	6277564	1960	498.51228774621
14	6432957	1980	723.10696908919
14	6590833	2000	774.32574842233
15	145313	240	44.723189952366
15	171095	260	45.199354802189
15	198332	280	44.931650449093
15	225448	300	44.822426037461
15	252740	320	45.308879200535
15	279988	340	44.580449425792
15	307078	360	44.767581885881
15	334514	380	45.159567634411
15	361870	400	45.21682426766
15	388901	420	45.194453538534
15	416154	440	45.372704655145
15	443957	460	46.324669994866
15	471988	480	45.018212490971
15	500575	500	45.419844426884
15	529669	520	45.287078955991
15	558968	540	44.734097357336
15	589067	560	46.674527964359
15	619618	580	45.00586984621
15	651057	600	45.580667480636
15	683138	620	45.298153702071
15	716641	640	45.515172408131
15	749896	660	45.157817324042
15	784569	680	45.795970886151
15	820254	700	45.558322046169
15	856856	720	45.818351397846
15	894580	740	45.464047446914
15	933589	760	45.442351747402
15	974112	780	45.903357755743
15	1015524	800	45.625930386218
15	1057494	820	45.089826626775
15	1101797	840	44.904280291158
15	1146732	860	45.395555374486
15	1192905	880	45.817244407823
15	1240251	900	45.404082474243
15	1288859	920	45.787026045414
15	1338313	940	45.160561306471
15	1388836	960	45.629553069116
15	1440819	980	45.746210628441
15	1493345	1000	45.644199865204
15	1547512	1020	46.086464218834
15	1603782	1040	45.795236550925
15	1660905	1060	45.794760339798
15	1718639	1080	45.590252500648
15	1778561	1100	45.608743420921
15	1840627	1120	45.98290540178
15	1904095	1140	45.638128235009
15	1969800	1160	45.573341752652
15	2036055	1180	45.551596449093
15	2104152	1200	45.34857734346
15	2175066	1220	45.808298746262
15	2246653	1240	45.619332977717
15	2320518	1260	45.553036792186
15	2396424	1280	45.690713117077
15	2474622	1300	45.429024509607
15	2553807	1320	45.483250948764
15	2635964	1340	45.528400712205
15	2719982	1360	45.485750328437
15	2805505	1380	45.509778543805
15	2893686	1400	45.575246296039
15	2983722	1420	45.715255550229
15	3075702	1440	45.591473418579
15	3169654	1460	45.441058554006
15	3266184	1480	45.630606158815
15	3364601	1500	45.760375087658
15	3465742	1520	45.554181678578
15	3569339	1540	45.575364539017
15	3675376	1560	45.368427628346
15	3783139	1580	45.994779020671
15	3894373	1600	45.297808814384
15	4006695	1620	45.288188870029
15	4121626	1640	45.742105425026
15	4238645	1660	45.959276002535
15	4358625	1680	45.51912440733
15	4480174	1700	45.276251507932
15	4604615	1720	46.177830326909
15	4730670	1740	45.259138422406
15	4858952	1760	45.646728655345
15	4989713	1780	45.687320729376
15	5122890	1800	45.660302918105
15	5258655	1820	45.201913074606
15	5397103	1840	45.49190905436
15	5537095	1860	45.468877961388
15	5680148	1880	45.675300347973
15	5825381	1900	45.685052978897
15	5974124	1920	45.901358766659
15	6124792	1940	45.598685748573
15	6277564	1960	45.319298886019
15	6432957	1980	45.194185568075
15	6590833	2000	45.548573436608
16	145313	240	0.14808591352311
16	171095	260	0.53161326374309
16	198332	280	1.1056853406118
16	225448	300	0.52111606711593
16	252740	320	1.485315512657
16	279988	340	0.30119846610018
16	307078	360	0.19237739937223
16	334514	380	0.70705948209899
16	361870	400	0.53366063287887
16	388901	420	0.57422684205615
16	416154	440	1.381786595952
16	443957	460	2.1294211256259
16	471988	480	1.097955457473
16	500575	500	1.5110193679327
16	529669	520	1.2126169977047
16	558968	540	0.31463092130737
16	589067	560	2.1230717655138
16	619618	580	1.1275733063623
16	651057	600	1.5530713728725
16	683138	620	1.5140459213767
16	716641	640	1.4032401843262
16	749896	660	0.8610772759407
16	784569	680	1.431216767694
16	820254	700	1.298326374842
16	856856	720	1.8293148862475
16	894580	740	1.1872401491945
16	933589	760	1.2200685887649
16	974112	780	1.2734994232277
16	1015524	800	1.3788586309038
16	1057494	820	1.061393170459
16	1101797	840	0.31383492377088
16	1146732	860	0.98660891529816
16	1192905	880	1.2506658634462
16	1240251	900	1.1363152236159
16	1288859	920	1.197249933752
16	1338313	940	0.91904061834769
16	1388836	960	1.1861223318909
16	1440819	980	1.1506384682572
16	1493345	1000	1.3316996836558
16	1547512	1020	1.0690030413754
16	1603782	1040	1.175068911345
16	1660905	1060	1.2680491666238
16	1718639	1080	1.1588021954113
16	1778561	1100	1.2105136178161
16	1840627	1120	1.2736707629847
16	1904095	1140	1.1369155454988
16	1969800	1160	1.0724397860369
16	2036055	1180	1.1021547106252
16	2104152	1200	1.1022591993777
16	2175066	1220	1.1114835044496
16	2246653	1240	1.0207642989328
16	2320518	1260	1.0640831143458
16	2396424	1280	1.1105570515111
16	2474622	1300	1.1850747102293
16	2553807	1320	1.1016145899849
16	2635964	1340	0.99131134072008
16	2719982	1360	0.80937604367326
16	2805505	1380	0.91775702553784
16	2893686	1400	0.79143930268494
16	2983722	1420	0.81921438726952
16	3075702	1440	0.9178175101684
16	3169654	1460	1.1315064601472
16	3266184	1480	0.98869750995729
16	3364601	1500	1.0856104010404
16	3465742	1520	1.1363893683312
16	3569339	1540	0.94150629248625
16	3675376	1560	0.86855697929523
16	3783139	1580	1.1481347199663
16	3894373	1600	0.74531339679667
16	4006695	1620	0.73821514849802
16	4121626	1640	0.87340582766358
16	4238645	1660	1.1419423125111
16	4358625	1680	0.89070089765003
16	4480174	1700	0.9213956681448
16	4604615	1720	0.90744564487958
16	4730670	1740	0.578370261066
16	4858952	1760	0.93286507936598
16	4989713	1780	0.93129467499
16	5122890	1800	0.70000169051125
16	5258655	1820	0.63447983460396
16	5397103	1840	0.99509031501233
16	5537095	1860	0.84451341504665
16	5680148	1880	1.0015172480445
16	5825381	1900	0.84194629072982
16	5974124	1920	1.0323037385201
16	6124792	1940	0.66590079124929
16	6277564	1960	0.93572918348354
16	6432957	1980	0.57996658247392
16	6590833	2000	1.0294843643029
17	145313	240	0.021929437783975
17	171095	260	0.28261266218758
17	198332	280	1.2225400724439
17	225448	300	0.27156195540638
17	252740	320	2.2061621721394
17	279988	340	0.0907205159811
17	307078	360	0.037009063789223
17	334514	380	0.49993311122608
17	361870	400	0.28479367108467
17	388901	420	0.32973646613778
17	416154	440	1.9093341967527
17	443957	460	4.5344343302619
17	471988	480	1.2055061865948
17	500575	500	2.2831795302676
17	529669	520	1.4704399831225
17	558968	540	0.098992616642727
17	589067	560	4.5074337215218
17	619618	580	1.2714215612209
17	651057	600	2.4120306892361
17	683138	620	2.2923350520373
17	716641	640	1.9690830149078
17	749896	660	0.74145407514145
17	784569	680	2.0483814361285
17	820254	700	1.6856513756104
17	856856	720	3.3463929530466
17	894580	740	1.4095391718594
17	933589	760	1.4885673612907
17	974112	780	1.6218007809613
17	1015524	800	1.9012511240179
17	1057494	820	1.1265554622971
17	1101797	840	0.098492359378272
17	1146732	860	0.97339715174581
17	1192905	880	1.5641651019897
17	1240251	900	1.2912122874212
17	1288859	920	1.4334074038691
17	1338313	940	0.84463565817291
17	1388836	960	1.4068861862102
17	1440819	980	1.3239688846333
17	1493345	1000	1.773424047449
17	1547512	1020	1.1427675024698
17	1603782	1040	1.3807869464095
17	1660905	1060	1.6079486889752
17	1718639	1080	1.3428225280901
17	1778561	1100	1.4653432189181
17	1840627	1120	1.622237212482
17	1904095	1140	1.2925769575968
17	1969800	1160	1.150127094675
17	2036055	1180	1.2147450061533
17	2104152	1200	1.2149753426128
17	2175066	1220	1.2353955806637
17	2246653	1240	1.0419597539757
17	2320518	1260	1.1322728742358
17	2396424	1280	1.2333369646609
17	2474622	1300	1.4044020688251
17	2553807	1320	1.2135547048677
17	2635964	1340	0.98269817424024
17	2719982	1360	0.65508958007219
17	2805505	1380	0.84227795792406
17	2893686	1400	0.62637616983442
17	2983722	1420	0.67111221230938
17	3075702	1440	0.84238898197172
17	3169654	1460	1.2803068693548
17	3266184	1480	0.97752276619575
17	3364601	1500	1.178549942847
17	3465742	1520	1.2913807964561
17	3569339	1540	0.8864340987912
17	3675376	1560	0.75439122628245
17	3783139	1580	1.318213335192
17	3894373	1600	0.55549205944459
17	4006695	1620	0.54496160547196
17	4121626	1640	0.7628377397967
17	4238645	1660	1.3040322451033
17	4358625	1680	0.79334808907456
17	4480174	1700	0.848969977276
17	4604615	1720	0.82345759841092
17	4730670	1740	0.33451215888556
17	4858952	1760	0.87023725630049
17	4989713	1780	0.86730977166473
17	5122890	1800	0.49000236671861
17	5258655	1820	0.40256466051907
17	5397103	1840	0.99020473503133
17	5537095	1860	0.71320290819375
17	5680148	1880	1.0030367981307
17	5825381	1900	0.70887355647371
17	5974124	1920	1.0656510085626
17	6124792	1940	0.44342386378642
17	6277564	1960	0.87558910482277
17	6432957	1980	0.33636123678648
17	6590833	2000	1.0598380563442
18	145313	240	1473.9847266642
18	171095	260	1616.7019355185
18	198332	280	1763.6811769501
18	225448	300	2055.9433604727
18	252740	320	2062.9928658606
18	279988	340	1952.0442384977
18	307078	360	2003.5067121298
18	334514	380	1821.6888956206
18	361870	400	1774.1754460543
18	388901	420	1829.7527913271
18	416154	440	1775.3886673685
18	443957	460	1748.4116033859
18	471988	480	1715.2640196977
18	500575	500	1671.0807333368
18	529669	520	1421.5436521208
18	558968	540	1579.3657979403
18	589067	560	1354.0785815473
18	619618	580	1915.7550614442
18	651057	600	1771.872788941
18	683138	620	1968.495266705
18	716641	640	2067.059285135
18	749896	660	2142.5185920718
18	784569	680	2328.8876668657
18	820254	700	2117.3206407704
18	856856	720	2318.0435064298
18	894580	740	2274.4230814798
18	933589	760	2070.3963909132
18	974112	780	2542.6622408692
18	1015524	800	2547.1779473659
18	1057494	820	2558.4845562974
18	1101797	840	2717.7927058447
18	1146732	860	3004.651580864
18	1192905	880	2656.7760778346
18	1240251	900	2920.8171769456
18	1288859	920	3025.8017007724
18	1338313	940	3117.0464612216
18	1388836	960	3315.4442668521
18	1440819	980	3363.2701299623
18	1493345	1000	3236.9677604395
18	1547512	1020	3333.0882308615
18	1603782	1040	3386.1040034387
18	1660905	1060	3525.4559098329
18	1718639	1080	3362.7062210037
18	1778561	1100	3427.3975017422
18	1840627	1120	3626.9987348774
18	1904095	1140	3608.8551085427
18	1969800	1160	3810.644309798
18	2036055	1180	3468.6408737496
18	2104152	1200	3673.3459645235
18	2175066	1220	3775.2508531349
18	2246653	1240	3689.0314314248
18	2320518	1260	4107.7821908565
18	2396424	1280	4198.3811826738
18	2474622	1300	4431.9577159899
18	2553807	1320	4375.1541917527
18	2635964	1340	4414.5279519568
18	2719982	1360	4366.5440941312
18	2805505	1380	4553.9937406603
18	2893686	1400	4561.3351585054
18	2983722	1420	4693.3449905325
18	3075702	1440	4932.73622544
18	3169654	1460	4982.2564271602
18	3266184	1480	4691.0879484804
18	3364601	1500	4899.6009337625
18	3465742	1520	4875.6801360088
18	3569339	1540	4994.8331351337
18	3675376	1560	5182.9771586434
18	3783139	1580	4853.0690978673
18	3894373	1600	5074.082662537
18	4006695	1620	5076.2033363772
18	4121626	1640	4409.3980455185
18	4238645	1660	4563.4141789878
18	4358625	1680	4946.5099347636
18	4480174	1700	4930.50203941
18	4604615	1720	4627.5835985531
18	4730670	1740	4727.9092674743
18	4858952	1760	4917.2416164817
18	4989713	1780	4661.6987004357
18	5122890	1800	5160.9381958018
18	5258655	1820	5172.1798776304
18	5397103	1840	5211.0334121221
18	5537095	1860	5365.8169597195
18	5680148	1880	5468.3785952298
18	5825381	1900	5766.9482600049
18	5974124	1920	5671.1080302231
18	6124792	1940	5611.0641855954
18	6277564	1960	5984.1470819243
18	6432957	1980	5726.8735412802
18	6590833	2000	5644.0425252478
19	145313	240	47.547894408522
19	171095	260	47.550056927016
19	198332	280	47.667058836491
19	225448	300	47.812636290063
19	252740	320	47.976578275829
19	279988	340	47.610835085309
19	307078	360	47.702540764995
19	334514	380	47.939181463699
19	361870	400	47.950687731198
19	388901	420	48.151389245451
19	416154	440	47.983477496447
19	443957	460	48.566988982942
19	471988	480	49.007543419936
19	500575	500	49.149433333435
19	529669	520	49.018746624856
19	558968	540	49.355181185636
19	589067	560	50.151058575826
19	619618	580	49.121924652414
19	651057	600	49.218688581694
19	683138	620	49.212381667626
19	716641	640	49.21569726512
19	749896	660	49.826013769112
19	784569	680	49.550801422675
19	820254	700	49.240014901637
19	856856	720	49.32007460489
19	894580	740	49.443980032169
19	933589	760	49.2951521646
19	974112	780	48.897350785945
19	1015524	800	48.984191295498
19	1057494	820	49.201626082642
19	1101797	840	49.414412833541
19	1146732	860	49.256583292852
19	1192905	880	49.199556996937
19	1240251	900	49.505375880435
19	1288859	920	49.603306570039
19	1338313	940	49.476927955899
19	1388836	960	49.484242788838
19	1440819	980	49.459854852386
19	1493345	1000	49.799504006762
19	1547512	1020	49.747585535247
19	1603782	1040	49.795647109392
19	1660905	1060	49.654308589196
19	1718639	1080	49.451562073583
19	1778561	1100	49.672427561481
19	1840627	1120	49.684914176403
19	1904095	1140	50.122987618649
19	1969800	1160	50.140056707868
19	2036055	1180	50.270157590574
19	2104152	1200	50.319807733199
19	2175066	1220	50.336678041798
19	2246653	1240	50.534677142805
19	2320518	1260	50.094904766543
19	2396424	1280	50.582905815347
19	2474622	1300	50.363155863522
19	2553807	1320	50.289128640835
19	2635964	1340	50.741700597205
19	2719982	1360	50.773768536409
19	2805505	1380	50.599930451782
19	2893686	1400	50.681501761171
19	2983722	1420	50.466075167016
19	3075702	1440	50.334043116735
19	3169654	1460	50.325822496567
19	3266184	1480	50.441805897638
19	3364601	1500	49.995927895536
19	3465742	1520	50.264743670194
19	3569339	1540	50.452859950846
19	3675376	1560	50.320166588771
19	3783139	1580	50.552803102785
19	3894373	1600	50.74082662537
19	4006695	1620	50.762033363772
19	4121626	1640	50.682736155385
19	4238645	1660	50.704601988753
19	4358625	1680	50.994947781068
19	4480174	1700	50.829917932062
19	4604615	1720	50.852567017067
19	4730670	1740	50.837734058863
19	4858952	1760	50.693212541048
19	4989713	1780	50.670638048214
19	5122890	1800	50.597433292175
19	5258655	1820	50.707645859122
19	5397103	1840	50.592557399244
19	5537095	1860	50.620914714335
19	5680148	1880	50.633135141016
19	5825381	1900	50.587265438639
19	5974124	1920	50.634893126992
19	6124792	1940	50.550127798157
19	6277564	1960	50.713110863765
19	6432957	1980	50.680296825488
19	6590833	2000	50.847229957188
20	145313	240	1.63275832703
20	171095	260	1.4044450125011
20	198332	280	1.6365122030992
20	225448	300	1.6905852351677
20	252740	320	2.142726399813
20	279988	340	1.4143352959317
20	307078	360	1.955864097889
20	334514	380	1.8229017253458
20	361870	400	1.8113690505138
20	388901	420	1.7806485233169
20	416154	440	2.1949839664035
20	443957	460	2.4389579666433
20	471988	480	3.1815691632705
20	500575	500	2.6634432934083
20	529669	520	2.3032584819761
20	558968	540	3.1207357875142
20	589067	560	3.3201750281582
20	619618	580	3.0278413902423
20	651057	600	2.7114123503177
20	683138	620	2.5315003790771
20	716641	640	2.4183040264014
20	749896	660	3.1175496921413
20	784569	680	2.3614330219308
20	820254	700	2.4291066908669
20	856856	720	2.3788769621159
20	894580	740	2.511029482887
20	933589	760	2.8307049742172
20	974112	780	2.7264004324295
20	1015524	800	3.0957178457997
20	1057494	820	2.9464636227478
20	1101797	840	3.1483388041361
20	1146732	860	2.8906005787528
20	1192905	880	2.8624617412728
20	1240251	900	2.6581910149274
20	1288859	920	2.6972294434229
20	1338313	940	2.7778003024903
20	1388836	960	2.6889715693864
20	1440819	980	2.4367571321451
20	1493345	1000	2.3902249337316
20	1547512	1020	2.4814402948691
20	1603782	1040	2.3091758128823
20	1660905	1060	2.6609580718132
20	1718639	1080	2.6282097620015
20	1778561	1100	2.343545904677
20	1840627	1120	2.32165640142
20	1904095	1140	2.6033305045949
20	1969800	1160	2.4711268945929
20	2036055	1180	2.9108324234322
20	2104152	1200	2.3566183785447
20	2175066	1220	2.2928178506506
20	2246653	1240	2.5226719641845
20	2320518	1260	3.0030950206514
20	2396424	1280	3.4430316126572
20	2474622	1300	3.1661052820892
20	2553807	1320	2.9217000590899
20	2635964	1340	3.1106449844658
20	2719982	1360	3.2597991687701
20	2805505	1380	3.5522876935909
20	2893686	1400	3.2463579897906
20	2983722	1420	3.593755303921
20	3075702	1440	3.3971899208695
20	3169654	1460	3.4367561233868
20	3266184	1480	3.0422819559585
20	3364601	1500	2.8136378047597
20	3465742	1520	2.8875331412699
20	3569339	1540	3.0919993135066
20	3675376	1560	3.3338746392438
20	3783139	1580	3.1564731040152
20	3894373	1600	2.8218605668176
20	4006695	1620	2.8826205898987
20	4121626	1640	2.809287103679
20	4238645	1660	2.6931133714628
20	4358625	1680	2.2451345493537
20	4480174	1700	2.4355864600217
20	4604615	1720	2.4063979144987
20	4730670	1740	2.327440315584
20	4858952	1760	2.746272378438
20	4989713	1780	2.331138261696
20	5122890	1800	2.6119526876194
20	5258655	1820	2.5606987437104
20	5397103	1840	2.8591303069708
20	5537095	1860	2.5699833386331
20	5680148	1880	2.6980145764179
20	5825381	1900	2.4347743694625
20	5974124	1920	2.6022981294478
20	6124792	1940	2.5752307634642
20	6277564	1960	2.493340260158
20	6432957	1980	2.6439761192501
20	6590833	2000	2.5827375645734
21	145313	240	2.6658997544857
21	171095	260	1.9724657931391
21	198332	280	2.6781721908926
21	225448	300	2.8580784373669
21	252740	320	4.5912764244554
21	279988	340	2.0003443293181
21	307078	360	3.8254043694113
21	334514	380	3.3229707002686
21	361870	400	3.2810578371592
21	388901	420	3.1707091635907
21	416154	440	4.8179546127683
21	443957	460	5.948515963053
21	471988	480	10.122382340674
21	500575	500	7.0939301772015
21	529669	520	5.304999634795
21	558968	540	9.738991855472
21	589067	560	11.023562217605
21	619618	580	9.1678234844643
21	651057	600	7.3517569334555
21	683138	620	6.4084941692673
21	716641	640	5.8481943641092
21	749896	660	9.7191160829701
21	784569	680	5.5763659170651
21	820254	700	5.9005593156146
21	856856	720	5.6590556008857
21	894580	740	6.305269063928
21	933589	760	8.0128906510581
21	974112	780	7.4332593179516
21	1015524	800	9.5834689808027
21	1057494	820	8.6816478801763
21	1101797	840	9.9120372256289
21	1146732	860	8.3555717058858
21	1192905	880	8.1936872202506
21	1240251	900	7.0659794718409
21	1288859	920	7.2750466704675
21	1338313	940	7.7161745205151
21	1388836	960	7.2305681009683
21	1440819	980	5.9377853210602
21	1493345	1000	5.713175233832
21	1547512	1020	6.157545937
21	1603782	1040	5.3322929348007
21	1660905	1060	7.0806978599476
21	1718639	1080	6.9074865530801
21	1778561	1100	5.4922074073282
21	1840627	1120	5.3900884462544
21	1904095	1140	6.7773297161541
21	1969800	1160	6.1064681291805
21	2036055	1180	8.472945397304
21	2104152	1200	5.5536501820947
21	2175066	1220	5.2570136962622
21	2246653	1240	6.3638738388824
21	2320518	1260	9.018579703061
21	2396424	1280	11.854466685757
21	2474622	1300	10.024222657273
21	2553807	1320	8.536331235286
21	2635964	1340	9.6761122193824
21	2719982	1360	10.626290620714
21	2805505	1380	12.618747858037
21	2893686	1400	10.538840197877
21	2983722	1420	12.91507718446
21	3075702	1440	11.540899358457
21	3169654	1460	11.811292651636
21	3266184	1480	9.2554794995505
21	3364601	1500	7.916557696373
21	3465742	1520	8.337847641932
21	3569339	1540	9.5604597547255
21	3675376	1560	11.114720110193
21	3783139	1580	9.9633224563713
21	3894373	1600	7.9628970585601
21	4006695	1620	8.3095014653077
21	4121626	1640	7.8920940308972
21	4238645	1660	7.2528596315516
21	4358625	1680	5.0406291447016
21	4480174	1700	5.9320814042408
21	4604615	1720	5.7907509229037
21	4730670	1740	5.4169784226057
21	4858952	1760	7.5420119765716
21	4989713	1780	5.434205595143
21	5122890	1800	6.8222968423624
21	5258655	1820	6.5571780560403
21	5397103	1840	8.1746261122389
21	5537095	1860	6.6048143608517
21	5680148	1880	7.2792826545636
21	5825381	1900	5.9281262301915
21	5974124	1920	6.7719555545275
21	6124792	1940	6.6318134850924
21	6277564	1960	6.2167456529248
21	6432957	1980	6.9906097191646
21	6590833	2000	6.6705333274583
22	145313	240	3274.2851707575
22	171095	260	3541.1772756154
22	198332	280	3603.1512052811
22	225448	300	3608.4098034084
22	252740	320	4054.3922391779
22	279988	340	3598.9854395645
22	307078	360	3921.0289415681
22	334514	380	3909.4117184233
22	361870	400	3949.5465939837
22	388901	420	3723.9118549666
22	416154	440	3777.7459476647
22	443957	460	4010.0406939621
22	471988	480	3931.9247924222
22	500575	500	4014.9399968396
22	529669	520	3938.4326134442
22	558968	540	4090.5134946592
22	589067	560	3980.7442144377
22	619618	580	4101.6338474531
22	651057	600	4362.9140330225
22	683138	620	4459.5453117983
22	716641	640	4222.4407666158
22	749896	660	4274.6501805507
22	784569	680	4542.9950078585
22	820254	700	4422.1639204282
22	856856	720	4727.3332000996
22	894580	740	4679.3945535509
22	933589	760	4505.2083387022
22	974112	780	4725.2962235456
22	1015524	800	4685.5292324327
22	1057494	820	4600.0223014651
22	1101797	840	5017.1336344202
22	1146732	860	5014.7038782045
22	1192905	880	4775.2546018541
22	1240251	900	5060.1364045045
22	1288859	920	5011.2446331151
22	1338313	940	4978.5052142471
22	1388836	960	5104.1224652177
22	1440819	980	5148.8126621544
22	1493345	1000	5424.2026443405
22	1547512	1020	5335.8442075059
22	1603782	1040	5522.5405275344
22	1660905	1060	5208.0554921632
22	1718639	1080	5297.6575468351
22	1778561	1100	5201.6603521448
22	1840627	1120	5523.7214229967
22	1904095	1140	5894.8338637636
22	1969800	1160	5893.4420018277
22	2036055	1180	5444.4922971385
22	2104152	1200	5620.7217579832
22	2175066	1220	5937.2407503375
22	2246653	1240	5711.4023005629
22	2320518	1260	5852.25472725
22	2396424	1280	6036.4530795203
22	2474622	1300	5802.7131215465
22	2553807	1320	6169.4626943396
22	2635964	1340	6030.2374529868
22	2719982	1360	6120.7701260598
22	2805505	1380	6163.7017567521
22	2893686	1400	6165.6786198895
22	2983722	1420	6253.9224634375
22	3075702	1440	6352.1805611421
22	3169654	1460	6574.6395242544
22	3266184	1480	6575.6794243229
22	3364601	1500	6527.5257382691
22	3465742	1520	6615.9025100004
22	3569339	1540	6802.5511635377
22	3675376	1560	6895.6245892831
22	3783139	1580	6928.9301523405
22	3894373	1600	6944.068062565
22	4006695	1620	7170.7347703185
22	4121626	1640	6841.863327057
22	4238645	1660	7115.6042803335
22	4358625	1680	6756.1769320432
22	4480174	1700	7079.3477269165
22	4604615	1720	7155.7491802993
22	4730670	1740	7210.3937750699
22	4858952	1760	7253.9726681483
22	4989713	1780	7061.1592379023
22	5122890	1800	7389.2001926816
22	5258655	1820	7304.4755440167
22	5397103	1840	7437.0196714652
22	5537095	1860	7392.673287697
22	5680148	1880	7296.689603381
22	5825381	1900	7435.7670875203
22	5974124	1920	7333.7526237361
22	6124792	1940	7518.721813086
22	6277564	1960	8019.1442446944
22	6432957	1980	7885.6426116886
22	6590833	2000	7840.2599026543
23	145313	240	44.853221517226
23	171095	260	44.825028805258
23	198332	280	45.039390066014
23	225448	300	45.105122542605
23	252740	320	45.048802657532
23	279988	340	44.987317994557
23	307078	360	45.069298178944
23	334514	380	44.935766878429
23	361870	400	44.88121129527
23	388901	420	44.866407891164
23	416154	440	44.973166043628
23	443957	460	45.05663701081
23	471988	480	45.194537843933
23	500575	500	45.111685357748
23	529669	520	45.269340384416
23	558968	540	45.450149940658
23	589067	560	45.23572970952
23	619618	580	45.573709416145
23	651057	600	45.447021177318
23	683138	620	45.505564406105
23	716641	640	45.402588888341
23	749896	660	45.475001920752
23	784569	680	45.429950078585
23	820254	700	45.589318767301
23	856856	720	45.455126924035
23	894580	740	45.431015083018
23	933589	760	45.507154936386
23	974112	780	45.435540611016
23	1015524	800	45.490575072162
23	1057494	820	45.54477526203
23	1101797	840	45.610305767456
23	1146732	860	45.588217074586
23	1192905	880	45.478615255753
23	1240251	900	45.586814454995
23	1288859	920	45.556769391955
23	1338313	940	45.674359763735
23	1388836	960	45.572522010872
23	1440819	980	45.564713824375
23	1493345	1000	45.581534826391
23	1547512	1020	45.605506047059
23	1603782	1040	45.640830806069
23	1660905	1060	45.684697299677
23	1718639	1080	45.669461610647
23	1778561	1100	45.628599580217
23	1840627	1120	45.6505902727
23	1904095	1140	45.696386540803
23	1969800	1160	45.685596913393
23	2036055	1180	45.752036110408
23	2104152	1200	45.696924861652
23	2175066	1220	45.671082694904
23	2246653	1240	45.691218404503
23	2320518	1260	45.72074005664
23	2396424	1280	45.730705147881
23	2474622	1300	45.690654500366
23	2553807	1320	45.699723661775
23	2635964	1340	45.683617068082
23	2719982	1360	45.677389000446
23	2805505	1380	45.657050050015
23	2893686	1400	45.671693480663
23	2983722	1420	45.649069076186
23	3075702	1440	45.699140727641
23	3169654	1460	45.657218918434
23	3266184	1480	45.664440446687
23	3364601	1500	45.647033134749
23	3465742	1520	45.626913862072
23	3569339	1540	45.654705795555
23	3675376	1560	45.666388008498
23	3783139	1580	45.585066791714
23	3894373	1600	45.684658306349
23	4006695	1620	45.67346987464
23	4121626	1640	45.61242218038
23	4238645	1660	45.612847950856
23	4358625	1680	45.649844135427
23	4480174	1700	45.673211141397
23	4604615	1720	45.578020256683
23	4730670	1740	45.635403639683
23	4858952	1760	45.622469610995
23	4989713	1780	45.555866050983
23	5122890	1800	45.612346868405
23	5258655	1820	45.652972150104
23	5397103	1840	45.625887555001
23	5537095	1860	45.633785726525
23	5680148	1880	45.604310021131
23	5825381	1900	45.618202990922
23	5974124	1920	45.551258532522
23	6124792	1940	45.5680109884
23	6277564	1960	45.563319572127
23	6432957	1980	45.581749200512
23	6590833	2000	45.582906410781
24	145313	240	0.53947642978208
24	171095	260	0.44440012942066
24	198332	280	0.75229750419813
24	225448	300	0.90983132116542
24	252740	320	0.91855991779892
24	279988	340	0.67866184264873
24	307078	360	0.80955866985266
24	334514	380	0.62102443696235
24	361870	400	0.50724714691764
24	388901	420	0.53099246379494
24	416154	440	0.76762313781723
24	443957	460	0.94239043278218
24	471988	480	1.2496959130316
24	500575	500	1.0850980712479
24	529669	520	1.2564819872617
24	558968	540	1.5230042094725
24	589067	560	1.2400601446358
24	619618	580	1.6323945332348
24	651057	600	1.4281804460723
24	683138	620	1.4956300972513
24	716641	640	1.2624577035134
24	749896	660	1.273402608044
24	784569	680	1.3060481643717
24	820254	700	1.3679335284401
24	856856	720	1.2144720492664
24	894580	740	1.2187110455326
24	933589	760	1.2166912593032
24	974112	780	1.1668696218785
24	1015524	800	1.199811205729
24	1057494	820	1.1852202936407
24	1101797	840	1.2466230090653
24	1146732	860	1.2501672784114
24	1192905	880	1.1705527033813
24	1240251	900	1.1772772566125
24	1288859	920	1.166257626234
24	1338313	940	1.2046785470785
24	1388836	960	1.1986161058321
24	1440819	980	1.1475281227121
24	1493345	1000	1.0991420060499
24	1547512	1020	1.1856288063437
24	1603782	1040	1.2020610907005
24	1660905	1060	1.1829860518625
24	1718639	1080	1.1804540007845
24	1778561	1100	1.1261856065496
24	1840627	1120	1.1619915749098
24	1904095	1140	1.1325328637714
24	1969800	1160	1.1130898231849
24	2036055	1180	1.1892930198187
24	2104152	1200	1.0618978655868
24	2175066	1220	1.1358050635898
24	2246653	1240	1.1282852015294
24	2320518	1260	1.0986039330105
24	2396424	1280	1.1487025353586
24	2474622	1300	0.99948819939762
24	2553807	1320	1.0488761343218
24	2635964	1340	1.0480979114765
24	2719982	1360	1.0367560236001
24	2805505	1380	1.0221277404658
24	2893686	1400	1.0254051217612
24	2983722	1420	1.0145163113691
24	3075702	1440	1.0716020793138
24	3169654	1460	0.95690258705873
24	3266184	1480	0.97097964388927
24	3364601	1500	0.98580322034974
24	3465742	1520	0.89837600534782
24	3569339	1540	0.97657516769595
24	3675376	1560	0.93312382029912
24	3783139	1580	0.84936646619258
24	3894373	1600	0.98726703620981
24	4006695	1620	0.93603270478413
24	4121626	1640	0.92147212804868
24	4238645	1660	0.88644410925745
24	4358625	1680	0.92172817098457
24	4480174	1700	0.94922099152383
24	4604615	1720	0.90398444478902
24	4730670	1740	0.89592569249061
24	4858952	1760	0.90898445014267
24	4989713	1780	0.8423548591833
24	5122890	1800	0.92429882257078
24	5258655	1820	0.90248505858695
24	5397103	1840	0.87282982918468
24	5537095	1860	0.87984114889023
24	5680148	1880	0.83208704850042
24	5825381	1900	0.88131665707522
24	5974124	1920	0.79682696308302
24	6124792	1940	0.84137775526402
24	6277564	1960	0.81607320741627
24	6432957	1980	0.81622421297857
24	6590833	2000	0.84128163697172
25	145313	240	0.29103481829042
25	171095	260	0.1974914750291
25	198332	280	0.56595153482273
25	225448	300	0.82779303297362
25	252740	320	0.84375232258675
25	279988	340	0.46058189666737
25	307078	360	0.65538523993361
25	334514	380	0.38567135130441
25	361870	400	0.25729966805609
25	388901	420	0.28195299660702
25	416154	440	0.58924528171237
25	443957	460	0.88809972779938
25	471988	480	1.561739875048
25	500575	500	1.177437824226
25	529669	520	1.578746984313
25	558968	540	2.3195418220709
25	589067	560	1.5377491623143
25	619618	580	2.6647119121349
25	651057	600	2.0396993865434
25	683138	620	2.2369093878039
25	716641	640	1.5937994531603
25	749896	660	1.6215542021734
25	784569	680	1.7057618076588
25	820254	700	1.8712421382305
25	856856	720	1.4749423584493
25	894580	740	1.4852566125031
25	933589	760	1.4803376204648
25	974112	780	1.3615847144628
25	1015524	800	1.4395469293929
25	1057494	820	1.4047471444577
25	1101797	840	1.5540689267311
25	1146732	860	1.5629182240106
25	1192905	880	1.3701936313933
25	1240251	900	1.385981738937
25	1288859	920	1.3601568507491
25	1338313	940	1.4512504017911
25	1388836	960	1.4366805691602
25	1440819	980	1.3168207924152
25	1493345	1000	1.2081131494635
25	1547512	1020	1.405715666432
25	1603782	1040	1.4449508657761
25	1660905	1060	1.3994559989012
25	1718639	1080	1.3934716479681
25	1778561	1100	1.2682940203995
25	1840627	1120	1.3502244201613
25	1904095	1140	1.2826306875222
25	1969800	1160	1.2389689544778
25	2036055	1180	1.4144178869894
25	2104152	1200	1.1276270769379
25	2175066	1220	1.2900531424763
25	2246653	1240	1.2730274959903
25	2320518	1260	1.2069306016261
25	2396424	1280	1.3195175147394
25	2474622	1300	0.99897666073509
25	2553807	1320	1.1001411451499
25	2635964	1340	1.0985092320415
25	2719982	1360	1.0748630524711
25	2805505	1380	1.0447451178296
25	2893686	1400	1.0514556637342
25	2983722	1420	1.0292433460339
25	3075702	1440	1.1483310163896
25	3169654	1460	0.91566256111968
25	3266184	1480	0.94280146884734
25	3364601	1500	0.97180798925191
25	3465742	1520	0.80707944698471
25	3569339	1540	0.95369905816037
25	3675376	1560	0.87072006400962
25	3783139	1580	0.72142339389248
25	3894373	1600	0.97469620078651
25	4006695	1620	0.87615722442549
25	4121626	1640	0.84911088277056
25	4238645	1660	0.78578315883724
25	4358625	1680	0.84958282118655
25	4480174	1700	0.90102049074949
25	4604615	1720	0.81718787642051
25	4730670	1740	0.80268284646477
25	4858952	1760	0.82625273060118
25	4989713	1780	0.70956170878972
25	5122890	1800	0.85432831340573
25	5258655	1820	0.8144792809727
25	5397103	1840	0.76183191071456
25	5537095	1860	0.77412044728049
25	5680148	1880	0.69236885628214
25	5825381	1900	0.77671905003825
25	5974124	1920	0.63493320909611
25	6124792	1940	0.70791652705312
25	6277564	1960	0.66597547986269
25	6432957	1980	0.66622196585249
25	6590833	2000	0.70775479270581
