version 2
run statisticRVV-76-20150325-03:15:03-7920
attr c 8
attr configname statisticRVV
attr datetime 20150325-03:15:03
attr experiment statisticRVV
attr inifile omnetpp.ini
attr iterationvars "$sc=\"erlangen-low.launchd.xml\", $p=1/8, $c=8"
attr iterationvars2 "$sc=\"erlangen-low.launchd.xml\", $p=1/8, $c=8, $repetition=6"
attr measurement "$sc=\"erlangen-low.launchd.xml\", $p=1/8, $c=8"
attr network RSUExampleScenario
attr p 1/8
attr processid 7920
attr repetition 6
attr replication #6
attr resultdir results
attr runnumber 76
attr sc "\"erlangen-low.launchd.xml\""
attr seedset 76

vector 0  RSUExampleScenario.rsu[0].appl  Number_CH  ETV
vector 1  RSUExampleScenario.rsu[0].appl  Number_ON  ETV
vector 2  RSUExampleScenario.rsu[0].appl  Number_FN  ETV
vector 3  RSUExampleScenario.rsu[0].appl  Number_CH_Losts  ETV
vector 4  RSUExampleScenario.rsu[0].appl  Mean_Cluster_Size  ETV
vector 5  RSUExampleScenario.rsu[0].appl  StdDev_Cluster_Size  ETV
vector 6  RSUExampleScenario.rsu[0].appl  Variance_Cluster_Size  ETV
vector 7  RSUExampleScenario.rsu[0].appl  Mean_Neighbors  ETV
vector 8  RSUExampleScenario.rsu[0].appl  StdDev_Neighbors  ETV
vector 9  RSUExampleScenario.rsu[0].appl  Variance_Neighbors  ETV
vector 10  RSUExampleScenario.rsu[0].appl  Total_CH_Utility  ETV
vector 11  RSUExampleScenario.rsu[0].appl  Mean_CH_Utility  ETV
vector 12  RSUExampleScenario.rsu[0].appl  StdDev_CH_Utility  ETV
vector 13  RSUExampleScenario.rsu[0].appl  Variance_CH_Utility  ETV
vector 14  RSUExampleScenario.rsu[0].appl  Total_exp_CH_Utility  ETV
vector 15  RSUExampleScenario.rsu[0].appl  Mean_exp_CH_Utility  ETV
vector 16  RSUExampleScenario.rsu[0].appl  StdDev_exp_CH_Utility  ETV
vector 17  RSUExampleScenario.rsu[0].appl  Variance_exp_CH_Utility  ETV
vector 18  RSUExampleScenario.rsu[0].appl  Total_ON_Utility  ETV
vector 19  RSUExampleScenario.rsu[0].appl  Mean_ON_Utility  ETV
vector 20  RSUExampleScenario.rsu[0].appl  StdDev_ON_Utility  ETV
vector 21  RSUExampleScenario.rsu[0].appl  Variance_ON_Utility  ETV
vector 22  RSUExampleScenario.rsu[0].appl  Total_exp_ON_Utility  ETV
vector 23  RSUExampleScenario.rsu[0].appl  Mean_exp_ON_Utility  ETV
vector 24  RSUExampleScenario.rsu[0].appl  StdDev_exp_ON_Utility  ETV
vector 25  RSUExampleScenario.rsu[0].appl  Variance_exp_ON_Utility  ETV
0	34591	240	7
0	39843	260	4
0	45196	280	6
0	50357	300	4
0	55566	320	3
0	61025	340	4
0	66427	360	2
0	71768	380	6
0	77044	400	7
0	82264	420	3
0	87544	440	4
0	92911	460	7
0	98178	480	4
0	103501	500	2
0	108859	520	2
0	114125	540	4
0	119288	560	5
0	124568	580	6
0	129968	600	1
0	135217	620	5
0	140425	640	3
0	145654	660	2
0	151044	680	3
0	156360	700	6
0	161703	720	4
0	167050	740	2
0	172276	760	4
0	177589	780	4
0	183015	800	4
0	188364	820	5
0	193649	840	3
0	198891	860	3
0	204101	880	3
0	209349	900	1
0	214698	920	3
0	220057	940	1
0	225382	960	2
0	230518	980	5
0	235893	1000	5
0	241222	1020	4
0	246545	1040	6
0	251906	1060	4
0	257277	1080	3
0	262665	1100	5
0	268030	1120	3
0	273346	1140	3
0	278573	1160	4
0	283859	1180	3
0	289168	1200	2
0	294352	1220	4
0	299598	1240	2
0	305028	1260	4
0	310431	1280	3
0	315721	1300	5
0	321046	1320	7
0	326343	1340	2
0	331719	1360	1
0	337003	1380	1
0	342359	1400	3
0	347655	1420	4
0	352974	1440	3
0	358311	1460	5
0	363729	1480	2
0	369019	1500	1
0	374233	1520	3
0	379567	1540	4
0	384893	1560	4
0	390271	1580	2
0	395583	1600	4
0	400967	1620	4
0	406319	1640	4
0	411680	1660	3
0	416997	1680	2
0	422247	1700	5
0	427512	1720	4
0	432892	1740	4
0	438168	1760	2
0	443555	1780	2
0	448921	1800	5
0	453826	1820	4
0	458051	1840	3
0	461850	1860	5
0	465178	1880	1
0	468055	1900	4
0	470600	1920	1
0	472634	1940	1
0	474232	1960	3
0	475244	1980	0
0	475830	2000	0
1	34591	240	10
1	39843	260	7
1	45196	280	8
1	50357	300	5
1	55566	320	5
1	61025	340	6
1	66427	360	3
1	71768	380	9
1	77044	400	9
1	82264	420	5
1	87544	440	5
1	92911	460	12
1	98178	480	4
1	103501	500	3
1	108859	520	2
1	114125	540	5
1	119288	560	6
1	124568	580	8
1	129968	600	2
1	135217	620	7
1	140425	640	4
1	145654	660	2
1	151044	680	6
1	156360	700	8
1	161703	720	6
1	167050	740	3
1	172276	760	6
1	177589	780	4
1	183015	800	7
1	188364	820	6
1	193649	840	5
1	198891	860	4
1	204101	880	3
1	209349	900	1
1	214698	920	4
1	220057	940	1
1	225382	960	4
1	230518	980	7
1	235893	1000	7
1	241222	1020	6
1	246545	1040	9
1	251906	1060	5
1	257277	1080	4
1	262665	1100	7
1	268030	1120	5
1	273346	1140	3
1	278573	1160	5
1	283859	1180	3
1	289168	1200	3
1	294352	1220	5
1	299598	1240	4
1	305028	1260	4
1	310431	1280	5
1	315721	1300	8
1	321046	1320	9
1	326343	1340	4
1	331719	1360	2
1	337003	1380	2
1	342359	1400	6
1	347655	1420	4
1	352974	1440	3
1	358311	1460	6
1	363729	1480	3
1	369019	1500	1
1	374233	1520	3
1	379567	1540	5
1	384893	1560	4
1	390271	1580	3
1	395583	1600	6
1	400967	1620	4
1	406319	1640	6
1	411680	1660	3
1	416997	1680	3
1	422247	1700	8
1	427512	1720	7
1	432892	1740	4
1	438168	1760	3
1	443555	1780	4
1	448921	1800	7
1	453826	1820	5
1	458051	1840	5
1	461850	1860	8
1	465178	1880	1
1	468055	1900	5
1	470600	1920	2
1	472634	1940	1
1	474232	1960	5
1	475244	1980	0
1	475830	2000	0
2	34591	240	22
2	39843	260	28
2	45196	280	26
2	50357	300	30
2	55566	320	33
2	61025	340	31
2	66427	360	35
2	71768	380	25
2	77044	400	23
2	82264	420	32
2	87544	440	32
2	92911	460	22
2	98178	480	31
2	103501	500	35
2	108859	520	36
2	114125	540	31
2	119288	560	28
2	124568	580	26
2	129968	600	36
2	135217	620	28
2	140425	640	32
2	145654	660	35
2	151044	680	32
2	156360	700	27
2	161703	720	30
2	167050	740	36
2	172276	760	31
2	177589	780	33
2	183015	800	30
2	188364	820	30
2	193649	840	31
2	198891	860	32
2	204101	880	34
2	209349	900	38
2	214698	920	33
2	220057	940	38
2	225382	960	34
2	230518	980	27
2	235893	1000	29
2	241222	1020	31
2	246545	1040	26
2	251906	1060	32
2	257277	1080	32
2	262665	1100	28
2	268030	1120	31
2	273346	1140	35
2	278573	1160	31
2	283859	1180	33
2	289168	1200	35
2	294352	1220	30
2	299598	1240	34
2	305028	1260	33
2	310431	1280	33
2	315721	1300	27
2	321046	1320	24
2	326343	1340	34
2	331719	1360	39
2	337003	1380	36
2	342359	1400	32
2	347655	1420	33
2	352974	1440	35
2	358311	1460	29
2	363729	1480	35
2	369019	1500	38
2	374233	1520	33
2	379567	1540	31
2	384893	1560	31
2	390271	1580	35
2	395583	1600	31
2	400967	1620	31
2	406319	1640	30
2	411680	1660	34
2	416997	1680	36
2	422247	1700	28
2	427512	1720	29
2	432892	1740	32
2	438168	1760	35
2	443555	1780	34
2	448921	1800	29
2	453826	1820	28
2	458051	1840	26
2	461850	1860	18
2	465178	1880	25
2	468055	1900	15
2	470600	1920	18
2	472634	1940	15
2	474232	1960	5
2	475244	1980	10
2	475830	2000	7
3	34591	240	4
3	39843	260	2
3	45196	280	1
3	50357	300	2
3	55566	320	1
3	61025	340	1
3	66427	360	2
3	71768	380	2
3	77044	400	0
3	82264	420	1
3	87544	440	2
3	92911	460	0
3	98178	480	2
3	103501	500	2
3	108859	520	1
3	114125	540	2
3	119288	560	1
3	124568	580	2
3	129968	600	2
3	135217	620	2
3	140425	640	3
3	145654	660	1
3	151044	680	3
3	156360	700	2
3	161703	720	1
3	167050	740	2
3	172276	760	0
3	177589	780	2
3	183015	800	1
3	188364	820	0
3	193649	840	1
3	198891	860	1
3	204101	880	1
3	209349	900	1
3	214698	920	2
3	220057	940	0
3	225382	960	3
3	230518	980	2
3	235893	1000	2
3	241222	1020	1
3	246545	1040	1
3	251906	1060	0
3	257277	1080	2
3	262665	1100	0
3	268030	1120	1
3	273346	1140	3
3	278573	1160	0
3	283859	1180	2
3	289168	1200	3
3	294352	1220	0
3	299598	1240	2
3	305028	1260	1
3	310431	1280	3
3	315721	1300	5
3	321046	1320	1
3	326343	1340	0
3	331719	1360	0
3	337003	1380	2
3	342359	1400	1
3	347655	1420	2
3	352974	1440	0
3	358311	1460	2
3	363729	1480	0
3	369019	1500	2
3	374233	1520	1
3	379567	1540	1
3	384893	1560	0
3	390271	1580	0
3	395583	1600	0
3	400967	1620	1
3	406319	1640	1
3	411680	1660	2
3	416997	1680	0
3	422247	1700	1
3	427512	1720	2
3	432892	1740	0
3	438168	1760	1
3	443555	1780	1
3	448921	1800	2
3	453826	1820	1
3	458051	1840	2
3	461850	1860	0
3	465178	1880	0
3	468055	1900	1
3	470600	1920	0
3	472634	1940	0
3	474232	1960	0
3	475244	1980	0
3	475830	2000	0
4	34591	240	1.4285714285714
4	39843	260	1.75
4	45196	280	1.3333333333333
4	50357	300	1.25
4	55566	320	1.6666666666667
4	61025	340	1.5
4	66427	360	1.5
4	71768	380	1.5
4	77044	400	1.2857142857143
4	82264	420	1.6666666666667
4	87544	440	1.25
4	92911	460	1.7142857142857
4	98178	480	1
4	103501	500	1.5
4	108859	520	1
4	114125	540	1.25
4	119288	560	1.2
4	124568	580	1.3333333333333
4	129968	600	2
4	135217	620	1.4
4	140425	640	1.3333333333333
4	145654	660	1
4	151044	680	2
4	156360	700	1.3333333333333
4	161703	720	1.5
4	167050	740	1.5
4	172276	760	1.5
4	177589	780	1
4	183015	800	1.75
4	188364	820	1.2
4	193649	840	1.6666666666667
4	198891	860	1.3333333333333
4	204101	880	1
4	209349	900	1
4	214698	920	1.3333333333333
4	220057	940	1
4	225382	960	2
4	230518	980	1.4
4	235893	1000	1.4
4	241222	1020	1.5
4	246545	1040	1.5
4	251906	1060	1.25
4	257277	1080	1.3333333333333
4	262665	1100	1.4
4	268030	1120	1.6666666666667
4	273346	1140	1
4	278573	1160	1.25
4	283859	1180	1
4	289168	1200	1.5
4	294352	1220	1.25
4	299598	1240	2
4	305028	1260	1
4	310431	1280	1.6666666666667
4	315721	1300	1.6
4	321046	1320	1.2857142857143
4	326343	1340	2
4	331719	1360	2
4	337003	1380	2
4	342359	1400	2
4	347655	1420	1
4	352974	1440	1
4	358311	1460	1.2
4	363729	1480	1.5
4	369019	1500	1
4	374233	1520	1
4	379567	1540	1.25
4	384893	1560	1
4	390271	1580	1.5
4	395583	1600	1.5
4	400967	1620	1
4	406319	1640	1.5
4	411680	1660	1
4	416997	1680	1.5
4	422247	1700	1.6
4	427512	1720	1.75
4	432892	1740	1
4	438168	1760	1.5
4	443555	1780	2
4	448921	1800	1.4
4	453826	1820	1.25
4	458051	1840	1.6666666666667
4	461850	1860	1.6
4	465178	1880	1
4	468055	1900	1.25
4	470600	1920	2
4	472634	1940	1
4	474232	1960	1.6666666666667
4	475244	1980	nan
4	475830	2000	nan
5	34591	240	0.53452248382485
5	39843	260	0.5
5	45196	280	0.51639777949432
5	50357	300	0.5
5	55566	320	0.57735026918963
5	61025	340	0.57735026918963
5	66427	360	0.70710678118655
5	71768	380	0.54772255750517
5	77044	400	0.48795003647427
5	82264	420	0.57735026918963
5	87544	440	0.5
5	92911	460	0.48795003647427
5	98178	480	0
5	103501	500	0.70710678118655
5	108859	520	0
5	114125	540	0.5
5	119288	560	0.44721359549996
5	124568	580	0.51639777949432
5	129968	600	nan
5	135217	620	0.54772255750517
5	140425	640	0.57735026918963
5	145654	660	0
5	151044	680	0
5	156360	700	0.51639777949432
5	161703	720	0.57735026918963
5	167050	740	0.70710678118655
5	172276	760	0.57735026918963
5	177589	780	0
5	183015	800	0.5
5	188364	820	0.44721359549996
5	193649	840	0.57735026918963
5	198891	860	0.57735026918963
5	204101	880	0
5	209349	900	nan
5	214698	920	0.57735026918963
5	220057	940	nan
5	225382	960	0
5	230518	980	0.54772255750517
5	235893	1000	0.54772255750517
5	241222	1020	0.57735026918963
5	246545	1040	0.54772255750517
5	251906	1060	0.5
5	257277	1080	0.57735026918963
5	262665	1100	0.54772255750517
5	268030	1120	0.57735026918963
5	273346	1140	0
5	278573	1160	0.5
5	283859	1180	0
5	289168	1200	0.70710678118655
5	294352	1220	0.5
5	299598	1240	0
5	305028	1260	0
5	310431	1280	0.57735026918963
5	315721	1300	0.54772255750517
5	321046	1320	0.48795003647427
5	326343	1340	0
5	331719	1360	nan
5	337003	1380	nan
5	342359	1400	0
5	347655	1420	0
5	352974	1440	0
5	358311	1460	0.44721359549996
5	363729	1480	0.70710678118655
5	369019	1500	nan
5	374233	1520	0
5	379567	1540	0.5
5	384893	1560	0
5	390271	1580	0.70710678118655
5	395583	1600	0.57735026918963
5	400967	1620	0
5	406319	1640	0.57735026918963
5	411680	1660	0
5	416997	1680	0.70710678118655
5	422247	1700	0.54772255750517
5	427512	1720	0.5
5	432892	1740	0
5	438168	1760	0.70710678118655
5	443555	1780	0
5	448921	1800	0.54772255750517
5	453826	1820	0.5
5	458051	1840	0.57735026918963
5	461850	1860	0.54772255750517
5	465178	1880	nan
5	468055	1900	0.5
5	470600	1920	nan
5	472634	1940	nan
5	474232	1960	0.57735026918963
5	475244	1980	nan
5	475830	2000	nan
6	34591	240	0.28571428571429
6	39843	260	0.25
6	45196	280	0.26666666666667
6	50357	300	0.25
6	55566	320	0.33333333333333
6	61025	340	0.33333333333333
6	66427	360	0.5
6	71768	380	0.3
6	77044	400	0.23809523809524
6	82264	420	0.33333333333333
6	87544	440	0.25
6	92911	460	0.23809523809524
6	98178	480	0
6	103501	500	0.5
6	108859	520	0
6	114125	540	0.25
6	119288	560	0.2
6	124568	580	0.26666666666667
6	129968	600	nan
6	135217	620	0.3
6	140425	640	0.33333333333333
6	145654	660	0
6	151044	680	0
6	156360	700	0.26666666666667
6	161703	720	0.33333333333333
6	167050	740	0.5
6	172276	760	0.33333333333333
6	177589	780	0
6	183015	800	0.25
6	188364	820	0.2
6	193649	840	0.33333333333333
6	198891	860	0.33333333333333
6	204101	880	0
6	209349	900	nan
6	214698	920	0.33333333333333
6	220057	940	nan
6	225382	960	0
6	230518	980	0.3
6	235893	1000	0.3
6	241222	1020	0.33333333333333
6	246545	1040	0.3
6	251906	1060	0.25
6	257277	1080	0.33333333333333
6	262665	1100	0.3
6	268030	1120	0.33333333333333
6	273346	1140	0
6	278573	1160	0.25
6	283859	1180	0
6	289168	1200	0.5
6	294352	1220	0.25
6	299598	1240	0
6	305028	1260	0
6	310431	1280	0.33333333333333
6	315721	1300	0.3
6	321046	1320	0.23809523809524
6	326343	1340	0
6	331719	1360	nan
6	337003	1380	nan
6	342359	1400	0
6	347655	1420	0
6	352974	1440	0
6	358311	1460	0.2
6	363729	1480	0.5
6	369019	1500	nan
6	374233	1520	0
6	379567	1540	0.25
6	384893	1560	0
6	390271	1580	0.5
6	395583	1600	0.33333333333333
6	400967	1620	0
6	406319	1640	0.33333333333333
6	411680	1660	0
6	416997	1680	0.5
6	422247	1700	0.3
6	427512	1720	0.25
6	432892	1740	0
6	438168	1760	0.5
6	443555	1780	0
6	448921	1800	0.3
6	453826	1820	0.25
6	458051	1840	0.33333333333333
6	461850	1860	0.3
6	465178	1880	nan
6	468055	1900	0.25
6	470600	1920	nan
6	472634	1940	nan
6	474232	1960	0.33333333333333
6	475244	1980	nan
6	475830	2000	nan
7	34591	240	9.025641025641
7	39843	260	9.1538461538462
7	45196	280	8.975
7	50357	300	9.025641025641
7	55566	320	9
7	61025	340	8.8780487804878
7	66427	360	9
7	71768	380	9.2564102564103
7	77044	400	8.9487179487179
7	82264	420	8.875
7	87544	440	8.8292682926829
7	92911	460	9
7	98178	480	9.025641025641
7	103501	500	8.95
7	108859	520	8.925
7	114125	540	8.75
7	119288	560	9
7	124568	580	8.775
7	129968	600	9.2307692307692
7	135217	620	8.825
7	140425	640	8.6923076923077
7	145654	660	9
7	151044	680	8.7317073170732
7	156360	700	8.9024390243902
7	161703	720	8.975
7	167050	740	9.0487804878049
7	172276	760	8.6829268292683
7	177589	780	8.8292682926829
7	183015	800	8.8780487804878
7	188364	820	9.225
7	193649	840	9
7	198891	860	8.9230769230769
7	204101	880	8.725
7	209349	900	9.1538461538462
7	214698	920	9.2
7	220057	940	8.925
7	225382	960	8.95
7	230518	980	8.8461538461538
7	235893	1000	8.6829268292683
7	241222	1020	8.8292682926829
7	246545	1040	8.6341463414634
7	251906	1060	8.95
7	257277	1080	9.0512820512821
7	262665	1100	9.225
7	268030	1120	9.1538461538462
7	273346	1140	9.225
7	278573	1160	8.8
7	283859	1180	8.8461538461538
7	289168	1200	8.775
7	294352	1220	8.8717948717949
7	299598	1240	9
7	305028	1260	8.9024390243902
7	310431	1280	9.2682926829268
7	315721	1300	8.875
7	321046	1320	9.225
7	326343	1340	8.75
7	331719	1360	8.8292682926829
7	337003	1380	9.1025641025641
7	342359	1400	8.75
7	347655	1420	8.8780487804878
7	352974	1440	8.8536585365854
7	358311	1460	8.975
7	363729	1480	8.925
7	369019	1500	9.05
7	374233	1520	9.1025641025641
7	379567	1540	9.1
7	384893	1560	9.3589743589744
7	390271	1580	9
7	395583	1600	8.7560975609756
7	400967	1620	9.1538461538462
7	406319	1640	9.075
7	411680	1660	8.825
7	416997	1680	8.780487804878
7	422247	1700	8.7560975609756
7	427512	1720	8.975
7	432892	1740	8.95
7	438168	1760	9.05
7	443555	1780	9.075
7	448921	1800	8.9512195121951
7	453826	1820	8.7837837837838
7	458051	1840	8.1764705882353
7	461850	1860	8.3225806451613
7	465178	1880	8.2592592592593
7	468055	1900	8.2083333333333
7	470600	1920	8.1904761904762
7	472634	1940	8.3529411764706
7	474232	1960	7.6153846153846
7	475244	1980	6.4
7	475830	2000	5
8	34591	240	1.8846635814157
8	39843	260	1.5310550462527
8	45196	280	2.0316407415102
8	50357	300	1.5974845273475
8	55566	320	1.2194996872404
8	61025	340	1.989913590476
8	66427	360	2.3858557568109
8	71768	380	1.2078242447508
8	77044	400	1.6535244328199
8	82264	420	1.6974717247749
8	87544	440	1.6416826585
8	92911	460	1.5525000516124
8	98178	480	1.7089113106731
8	103501	500	1.4491376746189
8	108859	520	1.8589699381026
8	114125	540	1.877669040497
8	119288	560	1.5727950313141
8	124568	580	1.5930538323674
8	129968	600	1.3270770901643
8	135217	620	1.6623662467885
8	140425	640	1.7940522516865
8	145654	660	1.468977445995
8	151044	680	2.2251335942354
8	156360	700	1.7720733343852
8	161703	720	1.8325756009871
8	167050	740	1.9993901509235
8	172276	760	1.6192440271658
8	177589	780	1.7592958680164
8	183015	800	2.2044854496143
8	188364	820	1.4230249470758
8	193649	840	1.3572417850766
8	198891	860	1.5110925880688
8	204101	880	1.6792473894194
8	209349	900	1.5310550462527
8	214698	920	1.6976605320415
8	220057	940	1.6700606468337
8	225382	960	1.5182648665922
8	230518	980	1.5310550462527
8	235893	1000	2.1844796221325
8	241222	1020	1.8289674549372
8	246545	1040	2.1535563326853
8	251906	1060	1.9074751737471
8	257277	1080	1.6375321282299
8	262665	1100	1.7169964831289
8	268030	1120	1.6147097105649
8	273346	1140	1.7901081474277
8	278573	1160	1.6824889987067
8	283859	1180	1.4785921742704
8	289168	1200	1.5440124218977
8	294352	1220	1.7041665223101
8	299598	1240	1.8810798862519
8	305028	1260	2.0224351417138
8	310431	1280	2.1450453403588
8	315721	1300	1.4176090379986
8	321046	1320	1.5768761719103
8	326343	1340	1.4632243987255
8	331719	1360	1.9222699995629
8	337003	1380	1.5182204228509
8	342359	1400	2.0847431127489
8	347655	1420	1.5523389119522
8	352974	1440	2.0440275879958
8	358311	1460	1.8185299783208
8	363729	1480	1.9267017120404
8	369019	1500	1.1972189997379
8	374233	1520	1.3725671643977
8	379567	1540	1.1723305738396
8	384893	1560	1.6138737230843
8	390271	1580	1.8536173919926
8	395583	1600	2.2223915924616
8	400967	1620	1.5983290870297
8	406319	1640	1.7004901254246
8	411680	1660	1.9596899283776
8	416997	1680	1.6509420813879
8	422247	1700	1.9720609499313
8	427512	1720	1.5930538323674
8	432892	1740	1.9208705291465
8	438168	1760	1.5182648665922
8	443555	1780	1.6233472857822
8	448921	1800	1.7457264893476
8	453826	1820	1.3567758992703
8	458051	1840	1.6782131232318
8	461850	1860	1.423308277083
8	465178	1880	1.6546575893192
8	468055	1900	2.0211741457718
8	470600	1920	1.806074406525
8	472634	1940	1.6934128435864
8	474232	1960	1.6602440351979
8	475244	1980	1.0749676997731
8	475830	2000	1
9	34591	240	3.5519568151147
9	39843	260	2.3441295546559
9	45196	280	4.1275641025641
9	50357	300	2.5519568151147
9	55566	320	1.4871794871795
9	61025	340	3.959756097561
9	66427	360	5.6923076923077
9	71768	380	1.4588394062078
9	77044	400	2.7341430499325
9	82264	420	2.8814102564103
9	87544	440	2.6951219512195
9	92911	460	2.4102564102564
9	98178	480	2.9203778677463
9	103501	500	2.1
9	108859	520	3.4557692307692
9	114125	540	3.525641025641
9	119288	560	2.4736842105263
9	124568	580	2.5378205128205
9	129968	600	1.7611336032389
9	135217	620	2.7634615384615
9	140425	640	3.2186234817814
9	145654	660	2.1578947368421
9	151044	680	4.9512195121951
9	156360	700	3.140243902439
9	161703	720	3.3583333333333
9	167050	740	3.9975609756098
9	172276	760	2.6219512195122
9	177589	780	3.0951219512195
9	183015	800	4.859756097561
9	188364	820	2.025
9	193649	840	1.8421052631579
9	198891	860	2.2834008097166
9	204101	880	2.8198717948718
9	209349	900	2.3441295546559
9	214698	920	2.8820512820513
9	220057	940	2.7891025641026
9	225382	960	2.3051282051282
9	230518	980	2.3441295546559
9	235893	1000	4.7719512195122
9	241222	1020	3.3451219512195
9	246545	1040	4.6378048780488
9	251906	1060	3.6384615384615
9	257277	1080	2.6815114709852
9	262665	1100	2.9480769230769
9	268030	1120	2.6072874493927
9	273346	1140	3.2044871794872
9	278573	1160	2.8307692307692
9	283859	1180	2.1862348178138
9	289168	1200	2.3839743589744
9	294352	1220	2.9041835357625
9	299598	1240	3.5384615384615
9	305028	1260	4.090243902439
9	310431	1280	4.6012195121951
9	315721	1300	2.0096153846154
9	321046	1320	2.4865384615385
9	326343	1340	2.1410256410256
9	331719	1360	3.6951219512195
9	337003	1380	2.3049932523617
9	342359	1400	4.3461538461538
9	347655	1420	2.409756097561
9	352974	1440	4.1780487804878
9	358311	1460	3.3070512820513
9	363729	1480	3.7121794871795
9	369019	1500	1.4333333333333
9	374233	1520	1.8839406207827
9	379567	1540	1.374358974359
9	384893	1560	2.6045883940621
9	390271	1580	3.4358974358974
9	395583	1600	4.9390243902439
9	400967	1620	2.5546558704453
9	406319	1640	2.8916666666667
9	411680	1660	3.8403846153846
9	416997	1680	2.7256097560976
9	422247	1700	3.8890243902439
9	427512	1720	2.5378205128205
9	432892	1740	3.6897435897436
9	438168	1760	2.3051282051282
9	443555	1780	2.6352564102564
9	448921	1800	3.0475609756098
9	453826	1820	1.8408408408408
9	458051	1840	2.8163992869875
9	461850	1860	2.0258064516129
9	465178	1880	2.7378917378917
9	468055	1900	4.0851449275362
9	470600	1920	3.2619047619048
9	472634	1940	2.8676470588235
9	474232	1960	2.7564102564103
9	475244	1980	1.1555555555556
9	475830	2000	1
10	34591	240	325.52059371243
10	39843	260	185.38724855636
10	45196	280	283.82180890736
10	50357	300	196.55093920648
10	55566	320	136.62992282392
10	61025	340	185.24989174642
10	66427	360	97.577097356965
10	71768	380	279.96360160198
10	77044	400	329.06075859133
10	82264	420	136.50497622864
10	87544	440	183.33990987511
10	92911	460	324.48966079696
10	98178	480	184.76090952061
10	103501	500	91.871572087057
10	108859	520	94.300184123515
10	114125	540	191.5592662322
10	119288	560	229.73733815566
10	124568	580	284.38909163248
10	129968	600	47.905709332206
10	135217	620	232.83980774239
10	140425	640	137.48291134174
10	145654	660	90.866813428474
10	151044	680	140.013449581
10	156360	700	279.26631141195
10	161703	720	186.71425646798
10	167050	740	95.055656083435
10	172276	760	190.3684157027
10	177589	780	188.1675874957
10	183015	800	186.32630549802
10	188364	820	240.46461336337
10	193649	840	141.95194054748
10	198891	860	139.55530671232
10	204101	880	144.00067467696
10	209349	900	49.117217746597
10	214698	920	140.60714730895
10	220057	940	48.573908866964
10	225382	960	93.603188670178
10	230518	980	230.07289948788
10	235893	1000	231.16799065304
10	241222	1020	190.99931386823
10	246545	1040	278.17932828436
10	251906	1060	189.60528909777
10	257277	1080	137.53315711497
10	262665	1100	233.24431187477
10	268030	1120	141.80557439173
10	273346	1140	142.49675000713
10	278573	1160	191.32284369557
10	283859	1180	137.25063537006
10	289168	1200	93.462101153676
10	294352	1220	190.56535467276
10	299598	1240	91.918140502475
10	305028	1260	189.99886358191
10	310431	1280	145.37090958532
10	315721	1300	235.60805944189
10	321046	1320	326.40018655789
10	326343	1340	90.731063082108
10	331719	1360	45.890644579688
10	337003	1380	46.9604960872
10	342359	1400	141.30632580518
10	347655	1420	186.35138461631
10	352974	1440	140.08388685629
10	358311	1460	239.17724933627
10	363729	1480	93.370431089998
10	369019	1500	48.013035723168
10	374233	1520	136.72168836375
10	379567	1540	194.74888076217
10	384893	1560	193.4773242845
10	390271	1580	95.970513159767
10	395583	1600	189.08932778916
10	400967	1620	187.85737661485
10	406319	1640	197.17128140522
10	411680	1660	137.36057153618
10	416997	1680	94.776003517252
10	422247	1700	234.55661416206
10	427512	1720	182.20356276132
10	432892	1740	190.23671943049
10	438168	1760	91.911847392486
10	443555	1780	91.922923968025
10	448921	1800	231.80861345147
10	453826	1820	195.57260191192
10	458051	1840	137.34152466777
10	461850	1860	232.02527098902
10	465178	1880	46.742605242486
10	468055	1900	185.76496093155
10	470600	1920	46.605250434531
10	472634	1940	50.461778285925
10	474232	1960	144.68343563051
10	475244	1980	0
10	475830	2000	0
11	34591	240	46.502941958918
11	39843	260	46.34681213909
11	45196	280	47.303634817893
11	50357	300	49.137734801621
11	55566	320	45.543307607973
11	61025	340	46.312472936604
11	66427	360	48.788548678483
11	71768	380	46.660600266996
11	77044	400	47.008679798761
11	82264	420	45.501658742881
11	87544	440	45.834977468778
11	92911	460	46.355665828137
11	98178	480	46.190227380152
11	103501	500	45.935786043528
11	108859	520	47.150092061758
11	114125	540	47.889816558049
11	119288	560	45.947467631131
11	124568	580	47.398181938747
11	129968	600	47.905709332206
11	135217	620	46.567961548479
11	140425	640	45.827637113914
11	145654	660	45.433406714237
11	151044	680	46.671149860333
11	156360	700	46.544385235326
11	161703	720	46.678564116996
11	167050	740	47.527828041718
11	172276	760	47.592103925676
11	177589	780	47.041896873924
11	183015	800	46.581576374505
11	188364	820	48.092922672674
11	193649	840	47.317313515827
11	198891	860	46.518435570772
11	204101	880	48.000224892319
11	209349	900	49.117217746597
11	214698	920	46.869049102982
11	220057	940	48.573908866964
11	225382	960	46.801594335089
11	230518	980	46.014579897575
11	235893	1000	46.233598130608
11	241222	1020	47.749828467058
11	246545	1040	46.363221380726
11	251906	1060	47.401322274443
11	257277	1080	45.844385704991
11	262665	1100	46.648862374954
11	268030	1120	47.268524797242
11	273346	1140	47.498916669043
11	278573	1160	47.830710923894
11	283859	1180	45.750211790021
11	289168	1200	46.731050576838
11	294352	1220	47.64133866819
11	299598	1240	45.959070251238
11	305028	1260	47.499715895477
11	310431	1280	48.456969861775
11	315721	1300	47.121611888378
11	321046	1320	46.628598079698
11	326343	1340	45.365531541054
11	331719	1360	45.890644579688
11	337003	1380	46.9604960872
11	342359	1400	47.102108601727
11	347655	1420	46.587846154078
11	352974	1440	46.694628952095
11	358311	1460	47.835449867255
11	363729	1480	46.685215544999
11	369019	1500	48.013035723168
11	374233	1520	45.573896121251
11	379567	1540	48.687220190542
11	384893	1560	48.369331071124
11	390271	1580	47.985256579884
11	395583	1600	47.272331947289
11	400967	1620	46.964344153712
11	406319	1640	49.292820351305
11	411680	1660	45.786857178725
11	416997	1680	47.388001758626
11	422247	1700	46.911322832412
11	427512	1720	45.55089069033
11	432892	1740	47.559179857622
11	438168	1760	45.955923696243
11	443555	1780	45.961461984012
11	448921	1800	46.361722690294
11	453826	1820	48.893150477981
11	458051	1840	45.780508222589
11	461850	1860	46.405054197804
11	465178	1880	46.742605242486
11	468055	1900	46.441240232887
11	470600	1920	46.605250434531
11	472634	1940	50.461778285925
11	474232	1960	48.227811876836
11	475244	1980	nan
11	475830	2000	nan
12	34591	240	0.54643118792088
12	39843	260	0.90638075990566
12	45196	280	1.6745729990971
12	50357	300	2.7688142257223
12	55566	320	1.1482839334873
12	61025	340	2.0124951312406
12	66427	360	0.048767259862986
12	71768	380	1.8616536988534
12	77044	400	1.9464349061165
12	82264	420	0.335092580095
12	87544	440	0.56471145055554
12	92911	460	1.3694393168181
12	98178	480	0.97203290460636
12	103501	500	0.25658340403804
12	108859	520	3.2495405892674
12	114125	540	2.6347655544054
12	119288	560	3.1494954052274
12	124568	580	1.8380573666007
12	129968	600	nan
12	135217	620	1.7651912930653
12	140425	640	1.1579749888218
12	145654	660	1.3502315250162
12	151044	680	0.78282641702501
12	156360	700	1.9065318007473
12	161703	720	0.91814170134995
12	167050	740	1.1091984906322
12	172276	760	2.1517188057634
12	177589	780	2.5176732998742
12	183015	800	0.39890365835907
12	188364	820	2.4640314936462
12	193649	840	0.84939409647276
12	198891	860	0.75068730257707
12	204101	880	3.1543833615206
12	209349	900	nan
12	214698	920	1.8134398800806
12	220057	940	nan
12	225382	960	0.68457205543574
12	230518	980	0.78435282922054
12	235893	1000	0.49769478282651
12	241222	1020	1.430204370213
12	246545	1040	0.56216420120153
12	251906	1060	2.0956551413654
12	257277	1080	0.68431670267888
12	262665	1100	0.96102381461601
12	268030	1120	0.43403200733724
12	273346	1140	1.7960851516373
12	278573	1160	2.5013229630693
12	283859	1180	1.4360646294241
12	289168	1200	0.87127570896656
12	294352	1220	1.8927509563478
12	299598	1240	1.5850522554311
12	305028	1260	1.9150338359179
12	310431	1280	2.1850956335408
12	315721	1300	1.1842666583396
12	321046	1320	0.95975212638975
12	326343	1340	0.43153944795472
12	331719	1360	nan
12	337003	1380	nan
12	342359	1400	0.089866734309178
12	347655	1420	1.996249625718
12	352974	1440	1.2671148634552
12	358311	1460	1.7784550159158
12	363729	1480	0.2925793102922
12	369019	1500	nan
12	374233	1520	1.4723418649877
12	379567	1540	1.006732406793
12	384893	1560	2.3014312301331
12	390271	1580	1.5003120105043
12	395583	1600	0.74695944313274
12	400967	1620	2.0420094992336
12	406319	1640	3.2369746455076
12	411680	1660	1.2569034581321
12	416997	1680	0.69175502658192
12	422247	1700	0.89422303385112
12	427512	1720	0.75044922451986
12	432892	1740	2.1447356354673
12	438168	1760	0.064851355664189
12	443555	1780	0.28803426936192
12	448921	1800	2.1133234295109
12	453826	1820	2.157524153977
12	458051	1840	0.71709510840269
12	461850	1860	1.1558228639295
12	465178	1880	nan
12	468055	1900	0.91817742325073
12	470600	1920	nan
12	472634	1940	nan
12	474232	1960	1.0616740840864
12	475244	1980	nan
12	475830	2000	nan
13	34591	240	0.29858704313262
13	39843	260	0.82152608192717
13	45196	280	2.804194729305
13	50357	300	7.6663322165622
13	55566	320	1.3185559919051
13	61025	340	4.0501366532673
13	66427	360	0.002378245634544
13	71768	380	3.4657544944546
13	77044	400	3.7886088437488
13	82264	420	0.11228703723473
13	87544	440	0.31889902238854
13	92911	460	1.8753640424473
13	98178	480	0.94484796763748
13	103501	500	0.065835043227749
13	108859	520	10.559514041296
13	114125	540	6.9419895266811
13	119288	560	9.9193213075486
13	124568	580	3.3784548829151
13	129968	600	nan
13	135217	620	3.1159003011134
13	140425	640	1.3409060747368
13	145654	660	1.8231251711474
13	151044	680	0.61281719919222
13	156360	700	3.6348635072606
13	161703	720	0.84298418375779
13	167050	740	1.2303212916208
13	172276	760	4.6298938190758
13	177589	780	6.3386788448994
13	183015	800	0.15912412865225
13	188364	820	6.0714512016801
13	193649	840	0.72147033112278
13	198891	860	0.56353142625044
13	204101	880	9.9501343914378
13	209349	900	nan
13	214698	920	3.2885641986667
13	220057	940	nan
13	225382	960	0.46863889908352
13	230518	980	0.61520936070626
13	235893	1000	0.24770009685272
13	241222	1020	2.0454845405764
13	246545	1040	0.31602858911255
13	251906	1060	4.3917704715311
13	257277	1080	0.4682893495653
13	262665	1100	0.92356677225912
13	268030	1120	0.1883837833932
13	273346	1140	3.2259218719319
13	278573	1160	6.2566165655778
13	283859	1180	2.062281619883
13	289168	1200	0.75912136103519
13	294352	1220	3.5825061827554
13	299598	1240	2.5123906524473
13	305028	1260	3.6673545927105
13	310431	1280	4.774642927719
13	315721	1300	1.4024875180548
13	321046	1320	0.92112414410964
13	326343	1340	0.18622629514107
13	331719	1360	nan
13	337003	1380	nan
13	342359	1400	0.0080760299353964
13	347655	1420	3.9850125681791
13	352974	1440	1.6055800771892
13	358311	1460	3.162902243636
13	363729	1480	0.08560265281106
13	369019	1500	nan
13	374233	1520	2.1677905673953
13	379567	1540	1.0135101388873
13	384893	1560	5.2965857070319
13	390271	1580	2.2509361288636
13	395583	1600	0.55794840968517
13	400967	1620	4.1698027949603
13	406319	1640	10.478004855659
13	411680	1660	1.5798063030644
13	416997	1680	0.47852501680135
13	422247	1700	0.79963483426991
13	427512	1720	0.56317403858246
13	432892	1740	4.5998909460432
13	438168	1760	0.0042056983314831
13	443555	1780	0.082963740326855
13	448921	1800	4.4661359177198
13	453826	1820	4.654910474994
13	458051	1840	0.51422539449506
13	461850	1860	1.3359264927821
13	465178	1880	nan
13	468055	1900	0.84304978056734
13	470600	1920	nan
13	472634	1940	nan
13	474232	1960	1.1271518608206
13	475244	1980	nan
13	475830	2000	nan
14	34591	240	491.00456820843
14	39843	260	266.77931794307
14	45196	280	313.7934102288
14	50357	300	268.77602069748
14	55566	320	181.1062071307
14	61025	340	222.6385421374
14	66427	360	177.56877028123
14	71768	380	317.1109047727
14	77044	400	315.22730016011
14	82264	420	177.22528854063
14	87544	440	269.50682838391
14	92911	460	314.5050009148
14	98178	480	268.51570410414
14	103501	500	179.64964507648
14	108859	520	133.14515597248
14	114125	540	269.17115401962
14	119288	560	269.97607019833
14	124568	580	363.71495311103
14	129968	600	136.04807623745
14	135217	620	315.68113936566
14	140425	640	267.94853819578
14	145654	660	134.94062809516
14	151044	680	269.17755976183
14	156360	700	357.53161034684
14	161703	720	225.23888826574
14	167050	740	181.70566350602
14	172276	760	182.97724158386
14	177589	780	266.77192203341
14	183015	800	224.53008602612
14	188364	820	225.58207668043
14	193649	840	179.68274957831
14	198891	860	183.55864141433
14	204101	880	179.49878323807
14	209349	900	89.301513283446
14	214698	920	221.81415433917
14	220057	940	44.751563096036
14	225382	960	225.56737217137
14	230518	980	311.84398306782
14	235893	1000	313.52585797311
14	241222	1020	226.77577805976
14	246545	1040	313.18264335742
14	251906	1060	180.1741514288
14	257277	1080	223.61183986157
14	262665	1100	222.54688237914
14	268030	1120	180.26181797415
14	273346	1140	269.0315496507
14	278573	1160	181.57383925301
14	283859	1180	224.27365188072
14	289168	1200	224.89031878581
14	294352	1220	179.54412298664
14	299598	1240	179.4115487515
14	305028	1260	223.09855699684
14	310431	1280	266.93555403821
14	315721	1300	449.88748977868
14	321046	1320	360.71100997208
14	326343	1340	88.101645990742
14	331719	1360	44.169264371993
14	337003	1380	134.28716111842
14	342359	1400	177.44456257008
14	347655	1420	273.57437613212
14	352974	1440	134.85407204376
14	358311	1460	313.58017602489
14	363729	1480	89.126737959795
14	369019	1500	136.1697983409
14	374233	1520	178.44174505909
14	379567	1540	227.49441252886
14	384893	1560	179.14681550514
14	390271	1580	90.467480225582
14	395583	1600	179.03073178575
14	400967	1620	226.11965721527
14	406319	1640	225.08354534268
14	411680	1660	224.51550764487
14	416997	1680	91.467644572709
14	422247	1700	270.03856470852
14	427512	1720	267.42970889658
14	432892	1740	180.95118399286
14	438168	1760	134.54053078936
14	443555	1780	133.62196090705
14	448921	1800	316.35528415614
14	453826	1820	225.98810758056
14	458051	1840	222.62107587338
14	461850	1860	225.40966579777
14	465178	1880	45.275538963269
14	468055	1900	223.87415914669
14	470600	1920	45.874048049496
14	472634	1940	44.971540029952
14	474232	1960	137.58205692984
14	475244	1980	0
14	475830	2000	0
15	34591	240	44.636778928039
15	39843	260	44.463219657178
15	45196	280	44.827630032686
15	50357	300	44.79600344958
15	55566	320	45.276551782674
15	61025	340	44.52770842748
15	66427	360	44.392192570308
15	71768	380	45.301557824672
15	77044	400	45.032471451444
15	82264	420	44.306322135157
15	87544	440	44.917804730651
15	92911	460	44.929285844972
15	98178	480	44.75261735069
15	103501	500	44.91241126912
15	108859	520	44.381718657492
15	114125	540	44.86185900327
15	119288	560	44.996011699722
15	124568	580	45.464369138879
15	129968	600	45.349358745817
15	135217	620	45.097305623666
15	140425	640	44.658089699297
15	145654	660	44.980209365053
15	151044	680	44.862926626971
15	156360	700	44.691451293354
15	161703	720	45.047777653149
15	167050	740	45.426415876504
15	172276	760	45.744310395966
15	177589	780	44.461987005569
15	183015	800	44.906017205225
15	188364	820	45.116415336087
15	193649	840	44.920687394577
15	198891	860	45.889660353583
15	204101	880	44.874695809518
15	209349	900	44.650756641723
15	214698	920	44.362830867835
15	220057	940	44.751563096036
15	225382	960	45.113474434274
15	230518	980	44.54914043826
15	235893	1000	44.789408281873
15	241222	1020	45.355155611952
15	246545	1040	44.740377622489
15	251906	1060	45.0435378572
15	257277	1080	44.722367972315
15	262665	1100	44.509376475829
15	268030	1120	45.065454493536
15	273346	1140	44.838591608449
15	278573	1160	45.393459813251
15	283859	1180	44.854730376143
15	289168	1200	44.978063757163
15	294352	1220	44.886030746659
15	299598	1240	44.852887187876
15	305028	1260	44.619711399368
15	310431	1280	44.489259006368
15	315721	1300	44.988748977868
15	321046	1320	45.08887624651
15	326343	1340	44.050822995371
15	331719	1360	44.169264371993
15	337003	1380	44.762387039473
15	342359	1400	44.36114064252
15	347655	1420	45.595729355353
15	352974	1440	44.951357347919
15	358311	1460	44.797168003555
15	363729	1480	44.563368979897
15	369019	1500	45.389932780299
15	374233	1520	44.610436264773
15	379567	1540	45.498882505772
15	384893	1560	44.786703876285
15	390271	1580	45.233740112791
15	395583	1600	44.757682946438
15	400967	1620	45.223931443054
15	406319	1640	45.016709068535
15	411680	1660	44.903101528974
15	416997	1680	45.733822286354
15	422247	1700	45.00642745142
15	427512	1720	44.57161814943
15	432892	1740	45.237795998214
15	438168	1760	44.846843596452
15	443555	1780	44.540653635684
15	448921	1800	45.193612022306
15	453826	1820	45.197621516112
15	458051	1840	44.524215174676
15	461850	1860	45.081933159554
15	465178	1880	45.275538963269
15	468055	1900	44.774831829338
15	470600	1920	45.874048049496
15	472634	1940	44.971540029952
15	474232	1960	45.86068564328
15	475244	1980	nan
15	475830	2000	nan
16	34591	240	0.59584251873356
16	39843	260	0.62714333292907
16	45196	280	0.92391887663506
16	50357	300	0.66473481466747
16	55566	320	0.86420478920436
16	61025	340	0.66812627210193
16	66427	360	1.1023820570307
16	71768	380	1.2298284886094
16	77044	400	0.90471972981128
16	82264	420	0.29600135115789
16	87544	440	0.55813327998348
16	92911	460	0.8309769231467
16	98178	480	0.74063241404022
16	103501	500	0.7099305327716
16	108859	520	0.32579865678049
16	114125	540	0.9857908221955
16	119288	560	0.88215716748022
16	124568	580	1.1484821487624
16	129968	600	1.4459905128284
16	135217	620	0.56128026903017
16	140425	640	0.54517462474644
16	145654	660	0.44051694725221
16	151044	680	0.39277333362899
16	156360	700	1.2205296961043
16	161703	720	0.58360754424392
16	167050	740	0.71434977964232
16	172276	760	1.7158053113154
16	177589	780	0.36906417845717
16	183015	800	0.53394851430396
16	188364	820	1.2872093606724
16	193649	840	0.62794108976284
16	198891	860	0.85298266754846
16	204101	880	0.38423220721318
16	209349	900	0.62268518726141
16	214698	920	0.21915715711619
16	220057	940	nan
16	225382	960	1.2132144221514
16	230518	980	0.57863509228117
16	235893	1000	1.1605637634876
16	241222	1020	0.79183791261799
16	246545	1040	0.63187719124146
16	251906	1060	0.53534150663497
16	257277	1080	0.65486073839983
16	262665	1100	0.51958007274716
16	268030	1120	1.0925229727921
16	273346	1140	1.475536865302
16	278573	1160	1.5384607045015
16	283859	1180	1.0172168160418
16	289168	1200	0.7296578650872
16	294352	1220	0.52057055400001
16	299598	1240	0.73142534640623
16	305028	1260	0.45686827137763
16	310431	1280	0.60293040565669
16	315721	1300	0.93601464119562
16	321046	1320	1.0712057765042
16	326343	1340	0.2554951296047
16	331719	1360	nan
16	337003	1380	0.44870761366418
16	342359	1400	0.36529494952999
16	347655	1420	0.99993908591614
16	352974	1440	0.28045017396822
16	358311	1460	0.45920308220875
16	363729	1480	0.49891723846258
16	369019	1500	0.071867869793225
16	374233	1520	0.32213158344393
16	379567	1540	0.63975591821153
16	384893	1560	0.49509306078991
16	390271	1580	0.58156029644285
16	395583	1600	0.80838723484356
16	400967	1620	1.312004604323
16	406319	1640	1.0732360732177
16	411680	1660	0.77197066659683
16	416997	1680	0.95334144785133
16	422247	1700	0.93207708647432
16	427512	1720	0.6441629824098
16	432892	1740	1.1084336808279
16	438168	1760	0.39980071647438
16	443555	1780	0.89057840223323
16	448921	1800	1.2887079976696
16	453826	1820	1.0197593153029
16	458051	1840	0.56110342569269
16	461850	1860	0.67215157266492
16	465178	1880	nan
16	468055	1900	0.60882764872701
16	470600	1920	nan
16	472634	1940	nan
16	474232	1960	0.96726069550155
16	475244	1980	nan
16	475830	2000	nan
17	34591	240	0.35502830713076
17	39843	260	0.39330876003738
17	45196	280	0.85362609060259
17	50357	300	0.441872373831
17	55566	320	0.74684991768376
17	61025	340	0.44639271547282
17	66427	360	1.2152461996633
17	71768	380	1.5124781113954
17	77044	400	0.8185177895098
17	82264	420	0.087616799887295
17	87544	440	0.31151275822512
17	92911	460	0.69052264680235
17	98178	480	0.54853637272704
17	103501	500	0.50400136136136
17	108859	520	0.10614476475997
17	114125	540	0.97178354512489
17	119288	560	0.77820126813672
17	124568	580	1.3190112460258
17	129968	600	2.0908885631899
17	135217	620	0.31503554040258
17	140425	640	0.29721537146742
17	145654	660	0.19405518081641
17	151044	680	0.15427089161003
17	156360	700	1.4896927390724
17	161703	720	0.34059776569842
17	167050	740	0.51029560767503
17	172276	760	2.9439878663381
17	177589	780	0.13620836782027
17	183015	800	0.2851010159274
17	188364	820	1.6569079382027
17	193649	840	0.39431001221255
17	198891	860	0.72757943113808
17	204101	880	0.14763438905992
17	209349	900	0.38773684243478
17	214698	920	0.048029859515252
17	220057	940	nan
17	225382	960	1.4718892341162
17	230518	980	0.33481857001924
17	235893	1000	1.3469082491204
17	241222	1020	0.62700727985922
17	246545	1040	0.3992687848112
17	251906	1060	0.2865905287262
17	257277	1080	0.42884258669757
17	262665	1100	0.26996345199594
17	268030	1120	1.1936064460786
17	273346	1140	2.1772090408653
17	278573	1160	2.3668613392952
17	283859	1180	1.0347300508382
17	289168	1200	0.53240060008362
17	294352	1220	0.27099370169187
17	299598	1240	0.53498303736548
17	305028	1260	0.20872861739159
17	310431	1280	0.36352507406534
17	315721	1300	0.87612340853257
17	321046	1320	1.147481815616
17	326343	1340	0.065277761251722
17	331719	1360	nan
17	337003	1380	0.20133852256021
17	342359	1400	0.13344040015212
17	347655	1420	0.9998781755428
17	352974	1440	0.078652300078807
17	358311	1460	0.21086747071001
17	363729	1480	0.24891841083512
17	369019	1500	0.005164990708616
17	374233	1520	0.10376875705209
17	379567	1540	0.40928763488667
17	384893	1560	0.24511713884232
17	390271	1580	0.3382123783987
17	395583	1600	0.65348992145802
17	400967	1620	1.7213560817648
17	406319	1640	1.1518356688558
17	411680	1660	0.59593871008596
17	416997	1680	0.90885991619127
17	422247	1700	0.86876769513045
17	427512	1720	0.41494594790708
17	432892	1740	1.2286252247938
17	438168	1760	0.15984061289342
17	443555	1780	0.79312989052429
17	448921	1800	1.6607683032576
17	453826	1820	1.0399090611471
17	458051	1840	0.31483705432407
17	461850	1860	0.45178773663593
17	465178	1880	nan
17	468055	1900	0.37067110585447
17	470600	1920	nan
17	472634	1940	nan
17	474232	1960	0.93559325306213
17	475244	1980	nan
17	475830	2000	nan
18	34591	240	654.90762206858
18	39843	260	837.50800749189
18	45196	280	842.62966677368
18	50357	300	803.09960877907
18	55566	320	805.00802616896
18	61025	340	940.27379989487
18	66427	360	844.32412259172
18	71768	380	758.61154516832
18	77044	400	801.06352144066
18	82264	420	753.46624226524
18	87544	440	655.69856298654
18	92911	460	830.8193816058
18	98178	480	830.82386126556
18	103501	500	743.9206890471
18	108859	520	696.53369002506
18	114125	540	463.39489504062
18	119288	560	511.16723285393
18	124568	580	707.62357460618
18	129968	600	713.86190350131
18	135217	620	553.97774053231
18	140425	640	699.2901925134
18	145654	660	690.48473430735
18	151044	680	730.97928942802
18	156360	700	785.55369795192
18	161703	720	649.82598997032
18	167050	740	602.07072156553
18	172276	760	648.49893710404
18	177589	780	646.34711657568
18	183015	800	654.2956742636
18	188364	820	860.42841321545
18	193649	840	666.63544949675
18	198891	860	740.06919635433
18	204101	880	760.30239525737
18	209349	900	707.21155794898
18	214698	920	655.46136245481
18	220057	940	563.14782232955
18	225382	960	559.37556298109
18	230518	980	603.37977428581
18	235893	1000	737.97310682857
18	241222	1020	748.89414841554
18	246545	1040	734.47559915857
18	251906	1060	754.86379231627
18	257277	1080	660.59554430728
18	262665	1100	600.48420119163
18	268030	1120	553.6175871002
18	273346	1140	566.17824059937
18	278573	1160	708.09204328868
18	283859	1180	613.54304013438
18	289168	1200	656.67517480924
18	294352	1220	560.84812093356
18	299598	1240	709.7730083741
18	305028	1260	806.97585172033
18	310431	1280	756.93170689123
18	315721	1300	748.33983273732
18	321046	1320	795.82695424549
18	326343	1340	855.16724547328
18	331719	1360	745.17283560105
18	337003	1380	698.2070544971
18	342359	1400	791.88509078619
18	347655	1420	659.6401815266
18	352974	1440	700.38394522897
18	358311	1460	715.92280355833
18	363729	1480	707.16332461153
18	369019	1500	665.84301977568
18	374233	1520	561.43870007605
18	379567	1540	806.60845963401
18	384893	1560	699.41327130122
18	390271	1580	707.95227849993
18	395583	1600	855.93355343409
18	400967	1620	747.39802375047
18	406319	1640	814.03441061319
18	411680	1660	802.27050076747
18	416997	1680	794.23353763882
18	422247	1700	800.32609578727
18	427512	1720	683.55325874538
18	432892	1740	788.02396156381
18	438168	1760	693.04670226511
18	443555	1780	787.37290024496
18	448921	1800	927.67327962635
18	453826	1820	741.64455056256
18	458051	1840	785.03339942713
18	461850	1860	747.59075560733
18	465178	1880	641.91721358275
18	468055	1900	518.13497811094
18	470600	1920	514.89744680962
18	472634	1940	380.90574141503
18	474232	1960	287.31798070182
18	475244	1980	241.49684850366
18	475830	2000	93.570038396073
19	34591	240	46.779115862041
19	39843	260	46.528222638438
19	45196	280	46.812759265204
19	50357	300	47.241153457592
19	55566	320	47.353413304056
19	61025	340	47.013689994744
19	66427	360	46.90689569954
19	71768	380	47.41322157302
19	77044	400	47.121383614156
19	82264	420	47.091640141577
19	87544	440	46.835611641896
19	92911	460	46.156632311433
19	98178	480	46.15688118142
19	103501	500	46.495043065444
19	108859	520	46.435579335004
19	114125	540	46.339489504062
19	119288	560	46.469748441267
19	124568	580	47.174904973745
19	129968	600	47.590793566754
19	135217	620	46.164811711026
19	140425	640	46.61934616756
19	145654	660	46.03231562049
19	151044	680	45.686205589251
19	156360	700	46.209041055995
19	161703	720	46.416142140737
19	167050	740	46.313132428118
19	172276	760	46.321352650289
19	177589	780	46.167651183977
19	183015	800	46.735405304543
19	188364	820	47.801578511969
19	193649	840	47.616817821197
19	198891	860	46.254324772146
19	204101	880	47.518899703585
19	209349	900	47.147437196599
19	214698	920	46.818668746772
19	220057	940	46.928985194129
19	225382	960	46.614630248424
19	230518	980	46.413828791216
19	235893	1000	46.123319176786
19	241222	1020	46.805884275971
19	246545	1040	45.904724947411
19	251906	1060	47.178987019767
19	257277	1080	47.185396021949
19	262665	1100	46.191092399356
19	268030	1120	46.134798925017
19	273346	1140	47.181520049948
19	278573	1160	47.206136219245
19	283859	1180	47.195618471875
19	289168	1200	46.905369629232
19	294352	1220	46.73734341113
19	299598	1240	47.318200558273
19	305028	1260	47.469167748255
19	310431	1280	47.308231680702
19	315721	1300	46.771239546083
19	321046	1320	46.813350249734
19	326343	1340	47.509291415182
19	331719	1360	46.573302225066
19	337003	1380	46.547136966474
19	342359	1400	46.5814759286
19	347655	1420	47.117155823329
19	352974	1440	46.692263015265
19	358311	1460	47.728186903889
19	363729	1480	47.144221640768
19	369019	1500	47.560215698263
19	374233	1520	46.786558339671
19	379567	1540	47.447556449059
19	384893	1560	46.627551420082
19	390271	1580	47.196818566662
19	395583	1600	47.551864079671
19	400967	1620	46.712376484405
19	406319	1640	47.884377094893
19	411680	1660	47.192382398087
19	416997	1680	46.719619861107
19	422247	1700	47.078005634545
19	427512	1720	45.570217249692
19	432892	1740	46.354350680224
19	438168	1760	46.20311348434
19	443555	1780	46.316052955586
19	448921	1800	46.383663981317
19	453826	1820	46.35278441016
19	458051	1840	46.178435260419
19	461850	1860	46.724422225458
19	465178	1880	45.851229541625
19	468055	1900	47.103179828267
19	470600	1920	46.808858800874
19	472634	1940	47.613217676878
19	474232	1960	47.88633011697
19	475244	1980	48.299369700733
19	475830	2000	46.785019198036
20	34591	240	1.1851666666199
20	39843	260	1.4058608254822
20	45196	280	1.3607419736621
20	50357	300	2.1401374870867
20	55566	320	1.6820991691116
20	61025	340	2.3227557954077
20	66427	360	2.6098282030669
20	71768	380	2.5563261851204
20	77044	400	1.8967552569526
20	82264	420	3.1561679349896
20	87544	440	4.3235153654563
20	92911	460	1.043935827047
20	98178	480	1.1848580293821
20	103501	500	1.7803526032775
20	108859	520	2.7683525609189
20	114125	540	2.9571825521268
20	119288	560	1.7633396811488
20	124568	580	2.2556627955748
20	129968	600	3.2070613116357
20	135217	620	1.8820598871222
20	140425	640	1.7833390725522
20	145654	660	2.177271705593
20	151044	680	2.4066457237474
20	156360	700	2.4347535142383
20	161703	720	1.5168106078439
20	167050	740	1.9469369451867
20	172276	760	1.7762305129518
20	177589	780	2.2287418832666
20	183015	800	1.7622775006198
20	188364	820	3.2143181235306
20	193649	840	2.695852314623
20	198891	860	2.3674620590736
20	204101	880	2.5990218306315
20	209349	900	1.9024572225089
20	214698	920	1.4289663636686
20	220057	940	1.887884918967
20	225382	960	1.3696568517654
20	230518	980	1.238820723444
20	235893	1000	0.83742199436753
20	241222	1020	1.4581747765577
20	246545	1040	1.5218384464281
20	251906	1060	1.6450456549252
20	257277	1080	2.3998368743261
20	262665	1100	1.9179445592018
20	268030	1120	1.9710237908547
20	273346	1140	1.3131841101312
20	278573	1160	1.6171489383725
20	283859	1180	1.6297670479462
20	289168	1200	1.6465114336306
20	294352	1220	1.5057528823115
20	299598	1240	1.6390904102356
20	305028	1260	2.692390230901
20	310431	1280	1.9195999829259
20	315721	1300	1.7703113101779
20	321046	1320	1.5270498855924
20	326343	1340	3.1629587600004
20	331719	1360	2.5803792687153
20	337003	1380	1.4948163851424
20	342359	1400	1.4176787949044
20	347655	1420	2.4883972967693
20	352974	1440	1.462059716674
20	358311	1460	1.8963367385001
20	363729	1480	1.9034188715603
20	369019	1500	1.9961627427634
20	374233	1520	2.2342381448685
20	379567	1540	2.1201968425016
20	384893	1560	2.6111526012295
20	390271	1580	2.016798307821
20	395583	1600	2.3228209974125
20	400967	1620	2.5517268099242
20	406319	1640	2.8994769091152
20	411680	1660	2.7935878677857
20	416997	1680	2.3338777053408
20	422247	1700	1.9337428630295
20	427512	1720	1.7091584075236
20	432892	1740	1.4759056985894
20	438168	1760	1.1773805701887
20	443555	1780	1.2286291315435
20	448921	1800	1.5158707442409
20	453826	1820	1.8569948488089
20	458051	1840	1.9015307732017
20	461850	1860	2.0098401637873
20	465178	1880	1.8949418700855
20	468055	1900	2.053516883702
20	470600	1920	1.2425280214522
20	472634	1940	2.364984491069
20	474232	1960	2.1352442070534
20	475244	1980	1.8013090114244
20	475830	2000	1.8042218183279
21	34591	240	1.404620027667
21	39843	260	1.9764446606254
21	45196	280	1.8516187188858
21	50357	300	4.5801884636337
21	55566	320	2.829457614726
21	61025	340	5.3951944851002
21	66427	360	6.8112032495235
21	71768	380	6.534803564732
21	77044	400	3.5976805047773
21	82264	420	9.9613960338567
21	87544	440	18.692785115336
21	92911	460	1.0898020109922
21	98178	480	1.4038885497911
21	103501	500	3.169655391997
21	108859	520	7.6637759015464
21	114125	540	8.744928646603
21	119288	560	3.109366831114
21	124568	580	5.0880146473402
21	129968	600	10.28524225659
21	135217	620	3.5421494187144
21	140425	640	3.1802982476914
21	145654	660	4.740512079976
21	151044	680	5.7919436396318
21	156360	700	5.9280246750959
21	161703	720	2.3007144200677
21	167050	740	3.7905634685329
21	172276	760	3.1549948351411
21	177589	780	4.9672903822268
21	183015	800	3.1056219891909
21	188364	820	10.331840999257
21	193649	840	7.2676197022584
21	198891	860	5.6048766011528
21	204101	880	6.7549144760992
21	209349	900	3.6193434834763
21	214698	920	2.0419448684962
21	220057	940	3.5641094672631
21	225382	960	1.8759598915879
21	230518	980	1.5346767848342
21	235893	1000	0.70127559665049
21	241222	1020	2.1262736789892
21	246545	1040	2.3159922570267
21	251906	1060	2.7061752067881
21	257277	1080	5.7592170233755
21	262665	1100	3.6785113321719
21	268030	1120	3.8849347841151
21	273346	1140	1.724452507101
21	278573	1160	2.6151706888794
21	283859	1180	2.6561406305714
21	289168	1200	2.7109999010762
21	294352	1220	2.2672917425894
21	299598	1240	2.6866173729263
21	305028	1260	7.2489651554509
21	310431	1280	3.684864094449
21	315721	1300	3.1340021349438
21	321046	1320	2.3318813530878
21	326343	1340	10.004308117464
21	331719	1360	6.6583571704158
21	337003	1380	2.2344760252902
21	342359	1400	2.0098131655215
21	347655	1420	6.1921211065685
21	352974	1440	2.1376186151209
21	358311	1460	3.5960930257852
21	363729	1480	3.6230034006119
21	369019	1500	3.9846656955966
21	374233	1520	4.9918200879856
21	379567	1540	4.4952346509538
21	384893	1560	6.8181179069077
21	390271	1580	4.0674754144298
21	395583	1600	5.3954973860204
21	400967	1620	6.511309712486
21	406319	1640	8.4069663464923
21	411680	1660	7.8041331750395
21	416997	1680	5.4469851434869
21	422247	1700	3.7393614603174
21	427512	1720	2.9212224620087
21	432892	1740	2.1782976311287
21	438168	1760	1.3862250070578
21	443555	1780	1.5095295428772
21	448921	1800	2.2978641132456
21	453826	1820	3.4484298685028
21	458051	1840	3.6158192814331
21	461850	1860	4.0394574839728
21	465178	1880	3.590804691003
21	468055	1900	4.2169315916491
21	470600	1920	1.543875884094
21	472634	1940	5.5931516429969
21	474232	1960	4.5592678237552
21	475244	1980	3.2447141546388
21	475830	2000	3.2552163697304
22	34591	240	1257.0908150917
22	39843	260	1482.5870011436
22	45196	280	1481.6176511149
22	50357	300	1476.467844455
22	55566	320	1614.4097511211
22	61025	340	1621.9172021048
22	66427	360	1612.9869069059
22	71768	380	1431.0303403401
22	77044	400	1433.6979882047
22	82264	420	1623.0096148215
22	87544	440	1573.4799423674
22	92911	460	1480.2604914965
22	98178	480	1478.7202921485
22	103501	500	1612.1723730425
22	108859	520	1662.4277990046
22	114125	540	1524.939901428
22	119288	560	1477.2996774558
22	124568	580	1432.6952392619
22	129968	600	1612.7673610806
22	135217	620	1475.0947640669
22	140425	640	1480.5742240848
22	145654	660	1611.9847521588
22	151044	680	1569.8513806644
22	156360	700	1481.8742190744
22	161703	720	1563.2687912338
22	167050	740	1659.5729044471
22	172276	760	1656.3769871498
22	177589	780	1571.8353966476
22	183015	800	1607.1521475205
22	188364	820	1573.4068559545
22	193649	840	1568.8706273605
22	198891	860	1562.6806649232
22	204101	880	1612.6646426238
22	209349	900	1660.747037747
22	214698	920	1567.2110430594
22	220057	940	1748.8080879792
22	225382	960	1565.8814450604
22	230518	980	1435.5506889267
22	235893	1000	1526.9127767296
22	241222	1020	1613.0451422668
22	246545	1040	1526.0171320282
22	251906	1060	1613.0939020304
22	257277	1080	1519.1979398984
22	262665	1100	1567.1353403104
22	268030	1120	1565.5275072637
22	273346	1140	1523.5900920741
22	278573	1160	1617.1192561781
22	283859	1180	1519.8428033579
22	289168	1200	1570.4782534466
22	294352	1220	1571.2242782511
22	299598	1240	1614.3782120809
22	305028	1260	1623.1370304852
22	310431	1280	1573.9432799509
22	315721	1300	1342.6329946994
22	321046	1320	1432.7937256925
22	326343	1340	1706.3993923729
22	331719	1360	1798.7264087623
22	337003	1380	1610.6277943105
22	342359	1400	1611.6373718894
22	347655	1420	1575.4274687982
22	352974	1440	1702.2116027022
22	358311	1460	1480.9023933672
22	363729	1480	1703.8721751576
22	369019	1500	1660.6855928871
22	374233	1520	1564.69621364
22	379567	1540	1567.6767077704
22	384893	1560	1567.1122765534
22	390271	1580	1704.8659512922
22	395583	1600	1659.440931539
22	400967	1620	1526.3207142476
22	406319	1640	1569.4138171804
22	411680	1660	1569.0807547105
22	416997	1680	1750.103042291
22	422247	1700	1572.2210986134
22	427512	1720	1527.226512131
22	432892	1740	1617.2701128747
22	438168	1760	1656.2617058645
22	443555	1780	1660.6610988522
22	448921	1800	1523.5012949218
22	453826	1820	1430.0154874264
22	458051	1840	1307.8321476061
22	461850	1860	1167.1506542565
22	465178	1880	1164.4676972925
22	468055	1900	859.92662292094
22	470600	1920	899.93966367915
22	472634	1940	722.79578193003
22	474232	1960	452.39051925645
22	475244	1980	457.11943513102
22	475830	2000	326.0649642315
23	34591	240	44.896100538991
23	39843	260	44.926878822534
23	45196	280	44.897504579239
23	50357	300	44.74144983197
23	55566	320	44.844715308919
23	61025	340	45.053255614023
23	66427	360	44.805191858496
23	71768	380	44.719698135628
23	77044	400	44.803062131396
23	82264	420	45.083600411709
23	87544	440	44.956569781926
23	92911	460	44.856378530196
23	98178	480	44.809705822682
23	103501	500	44.782565917847
23	108859	520	44.930481054179
23	114125	540	44.851173571412
23	119288	560	44.7666568926
23	124568	580	44.771726226936
23	129968	600	44.79909336335
23	135217	620	44.69984133536
23	140425	640	44.865885578326
23	145654	660	44.777354226632
23	151044	680	44.852896590412
23	156360	700	44.905279365892
23	161703	720	44.664822606679
23	167050	740	44.853321741814
23	172276	760	44.766945598642
23	177589	780	44.90958276136
23	183015	800	44.643115208904
23	188364	820	44.9544815987
23	193649	840	44.824875067443
23	198891	860	44.648018997807
23	204101	880	44.796240072882
23	209349	900	44.885055074243
23	214698	920	44.777458373126
23	220057	940	44.841233025109
23	225382	960	44.739469858868
23	230518	980	44.860959028958
23	235893	1000	44.909199315577
23	241222	1020	44.806809507411
23	246545	1040	44.882856824359
23	251906	1060	44.80816394529
23	257277	1080	44.682292349954
23	262665	1100	44.775295437439
23	268030	1120	44.729357350392
23	273346	1140	44.811473296297
23	278573	1160	44.919979338281
23	283859	1180	44.70125892229
23	289168	1200	44.870807241331
23	294352	1220	44.892122235746
23	299598	1240	44.84383922447
23	305028	1260	45.0871397357
23	310431	1280	44.969807998597
23	315721	1300	44.754433156648
23	321046	1320	44.77480392789
23	326343	1340	44.905247167708
23	331719	1360	44.968160219057
23	337003	1380	44.73966095307
23	342359	1400	44.767704774704
23	347655	1420	45.012213394234
23	352974	1440	44.795042176375
23	358311	1460	44.875830102035
23	363729	1480	44.838741451517
23	369019	1500	44.883394402355
23	374233	1520	44.705606104
23	379567	1540	44.790763079154
23	384893	1560	44.774636472955
23	390271	1580	44.864893455058
23	395583	1600	44.849754906459
23	400967	1620	44.891785713164
23	406319	1640	44.840394776583
23	411680	1660	44.830878706015
23	416997	1680	44.874436981821
23	422247	1700	44.920602817525
23	427512	1720	44.918426827383
23	432892	1740	44.924169802076
23	438168	1760	44.76382988823
23	443555	1780	44.882732401411
23	448921	1800	44.808861615347
23	453826	1820	44.687983982074
23	458051	1840	45.09766026228
23	461850	1860	44.890409779098
23	465178	1880	44.787219126633
23	468055	1900	45.259295943207
23	470600	1920	44.996983183957
23	472634	1940	45.174736370627
23	474232	1960	45.239051925645
23	475244	1980	45.711943513102
23	475830	2000	46.580709175928
24	34591	240	1.0387304975074
24	39843	260	0.80400099104601
24	45196	280	0.88864711755017
24	50357	300	0.72456116451606
24	55566	320	0.69900222539002
24	61025	340	0.89923334076386
24	66427	360	0.69105394834325
24	71768	380	0.58005944891104
24	77044	400	0.63838621936051
24	82264	420	1.2172924992228
24	87544	440	1.185371561155
24	92911	460	0.81311156877274
24	98178	480	0.74571156043564
24	103501	500	0.69417933417456
24	108859	520	0.84681586053231
24	114125	540	0.82969172288763
24	119288	560	0.61018704215033
24	124568	580	0.79735885045452
24	129968	600	0.68878183943029
24	135217	620	0.69146920359939
24	140425	640	0.81350528133132
24	145654	660	0.73380436673339
24	151044	680	0.95698193266619
24	156360	700	0.74807437196143
24	161703	720	0.56135477145654
24	167050	740	0.97430492126709
24	172276	760	0.62470097547001
24	177589	780	0.63479893254359
24	183015	800	0.55646280012898
24	188364	820	1.019854234927
24	193649	840	0.60438512712975
24	198891	860	0.60181413482294
24	204101	880	0.81632203576285
24	209349	900	1.0655845828761
24	214698	920	0.70269531654886
24	220057	940	0.86562564109299
24	225382	960	0.73519647675342
24	230518	980	0.98756721881523
24	235893	1000	0.81756946852644
24	241222	1020	0.90736712038147
24	246545	1040	1.2237385247255
24	251906	1060	0.68678514870582
24	257277	1080	0.56118291915219
24	262665	1100	0.74620182990254
24	268030	1120	0.65509616190047
24	273346	1140	0.8717114211302
24	278573	1160	0.92348875010589
24	283859	1180	0.57889844829095
24	289168	1200	0.85966388219535
24	294352	1220	1.0185391007499
24	299598	1240	0.82895316257311
24	305028	1260	1.3587238922921
24	310431	1280	0.96408261327844
24	315721	1300	0.64114438928115
24	321046	1320	0.71906792382814
24	326343	1340	0.7654678303936
24	331719	1360	1.0918484443969
24	337003	1380	0.55917537045641
24	342359	1400	0.59083268874282
24	347655	1420	1.1846563008091
24	352974	1440	0.6819904695171
24	358311	1460	0.73884709926513
24	363729	1480	0.69847672833616
24	369019	1500	0.80284406160552
24	374233	1520	0.53881408513336
24	379567	1540	0.6389613387709
24	384893	1560	0.76911047223398
24	390271	1580	0.84873191515924
24	395583	1600	0.78251955745212
24	400967	1620	0.77572209735603
24	406319	1640	0.75849029319043
24	411680	1660	0.71712701635838
24	416997	1680	0.70320102324019
24	422247	1700	1.0946930986641
24	427512	1720	0.73852331366524
24	432892	1740	0.93038086235056
24	438168	1760	0.65289643810988
24	443555	1780	0.85019281053638
24	448921	1800	0.79131494186009
24	453826	1820	0.57448848374016
24	458051	1840	1.0485496930055
24	461850	1860	0.92725735842221
24	465178	1880	0.70503049829431
24	468055	1900	1.1839625739189
24	470600	1920	0.71310211632935
24	472634	1940	0.76308993229839
24	474232	1960	0.58591624257903
24	475244	1980	0.4782520042545
24	475830	2000	1.1806664298772
25	34591	240	1.0789610464519
25	39843	260	0.64641759360296
25	45196	280	0.78969369953023
25	50357	300	0.52498888112487
25	55566	320	0.4886041111002
25	61025	340	0.80862060114133
25	66427	360	0.4775555595208
25	71768	380	0.33646896427098
25	77044	400	0.40753696506941
25	82264	420	1.481801028664
25	87544	440	1.4051057379951
25	92911	460	0.66115042327206
25	98178	480	0.55608573136736
25	103501	500	0.48188494799504
25	108859	520	0.71709710164908
25	114125	540	0.68838835502825
25	119288	560	0.37232822640817
25	124568	580	0.63578113639816
25	129968	600	0.47442042232898
25	135217	620	0.47812965952638
25	140425	640	0.66179084275395
25	145654	660	0.53846884863699
25	151044	680	0.91581441944953
25	156360	700	0.55961526598548
25	161703	720	0.31511917943703
25	167050	740	0.94927007960528
25	172276	760	0.39025130875318
25	177589	780	0.40296968475848
25	183015	800	0.30965084792738
25	188364	820	1.0401026604984
25	193649	840	0.36528138189564
25	198891	860	0.36218025287268
25	204101	880	0.66638166607201
25	209349	900	1.1354705032633
25	214698	920	0.4937807078997
25	220057	940	0.74930775051765
25	225382	960	0.54051385943064
25	230518	980	0.97528901167845
25	235893	1000	0.6684198358666
25	241222	1020	0.82331509114937
25	246545	1040	1.4975359768973
25	251906	1060	0.47167384048287
25	257277	1080	0.31492626874817
25	262665	1100	0.5568171709499
25	268030	1120	0.42915098133672
25	273346	1140	0.75988080172884
25	278573	1160	0.85283147157215
25	283859	1180	0.33512341343367
25	289168	1200	0.73902199035118
25	294352	1220	1.0374218997564
25	299598	1240	0.68716334573996
25	305028	1260	1.8461306154853
25	310431	1280	0.92945528522578
25	315721	1300	0.4110661279067
25	321046	1320	0.51705867907851
25	326343	1340	0.58594099936748
25	331719	1360	1.1921330255319
25	337003	1380	0.31267709492507
25	342359	1400	0.34908326608707
25	347655	1420	1.4034105510468
25	352974	1440	0.46511100051215
25	358311	1460	0.5458950360925
25	363729	1480	0.48786974002719
25	369019	1500	0.64455858725525
25	374233	1520	0.2903206183381
25	379567	1540	0.4082715924439
25	384893	1560	0.59153091849998
25	390271	1580	0.72034586380988
25	395583	1600	0.61233685779506
25	400967	1620	0.60174477232643
25	406319	1640	0.5753075248641
25	411680	1660	0.51427115759107
25	416997	1680	0.49449167908605
25	422247	1700	1.1983529802627
25	427512	1720	0.54541668482709
25	432892	1740	0.86560854902817
25	438168	1760	0.42627375889656
25	443555	1780	0.72282781508774
25	448921	1800	0.62617933721104
25	453826	1820	0.33003701795007
25	458051	1840	1.0994564587018
25	461850	1860	0.85980620874813
25	465178	1880	0.49706800352512
25	468055	1900	1.4017673764407
25	470600	1920	0.5085146283134
25	472634	1940	0.58230624477516
25	474232	1960	0.34329784331793
25	475244	1980	0.22872497957345
25	475830	2000	1.393973218639
