version 2
run statisticRVV-80-20150325-03:26:49-8668
attr c 9
attr configname statisticRVV
attr datetime 20150325-03:26:49
attr experiment statisticRVV
attr inifile omnetpp.ini
attr iterationvars "$sc=\"erlangen-low.launchd.xml\", $p=1/8, $c=9"
attr iterationvars2 "$sc=\"erlangen-low.launchd.xml\", $p=1/8, $c=9, $repetition=0"
attr measurement "$sc=\"erlangen-low.launchd.xml\", $p=1/8, $c=9"
attr network RSUExampleScenario
attr p 1/8
attr processid 8668
attr repetition 0
attr replication #0
attr resultdir results
attr runnumber 80
attr sc "\"erlangen-low.launchd.xml\""
attr seedset 80

vector 0  RSUExampleScenario.rsu[0].appl  Number_CH  ETV
vector 1  RSUExampleScenario.rsu[0].appl  Number_ON  ETV
vector 2  RSUExampleScenario.rsu[0].appl  Number_FN  ETV
vector 3  RSUExampleScenario.rsu[0].appl  Number_CH_Losts  ETV
vector 4  RSUExampleScenario.rsu[0].appl  Mean_Cluster_Size  ETV
vector 5  RSUExampleScenario.rsu[0].appl  StdDev_Cluster_Size  ETV
vector 6  RSUExampleScenario.rsu[0].appl  Variance_Cluster_Size  ETV
vector 7  RSUExampleScenario.rsu[0].appl  Mean_Neighbors  ETV
vector 8  RSUExampleScenario.rsu[0].appl  StdDev_Neighbors  ETV
vector 9  RSUExampleScenario.rsu[0].appl  Variance_Neighbors  ETV
vector 10  RSUExampleScenario.rsu[0].appl  Total_CH_Utility  ETV
vector 11  RSUExampleScenario.rsu[0].appl  Mean_CH_Utility  ETV
vector 12  RSUExampleScenario.rsu[0].appl  StdDev_CH_Utility  ETV
vector 13  RSUExampleScenario.rsu[0].appl  Variance_CH_Utility  ETV
vector 14  RSUExampleScenario.rsu[0].appl  Total_exp_CH_Utility  ETV
vector 15  RSUExampleScenario.rsu[0].appl  Mean_exp_CH_Utility  ETV
vector 16  RSUExampleScenario.rsu[0].appl  StdDev_exp_CH_Utility  ETV
vector 17  RSUExampleScenario.rsu[0].appl  Variance_exp_CH_Utility  ETV
vector 18  RSUExampleScenario.rsu[0].appl  Total_ON_Utility  ETV
vector 19  RSUExampleScenario.rsu[0].appl  Mean_ON_Utility  ETV
vector 20  RSUExampleScenario.rsu[0].appl  StdDev_ON_Utility  ETV
vector 21  RSUExampleScenario.rsu[0].appl  Variance_ON_Utility  ETV
vector 22  RSUExampleScenario.rsu[0].appl  Total_exp_ON_Utility  ETV
vector 23  RSUExampleScenario.rsu[0].appl  Mean_exp_ON_Utility  ETV
vector 24  RSUExampleScenario.rsu[0].appl  StdDev_exp_ON_Utility  ETV
vector 25  RSUExampleScenario.rsu[0].appl  Variance_exp_ON_Utility  ETV
0	34335	240	3
0	39617	260	4
0	45041	280	0
0	50287	300	6
0	55563	320	4
0	60973	340	6
0	66292	360	5
0	71557	380	4
0	76951	400	4
0	82264	420	7
0	87629	440	5
0	92941	460	1
0	98310	480	4
0	103653	500	1
0	108996	520	8
0	114305	540	1
0	119587	560	5
0	124920	580	4
0	130255	600	4
0	135563	620	5
0	140831	640	2
0	146185	660	1
0	151487	680	2
0	156780	700	6
0	162184	720	4
0	167583	740	6
0	172833	760	7
0	178071	780	4
0	183333	800	5
0	188733	820	2
0	194029	840	2
0	199345	860	7
0	204631	880	6
0	209812	900	3
0	215114	920	2
0	220447	940	4
0	225806	960	3
0	231218	980	3
0	236543	1000	5
0	241964	1020	3
0	247256	1040	2
0	252496	1060	3
0	257818	1080	6
0	263116	1100	5
0	268421	1120	4
0	273689	1140	2
0	279109	1160	2
0	284352	1180	2
0	289610	1200	6
0	294888	1220	3
0	300179	1240	2
0	305376	1260	6
0	310709	1280	4
0	316031	1300	3
0	321301	1320	3
0	326663	1340	4
0	331977	1360	3
0	337224	1380	4
0	342551	1400	2
0	347819	1420	3
0	353081	1440	4
0	358384	1460	3
0	363772	1480	6
0	368930	1500	3
0	374226	1520	4
0	379500	1540	4
0	384695	1560	5
0	389968	1580	5
0	395238	1600	6
0	400579	1620	3
0	405879	1640	8
0	411257	1660	5
0	416584	1680	5
0	421856	1700	2
0	427124	1720	5
0	432381	1740	3
0	437766	1760	1
0	443103	1780	2
0	448407	1800	2
0	453308	1820	3
0	457570	1840	1
0	461329	1860	1
0	464680	1880	3
0	467585	1900	6
0	470118	1920	3
0	472148	1940	1
0	473745	1960	1
0	474804	1980	1
0	475359	2000	0
1	34335	240	3
1	39617	260	6
1	45041	280	0
1	50287	300	11
1	55563	320	6
1	60973	340	7
1	66292	360	6
1	71557	380	5
1	76951	400	7
1	82264	420	8
1	87629	440	6
1	92941	460	2
1	98310	480	6
1	103653	500	2
1	108996	520	8
1	114305	540	1
1	119587	560	7
1	124920	580	5
1	130255	600	5
1	135563	620	8
1	140831	640	2
1	146185	660	1
1	151487	680	4
1	156780	700	8
1	162184	720	4
1	167583	740	8
1	172833	760	9
1	178071	780	4
1	183333	800	7
1	188733	820	2
1	194029	840	2
1	199345	860	9
1	204631	880	7
1	209812	900	4
1	215114	920	3
1	220447	940	4
1	225806	960	3
1	231218	980	4
1	236543	1000	9
1	241964	1020	5
1	247256	1040	2
1	252496	1060	6
1	257818	1080	9
1	263116	1100	6
1	268421	1120	8
1	273689	1140	3
1	279109	1160	3
1	284352	1180	2
1	289610	1200	7
1	294888	1220	4
1	300179	1240	3
1	305376	1260	8
1	310709	1280	6
1	316031	1300	5
1	321301	1320	4
1	326663	1340	6
1	331977	1360	6
1	337224	1380	6
1	342551	1400	4
1	347819	1420	4
1	353081	1440	4
1	358384	1460	3
1	363772	1480	8
1	368930	1500	5
1	374226	1520	5
1	379500	1540	6
1	384695	1560	8
1	389968	1580	7
1	395238	1600	7
1	400579	1620	3
1	405879	1640	12
1	411257	1660	7
1	416584	1680	8
1	421856	1700	4
1	427124	1720	7
1	432381	1740	3
1	437766	1760	2
1	443103	1780	2
1	448407	1800	2
1	453308	1820	3
1	457570	1840	1
1	461329	1860	1
1	464680	1880	3
1	467585	1900	7
1	470118	1920	5
1	472148	1940	2
1	473745	1960	1
1	474804	1980	1
1	475359	2000	0
2	34335	240	33
2	39617	260	30
2	45041	280	41
2	50287	300	23
2	55563	320	30
2	60973	340	28
2	66292	360	30
2	71557	380	31
2	76951	400	31
2	82264	420	25
2	87629	440	29
2	92941	460	36
2	98310	480	30
2	103653	500	37
2	108996	520	25
2	114305	540	38
2	119587	560	29
2	124920	580	32
2	130255	600	30
2	135563	620	28
2	140831	640	36
2	146185	660	39
2	151487	680	35
2	156780	700	26
2	162184	720	33
2	167583	740	26
2	172833	760	25
2	178071	780	31
2	183333	800	28
2	188733	820	37
2	194029	840	36
2	199345	860	23
2	204631	880	27
2	209812	900	33
2	215114	920	37
2	220447	940	32
2	225806	960	35
2	231218	980	34
2	236543	1000	26
2	241964	1020	32
2	247256	1040	37
2	252496	1060	31
2	257818	1080	25
2	263116	1100	29
2	268421	1120	28
2	273689	1140	34
2	279109	1160	37
2	284352	1180	36
2	289610	1200	27
2	294888	1220	33
2	300179	1240	36
2	305376	1260	26
2	310709	1280	30
2	316031	1300	32
2	321301	1320	33
2	326663	1340	30
2	331977	1360	31
2	337224	1380	29
2	342551	1400	34
2	347819	1420	33
2	353081	1440	32
2	358384	1460	35
2	363772	1480	27
2	368930	1500	31
2	374226	1520	32
2	379500	1540	30
2	384695	1560	27
2	389968	1580	29
2	395238	1600	28
2	400579	1620	34
2	405879	1640	21
2	411257	1660	29
2	416584	1680	28
2	421856	1700	35
2	427124	1720	28
2	432381	1740	34
2	437766	1760	37
2	443103	1780	36
2	448407	1800	36
2	453308	1820	32
2	457570	1840	33
2	461329	1860	29
2	464680	1880	22
2	467585	1900	11
2	470118	1920	12
2	472148	1940	15
2	473745	1960	12
2	474804	1980	9
2	475359	2000	8
3	34335	240	0
3	39617	260	1
3	45041	280	0
3	50287	300	0
3	55563	320	1
3	60973	340	1
3	66292	360	0
3	71557	380	1
3	76951	400	2
3	82264	420	1
3	87629	440	1
3	92941	460	2
3	98310	480	0
3	103653	500	1
3	108996	520	1
3	114305	540	0
3	119587	560	3
3	124920	580	1
3	130255	600	2
3	135563	620	0
3	140831	640	4
3	146185	660	5
3	151487	680	1
3	156780	700	3
3	162184	720	5
3	167583	740	2
3	172833	760	1
3	178071	780	2
3	183333	800	0
3	188733	820	1
3	194029	840	2
3	199345	860	0
3	204631	880	2
3	209812	900	1
3	215114	920	1
3	220447	940	4
3	225806	960	3
3	231218	980	1
3	236543	1000	1
3	241964	1020	2
3	247256	1040	0
3	252496	1060	4
3	257818	1080	2
3	263116	1100	2
3	268421	1120	0
3	273689	1140	0
3	279109	1160	1
3	284352	1180	0
3	289610	1200	1
3	294888	1220	0
3	300179	1240	2
3	305376	1260	2
3	310709	1280	3
3	316031	1300	3
3	321301	1320	1
3	326663	1340	2
3	331977	1360	4
3	337224	1380	2
3	342551	1400	2
3	347819	1420	2
3	353081	1440	2
3	358384	1460	1
3	363772	1480	3
3	368930	1500	0
3	374226	1520	0
3	379500	1540	2
3	384695	1560	2
3	389968	1580	2
3	395238	1600	2
3	400579	1620	0
3	405879	1640	1
3	411257	1660	0
3	416584	1680	0
3	421856	1700	1
3	427124	1720	4
3	432381	1740	2
3	437766	1760	2
3	443103	1780	1
3	448407	1800	0
3	453308	1820	2
3	457570	1840	0
3	461329	1860	2
3	464680	1880	0
3	467585	1900	0
3	470118	1920	1
3	472148	1940	1
3	473745	1960	0
3	474804	1980	0
3	475359	2000	0
4	34335	240	1
4	39617	260	1.5
4	45041	280	nan
4	50287	300	1.8333333333333
4	55563	320	1.5
4	60973	340	1.1666666666667
4	66292	360	1.2
4	71557	380	1.25
4	76951	400	1.75
4	82264	420	1.1428571428571
4	87629	440	1.2
4	92941	460	2
4	98310	480	1.5
4	103653	500	2
4	108996	520	1
4	114305	540	1
4	119587	560	1.4
4	124920	580	1.25
4	130255	600	1.25
4	135563	620	1.6
4	140831	640	1
4	146185	660	1
4	151487	680	2
4	156780	700	1.3333333333333
4	162184	720	1
4	167583	740	1.3333333333333
4	172833	760	1.2857142857143
4	178071	780	1
4	183333	800	1.4
4	188733	820	1
4	194029	840	1
4	199345	860	1.2857142857143
4	204631	880	1.1666666666667
4	209812	900	1.3333333333333
4	215114	920	1.5
4	220447	940	1
4	225806	960	1
4	231218	980	1.3333333333333
4	236543	1000	1.8
4	241964	1020	1.6666666666667
4	247256	1040	1
4	252496	1060	2
4	257818	1080	1.5
4	263116	1100	1.2
4	268421	1120	2
4	273689	1140	1.5
4	279109	1160	1.5
4	284352	1180	1
4	289610	1200	1.1666666666667
4	294888	1220	1.3333333333333
4	300179	1240	1.5
4	305376	1260	1.3333333333333
4	310709	1280	1.5
4	316031	1300	1.6666666666667
4	321301	1320	1.3333333333333
4	326663	1340	1.5
4	331977	1360	2
4	337224	1380	1.5
4	342551	1400	2
4	347819	1420	1.3333333333333
4	353081	1440	1
4	358384	1460	1
4	363772	1480	1.3333333333333
4	368930	1500	1.6666666666667
4	374226	1520	1.25
4	379500	1540	1.5
4	384695	1560	1.6
4	389968	1580	1.4
4	395238	1600	1.1666666666667
4	400579	1620	1
4	405879	1640	1.5
4	411257	1660	1.4
4	416584	1680	1.6
4	421856	1700	2
4	427124	1720	1.4
4	432381	1740	1
4	437766	1760	2
4	443103	1780	1
4	448407	1800	1
4	453308	1820	1
4	457570	1840	1
4	461329	1860	1
4	464680	1880	1
4	467585	1900	1.1666666666667
4	470118	1920	1.6666666666667
4	472148	1940	2
4	473745	1960	1
4	474804	1980	1
4	475359	2000	nan
5	34335	240	0
5	39617	260	0.57735026918963
5	45041	280	nan
5	50287	300	0.75277265270908
5	55563	320	0.57735026918963
5	60973	340	0.40824829046386
5	66292	360	0.44721359549996
5	71557	380	0.5
5	76951	400	0.5
5	82264	420	0.37796447300923
5	87629	440	0.44721359549996
5	92941	460	nan
5	98310	480	0.57735026918963
5	103653	500	nan
5	108996	520	0
5	114305	540	nan
5	119587	560	0.54772255750517
5	124920	580	0.5
5	130255	600	0.5
5	135563	620	0.54772255750517
5	140831	640	0
5	146185	660	nan
5	151487	680	0
5	156780	700	0.51639777949432
5	162184	720	0
5	167583	740	0.51639777949432
5	172833	760	0.48795003647427
5	178071	780	0
5	183333	800	0.54772255750517
5	188733	820	0
5	194029	840	0
5	199345	860	0.48795003647427
5	204631	880	0.40824829046386
5	209812	900	0.57735026918963
5	215114	920	0.70710678118655
5	220447	940	0
5	225806	960	0
5	231218	980	0.57735026918963
5	236543	1000	0.44721359549996
5	241964	1020	0.57735026918963
5	247256	1040	0
5	252496	1060	0
5	257818	1080	0.54772255750517
5	263116	1100	0.44721359549996
5	268421	1120	0
5	273689	1140	0.70710678118655
5	279109	1160	0.70710678118655
5	284352	1180	0
5	289610	1200	0.40824829046386
5	294888	1220	0.57735026918963
5	300179	1240	0.70710678118655
5	305376	1260	0.51639777949432
5	310709	1280	0.57735026918963
5	316031	1300	0.57735026918963
5	321301	1320	0.57735026918963
5	326663	1340	0.57735026918963
5	331977	1360	0
5	337224	1380	0.57735026918963
5	342551	1400	0
5	347819	1420	0.57735026918963
5	353081	1440	0
5	358384	1460	0
5	363772	1480	0.51639777949432
5	368930	1500	0.57735026918963
5	374226	1520	0.5
5	379500	1540	0.57735026918963
5	384695	1560	0.54772255750517
5	389968	1580	0.54772255750517
5	395238	1600	0.40824829046386
5	400579	1620	0
5	405879	1640	0.53452248382485
5	411257	1660	0.54772255750517
5	416584	1680	0.54772255750517
5	421856	1700	0
5	427124	1720	0.54772255750517
5	432381	1740	0
5	437766	1760	nan
5	443103	1780	0
5	448407	1800	0
5	453308	1820	0
5	457570	1840	nan
5	461329	1860	nan
5	464680	1880	0
5	467585	1900	0.40824829046386
5	470118	1920	0.57735026918963
5	472148	1940	nan
5	473745	1960	nan
5	474804	1980	nan
5	475359	2000	nan
6	34335	240	0
6	39617	260	0.33333333333333
6	45041	280	nan
6	50287	300	0.56666666666667
6	55563	320	0.33333333333333
6	60973	340	0.16666666666667
6	66292	360	0.2
6	71557	380	0.25
6	76951	400	0.25
6	82264	420	0.14285714285714
6	87629	440	0.2
6	92941	460	nan
6	98310	480	0.33333333333333
6	103653	500	nan
6	108996	520	0
6	114305	540	nan
6	119587	560	0.3
6	124920	580	0.25
6	130255	600	0.25
6	135563	620	0.3
6	140831	640	0
6	146185	660	nan
6	151487	680	0
6	156780	700	0.26666666666667
6	162184	720	0
6	167583	740	0.26666666666667
6	172833	760	0.23809523809524
6	178071	780	0
6	183333	800	0.3
6	188733	820	0
6	194029	840	0
6	199345	860	0.23809523809524
6	204631	880	0.16666666666667
6	209812	900	0.33333333333333
6	215114	920	0.5
6	220447	940	0
6	225806	960	0
6	231218	980	0.33333333333333
6	236543	1000	0.2
6	241964	1020	0.33333333333333
6	247256	1040	0
6	252496	1060	0
6	257818	1080	0.3
6	263116	1100	0.2
6	268421	1120	0
6	273689	1140	0.5
6	279109	1160	0.5
6	284352	1180	0
6	289610	1200	0.16666666666667
6	294888	1220	0.33333333333333
6	300179	1240	0.5
6	305376	1260	0.26666666666667
6	310709	1280	0.33333333333333
6	316031	1300	0.33333333333333
6	321301	1320	0.33333333333333
6	326663	1340	0.33333333333333
6	331977	1360	0
6	337224	1380	0.33333333333333
6	342551	1400	0
6	347819	1420	0.33333333333333
6	353081	1440	0
6	358384	1460	0
6	363772	1480	0.26666666666667
6	368930	1500	0.33333333333333
6	374226	1520	0.25
6	379500	1540	0.33333333333333
6	384695	1560	0.3
6	389968	1580	0.3
6	395238	1600	0.16666666666667
6	400579	1620	0
6	405879	1640	0.28571428571429
6	411257	1660	0.3
6	416584	1680	0.3
6	421856	1700	0
6	427124	1720	0.3
6	432381	1740	0
6	437766	1760	nan
6	443103	1780	0
6	448407	1800	0
6	453308	1820	0
6	457570	1840	nan
6	461329	1860	nan
6	464680	1880	0
6	467585	1900	0.16666666666667
6	470118	1920	0.33333333333333
6	472148	1940	nan
6	473745	1960	nan
6	474804	1980	nan
6	475359	2000	nan
7	34335	240	9.0769230769231
7	39617	260	9.025
7	45041	280	9.175
7	50287	300	9.075
7	55563	320	8.9
7	60973	340	8.9024390243902
7	66292	360	9.2
7	71557	380	8.8
7	76951	400	8.8536585365854
7	82264	420	9
7	87629	440	9.05
7	92941	460	9.0512820512821
7	98310	480	9.025
7	103653	500	8.975
7	108996	520	8.9756097560976
7	114305	540	8.8
7	119587	560	8.9024390243902
7	124920	580	9.2
7	130255	600	9.1794871794872
7	135563	620	8.8292682926829
7	140831	640	8.775
7	146185	660	9.1219512195122
7	151487	680	8.7073170731707
7	156780	700	8.825
7	162184	720	9.15
7	167583	740	9.175
7	172833	760	8.8780487804878
7	178071	780	9.0769230769231
7	183333	800	8.8
7	188733	820	8.7560975609756
7	194029	840	8.925
7	199345	860	9.2051282051282
7	204631	880	9.025
7	209812	900	8.85
7	215114	920	8.6428571428571
7	220447	940	8.875
7	225806	960	9.0975609756098
7	231218	980	9.15
7	236543	1000	8.925
7	241964	1020	9.025
7	247256	1040	8.9512195121951
7	252496	1060	8.825
7	257818	1080	9.15
7	263116	1100	9.2564102564103
7	268421	1120	8.95
7	273689	1140	9.025641025641
7	279109	1160	8.9024390243902
7	284352	1180	8.95
7	289610	1200	8.85
7	294888	1220	8.85
7	300179	1240	8.7560975609756
7	305376	1260	9.05
7	310709	1280	9.05
7	316031	1300	8.9487179487179
7	321301	1320	8.85
7	326663	1340	9.125
7	331977	1360	8.8
7	337224	1380	8.974358974359
7	342551	1400	8.85
7	347819	1420	9.025641025641
7	353081	1440	8.7
7	358384	1460	8.9024390243902
7	363772	1480	8.6829268292683
7	368930	1500	8.7948717948718
7	374226	1520	9.125
7	379500	1540	8.925
7	384695	1560	8.75
7	389968	1580	8.8780487804878
7	395238	1600	8.609756097561
7	400579	1620	8.95
7	405879	1640	8.7317073170732
7	411257	1660	8.6829268292683
7	416584	1680	8.8536585365854
7	421856	1700	8.780487804878
7	427124	1720	8.875
7	432381	1740	8.7
7	437766	1760	9.075
7	443103	1780	9
7	448407	1800	8.8
7	453308	1820	8.8157894736842
7	457570	1840	8.1428571428571
7	461329	1860	8.258064516129
7	464680	1880	8.1428571428571
7	467585	1900	8
7	470118	1920	8.25
7	472148	1940	7.8333333333333
7	473745	1960	6.8571428571429
7	474804	1980	6.2727272727273
7	475359	2000	5.375
8	34335	240	1.5957940670567
8	39617	260	1.8043750249794
8	45041	280	1.4656319193703
8	50287	300	1.9267017120404
8	55563	320	1.7945787306532
8	60973	340	2.2338853825653
8	66292	360	2.0153258946231
8	71557	380	1.950673782345
8	76951	400	1.9819305690381
8	82264	420	2.1720839573895
8	87629	440	1.5350603429215
8	92941	460	1.5034822378087
8	98310	480	1.7169964831289
8	103653	500	1.9146868258349
8	108996	520	2.1964494630887
8	114305	540	1.950673782345
8	119587	560	1.8412614975714
8	124920	580	1.5392305770192
8	130255	600	1.9313452479908
8	135563	620	1.9352317564621
8	140831	640	1.7019973183865
8	146185	660	1.8465524897931
8	151487	680	1.8336289488201
8	156780	700	1.5833670711655
8	162184	720	1.5450499950421
8	167583	740	1.6468696023606
8	172833	760	1.7634500553066
8	178071	780	1.6122004476494
8	183333	800	1.7715703594443
8	188733	820	1.907622706471
8	194029	840	2.5052508958749
8	199345	860	1.5075160325496
8	204631	880	1.2503845562312
8	209812	900	1.8334498797454
8	215114	920	2.1619935309511
8	220447	940	2.1023491134614
8	225806	960	2.0712903954876
8	231218	980	1.4420427107014
8	236543	1000	1.3846688023884
8	241964	1020	1.9012479032845
8	247256	1040	1.7881725240059
8	252496	1060	1.6154304022815
8	257818	1080	1.3690723042845
8	263116	1100	1.2078242447508
8	268421	1120	1.7823925148303
8	273689	1140	2.0064000163579
8	279109	1160	1.8947938944484
8	284352	1180	1.852925614625
8	289610	1200	1.4420427107014
8	294888	1220	1.6878145480822
8	300179	1240	1.5456469164217
8	305376	1260	1.5516740339686
8	310709	1280	1.5012815038647
8	316031	1300	2.0384297097304
8	321301	1320	2.0575065816015
8	326663	1340	1.6974717247749
8	331977	1360	1.897366596101
8	337224	1380	1.4232501627054
8	342551	1400	1.3690723042845
8	347819	1420	1.8846635814157
8	353081	1440	2.0406132813697
8	358384	1460	1.5621280044987
8	363772	1480	1.9031424590693
8	368930	1500	1.9625371224043
8	374226	1520	1.5555937113758
8	379500	1540	1.6074745282506
8	384695	1560	1.6447273953845
8	389968	1580	1.4696108660326
8	395238	1600	1.9089008457813
8	400579	1620	2.074880286939
8	405879	1640	1.7032966600669
8	411257	1660	2.207249695778
8	416584	1680	2.031760020398
8	421856	1700	1.943092832599
8	427124	1720	1.6974717247749
8	432381	1740	2.1267526708757
8	437766	1760	1.639066338358
8	443103	1780	1.3774744634424
8	448407	1800	2.0025624610125
8	453308	1820	1.5041431637924
8	457570	1840	1.6295588927295
8	461329	1860	1.6726773336079
8	464680	1880	1.6934358174212
8	467585	1900	1.7693034738588
8	470118	1920	1.8317377426626
8	472148	1940	1.6890651782778
8	473745	1960	1.4600918230947
8	474804	1980	1.1908743922773
8	475359	2000	1.3024701806293
9	34335	240	2.5465587044534
9	39617	260	3.2557692307692
9	45041	280	2.1480769230769
9	50287	300	3.7121794871795
9	55563	320	3.2205128205128
9	60973	340	4.990243902439
9	66292	360	4.0615384615385
9	71557	380	3.8051282051282
9	76951	400	3.9280487804878
9	82264	420	4.7179487179487
9	87629	440	2.3564102564103
9	92941	460	2.2604588394062
9	98310	480	2.9480769230769
9	103653	500	3.6660256410256
9	108996	520	4.8243902439024
9	114305	540	3.8051282051282
9	119587	560	3.390243902439
9	124920	580	2.3692307692308
9	130255	600	3.7300944669366
9	135563	620	3.7451219512195
9	140831	640	2.8967948717949
9	146185	660	3.409756097561
9	151487	680	3.3621951219512
9	156780	700	2.5070512820513
9	162184	720	2.3871794871795
9	167583	740	2.7121794871795
9	172833	760	3.109756097561
9	178071	780	2.5991902834008
9	183333	800	3.1384615384615
9	188733	820	3.6390243902439
9	194029	840	6.2762820512821
9	199345	860	2.2726045883941
9	204631	880	1.5634615384615
9	209812	900	3.3615384615385
9	215114	920	4.6742160278746
9	220447	940	4.4198717948718
9	225806	960	4.290243902439
9	231218	980	2.0794871794872
9	236543	1000	1.9173076923077
9	241964	1020	3.6147435897436
9	247256	1040	3.1975609756098
9	252496	1060	2.6096153846154
9	257818	1080	1.874358974359
9	263116	1100	1.4588394062078
9	268421	1120	3.1769230769231
9	273689	1140	4.025641025641
9	279109	1160	3.590243902439
9	284352	1180	3.4333333333333
9	289610	1200	2.0794871794872
9	294888	1220	2.8487179487179
9	300179	1240	2.3890243902439
9	305376	1260	2.4076923076923
9	310709	1280	2.2538461538462
9	316031	1300	4.1551956815115
9	321301	1320	4.2333333333333
9	326663	1340	2.8814102564103
9	331977	1360	3.6
9	337224	1380	2.025641025641
9	342551	1400	1.874358974359
9	347819	1420	3.5519568151147
9	353081	1440	4.1641025641026
9	358384	1460	2.440243902439
9	363772	1480	3.6219512195122
9	368930	1500	3.8515519568151
9	374226	1520	2.4198717948718
9	379500	1540	2.5839743589744
9	384695	1560	2.7051282051282
9	389968	1580	2.159756097561
9	395238	1600	3.6439024390244
9	400579	1620	4.3051282051282
9	405879	1640	2.9012195121951
9	411257	1660	4.8719512195122
9	416584	1680	4.1280487804878
9	421856	1700	3.7756097560976
9	427124	1720	2.8814102564103
9	432381	1740	4.5230769230769
9	437766	1760	2.6865384615385
9	443103	1780	1.8974358974359
9	448407	1800	4.0102564102564
9	453308	1820	2.2624466571835
9	457570	1840	2.6554621848739
9	461329	1860	2.7978494623656
9	464680	1880	2.8677248677249
9	467585	1900	3.1304347826087
9	470118	1920	3.3552631578947
9	472148	1940	2.8529411764706
9	473745	1960	2.1318681318681
9	474804	1980	1.4181818181818
9	475359	2000	1.6964285714286
10	34335	240	141.76862289716
10	39617	260	188.24711405321
10	45041	280	0
10	50287	300	283.26280916114
10	55563	320	184.95888907792
10	60973	340	274.72385940502
10	66292	360	232.83520879048
10	71557	380	181.94045132511
10	76951	400	185.85442600309
10	82264	420	333.17703395956
10	87629	440	239.88137435231
10	92941	460	47.031102059396
10	98310	480	192.23687892498
10	103653	500	45.476828771487
10	108996	520	378.38555554973
10	114305	540	46.271439208273
10	119587	560	231.75674144032
10	124920	580	189.20217200321
10	130255	600	188.41611852949
10	135563	620	237.50674070325
10	140831	640	95.470548512279
10	146185	660	49.702383845166
10	151487	680	94.171821473569
10	156780	700	281.17410724818
10	162184	720	185.61045700007
10	167583	740	282.57687459454
10	172833	760	332.53211515554
10	178071	780	186.06516925725
10	183333	800	235.60320105041
10	188733	820	93.604771082572
10	194029	840	96.333149208665
10	199345	860	320.73989859064
10	204631	880	286.48319703322
10	209812	900	140.33799551132
10	215114	920	98.582892391408
10	220447	940	182.44200849277
10	225806	960	139.90026099689
10	231218	980	144.67917032972
10	236543	1000	236.46491289514
10	241964	1020	143.73453579204
10	247256	1040	102.75223153582
10	252496	1060	143.09961142658
10	257818	1080	283.24478516031
10	263116	1100	232.16139692838
10	268421	1120	191.3846702301
10	273689	1140	89.511202023814
10	279109	1160	91.762880063237
10	284352	1180	92.573935956327
10	289610	1200	276.03424440945
10	294888	1220	140.64325392457
10	300179	1240	91.282756161012
10	305376	1260	277.20440147971
10	310709	1280	189.43495030077
10	316031	1300	136.28812296441
10	321301	1320	138.36028099037
10	326663	1340	189.21577845795
10	331977	1360	141.04400943322
10	337224	1380	184.91733307379
10	342551	1400	93.032262085964
10	347819	1420	143.50959350971
10	353081	1440	182.0771827082
10	358384	1460	144.30928467837
10	363772	1480	278.87280080174
10	368930	1500	135.77968355309
10	374226	1520	185.23035845747
10	379500	1540	186.81061895696
10	384695	1560	238.40872353547
10	389968	1580	235.19852199995
10	395238	1600	283.85372563224
10	400579	1620	148.29849355177
10	405879	1640	376.42021535122
10	411257	1660	231.6445423124
10	416584	1680	237.72252209015
10	421856	1700	91.87096754218
10	427124	1720	228.67236267728
10	432381	1740	140.13586356397
10	437766	1760	46.198723953291
10	443103	1780	90.824453831599
10	448407	1800	94.402240497203
10	453308	1820	138.12920051092
10	457570	1840	48.128122991497
10	461329	1860	47.020303316044
10	464680	1880	139.94265152439
10	467585	1900	290.44624787205
10	470118	1920	139.69206475486
10	472148	1940	48.614746335542
10	473745	1960	50.607239491315
10	474804	1980	40.701545562409
10	475359	2000	0
11	34335	240	47.256207632386
11	39617	260	47.061778513303
11	45041	280	nan
11	50287	300	47.210468193523
11	55563	320	46.23972226948
11	60973	340	45.787309900837
11	66292	360	46.567041758097
11	71557	380	45.485112831277
11	76951	400	46.463606500771
11	82264	420	47.596719137081
11	87629	440	47.976274870462
11	92941	460	47.031102059396
11	98310	480	48.059219731244
11	103653	500	45.476828771487
11	108996	520	47.298194443717
11	114305	540	46.271439208273
11	119587	560	46.351348288064
11	124920	580	47.300543000803
11	130255	600	47.104029632373
11	135563	620	47.501348140651
11	140831	640	47.73527425614
11	146185	660	49.702383845166
11	151487	680	47.085910736784
11	156780	700	46.862351208031
11	162184	720	46.402614250018
11	167583	740	47.096145765756
11	172833	760	47.504587879363
11	178071	780	46.516292314311
11	183333	800	47.120640210082
11	188733	820	46.802385541286
11	194029	840	48.166574604332
11	199345	860	45.819985512948
11	204631	880	47.747199505537
11	209812	900	46.779331837107
11	215114	920	49.291446195704
11	220447	940	45.610502123193
11	225806	960	46.633420332296
11	231218	980	48.226390109906
11	236543	1000	47.292982579028
11	241964	1020	47.911511930681
11	247256	1040	51.37611576791
11	252496	1060	47.699870475526
11	257818	1080	47.207464193385
11	263116	1100	46.432279385676
11	268421	1120	47.846167557525
11	273689	1140	44.755601011907
11	279109	1160	45.881440031618
11	284352	1180	46.286967978163
11	289610	1200	46.005707401575
11	294888	1220	46.881084641525
11	300179	1240	45.641378080506
11	305376	1260	46.200733579952
11	310709	1280	47.358737575193
11	316031	1300	45.42937432147
11	321301	1320	46.120093663455
11	326663	1340	47.303944614488
11	331977	1360	47.014669811074
11	337224	1380	46.229333268448
11	342551	1400	46.516131042982
11	347819	1420	47.836531169904
11	353081	1440	45.519295677049
11	358384	1460	48.10309489279
11	363772	1480	46.478800133624
11	368930	1500	45.259894517696
11	374226	1520	46.307589614368
11	379500	1540	46.70265473924
11	384695	1560	47.681744707094
11	389968	1580	47.039704399989
11	395238	1600	47.30895427204
11	400579	1620	49.432831183923
11	405879	1640	47.052526918902
11	411257	1660	46.328908462481
11	416584	1680	47.544504418031
11	421856	1700	45.93548377109
11	427124	1720	45.734472535456
11	432381	1740	46.711954521322
11	437766	1760	46.198723953291
11	443103	1780	45.412226915799
11	448407	1800	47.201120248602
11	453308	1820	46.043066836973
11	457570	1840	48.128122991497
11	461329	1860	47.020303316044
11	464680	1880	46.647550508131
11	467585	1900	48.407707978676
11	470118	1920	46.564021584953
11	472148	1940	48.614746335542
11	473745	1960	50.607239491315
11	474804	1980	40.701545562409
11	475359	2000	nan
12	34335	240	1.3967054538025
12	39617	260	1.6360178502189
12	45041	280	nan
12	50287	300	0.96574364648862
12	55563	320	1.3249037341176
12	60973	340	0.76546703471984
12	66292	360	1.0371696468073
12	71557	380	0.2278110849068
12	76951	400	0.99673614840769
12	82264	420	3.0669935219854
12	87629	440	1.8889523874128
12	92941	460	nan
12	98310	480	2.6331799692109
12	103653	500	nan
12	108996	520	1.9677110536252
12	114305	540	nan
12	119587	560	1.304722310975
12	124920	580	1.9922022824354
12	130255	600	1.6860728196937
12	135563	620	1.0987465027523
12	140831	640	2.1116066158306
12	146185	660	nan
12	151487	680	0.95774124121919
12	156780	700	1.6169237497391
12	162184	720	0.23470650750624
12	167583	740	1.1617292389643
12	172833	760	1.2226378565671
12	178071	780	1.487230702613
12	183333	800	0.97114841191115
12	188733	820	0.22070160698056
12	194029	840	1.2867377362095
12	199345	860	2.3807386499688
12	204631	880	3.7505646925502
12	209812	900	1.5162659406245
12	215114	920	1.7004344770689
12	220447	940	0.63895521788837
12	225806	960	0.40276964046887
12	231218	980	3.6152466651089
12	236543	1000	0.45739191583442
12	241964	1020	1.8661278212678
12	247256	1040	0.15763623941197
12	252496	1060	1.4868415391777
12	257818	1080	1.7945272177513
12	263116	1100	1.3259452957305
12	268421	1120	1.4382703510597
12	273689	1140	1.5729274270742
12	279109	1160	1.1727163767329
12	284352	1180	0.5926884677544
12	289610	1200	1.6875414060085
12	294888	1220	2.7621150556036
12	300179	1240	1.0593698924329
12	305376	1260	1.2275927023688
12	310709	1280	1.8528860080118
12	316031	1300	1.8329576582026
12	321301	1320	2.1739060653025
12	326663	1340	0.79743174921912
12	331977	1360	1.3739110740525
12	337224	1380	1.9540930820895
12	342551	1400	1.0979659103917
12	347819	1420	0.68977546559682
12	353081	1440	0.60984614887386
12	358384	1460	2.2148248352952
12	363772	1480	1.2495959545755
12	368930	1500	0.73712253424793
12	374226	1520	1.183108289662
12	379500	1540	0.97195823311515
12	384695	1560	2.5374903293159
12	389968	1580	1.3170832861013
12	395238	1600	1.9367042512605
12	400579	1620	2.1418144592847
12	405879	1640	3.3566930916654
12	411257	1660	1.106918593536
12	416584	1680	2.2278770849022
12	421856	1700	1.0572113818264
12	427124	1720	1.0469993179918
12	432381	1740	3.3064818732695
12	437766	1760	nan
12	443103	1780	0.21350776454617
12	448407	1800	1.3748418632238
12	453308	1820	0.19199563914063
12	457570	1840	nan
12	461329	1860	nan
12	464680	1880	1.5141700647756
12	467585	1900	3.1729626317276
12	470118	1920	0.46815827230257
12	472148	1940	nan
12	473745	1960	nan
12	474804	1980	nan
12	475359	2000	nan
13	34335	240	1.9507861246816
13	39617	260	2.6765544062348
13	45041	280	nan
13	50287	300	0.93266079073313
13	55563	320	1.7553699046788
13	60973	340	0.58593978124278
13	66292	360	1.0757208762583
13	71557	380	0.051897890406414
13	76951	400	0.99348294954259
13	82264	420	9.4064492639004
13	87629	440	3.5681411219126
13	92941	460	nan
13	98310	480	6.9336367502534
13	103653	500	nan
13	108996	520	3.8718867905588
13	114305	540	nan
13	119587	560	1.702300308756
13	124920	580	3.9688699341407
13	130255	600	2.84284155331
13	135563	620	1.2072438773104
13	140831	640	4.4588825000197
13	146185	660	nan
13	151487	680	0.91726828513207
13	156780	700	2.6144424124702
13	162184	720	0.055087144665775
13	167583	740	1.3496148246645
13	172833	760	1.4948433283111
13	178071	780	2.2118551627947
13	183333	800	0.94312923795754
13	188733	820	0.048709199323803
13	194029	840	1.6556940017855
13	199345	860	5.6679165194551
13	204631	880	14.066735513004
13	209812	900	2.2990624026979
13	215114	920	2.8914774108045
13	220447	940	0.40826377046677
13	225806	960	0.16222338328343
13	231218	980	13.070008449581
13	236543	1000	0.20920736467068
13	241964	1020	3.4824330453099
13	247256	1040	0.024849183975947
13	252496	1060	2.2106977626244
13	257818	1080	3.2203279352502
13	263116	1100	1.7581309272698
13	268421	1120	2.0686216027375
13	273689	1140	2.4741006908423
13	279109	1160	1.3752637002574
13	284352	1180	0.35127961980905
13	289610	1200	2.8477959969931
13	294888	1220	7.6292795803923
13	300179	1240	1.1222645689932
13	305376	1260	1.506983842909
13	310709	1280	3.433186558686
13	316031	1300	3.3597337767636
13	321301	1320	4.725867580759
13	326663	1340	0.63589739466267
13	331977	1360	1.8876316394041
13	337224	1380	3.8184797734699
13	342551	1400	1.2055291403823
13	347819	1420	0.47579019293931
13	353081	1440	0.37191232529627
13	358384	1460	4.9054490510402
13	363772	1480	1.5614900496915
13	368930	1500	0.54334963049609
13	374226	1520	1.3997452250668
13	379500	1540	0.94470280692033
13	384695	1560	6.4388571713716
13	389968	1580	1.7347083825275
13	395238	1600	3.7508233568505
13	400579	1620	4.5873691780009
13	405879	1640	11.267388511634
13	411257	1660	1.2252687727158
13	416584	1680	4.9634363054322
13	421856	1700	1.1176959058634
13	427124	1720	1.0962075718753
13	432381	1740	10.93282237826
13	437766	1760	nan
13	443103	1780	0.045585565521501
13	448407	1800	1.8901901488727
13	453308	1820	0.036862325449017
13	457570	1840	nan
13	461329	1860	nan
13	464680	1880	2.2927109850626
13	467585	1900	10.06769186234
13	470118	1920	0.21917216792533
13	472148	1940	nan
13	473745	1960	nan
13	474804	1980	nan
13	475359	2000	nan
14	34335	240	133.81156539065
14	39617	260	224.19287022169
14	45041	280	0
14	50287	300	271.52119991899
14	55563	320	224.35293836375
14	60973	340	311.54368406211
14	66292	360	222.52096113564
14	71557	380	222.14744501725
14	76951	400	225.64436050247
14	82264	420	356.72465068499
14	87629	440	268.49712066923
14	92941	460	134.65023061805
14	98310	480	179.30775573835
14	103653	500	90.288315272144
14	108996	520	400.2359784768
14	114305	540	44.936925885333
14	119587	560	357.73892468054
14	124920	580	223.44935809793
14	130255	600	265.53789134554
14	135563	620	224.78368974965
14	140831	640	267.38855789526
14	146185	660	267.42953581213
14	151487	680	135.3537935488
14	156780	700	402.69275097736
14	162184	720	401.45601099915
14	167583	740	358.48615140428
14	172833	760	354.44538902894
14	178071	780	269.78355715849
14	183333	800	225.58282812924
14	188733	820	135.02610639111
14	194029	840	180.25057495443
14	199345	860	315.5115084427
14	204631	880	363.30220778208
14	209812	900	180.06697881492
14	215114	920	135.09015077471
14	220447	940	356.69601027838
14	225806	960	270.0201806841
14	231218	980	178.48976883324
14	236543	1000	269.44501600483
14	241964	1020	226.36318354581
14	247256	1040	91.953278939437
14	252496	1060	313.36905698563
14	257818	1080	361.09753937452
14	263116	1100	312.51586390252
14	268421	1120	181.61456651236
14	273689	1140	91.471322642447
14	279109	1160	134.75514820653
14	284352	1180	89.70632225229
14	289610	1200	313.77934462445
14	294888	1220	133.82231319571
14	300179	1240	177.82154837744
14	305376	1260	362.18532495054
14	310709	1280	312.57639725765
14	316031	1300	268.16516409015
14	321301	1320	176.83706465415
14	326663	1340	269.7467695388
14	331977	1360	311.9875141914
14	337224	1380	269.24073375371
14	342551	1400	181.10737372219
14	347819	1420	225.00834772007
14	353081	1440	271.02349830979
14	358384	1460	182.97856736391
14	363772	1480	400.79373004689
14	368930	1500	133.32020300841
14	374226	1520	178.65272983347
14	379500	1540	268.01663986344
14	384695	1560	316.53795305379
14	389968	1580	315.57974840034
14	395238	1600	360.44851498871
14	400579	1620	137.06509981894
14	405879	1640	404.88515799251
14	411257	1660	225.35792157992
14	416584	1680	227.00115258063
14	421856	1700	133.8391261728
14	427124	1720	401.61157882121
14	432381	1740	222.86858420731
14	437766	1760	135.95663209857
14	443103	1780	133.49023198136
14	448407	1800	88.994306470121
14	453308	1820	224.62754590399
14	457570	1840	44.49977251176
14	461329	1860	133.00271748775
14	464680	1880	137.29460819701
14	467585	1900	270.06190622287
14	470118	1920	181.52393354459
14	472148	1940	93.005522820293
14	473745	1960	46.641253717527
14	474804	1980	47.719788632344
14	475359	2000	0
15	34335	240	44.603855130216
15	39617	260	44.838574044337
15	45041	280	nan
15	50287	300	45.253533319832
15	55563	320	44.870587672749
15	60973	340	44.506240580301
15	66292	360	44.504192227129
15	71557	380	44.42948900345
15	76951	400	45.128872100494
15	82264	420	44.590581335624
15	87629	440	44.749520111539
15	92941	460	44.883410206016
15	98310	480	44.826938934588
15	103653	500	45.144157636072
15	108996	520	44.4706642752
15	114305	540	44.936925885333
15	119587	560	44.717365585067
15	124920	580	44.689871619587
15	130255	600	44.256315224257
15	135563	620	44.95673794993
15	140831	640	44.564759649211
15	146185	660	44.571589302022
15	151487	680	45.117931182934
15	156780	700	44.743638997484
15	162184	720	44.60622344435
15	167583	740	44.810768925535
15	172833	760	44.305673628618
15	178071	780	44.963926193081
15	183333	800	45.116565625848
15	188733	820	45.008702130371
15	194029	840	45.062643738608
15	199345	860	45.073072634671
15	204631	880	45.41277597276
15	209812	900	45.01674470373
15	215114	920	45.030050258236
15	220447	940	44.587001284797
15	225806	960	45.00336344735
15	231218	980	44.62244220831
15	236543	1000	44.907502667472
15	241964	1020	45.272636709163
15	247256	1040	45.976639469719
15	252496	1060	44.767008140804
15	257818	1080	45.137192421815
15	263116	1100	44.645123414646
15	268421	1120	45.403641628091
15	273689	1140	45.735661321224
15	279109	1160	44.918382735509
15	284352	1180	44.853161126145
15	289610	1200	44.825620660635
15	294888	1220	44.607437731902
15	300179	1240	44.45538709436
15	305376	1260	45.273165618818
15	310709	1280	44.653771036807
15	316031	1300	44.694194015025
15	321301	1320	44.209266163537
15	326663	1340	44.957794923134
15	331977	1360	44.569644884486
15	337224	1380	44.873455625618
15	342551	1400	45.276843430547
15	347819	1420	45.001669544013
15	353081	1440	45.170583051631
15	358384	1460	45.744641840976
15	363772	1480	44.532636671876
15	368930	1500	44.440067669469
15	374226	1520	44.663182458368
15	379500	1540	44.66943997724
15	384695	1560	45.219707579112
15	389968	1580	45.082821200049
15	395238	1600	45.056064373589
15	400579	1620	45.688366606314
15	405879	1640	44.987239776946
15	411257	1660	45.071584315984
15	416584	1680	45.400230516125
15	421856	1700	44.6130420576
15	427124	1720	44.623508757912
15	432381	1740	44.573716841463
15	437766	1760	45.318877366191
15	443103	1780	44.496743993786
15	448407	1800	44.49715323506
15	453308	1820	44.925509180799
15	457570	1840	44.49977251176
15	461329	1860	44.334239162583
15	464680	1880	45.764869399003
15	467585	1900	45.010317703812
15	470118	1920	45.380983386148
15	472148	1940	46.502761410146
15	473745	1960	46.641253717527
15	474804	1980	47.719788632344
15	475359	2000	nan
16	34335	240	0.58957655692173
16	39617	260	0.46327638971612
16	45041	280	nan
16	50287	300	1.3613747063306
16	55563	320	1.2607097971343
16	60973	340	0.37381533608893
16	66292	360	0.26997702700052
16	71557	380	0.53202226626307
16	76951	400	1.8635509293839
16	82264	420	0.51151759366746
16	87629	440	0.48761807872682
16	92941	460	0.65396470185528
16	98310	480	0.53849178943468
16	103653	500	1.4023707598202
16	108996	520	0.29468687424776
16	114305	540	nan
16	119587	560	1.1082883177582
16	124920	580	1.4934469157013
16	130255	600	0.30727356008733
16	135563	620	0.51182657850935
16	140831	640	0.30504789622536
16	146185	660	1.373181992419
16	151487	680	1.3619490628361
16	156780	700	0.92620268262818
16	162184	720	0.66899981317455
16	167583	740	0.8727484516711
16	172833	760	0.68805226123604
16	178071	780	0.87348345997105
16	183333	800	0.72157377231692
16	188733	820	0.68706094209519
16	194029	840	0.58172137342329
16	199345	860	0.92925504167385
16	204631	880	1.0868434529185
16	209812	900	1.0077651650272
16	215114	920	0.51961757416248
16	220447	940	0.451184712735
16	225806	960	0.46736221768793
16	231218	980	0.49147665240692
16	236543	1000	0.44372070563973
16	241964	1020	1.0974397719457
16	247256	1040	0.49154592569907
16	252496	1060	0.92988100509365
16	257818	1080	0.53684816498993
16	263116	1100	0.52544376759685
16	268421	1120	1.2689779070332
16	273689	1140	1.5968515909198
16	279109	1160	0.87691232550108
16	284352	1180	0.079716811702104
16	289610	1200	0.6151849308906
16	294888	1220	0.84665909733881
16	300179	1240	0.41939965783853
16	305376	1260	0.95623500233038
16	310709	1280	0.6176185793445
16	316031	1300	0.5020854406321
16	321301	1320	0.37565128964765
16	326663	1340	1.0696577183094
16	331977	1360	0.57275388858531
16	337224	1380	1.1133160731436
16	342551	1400	0.64755599915475
16	347819	1420	0.57753396973332
16	353081	1440	1.4191714919222
16	358384	1460	1.4755209617045
16	363772	1480	0.88913036501834
16	368930	1500	0.67721726667533
16	374226	1520	0.23436070311326
16	379500	1540	0.47682435334431
16	384695	1560	1.5936371407567
16	389968	1580	0.98588490905657
16	395238	1600	1.0035105158962
16	400579	1620	1.7384911253101
16	405879	1640	0.69436898061177
16	411257	1660	1.1738461661262
16	416584	1680	1.3568954107356
16	421856	1700	0.62884441119062
16	427124	1720	0.7764589289525
16	432381	1740	0.27755128981218
16	437766	1760	1.1022653988217
16	443103	1780	0.53045274691789
16	448407	1800	0.3914055649696
16	453308	1820	1.0456340303846
16	457570	1840	nan
16	461329	1860	0.51622573092495
16	464680	1880	1.2331273442964
16	467585	1900	0.71600237882403
16	470118	1920	0.79800177661132
16	472148	1940	0.99192488419687
16	473745	1960	nan
16	474804	1980	nan
16	475359	2000	nan
17	34335	240	0.34760051647169
17	39617	260	0.2146250132684
17	45041	280	nan
17	50287	300	1.8533410910368
17	55563	320	1.5893891925905
17	60973	340	0.13973790549528
17	66292	360	0.072887595108041
17	71557	380	0.28304769179969
17	76951	400	3.4728220664075
17	82264	420	0.26165024863135
17	87629	440	0.23777139070124
17	92941	460	0.42766983127267
17	98310	480	0.28997340728856
17	103653	500	1.9666437479986
17	108996	520	0.086840353853912
17	114305	540	nan
17	119587	560	1.2283029952793
17	124920	580	2.2303836900178
17	130255	600	0.094417040728741
17	135563	620	0.26196644646859
17	140831	640	0.093054218991518
17	146185	660	1.8856287843039
17	151487	680	1.8549052497602
17	156780	700	0.85785140930764
17	162184	720	0.44756075002758
17	167583	740	0.7616898598943
17	172833	760	0.47341591419203
17	178071	780	0.76297335484299
17	183333	800	0.52066870889568
17	188733	820	0.47205273815273
17	194029	840	0.33839975629747
17	199345	860	0.86351493247626
17	204631	880	1.1812286911518
17	209812	900	1.0155906278422
17	215114	920	0.2700024233785
17	220447	940	0.20356764500576
17	225806	960	0.21842744252218
17	231218	980	0.24154929986111
17	236543	1000	0.19688806461342
17	241964	1020	1.2043740530483
17	247256	1040	0.24161739707135
17	252496	1060	0.86467868363398
17	257818	1080	0.28820595225306
17	263116	1100	0.27609115290637
17	268421	1120	1.6103049285383
17	273689	1140	2.549935003423
17	279109	1160	0.76897522661571
17	284352	1180	0.0063547700679487
17	289610	1200	0.37845249919488
17	294888	1220	0.71683162710658
17	300179	1240	0.17589607299508
17	305376	1260	0.91438537968178
17	310709	1280	0.38145270955152
17	316031	1300	0.25208978969473
17	321301	1320	0.14111389141395
17	326663	1340	1.1441676343389
17	331977	1360	0.32804701688959
17	337224	1380	1.2394726787199
17	342551	1400	0.41932877204131
17	347819	1420	0.33354548619592
17	353081	1440	2.0140477234846
17	358384	1460	2.1771621084292
17	363772	1480	0.79055280599765
17	368930	1500	0.45862322628321
17	374226	1520	0.054924939163742
17	379500	1540	0.22736146394222
17	384695	1560	2.5396793363992
17	389968	1580	0.97196905390548
17	395238	1600	1.0070333555142
17	400579	1620	3.0223513927821
17	405879	1640	0.48214828123582
17	411257	1660	1.3779148217291
17	416584	1680	1.8411651556754
17	421856	1700	0.39544529348567
17	427124	1720	0.60288846835006
17	432381	1740	0.077034718476403
17	437766	1760	1.2149890094396
17	443103	1780	0.28138011671274
17	448407	1800	0.15319831628917
17	453308	1820	1.0933505254984
17	457570	1840	nan
17	461329	1860	0.266489005269
17	464680	1880	1.5206030472514
17	467585	1900	0.51265940648166
17	470118	1920	0.63680683547483
17	472148	1940	0.98391497588897
17	473745	1960	nan
17	474804	1980	nan
17	475359	2000	nan
18	34335	240	750.82256498096
18	39617	260	651.97182166918
18	45041	280	706.3032527883
18	50287	300	876.68111520846
18	55563	320	739.73321082232
18	60973	340	703.40370428725
18	66292	360	737.89171927156
18	71557	380	690.78381160128
18	76951	400	790.2285979627
18	82264	420	745.44096990442
18	87629	440	949.94381952419
18	92941	460	894.98728978979
18	98310	480	857.59874759396
18	103653	500	769.77755651425
18	108996	520	854.2822703157
18	114305	540	905.08507489547
18	119587	560	853.82575638792
18	124920	580	714.88655275357
18	130255	600	666.30704753644
18	135563	620	841.14990947089
18	140831	640	861.24584894242
18	146185	660	756.31825529399
18	151487	680	708.22287087156
18	156780	700	664.65943052445
18	162184	720	572.68304396487
18	167583	740	809.69951721352
18	172833	760	851.33832046451
18	178071	780	849.8398659313
18	183333	800	938.97334708698
18	188733	820	938.63354836458
18	194029	840	788.25885727191
18	199345	860	751.73782096283
18	204631	880	798.00336633433
18	209812	900	837.82025776195
18	215114	920	892.34449290484
18	220447	940	619.24589033664
18	225806	960	652.44224150684
18	231218	980	768.79288081742
18	236543	1000	711.23075729418
18	241964	1020	757.46123301758
18	247256	1040	753.59215042019
18	252496	1060	664.94714802227
18	257818	1080	624.76368570982
18	263116	1100	660.78094916976
18	268421	1120	715.70292863305
18	273689	1140	751.24051936784
18	279109	1160	652.21439584659
18	284352	1180	701.72062900267
18	289610	1200	743.36634693544
18	294888	1220	931.98650269698
18	300179	1240	887.84645376661
18	305376	1260	692.7844280493
18	310709	1280	788.88851469249
18	316031	1300	656.77082111989
18	321301	1320	693.35099517068
18	326663	1340	650.43006415097
18	331977	1360	703.32839711428
18	337224	1380	700.49296449081
18	342551	1400	648.72764114551
18	347819	1420	610.03913295696
18	353081	1440	605.46004988211
18	358384	1460	654.91893756856
18	363772	1480	661.88166781753
18	368930	1500	686.97116423118
18	374226	1520	784.37863514168
18	379500	1540	790.64301413946
18	384695	1560	842.24707938039
18	389968	1580	930.01809588032
18	395238	1600	846.88524072007
18	400579	1620	740.81881265063
18	405879	1640	898.68794956306
18	411257	1660	907.63739139313
18	416584	1680	978.17552952454
18	421856	1700	940.18568149776
18	427124	1720	839.34649799689
18	432381	1740	789.21862238099
18	437766	1760	846.37950719471
18	443103	1780	834.07611068845
18	448407	1800	760.68857878469
18	453308	1820	745.64774758955
18	457570	1840	758.99864430066
18	461329	1860	520.9210899508
18	464680	1880	432.77959087064
18	467585	1900	523.81215800478
18	470118	1920	470.14501460919
18	472148	1940	533.40128114101
18	473745	1960	387.21592113077
18	474804	1980	288.71717211621
18	475359	2000	188.31730812322
19	34335	240	46.92641031131
19	39617	260	46.569415833513
19	45041	280	47.08688351922
19	50287	300	46.141111326761
19	55563	320	46.233325676395
19	60973	340	46.893580285817
19	66292	360	46.118232454473
19	71557	380	46.052254106752
19	76951	400	46.484035174276
19	82264	420	46.590060619026
19	87629	440	47.497190976209
19	92941	460	47.104594199462
19	98310	480	47.644374866331
19	103653	500	48.111097282141
19	108996	520	47.46012612865
19	114305	540	47.636056573446
19	119587	560	47.434764243774
19	124920	580	47.659103516905
19	130255	600	47.593360538317
19	135563	620	46.730550526161
19	140831	640	47.846991607912
19	146185	660	47.269890955874
19	151487	680	47.214858058104
19	156780	700	47.47567360889
19	162184	720	47.723586997073
19	167583	740	47.629383365501
19	172833	760	47.29657335914
19	178071	780	47.213325885072
19	183333	800	46.948667354349
19	188733	820	46.931677418229
19	194029	840	46.368168074818
19	199345	860	46.983613810177
19	204631	880	46.941374490254
19	209812	900	46.545569875664
19	215114	920	46.96549962657
19	220447	940	47.634299256664
19	225806	960	46.603017250489
19	231218	980	48.049555051089
19	236543	1000	47.415383819612
19	241964	1020	47.341327063599
19	247256	1040	47.099509401262
19	252496	1060	47.496224858733
19	257818	1080	48.058745054601
19	263116	1100	47.198639226411
19	268421	1120	47.713528575536
19	273689	1140	46.95253246049
19	279109	1160	46.586742560471
19	284352	1180	46.781375266845
19	289610	1200	46.460396683465
19	294888	1220	46.599325134849
19	300179	1240	46.728760724558
19	305376	1260	46.18562853662
19	310709	1280	46.405206746617
19	316031	1300	46.912201508564
19	321301	1320	46.223399678045
19	326663	1340	46.459290296498
19	331977	1360	46.888559807618
19	337224	1380	46.699530966054
19	342551	1400	46.337688653251
19	347819	1420	46.926087150535
19	353081	1440	46.573849990932
19	358384	1460	46.77992411204
19	363772	1480	47.277261986966
19	368930	1500	45.798077615412
19	374226	1520	46.139919714216
19	379500	1540	46.508412596439
19	384695	1560	46.791504410022
19	389968	1580	46.500904794016
19	395238	1600	47.049180040004
19	400579	1620	46.301175790664
19	405879	1640	47.299365766477
19	411257	1660	47.770389020691
19	416584	1680	46.579787120216
19	421856	1700	47.009284074888
19	427124	1720	46.630360999827
19	432381	1740	46.424624845941
19	437766	1760	47.021083733039
19	443103	1780	46.337561704914
19	448407	1800	47.543036174043
19	453308	1820	46.602984224347
19	457570	1840	47.437415268791
19	461329	1860	47.3564627228
19	464680	1880	48.086621207849
19	467585	1900	47.619287091344
19	470118	1920	47.014501460919
19	472148	1940	48.491025558274
19	473745	1960	48.401990141347
19	474804	1980	48.119528686035
19	475359	2000	47.079327030806
20	34335	240	1.8571617997456
20	39617	260	1.915074328775
20	45041	280	2.278053827326
20	50287	300	1.7186974465452
20	55563	320	0.89759381413209
20	60973	340	2.4225098762664
20	66292	360	2.0887336466635
20	71557	380	1.1024938587333
20	76951	400	1.0927664404431
20	82264	420	2.7783370434995
20	87629	440	2.4240462565684
20	92941	460	2.0965077957704
20	98310	480	2.3483514232145
20	103653	500	2.6597347930584
20	108996	520	2.1906982109371
20	114305	540	2.2604719700337
20	119587	560	2.1959885630812
20	124920	580	1.8339733081321
20	130255	600	1.9246064141667
20	135563	620	2.0979575702093
20	140831	640	2.0120242599558
20	146185	660	2.5636717501604
20	151487	680	1.5572536244024
20	156780	700	1.5329819628529
20	162184	720	2.8760557600554
20	167583	740	1.4841414008837
20	172833	760	1.3130129790228
20	178071	780	2.4984247976904
20	183333	800	1.5136875052501
20	188733	820	2.3875553804624
20	194029	840	2.0124141203269
20	199345	860	1.6725204406724
20	204631	880	2.4939325606398
20	209812	900	1.5292315356606
20	215114	920	1.8383088025116
20	220447	940	3.4215021120348
20	225806	960	2.4855749156034
20	231218	980	2.4503470102193
20	236543	1000	2.3331252082275
20	241964	1020	2.6665099643529
20	247256	1040	3.1941296819773
20	252496	1060	2.6895820842395
20	257818	1080	2.4299424155613
20	263116	1100	2.7925396595253
20	268421	1120	2.127565116769
20	273689	1140	2.1736420028522
20	279109	1160	2.3557763241961
20	284352	1180	1.6158991939808
20	289610	1200	1.7860334739389
20	294888	1220	2.1604536958669
20	300179	1240	2.0809486833266
20	305376	1260	1.4585941071033
20	310709	1280	1.6596650722972
20	316031	1300	2.205780187914
20	321301	1320	1.6570089160779
20	326663	1340	1.6556772808595
20	331977	1360	1.8263101536887
20	337224	1380	1.7589636543773
20	342551	1400	1.3435084646378
20	347819	1420	1.9187230329191
20	353081	1440	1.6805897285724
20	358384	1460	1.712017887753
20	363772	1480	1.8362323608376
20	368930	1500	1.733104610252
20	374226	1520	1.1672204854029
20	379500	1540	1.4848292949156
20	384695	1560	2.0059400929703
20	389968	1580	2.3712718941251
20	395238	1600	1.8481608198653
20	400579	1620	2.4156120441818
20	405879	1640	2.4284651400467
20	411257	1660	3.0800427985726
20	416584	1680	2.6109021167284
20	421856	1700	2.9325347087034
20	427124	1720	1.7356119701251
20	432381	1740	1.521164628757
20	437766	1760	2.0613777028428
20	443103	1780	3.0188269757774
20	448407	1800	3.6365780138181
20	453308	1820	2.4875999639705
20	457570	1840	3.3060231111697
20	461329	1860	4.3955291593593
20	464680	1880	3.7122600501828
20	467585	1900	2.52417414274
20	470118	1920	1.5813464180031
20	472148	1940	2.5744822109984
20	473745	1960	2.6529451836771
20	474804	1980	3.8539871139545
20	475359	2000	5.5083021016982
21	34335	240	3.4490499504343
21	39617	260	3.6675096847332
21	45041	280	5.1895292401947
21	50287	300	2.9539209127608
21	55563	320	0.80567465516819
21	60973	340	5.8685541006084
21	66292	360	4.3628082467042
21	71557	380	1.2154927085446
21	76951	400	1.1941384933587
21	82264	420	7.7191567272817
21	87629	440	5.8760002539835
21	92941	460	4.3953449377259
21	98310	480	5.5147544069137
21	103653	500	7.0741891694052
21	108996	520	4.7991586514029
21	114305	540	5.1097335273078
21	119587	560	4.8223657691836
21	124920	580	3.3634580949409
21	130255	600	3.7041098494517
21	135563	620	4.4014259663985
21	140831	640	4.0482416226506
21	146185	660	6.5724128425706
21	151487	680	2.4250388507145
21	156780	700	2.3500336984323
21	162184	720	8.2716967349479
21	167583	740	2.2026756978169
21	172833	760	1.7240030830824
21	178071	780	6.2421264697142
21	183333	800	2.2912498635504
21	188733	820	5.7004206947751
21	194029	840	4.049810591691
21	199345	860	2.7973246244668
21	204631	880	6.2196996170192
21	209812	900	2.3385490896589
21	215114	920	3.3793792533916
21	220447	940	11.706676702659
21	225806	960	6.1780826610768
21	231218	980	6.0042004704906
21	236543	1000	5.4434732372666
21	241964	1020	7.1102753899931
21	247256	1040	10.202464425288
21	252496	1060	7.2338517878621
21	257818	1080	5.9046201429437
21	263116	1100	7.7982777500218
21	268421	1120	4.5265333260924
21	273689	1140	4.7247195565631
21	279109	1160	5.5496820896427
21	284352	1180	2.6111302051079
21	289610	1200	3.1899155700303
21	294888	1220	4.6675601719849
21	300179	1240	4.3303474226388
21	305376	1260	2.1274967692764
21	310709	1280	2.7544881522034
21	316031	1300	4.8654662373939
21	321301	1320	2.7456785479618
21	326663	1340	2.7412672583544
21	331977	1360	3.3354087774664
21	337224	1380	3.0939531374202
21	342551	1400	1.8050149945535
21	347819	1420	3.6814980770542
21	353081	1440	2.8243818357829
21	358384	1460	2.9310052479863
21	363772	1480	3.3717492829874
21	368930	1500	3.0036515900767
21	374226	1520	1.3624036615443
21	379500	1540	2.2047180350394
21	384695	1560	4.0237956565856
21	389968	1580	5.6229303958675
21	395238	1600	3.4156984160853
21	400579	1620	5.8351815479964
21	405879	1640	5.8974429364221
21	411257	1660	9.4866636410389
21	416584	1680	6.816809863137
21	421856	1700	8.59975981775
21	427124	1720	3.0123489108416
21	432381	1740	2.3139418277815
21	437766	1760	4.2492780337773
21	443103	1780	9.1133163096816
21	448407	1800	13.224699650585
21	453308	1820	6.188153580746
21	457570	1840	10.929788811588
21	461329	1860	19.320676590778
21	464680	1880	13.780874680183
21	467585	1900	6.3714551028771
21	470118	1920	2.5006564937312
21	472148	1940	6.627958654747
21	473745	1960	7.0381181475953
21	474804	1980	14.853216674528
21	475359	2000	30.341392043573
22	34335	240	1611.5673105871
22	39617	260	1562.625328082
22	45041	280	1790.5430461244
22	50287	300	1521.9163195016
22	55563	320	1566.8373139299
22	60973	340	1529.844871535
22	66292	360	1565.9525422998
22	71557	380	1567.9986969299
22	76951	400	1617.5985537483
22	82264	420	1434.5453143518
22	87629	440	1522.8289687905
22	92941	460	1608.3457530549
22	98310	480	1614.3037059756
22	103653	500	1699.3888644019
22	108996	520	1438.6703777849
22	114305	540	1754.376318795
22	119587	560	1479.87963129
22	124920	580	1572.8696351192
22	130255	600	1480.0611106301
22	135563	620	1615.3561514982
22	140831	640	1523.7274932069
22	146185	660	1570.3066734681
22	151487	680	1705.3180747602
22	156780	700	1393.6391423938
22	162184	720	1396.4551036879
22	167583	740	1433.8454475253
22	172833	760	1484.1747155878
22	178071	780	1478.5206318277
22	183333	800	1565.8013562796
22	188733	820	1704.9110868295
22	194029	840	1612.9971984888
22	199345	860	1432.3616059886
22	204631	880	1431.0493148619
22	209812	900	1614.0827402394
22	215114	920	1750.8777765077
22	220447	940	1440.7893655883
22	225806	960	1572.7608161057
22	231218	980	1618.505848831
22	236543	1000	1525.5710768614
22	241964	1020	1569.5744790449
22	247256	1040	1747.6004023098
22	252496	1060	1484.6883874724
22	257818	1080	1433.747034782
22	263116	1100	1434.5046656357
22	268421	1120	1618.5338894836
22	273689	1140	1657.274416601
22	279109	1160	1711.9540100661
22	284352	1180	1707.4518043398
22	289610	1200	1483.5432326662
22	294888	1220	1661.1734783186
22	300179	1240	1661.8276979504
22	305376	1260	1431.7758107753
22	310709	1280	1481.3504119278
22	316031	1300	1482.1376921798
22	321301	1320	1609.5459644112
22	326663	1340	1525.329003785
22	331977	1360	1478.3245966061
22	337224	1380	1477.6313267156
22	342551	1400	1611.9641414085
22	347819	1420	1521.1121941467
22	353081	1440	1522.6121009468
22	358384	1460	1657.7020749244
22	363772	1480	1440.1024655311
22	368930	1500	1612.5865320715
22	374226	1520	1615.1327110382
22	379500	1540	1526.2614402053
22	384695	1560	1484.253151364
22	389968	1580	1524.9910187156
22	395238	1600	1483.7917365646
22	400579	1620	1656.6188794153
22	405879	1640	1433.4011460811
22	411257	1660	1615.2343581022
22	416584	1680	1613.2386152981
22	421856	1700	1704.1268906819
22	427124	1720	1389.5276804828
22	432381	1740	1565.5892592253
22	437766	1760	1656.0744600823
22	443103	1780	1656.6200225004
22	448407	1800	1706.5635483173
22	453308	1820	1485.6276451076
22	457570	1840	1542.7301094041
22	461329	1860	1265.0410892914
22	464680	1880	1131.5030299464
22	467585	1900	811.81946684617
22	470118	1920	719.66028138887
22	472148	1940	723.67947428431
22	473745	1960	594.50544287333
22	474804	1980	460.82824394445
22	475359	2000	374.73547595857
23	34335	240	44.76575862742
23	39617	260	44.646437945201
23	45041	280	44.763576153111
23	50287	300	44.762244691224
23	55563	320	44.766780397996
23	60973	340	44.995437398088
23	66292	360	44.741501208567
23	71557	380	44.799962769427
23	76951	400	44.933293159676
23	82264	420	44.829541073495
23	87629	440	44.789087317368
23	92941	460	44.676270918191
23	98310	480	44.841769610434
23	103653	500	44.720759589522
23	108996	520	44.958449305779
23	114305	540	44.98400817423
23	119587	560	44.844837311818
23	124920	580	44.939132431977
23	130255	600	44.850336685761
23	135563	620	44.871004208283
23	140831	640	44.815514506087
23	146185	660	44.865904956232
23	151487	680	44.876791441057
23	156780	700	44.956101367541
23	162184	720	45.046938828643
23	167583	740	44.807670235166
23	172833	760	44.974991381447
23	178071	780	44.803655509931
23	183333	800	44.737181607989
23	188733	820	44.866081232356
23	194029	840	44.805477735801
23	199345	860	44.761300187145
23	204631	880	44.720291089435
23	209812	900	44.835631673316
23	215114	920	44.894301961735
23	220447	940	45.024667674633
23	225806	960	44.936023317306
23	231218	980	44.958495800862
23	236543	1000	44.869737554747
23	241964	1020	44.844985115568
23	247256	1040	44.810266725891
23	252496	1060	44.990557196134
23	257818	1080	44.804594836939
23	263116	1100	44.828270801116
23	268421	1120	44.959274707877
23	273689	1140	44.791200448675
23	279109	1160	45.051421317528
23	284352	1180	44.932942219467
23	289610	1200	44.955855535338
23	294888	1220	44.896580495098
23	300179	1240	44.914262106767
23	305376	1260	44.742994086727
23	310709	1280	44.889406422054
23	316031	1300	44.913263399387
23	321301	1320	44.709610122534
23	326663	1340	44.862617758382
23	331977	1360	44.79771504867
23	337224	1380	44.77670687017
23	342551	1400	44.776781705791
23	347819	1420	44.738593945491
23	353081	1440	44.782708851375
23	358384	1460	44.802758781741
23	363772	1480	45.003202047845
23	368930	1500	44.794070335319
23	374226	1520	44.86479752884
23	379500	1540	44.890042358978
23	384695	1560	44.977368223152
23	389968	1580	44.852677021047
23	395238	1600	44.963385956504
23	400579	1620	44.773483227439
23	405879	1640	44.793785815035
23	411257	1660	44.867621058394
23	416584	1680	44.81218375828
23	421856	1700	44.84544449163
23	427124	1720	44.823473563961
23	432381	1740	44.731121692152
23	437766	1760	44.758769191414
23	443103	1780	44.773514121633
23	448407	1800	44.90956706098
23	453308	1820	45.019019548714
23	457570	1840	45.374414982474
23	461329	1860	45.180038903265
23	464680	1880	45.260121197858
23	467585	1900	45.101081491454
23	470118	1920	44.978767586804
23	472148	1940	45.229967142769
23	473745	1960	45.731187913333
23	474804	1980	46.082824394445
23	475359	2000	46.841934494821
24	34335	240	0.76556089166542
24	39617	260	0.67528005220641
24	45041	280	0.71280407435354
24	50287	300	0.90289600309229
24	55563	320	0.69556350509359
24	60973	340	1.2918473035333
24	66292	360	0.86795409723259
24	71557	380	0.88622769826995
24	76951	400	0.83590071891131
24	82264	420	0.83873033563269
24	87629	440	0.66384685933156
24	92941	460	0.56486077326914
24	98310	480	0.79704480221203
24	103653	500	0.6157852237699
24	108996	520	0.91328168507221
24	114305	540	1.2472429661285
24	119587	560	0.83350420819239
24	124920	580	0.87232206308929
24	130255	600	0.8001540288124
24	135563	620	0.97849364764473
24	140831	640	0.79129160328595
24	146185	660	0.76290305486002
24	151487	680	0.86575271026737
24	156780	700	0.89616428606527
24	162184	720	1.1552272351448
24	167583	740	0.67457621869071
24	172833	760	0.87078274261385
24	178071	780	0.83998230286344
24	183333	800	0.58858327987846
24	188733	820	0.89849027197333
24	194029	840	0.95775484024367
24	199345	860	0.67626803784851
24	204631	880	0.73672414276939
24	209812	900	0.78218492881687
24	215114	920	0.94991024995901
24	220447	940	1.1662511003505
24	225806	960	0.83399530944512
24	231218	980	0.76505786286856
24	236543	1000	0.6332095955377
24	241964	1020	0.68194921225408
24	247256	1040	0.58398730018797
24	252496	1060	0.98695192299184
24	257818	1080	0.75741858327498
24	263116	1100	0.68755566469668
24	268421	1120	1.0624584049286
24	273689	1140	0.78770966368327
24	279109	1160	1.0743415184477
24	284352	1180	0.88843466720617
24	289610	1200	0.92204094524789
24	294888	1220	0.80293980361986
24	300179	1240	0.86317980120746
24	305376	1260	0.59584648845899
24	310709	1280	0.66348359245802
24	316031	1300	0.91588016890427
24	321301	1320	0.62064166883087
24	326663	1340	0.77333332076958
24	331977	1360	0.67561130843143
24	337224	1380	0.69280614444818
24	342551	1400	0.64167402895592
24	347819	1420	0.73183197332508
24	353081	1440	0.91294024274914
24	358384	1460	0.67754323249286
24	363772	1480	0.84509556883921
24	368930	1500	0.6070538633963
24	374226	1520	0.81133639402026
24	379500	1540	0.84814333305352
24	384695	1560	1.1964253026248
24	389968	1580	0.86352403083327
24	395238	1600	1.0594984404841
24	400579	1620	0.81006166413054
24	405879	1640	0.80909042109589
24	411257	1660	0.79368557518054
24	416584	1680	0.77099587859425
24	421856	1700	0.80166463384185
24	427124	1720	0.61181214198576
24	432381	1740	0.70797795416927
24	437766	1760	0.65919272198384
24	443103	1780	0.65599027539512
24	448407	1800	1.0503479708268
24	453308	1820	1.1831482770923
24	457570	1840	1.7440650524107
24	461329	1860	1.1122956365845
24	464680	1880	1.600253497089
24	467585	1900	0.78219926500648
24	470118	1920	0.63550420980615
24	472148	1940	0.60300169654603
24	473745	1960	0.88467834984762
24	474804	1980	0.96166776714608
24	475359	2000	1.1299599311783
25	34335	240	0.58608347884755
25	39617	260	0.4560031489079
25	45041	280	0.50808964841501
25	50287	300	0.81522119240004
25	55563	320	0.48380858961808
25	60973	340	1.6688694556462
25	66292	360	0.75334431490284
25	71557	380	0.78539953318085
25	76951	400	0.69873001187644
25	82264	420	0.70346857591052
25	87629	440	0.44069265264438
25	92941	460	0.31906769317821
25	98310	480	0.63528041673322
25	103653	500	0.37919144181335
25	108996	520	0.83408343628833
25	114305	540	1.5556150165571
25	119587	560	0.69472926507441
25	124920	580	0.76094578175236
25	130255	600	0.64024646982471
25	135563	620	0.95744981848109
25	140831	640	0.62614240143086
25	146185	660	0.58202107111474
25	151487	680	0.7495277553353
25	156780	700	0.80311042761888
25	162184	720	1.3345499648203
25	167583	740	0.45505307482306
25	172833	760	0.7582625848341
25	178071	780	0.70557026912377
25	183333	800	0.34643027735248
25	188733	820	0.8072847688307
25	194029	840	0.91729433401018
25	199345	860	0.45733845901548
25	204631	880	0.54276246253929
25	209812	900	0.61181326286825
25	215114	920	0.90232948297719
25	220447	940	1.3601416290687
25	225806	960	0.69554817617646
25	231218	980	0.58531353353701
25	236543	1000	0.40095439188102
25	241964	1020	0.46505472809396
25	247256	1040	0.34104116678084
25	252496	1060	0.97407409829729
25	257818	1080	0.57368291029028
25	263116	1100	0.47273279205649
25	268421	1120	1.1288178622033
25	273689	1140	0.62048651426002
25	279109	1160	1.1542096982605
25	284352	1180	0.78931615789375
25	289610	1200	0.85015950471362
25	294888	1220	0.64471232823711
25	300179	1240	0.74507936921256
25	305376	1260	0.35503303780891
25	310709	1280	0.44021047746101
25	316031	1300	0.83883648379212
25	321301	1320	0.38519608108916
25	326663	1340	0.5980444250125
25	331977	1360	0.45645064008043
25	337224	1380	0.47998035378516
25	342551	1400	0.41174555943653
25	347819	1420	0.53557803718088
25	353081	1440	0.83345988683085
25	358384	1460	0.45906483189688
25	363772	1480	0.71418652047167
25	368930	1500	0.36851439306437
25	374226	1520	0.6582667442618
25	379500	1540	0.71934711340314
25	384695	1560	1.431433504761
25	389968	1580	0.74567375182653
25	395238	1600	1.1225369453883
25	400579	1620	0.65619989969394
25	405879	1640	0.65462730950912
25	411257	1660	0.62993679224966
25	416584	1680	0.59443464480932
25	421856	1700	0.64266618515279
25	427124	1720	0.3743140970812
25	432381	1740	0.50123278358971
25	437766	1760	0.43453504471647
25	443103	1780	0.43032324141297
25	448407	1800	1.10323085982
25	453308	1820	1.3998398455864
25	457570	1840	3.0417629070404
25	461329	1860	1.2372015831649
25	464680	1880	2.5608112549456
25	467585	1900	0.61183569017668
25	470118	1920	0.40386560068133
25	472148	1940	0.36361104603739
25	473745	1960	0.78265578268912
25	474804	1980	0.92480489436773
25	475359	2000	1.2768094460685
