version 2
run statisticRVV-180-20150327-12:53:17-17144
attr c 7
attr configname statisticRVV
attr datetime 20150327-12:53:17
attr experiment statisticRVV
attr inifile omnetpp.ini
attr iterationvars "$sc=\"erlangen-medium.launchd.xml\", $p=1/8, $c=7"
attr iterationvars2 "$sc=\"erlangen-medium.launchd.xml\", $p=1/8, $c=7, $repetition=0"
attr measurement "$sc=\"erlangen-medium.launchd.xml\", $p=1/8, $c=7"
attr network RSUExampleScenario
attr p 1/8
attr processid 17144
attr repetition 0
attr replication #0
attr resultdir results
attr runnumber 180
attr sc "\"erlangen-medium.launchd.xml\""
attr seedset 180

vector 0  RSUExampleScenario.rsu[0].appl  Number_CH  ETV
vector 1  RSUExampleScenario.rsu[0].appl  Number_ON  ETV
vector 2  RSUExampleScenario.rsu[0].appl  Number_FN  ETV
vector 3  RSUExampleScenario.rsu[0].appl  Number_CH_Losts  ETV
vector 4  RSUExampleScenario.rsu[0].appl  Number_CH_Losts  ETV
vector 5  RSUExampleScenario.rsu[0].appl  Mean_Cluster_Size  ETV
vector 6  RSUExampleScenario.rsu[0].appl  StdDev_Cluster_Size  ETV
vector 7  RSUExampleScenario.rsu[0].appl  Variance_Cluster_Size  ETV
vector 8  RSUExampleScenario.rsu[0].appl  Mean_Neighbors  ETV
vector 9  RSUExampleScenario.rsu[0].appl  StdDev_Neighbors  ETV
vector 10  RSUExampleScenario.rsu[0].appl  Variance_Neighbors  ETV
vector 11  RSUExampleScenario.rsu[0].appl  Total_CH_Utility  ETV
vector 12  RSUExampleScenario.rsu[0].appl  Mean_CH_Utility  ETV
vector 13  RSUExampleScenario.rsu[0].appl  StdDev_CH_Utility  ETV
vector 14  RSUExampleScenario.rsu[0].appl  Variance_CH_Utility  ETV
vector 15  RSUExampleScenario.rsu[0].appl  Total_exp_CH_Utility  ETV
vector 16  RSUExampleScenario.rsu[0].appl  Mean_exp_CH_Utility  ETV
vector 17  RSUExampleScenario.rsu[0].appl  StdDev_exp_CH_Utility  ETV
vector 18  RSUExampleScenario.rsu[0].appl  Variance_exp_CH_Utility  ETV
vector 19  RSUExampleScenario.rsu[0].appl  Total_ON_Utility  ETV
vector 20  RSUExampleScenario.rsu[0].appl  Mean_ON_Utility  ETV
vector 21  RSUExampleScenario.rsu[0].appl  StdDev_ON_Utility  ETV
vector 22  RSUExampleScenario.rsu[0].appl  Variance_ON_Utility  ETV
vector 23  RSUExampleScenario.rsu[0].appl  Total_exp_ON_Utility  ETV
vector 24  RSUExampleScenario.rsu[0].appl  Mean_exp_ON_Utility  ETV
vector 25  RSUExampleScenario.rsu[0].appl  StdDev_exp_ON_Utility  ETV
vector 26  RSUExampleScenario.rsu[0].appl  Variance_exp_ON_Utility  ETV
0	145582	240	7
0	171241	260	11
0	198253	280	15
0	225426	300	12
0	252567	320	13
0	279804	340	16
0	307073	360	9
0	334266	380	13
0	361741	400	12
0	389233	420	13
0	416537	440	12
0	444429	460	6
0	472813	480	9
0	501674	500	13
0	530916	520	10
0	560825	540	12
0	591313	560	12
0	622448	580	17
0	653838	600	11
0	686068	620	16
0	719308	640	18
0	753306	660	15
0	788281	680	10
0	823926	700	15
0	860631	720	9
0	898697	740	10
0	938146	760	14
0	978732	780	8
0	1020067	800	12
0	1062841	820	14
0	1106746	840	15
0	1151286	860	16
0	1197588	880	14
0	1244814	900	24
0	1292996	920	15
0	1342740	940	13
0	1393820	960	15
0	1446385	980	18
0	1499673	1000	19
0	1554445	1020	14
0	1610188	1040	13
0	1667616	1060	17
0	1726805	1080	17
0	1787090	1100	13
0	1848913	1120	14
0	1911814	1140	12
0	1976627	1160	15
0	2043378	1180	21
0	2111489	1200	24
0	2181638	1220	13
0	2254240	1240	23
0	2328042	1260	16
0	2404478	1280	21
0	2482389	1300	21
0	2562494	1320	16
0	2643841	1340	21
0	2727459	1360	22
0	2812947	1380	21
0	2900486	1400	17
0	2990872	1420	16
0	3081974	1440	16
0	3175623	1460	18
0	3271907	1480	17
0	3369951	1500	12
0	3470404	1520	23
0	3572989	1540	10
0	3678878	1560	24
0	3787009	1580	25
0	3896508	1600	20
0	4008446	1620	26
0	4123560	1640	25
0	4239808	1660	17
0	4359058	1680	21
0	4481430	1700	20
0	4605997	1720	20
0	4731945	1740	13
0	4861531	1760	24
0	4993227	1780	18
0	5126432	1800	21
0	5262747	1820	20
0	5401123	1840	22
0	5541868	1860	26
0	5684648	1880	24
0	5830842	1900	21
0	5979267	1920	22
0	6129517	1940	30
0	6282633	1960	18
0	6437697	1980	20
0	6595613	2000	30
1	145582	240	35
1	171241	260	52
1	198253	280	59
1	225426	300	71
1	252567	320	58
1	279804	340	63
1	307073	360	55
1	334266	380	59
1	361741	400	56
1	389233	420	64
1	416537	440	57
1	444429	460	40
1	472813	480	55
1	501674	500	72
1	530916	520	48
1	560825	540	62
1	591313	560	56
1	622448	580	71
1	653838	600	62
1	686068	620	72
1	719308	640	83
1	753306	660	61
1	788281	680	52
1	823926	700	76
1	860631	720	56
1	898697	740	63
1	938146	760	72
1	978732	780	54
1	1020067	800	76
1	1062841	820	70
1	1106746	840	70
1	1151286	860	87
1	1197588	880	72
1	1244814	900	89
1	1292996	920	74
1	1342740	940	73
1	1393820	960	81
1	1446385	980	83
1	1499673	1000	77
1	1554445	1020	79
1	1610188	1040	80
1	1667616	1060	83
1	1726805	1080	92
1	1787090	1100	63
1	1848913	1120	79
1	1911814	1140	70
1	1976627	1160	89
1	2043378	1180	89
1	2111489	1200	105
1	2181638	1220	78
1	2254240	1240	102
1	2328042	1260	85
1	2404478	1280	103
1	2482389	1300	93
1	2562494	1320	80
1	2643841	1340	95
1	2727459	1360	104
1	2812947	1380	96
1	2900486	1400	91
1	2990872	1420	87
1	3081974	1440	85
1	3175623	1460	92
1	3271907	1480	84
1	3369951	1500	68
1	3470404	1520	101
1	3572989	1540	62
1	3678878	1560	107
1	3787009	1580	119
1	3896508	1600	93
1	4008446	1620	118
1	4123560	1640	111
1	4239808	1660	97
1	4359058	1680	111
1	4481430	1700	100
1	4605997	1720	98
1	4731945	1740	80
1	4861531	1760	124
1	4993227	1780	112
1	5126432	1800	112
1	5262747	1820	116
1	5401123	1840	122
1	5541868	1860	131
1	5684648	1880	115
1	5830842	1900	112
1	5979267	1920	122
1	6129517	1940	130
1	6282633	1960	91
1	6437697	1980	118
1	6595613	2000	138
2	145582	240	36
2	171241	260	22
2	198253	280	18
2	225426	300	12
2	252567	320	22
2	279804	340	15
2	307073	360	29
2	334266	380	21
2	361741	400	26
2	389233	420	16
2	416537	440	23
2	444429	460	49
2	472813	480	33
2	501674	500	11
2	530916	520	43
2	560825	540	26
2	591313	560	33
2	622448	580	15
2	653838	600	30
2	686068	620	17
2	719308	640	6
2	753306	660	31
2	788281	680	48
2	823926	700	19
2	860631	720	46
2	898697	740	39
2	938146	760	28
2	978732	780	55
2	1020067	800	28
2	1062841	820	34
2	1106746	840	33
2	1151286	860	16
2	1197588	880	34
2	1244814	900	9
2	1292996	920	35
2	1342740	940	38
2	1393820	960	31
2	1446385	980	27
2	1499673	1000	33
2	1554445	1020	38
2	1610188	1040	38
2	1667616	1060	32
2	1726805	1080	24
2	1787090	1100	58
2	1848913	1120	43
2	1911814	1140	54
2	1976627	1160	35
2	2043378	1180	32
2	2111489	1200	12
2	2181638	1220	52
2	2254240	1240	17
2	2328042	1260	44
2	2404478	1280	23
2	2482389	1300	33
2	2562494	1320	52
2	2643841	1340	33
2	2727459	1360	24
2	2812947	1380	36
2	2900486	1400	44
2	2990872	1420	51
2	3081974	1440	55
2	3175623	1460	47
2	3271907	1480	58
2	3369951	1500	80
2	3470404	1520	38
2	3572989	1540	91
2	3678878	1560	34
2	3787009	1580	22
2	3896508	1600	54
2	4008446	1620	22
2	4123560	1640	33
2	4239808	1660	56
2	4359058	1680	37
2	4481430	1700	53
2	4605997	1720	56
2	4731945	1740	81
2	4861531	1760	31
2	4993227	1780	50
2	5126432	1800	45
2	5262747	1820	43
2	5401123	1840	37
2	5541868	1860	25
2	5684648	1880	45
2	5830842	1900	52
2	5979267	1920	44
2	6129517	1940	28
2	6282633	1960	79
2	6437697	1980	51
2	6595613	2000	22
3	145582	240	1
3	171241	260	1
3	198253	280	0
3	225426	300	0
3	252567	320	0
3	279804	340	0
3	307073	360	0
3	334266	380	0
3	361741	400	0
3	389233	420	2
3	416537	440	0
3	444429	460	1
3	472813	480	0
3	501674	500	2
3	530916	520	1
3	560825	540	0
3	591313	560	1
3	622448	580	1
3	653838	600	0
3	686068	620	0
3	719308	640	1
3	753306	660	0
3	788281	680	0
3	823926	700	0
3	860631	720	0
3	898697	740	0
3	938146	760	0
3	978732	780	1
3	1020067	800	0
3	1062841	820	0
3	1106746	840	2
3	1151286	860	0
3	1197588	880	1
3	1244814	900	3
3	1292996	920	0
3	1342740	940	0
3	1393820	960	0
3	1446385	980	2
3	1499673	1000	3
3	1554445	1020	0
3	1610188	1040	0
3	1667616	1060	0
3	1726805	1080	0
3	1787090	1100	1
3	1848913	1120	0
3	1911814	1140	0
3	1976627	1160	0
3	2043378	1180	2
3	2111489	1200	0
3	2181638	1220	0
3	2254240	1240	1
3	2328042	1260	0
3	2404478	1280	0
3	2482389	1300	2
3	2562494	1320	0
3	2643841	1340	1
3	2727459	1360	4
3	2812947	1380	1
3	2900486	1400	0
3	2990872	1420	0
3	3081974	1440	1
3	3175623	1460	0
3	3271907	1480	1
3	3369951	1500	1
3	3470404	1520	2
3	3572989	1540	1
3	3678878	1560	0
3	3787009	1580	0
3	3896508	1600	1
3	4008446	1620	1
3	4123560	1640	1
3	4239808	1660	0
3	4359058	1680	0
3	4481430	1700	0
3	4605997	1720	1
3	4731945	1740	0
3	4861531	1760	1
3	4993227	1780	0
3	5126432	1800	0
3	5262747	1820	0
3	5401123	1840	1
3	5541868	1860	1
3	5684648	1880	0
3	5830842	1900	0
3	5979267	1920	3
3	6129517	1940	1
3	6282633	1960	0
3	6437697	1980	0
3	6595613	2000	1
4	145582	240	35
4	171241	260	21
4	198253	280	18
4	225426	300	10
4	252567	320	22
4	279804	340	15
4	307073	360	29
4	334266	380	21
4	361741	400	26
4	389233	420	14
4	416537	440	23
4	444429	460	48
4	472813	480	33
4	501674	500	9
4	530916	520	42
4	560825	540	26
4	591313	560	32
4	622448	580	14
4	653838	600	30
4	686068	620	17
4	719308	640	5
4	753306	660	31
4	788281	680	48
4	823926	700	18
4	860631	720	46
4	898697	740	39
4	938146	760	28
4	978732	780	54
4	1020067	800	27
4	1062841	820	34
4	1106746	840	30
4	1151286	860	16
4	1197588	880	33
4	1244814	900	6
4	1292996	920	35
4	1342740	940	37
4	1393820	960	31
4	1446385	980	25
4	1499673	1000	30
4	1554445	1020	38
4	1610188	1040	37
4	1667616	1060	32
4	1726805	1080	24
4	1787090	1100	57
4	1848913	1120	43
4	1911814	1140	53
4	1976627	1160	35
4	2043378	1180	30
4	2111489	1200	11
4	2181638	1220	52
4	2254240	1240	16
4	2328042	1260	44
4	2404478	1280	23
4	2482389	1300	31
4	2562494	1320	52
4	2643841	1340	32
4	2727459	1360	20
4	2812947	1380	35
4	2900486	1400	44
4	2990872	1420	50
4	3081974	1440	54
4	3175623	1460	47
4	3271907	1480	56
4	3369951	1500	79
4	3470404	1520	36
4	3572989	1540	90
4	3678878	1560	33
4	3787009	1580	22
4	3896508	1600	53
4	4008446	1620	21
4	4123560	1640	32
4	4239808	1660	55
4	4359058	1680	37
4	4481430	1700	52
4	4605997	1720	55
4	4731945	1740	80
4	4861531	1760	30
4	4993227	1780	49
4	5126432	1800	45
4	5262747	1820	43
4	5401123	1840	36
4	5541868	1860	24
4	5684648	1880	45
4	5830842	1900	52
4	5979267	1920	41
4	6129517	1940	27
4	6282633	1960	79
4	6437697	1980	51
4	6595613	2000	21
5	145582	240	5
5	171241	260	4.7272727272727
5	198253	280	3.9333333333333
5	225426	300	5.9166666666667
5	252567	320	4.4615384615385
5	279804	340	3.9375
5	307073	360	6.1111111111111
5	334266	380	4.5384615384615
5	361741	400	4.6666666666667
5	389233	420	4.9230769230769
5	416537	440	4.75
5	444429	460	6.6666666666667
5	472813	480	6.1111111111111
5	501674	500	5.5384615384615
5	530916	520	4.8
5	560825	540	5.1666666666667
5	591313	560	4.6666666666667
5	622448	580	4.1764705882353
5	653838	600	5.6363636363636
5	686068	620	4.5
5	719308	640	4.6111111111111
5	753306	660	4.0666666666667
5	788281	680	5.2
5	823926	700	5.0666666666667
5	860631	720	6.2222222222222
5	898697	740	6.3
5	938146	760	5.1428571428571
5	978732	780	6.75
5	1020067	800	6.3333333333333
5	1062841	820	5
5	1106746	840	4.6666666666667
5	1151286	860	5.4375
5	1197588	880	5.1428571428571
5	1244814	900	3.7083333333333
5	1292996	920	4.9333333333333
5	1342740	940	5.6153846153846
5	1393820	960	5.4
5	1446385	980	4.6111111111111
5	1499673	1000	4.0526315789474
5	1554445	1020	5.6428571428571
5	1610188	1040	6.1538461538462
5	1667616	1060	4.8823529411765
5	1726805	1080	5.4117647058824
5	1787090	1100	4.8461538461538
5	1848913	1120	5.6428571428571
5	1911814	1140	5.8333333333333
5	1976627	1160	5.9333333333333
5	2043378	1180	4.2380952380952
5	2111489	1200	4.375
5	2181638	1220	6
5	2254240	1240	4.4347826086957
5	2328042	1260	5.3125
5	2404478	1280	4.9047619047619
5	2482389	1300	4.4285714285714
5	2562494	1320	5
5	2643841	1340	4.5238095238095
5	2727459	1360	4.7272727272727
5	2812947	1380	4.5714285714286
5	2900486	1400	5.3529411764706
5	2990872	1420	5.4375
5	3081974	1440	5.3125
5	3175623	1460	5.1111111111111
5	3271907	1480	4.9411764705882
5	3369951	1500	5.6666666666667
5	3470404	1520	4.3913043478261
5	3572989	1540	6.2
5	3678878	1560	4.4583333333333
5	3787009	1580	4.76
5	3896508	1600	4.65
5	4008446	1620	4.5384615384615
5	4123560	1640	4.44
5	4239808	1660	5.7058823529412
5	4359058	1680	5.2857142857143
5	4481430	1700	5
5	4605997	1720	4.9
5	4731945	1740	6.1538461538462
5	4861531	1760	5.1666666666667
5	4993227	1780	6.2222222222222
5	5126432	1800	5.3333333333333
5	5262747	1820	5.8
5	5401123	1840	5.5454545454545
5	5541868	1860	5.0384615384615
5	5684648	1880	4.7916666666667
5	5830842	1900	5.3333333333333
5	5979267	1920	5.5454545454545
5	6129517	1940	4.3333333333333
5	6282633	1960	5.0555555555556
5	6437697	1980	5.9
5	6595613	2000	4.6
6	145582	240	1.5275252316519
6	171241	260	2.1019471492361
6	198253	280	1.7915143899851
6	225426	300	1.5050420310249
6	252567	320	1.450022104164
6	279804	340	2.20510770712
6	307073	360	0.92796072713834
6	334266	380	1.7134460703207
6	361741	400	2.3868325657594
6	389233	420	1.6052797503622
6	416537	440	2.3788843832963
6	444429	460	0.51639777949432
6	472813	480	0.78173595997057
6	501674	500	1.1982893790306
6	530916	520	2.0976176963403
6	560825	540	1.9924098397912
6	591313	560	2.1033883198883
6	622448	580	2.1574085762103
6	653838	600	1.3618169680781
6	686068	620	1.6329931618555
6	719308	640	1.7197431028701
6	753306	660	2.0862360730226
6	788281	680	1.9888578520235
6	823926	700	1.5796322658258
6	860631	720	1.092906420717
6	898697	740	0.67494855771055
6	938146	760	1.5118578920369
6	978732	780	0.46291004988628
6	1020067	800	0.77849894416152
6	1062841	820	1.9611613513818
6	1106746	840	1.8771812708978
6	1151286	860	1.2632629707758
6	1197588	880	1.5118578920369
6	1244814	900	1.7564580631305
6	1292996	920	2.1201976547572
6	1342740	940	1.1208970766356
6	1393820	960	1.4540583599999
6	1446385	980	1.8194662723832
6	1499673	1000	2.5049658283437
6	1554445	1020	1.2157392722216
6	1610188	1040	0.89871703427292
6	1667616	1060	1.4090046549416
6	1726805	1080	1.4168108346482
6	1787090	1100	2.2303271003059
6	1848913	1120	1.2157392722216
6	1911814	1140	1.6966991126266
6	1976627	1160	1.0327955589886
6	2043378	1180	1.7579750255553
6	2111489	1200	1.2445533509972
6	2181638	1220	1.0801234497346
6	2254240	1240	1.9027751731836
6	2328042	1260	1.5798206649279
6	2404478	1280	1.9210612146614
6	2482389	1300	2.0389072703639
6	2562494	1320	1.7511900715418
6	2643841	1340	1.5690458125577
6	2727459	1360	1.9562310259373
6	2812947	1380	2.0389072703639
6	2900486	1400	1.4116115112961
6	2990872	1420	1.8607794065928
6	3081974	1440	1.4476993242153
6	3175623	1460	1.5296631266543
6	3271907	1480	2.045439690974
6	3369951	1500	1.3026778945579
6	3470404	1520	1.9711355849031
6	3572989	1540	1.0327955589886
6	3678878	1560	1.8410575095915
6	3787009	1580	1.8321208111548
6	3896508	1600	2.2542357790099
6	4008446	1620	1.7940071177288
6	4123560	1640	1.660321254055
6	4239808	1660	1.2631659571466
6	4359058	1680	1.5856499343442
6	4481430	1700	1.555973210431
6	4605997	1720	2.2219005615156
6	4731945	1740	0.80064076902544
6	4861531	1760	1.5788456616112
6	4993227	1780	0.94280904158206
6	5126432	1800	1.4944341180973
6	5262747	1820	1.3611140947574
6	5401123	1840	1.2993504870941
6	5541868	1860	2.068444231412
6	5684648	1880	1.8410575095915
6	5830842	1900	1.6532795690183
6	5979267	1920	1.2238608980744
6	6129517	1940	1.9534820076016
6	6282633	1960	1.9242178616479
6	6437697	1980	1.0208355710681
6	6595613	2000	2.0273985369399
7	145582	240	2.3333333333333
7	171241	260	4.4181818181818
7	198253	280	3.2095238095238
7	225426	300	2.2651515151515
7	252567	320	2.1025641025641
7	279804	340	4.8625
7	307073	360	0.86111111111111
7	334266	380	2.9358974358974
7	361741	400	5.6969696969697
7	389233	420	2.5769230769231
7	416537	440	5.6590909090909
7	444429	460	0.26666666666667
7	472813	480	0.61111111111111
7	501674	500	1.4358974358974
7	530916	520	4.4
7	560825	540	3.969696969697
7	591313	560	4.4242424242424
7	622448	580	4.6544117647059
7	653838	600	1.8545454545455
7	686068	620	2.6666666666667
7	719308	640	2.9575163398693
7	753306	660	4.352380952381
7	788281	680	3.9555555555556
7	823926	700	2.4952380952381
7	860631	720	1.1944444444444
7	898697	740	0.45555555555556
7	938146	760	2.2857142857143
7	978732	780	0.21428571428571
7	1020067	800	0.60606060606061
7	1062841	820	3.8461538461538
7	1106746	840	3.5238095238095
7	1151286	860	1.5958333333333
7	1197588	880	2.2857142857143
7	1244814	900	3.0851449275362
7	1292996	920	4.4952380952381
7	1342740	940	1.2564102564103
7	1393820	960	2.1142857142857
7	1446385	980	3.3104575163399
7	1499673	1000	6.2748538011696
7	1554445	1020	1.478021978022
7	1610188	1040	0.80769230769231
7	1667616	1060	1.9852941176471
7	1726805	1080	2.0073529411765
7	1787090	1100	4.974358974359
7	1848913	1120	1.478021978022
7	1911814	1140	2.8787878787879
7	1976627	1160	1.0666666666667
7	2043378	1180	3.0904761904762
7	2111489	1200	1.5489130434783
7	2181638	1220	1.1666666666667
7	2254240	1240	3.6205533596838
7	2328042	1260	2.4958333333333
7	2404478	1280	3.6904761904762
7	2482389	1300	4.1571428571429
7	2562494	1320	3.0666666666667
7	2643841	1340	2.4619047619048
7	2727459	1360	3.8268398268398
7	2812947	1380	4.1571428571429
7	2900486	1400	1.9926470588235
7	2990872	1420	3.4625
7	3081974	1440	2.0958333333333
7	3175623	1460	2.3398692810458
7	3271907	1480	4.1838235294118
7	3369951	1500	1.6969696969697
7	3470404	1520	3.8853754940711
7	3572989	1540	1.0666666666667
7	3678878	1560	3.3894927536232
7	3787009	1580	3.3566666666667
7	3896508	1600	5.0815789473684
7	4008446	1620	3.2184615384615
7	4123560	1640	2.7566666666667
7	4239808	1660	1.5955882352941
7	4359058	1680	2.5142857142857
7	4481430	1700	2.4210526315789
7	4605997	1720	4.9368421052632
7	4731945	1740	0.64102564102564
7	4861531	1760	2.4927536231884
7	4993227	1780	0.88888888888889
7	5126432	1800	2.2333333333333
7	5262747	1820	1.8526315789474
7	5401123	1840	1.6883116883117
7	5541868	1860	4.2784615384615
7	5684648	1880	3.3894927536232
7	5830842	1900	2.7333333333333
7	5979267	1920	1.4978354978355
7	6129517	1940	3.816091954023
7	6282633	1960	3.702614379085
7	6437697	1980	1.0421052631579
7	6595613	2000	4.1103448275862
8	145582	240	23.246753246753
8	171241	260	22.411764705882
8	198253	280	22.282608695652
8	225426	300	22.451612903226
8	252567	320	22.483870967742
8	279804	340	22.659574468085
8	307073	360	22.408602150538
8	334266	380	22.397849462366
8	361741	400	22.510638297872
8	389233	420	22.698924731183
8	416537	440	22.597826086957
8	444429	460	22.094736842105
8	472813	480	22.164948453608
8	501674	500	22.229166666667
8	530916	520	21.920792079208
8	560825	540	22.3
8	591313	560	22.376237623762
8	622448	580	22.572815533981
8	653838	600	22.747572815534
8	686068	620	22.619047619048
8	719308	640	22.878504672897
8	753306	660	23.560747663551
8	788281	680	23.781818181818
8	823926	700	24.082568807339
8	860631	720	24.972972972973
8	898697	740	24.982142857143
8	938146	760	25.736842105263
8	978732	780	26.282051282051
8	1020067	800	26.860869565217
8	1062841	820	27.627118644068
8	1106746	840	28.051282051282
8	1151286	860	28.226890756303
8	1197588	880	28.791666666667
8	1244814	900	29.155737704918
8	1292996	920	28.693548387097
8	1342740	940	29.585365853659
8	1393820	960	29.771653543307
8	1446385	980	30.171875
8	1499673	1000	30.93023255814
8	1554445	1020	30.778625954198
8	1610188	1040	31.523076923077
8	1667616	1060	31.80303030303
8	1726805	1080	32.601503759398
8	1787090	1100	32.835820895522
8	1848913	1120	33.397058823529
8	1911814	1140	34.162962962963
8	1976627	1160	34.26618705036
8	2043378	1180	34.633802816901
8	2111489	1200	36.05
8	2181638	1220	36.076923076923
8	2254240	1240	37.056338028169
8	2328042	1260	37.6
8	2404478	1280	38.204081632653
8	2482389	1300	38.809523809524
8	2562494	1320	40.047297297297
8	2643841	1340	40.046979865772
8	2727459	1360	40.873333333333
8	2812947	1380	41.256578947368
8	2900486	1400	42.361842105263
8	2990872	1420	43.313725490196
8	3081974	1440	43.153846153846
8	3175623	1460	43.993630573248
8	3271907	1480	45.126582278481
8	3369951	1500	45.61875
8	3470404	1520	46.074074074074
8	3572989	1540	46.834355828221
8	3678878	1560	47.914634146341
8	3787009	1580	48.638554216867
8	3896508	1600	49.149700598802
8	4008446	1620	49.789156626506
8	4123560	1640	50.307692307692
8	4239808	1660	50.994082840237
8	4359058	1680	51.816568047337
8	4481430	1700	52.418604651163
8	4605997	1720	52.612716763006
8	4731945	1740	52.971098265896
8	4861531	1760	53.23595505618
8	4993227	1780	53.692737430168
8	5126432	1800	54.5
8	5262747	1820	55.631284916201
8	5401123	1840	55.469613259669
8	5541868	1860	55.934065934066
8	5684648	1880	56.119565217391
8	5830842	1900	57.151351351351
8	5979267	1920	57.48128342246
8	6129517	1940	57.781914893617
8	6282633	1960	58.744680851064
8	6437697	1980	59.243386243386
8	6595613	2000	59.436842105263
9	145582	240	3.6315715177195
9	171241	260	4.5258361964736
9	198253	280	5.1340836668237
9	225426	300	4.2414008376854
9	252567	320	4.020634016696
9	279804	340	4.3836283677381
9	307073	360	4.1500040836538
9	334266	380	3.8310510107094
9	361741	400	3.9178243931156
9	389233	420	4.5701891936781
9	416537	440	3.9448388387775
9	444429	460	4.4292876431494
9	472813	480	4.8534360946034
9	501674	500	4.5014130335091
9	530916	520	4.6490497272385
9	560825	540	4.1034599837678
9	591313	560	4.8308415108519
9	622448	580	3.8389182037968
9	653838	600	4.0188732363978
9	686068	620	3.6647514145441
9	719308	640	4.3496047974323
9	753306	660	3.5771221965863
9	788281	680	3.3928738547376
9	823926	700	3.7862530103848
9	860631	720	4.2585944319255
9	898697	740	3.9909405129125
9	938146	760	5.5511341926138
9	978732	780	5.9911517427156
9	1020067	800	5.9572850235035
9	1062841	820	7.1871164529928
9	1106746	840	6.6770917603892
9	1151286	860	7.2186633989698
9	1197588	880	7.1630422077123
9	1244814	900	7.7736793588112
9	1292996	920	8.6946179215948
9	1342740	940	8.2142687024393
9	1393820	960	9.0957769517071
9	1446385	980	9.8116990871295
9	1499673	1000	9.7019537711094
9	1554445	1020	10.168798489146
9	1610188	1040	10.809280669808
9	1667616	1060	11.37657925884
9	1726805	1080	11.736978503356
9	1787090	1100	12.291077532708
9	1848913	1120	12.477701243516
9	1911814	1140	12.710441945067
9	1976627	1160	13.307715719646
9	2043378	1180	14.065943415193
9	2111489	1200	14.104096552716
9	2181638	1220	15.095040190513
9	2254240	1240	15.361725785828
9	2328042	1260	16.074652234013
9	2404478	1280	16.858776331352
9	2482389	1300	17.284220903397
9	2562494	1320	17.669426479133
9	2643841	1340	18.280596555139
9	2727459	1360	19.157873481446
9	2812947	1380	18.901100816089
9	2900486	1400	19.663914353709
9	2990872	1420	20.096631882062
9	3081974	1440	21.469604574736
9	3175623	1460	21.41156433742
9	3271907	1480	22.318406381371
9	3369951	1500	22.470349960748
9	3470404	1520	23.257285122067
9	3572989	1540	23.312494346123
9	3678878	1560	24.23793164732
9	3787009	1580	24.794710243898
9	3896508	1600	24.985689577131
9	4008446	1620	25.575748513224
9	4123560	1640	25.938572123568
9	4239808	1660	25.886312121563
9	4359058	1680	26.190160094406
9	4481430	1700	26.497032876494
9	4605997	1720	26.944500671074
9	4731945	1740	26.741751117991
9	4861531	1760	27.366325330177
9	4993227	1780	27.946186304776
9	5126432	1800	27.759510000723
9	5262747	1820	27.926233569413
9	5401123	1840	28.151088677678
9	5541868	1860	28.236687939767
9	5684648	1880	28.955908592771
9	5830842	1900	29.159024459043
9	5979267	1920	28.913914172117
9	6129517	1940	29.037874816413
9	6282633	1960	29.450923982568
9	6437697	1980	29.92853226925
9	6595613	2000	29.931910570463
10	145582	240	13.188311688312
10	171241	260	20.483193277311
10	198253	280	26.358815097946
10	225426	300	17.989481065919
10	252567	320	16.165497896213
10	279804	340	19.216197666438
10	307073	360	17.222533894343
10	334266	380	14.676951846657
10	361741	400	15.349347975292
10	389233	420	20.886629266012
10	416537	440	15.561753463927
10	444429	460	19.618589025756
10	472813	480	23.555841924399
10	501674	500	20.262719298246
10	530916	520	21.613663366337
10	560825	540	16.838383838384
10	591313	560	23.33702970297
10	622448	580	14.737292975443
10	653838	600	16.151342090234
10	686068	620	13.430402930403
10	719308	640	18.919061893846
10	753306	660	12.795803209311
10	788281	680	11.511592994162
10	823926	700	14.335711858648
10	860631	720	18.135626535627
10	898697	740	15.927606177606
10	938146	760	30.815090824406
10	978732	780	35.893899204244
10	1020067	800	35.489244851259
10	1062841	820	51.65464290888
10	1106746	840	44.583554376658
10	1151286	860	52.109101267626
10	1197588	880	51.309173669468
10	1244814	900	60.430090773608
10	1292996	920	75.596380802518
10	1342740	940	67.474210315874
10	1393820	960	82.733158355206
10	1446385	980	96.269438976378
10	1499673	1000	94.127906976744
10	1554445	1020	103.40446271286
10	1610188	1040	116.84054859869
10	1667616	1060	129.42655563266
10	1726805	1080	137.75666438824
10	1787090	1100	151.07058691505
10	1848913	1120	155.69302832244
10	1911814	1140	161.55533443892
10	1976627	1160	177.0952976749
10	2043378	1180	197.85076415942
10	2111489	1200	198.92553956835
10	2181638	1220	227.8602383532
10	2254240	1240	235.98261911897
10	2328042	1260	258.39444444444
10	2404478	1280	284.21833939055
10	2482389	1300	298.74429223744
10	2562494	1320	312.20863210149
10	2643841	1340	334.18021041175
10	2727459	1360	367.0241163311
10	2812947	1380	357.25161205995
10	2900486	1400	386.66952771
10	2990872	1420	403.8746130031
10	3081974	1440	460.94392059553
10	3175623	1460	458.45508737547
10	3271907	1480	498.11126340402
10	3369951	1500	504.91662735849
10	3470404	1520	540.90131124914
10	3572989	1540	543.47239263804
10	3678878	1560	587.47733054018
10	3787009	1580	614.77765607886
10	3896508	1600	624.28468364476
10	4008446	1620	654.11891201168
10	4123560	1640	672.80952380952
10	4239808	1660	670.101155255
10	4359058	1680	685.92448577064
10	4481430	1700	702.09275125799
10	4605997	1720	726.0061164135
10	4731945	1740	715.12125285657
10	4861531	1760	748.91576207706
10	4993227	1780	780.98932898123
10	5126432	1800	770.59039548023
10	5262747	1820	779.87452137342
10	5401123	1840	792.48379373849
10	5541868	1860	797.31054580778
10	5684648	1880	838.44464243288
10	5830842	1900	850.24870740306
10	5979267	1920	836.01443275257
10	6129517	1940	843.19817385368
10	6282633	1960	867.35692342701
10	6437697	1980	895.71704379151
10	6595613	2000	895.91927039822
11	145582	240	321.60086411632
11	171241	260	507.73679348174
11	198253	280	713.21518302458
11	225426	300	566.66948682583
11	252567	320	603.0520814034
11	279804	340	747.01675295134
11	307073	360	426.1112443683
11	334266	380	620.01654600024
11	361741	400	577.39450573052
11	389233	420	609.88495016968
11	416537	440	560.9900073522
11	444429	460	284.75368812969
11	472813	480	425.44243853683
11	501674	500	598.90684174647
11	530916	520	477.30016627142
11	560825	540	566.38584223016
11	591313	560	563.37576838027
11	622448	580	814.24084748095
11	653838	600	517.33002596311
11	686068	620	756.97590513423
11	719308	640	857.29604497053
11	753306	660	711.56941657095
11	788281	680	469.30514713398
11	823926	700	705.24654338612
11	860631	720	432.12787740182
11	898697	740	466.83364192485
11	938146	760	658.25133389847
11	978732	780	382.35617990836
11	1020067	800	568.19153531005
11	1062841	820	678.61288735503
11	1106746	840	705.03157056067
11	1151286	860	766.96848934097
11	1197588	880	662.69769154438
11	1244814	900	1153.9274223929
11	1292996	920	723.72052394739
11	1342740	940	622.71171784616
11	1393820	960	722.19840759341
11	1446385	980	853.95747014081
11	1499673	1000	913.73582916483
11	1554445	1020	682.86899719026
11	1610188	1040	629.41155416359
11	1667616	1060	822.33517083142
11	1726805	1080	820.12852304977
11	1787090	1100	621.69053755862
11	1848913	1120	671.95567773798
11	1911814	1140	568.35662997705
11	1976627	1160	725.66028734717
11	2043378	1180	1010.9607919879
11	2111489	1200	1171.6809379668
11	2181638	1220	624.5663007452
11	2254240	1240	1118.581790531
11	2328042	1260	794.89763059995
11	2404478	1280	1029.5327032405
11	2482389	1300	1025.7734286535
11	2562494	1320	775.97417766155
11	2643841	1340	1033.4079577179
11	2727459	1360	1061.6960454813
11	2812947	1380	1021.194514882
11	2900486	1400	832.41157357237
11	2990872	1420	774.30063347988
11	3081974	1440	772.83140262147
11	3175623	1460	875.95340886923
11	3271907	1480	840.52068046619
11	3369951	1500	602.47928089888
11	3470404	1520	1094.312843363
11	3572989	1540	489.28047901354
11	3678878	1560	1171.2177784402
11	3787009	1580	1236.277534053
11	3896508	1600	966.90361425509
11	4008446	1620	1283.4462611587
11	4123560	1640	1207.1569357067
11	4239808	1660	833.46379779049
11	4359058	1680	1013.670966894
11	4481430	1700	967.78635305975
11	4605997	1720	970.26367184259
11	4731945	1740	639.91044991252
11	4861531	1760	1179.5793445322
11	4993227	1780	875.43105880525
11	5126432	1800	1032.3795551639
11	5262747	1820	980.27526531314
11	5401123	1840	1086.5139564444
11	5541868	1860	1271.1810746024
11	5684648	1880	1170.7313876565
11	5830842	1900	1028.750826922
11	5979267	1920	1076.2361219128
11	6129517	1940	1463.3281925072
11	6282633	1960	878.70058339726
11	6437697	1980	980.05011489648
11	6595613	2000	1461.2468965116
12	145582	240	45.942980588045
12	171241	260	46.157890316522
12	198253	280	47.547678868305
12	225426	300	47.222457235486
12	252567	320	46.388621646415
12	279804	340	46.688547059459
12	307073	360	47.3456938187
12	334266	380	47.693580461557
12	361741	400	48.116208810876
12	389233	420	46.914226936129
12	416537	440	46.74916727935
12	444429	460	47.458948021615
12	472813	480	47.271382059647
12	501674	500	46.06975705742
12	530916	520	47.730016627142
12	560825	540	47.198820185847
12	591313	560	46.947980698356
12	622448	580	47.896520440056
12	653838	600	47.030002360283
12	686068	620	47.310994070889
12	719308	640	47.627558053918
12	753306	660	47.43796110473
12	788281	680	46.930514713398
12	823926	700	47.016436225741
12	860631	720	48.014208600202
12	898697	740	46.683364192485
12	938146	760	47.017952421319
12	978732	780	47.794522488545
12	1020067	800	47.349294609171
12	1062841	820	48.472349096788
12	1106746	840	47.002104704045
12	1151286	860	47.935530583811
12	1197588	880	47.335549396027
12	1244814	900	48.08030926637
12	1292996	920	48.248034929826
12	1342740	940	47.900901372782
12	1393820	960	48.146560506228
12	1446385	980	47.442081674489
12	1499673	1000	48.091359429728
12	1554445	1020	48.776356942162
12	1610188	1040	48.416273397199
12	1667616	1060	48.37265710773
12	1726805	1080	48.242854297045
12	1787090	1100	47.822349042971
12	1848913	1120	47.996834124141
12	1911814	1140	47.363052498087
12	1976627	1160	48.377352489811
12	2043378	1180	48.140990094664
12	2111489	1200	48.820039081952
12	2181638	1220	48.043561595784
12	2254240	1240	48.633990892654
12	2328042	1260	49.681101912497
12	2404478	1280	49.025366820977
12	2482389	1300	48.846353745406
12	2562494	1320	48.498386103847
12	2643841	1340	49.209902748472
12	2727459	1360	48.258911158241
12	2812947	1380	48.628310232478
12	2900486	1400	48.965386680728
12	2990872	1420	48.393789592493
12	3081974	1440	48.301962663842
12	3175623	1460	48.664078270513
12	3271907	1480	49.4423929686
12	3369951	1500	50.206606741574
12	3470404	1520	47.578819276654
12	3572989	1540	48.928047901354
12	3678878	1560	48.80074076834
12	3787009	1580	49.451101362119
12	3896508	1600	48.345180712755
12	4008446	1620	49.363317736873
12	4123560	1640	48.286277428267
12	4239808	1660	49.02728222297
12	4359058	1680	48.27004604257
12	4481430	1700	48.389317652987
12	4605997	1720	48.51318359213
12	4731945	1740	49.223880762502
12	4861531	1760	49.149139355508
12	4993227	1780	48.635058822514
12	5126432	1800	49.160931198283
12	5262747	1820	49.013763265657
12	5401123	1840	49.386998020198
12	5541868	1860	48.891579792401
12	5684648	1880	48.780474485688
12	5830842	1900	48.988134615335
12	5979267	1920	48.91982372331
12	6129517	1940	48.777606416908
12	6282633	1960	48.816699077626
12	6437697	1980	49.002505744824
12	6595613	2000	48.70822988372
13	145582	240	1.1848162580314
13	171241	260	1.5326005809649
13	198253	280	2.0228830017469
13	225426	300	1.4010254934788
13	252567	320	1.5451607084201
13	279804	340	1.8386150709971
13	307073	360	0.90537384919212
13	334266	380	1.2757746998262
13	361741	400	1.5935956172943
13	389233	420	1.6550702376294
13	416537	440	1.4686877189153
13	444429	460	1.5943850050636
13	472813	480	2.2454825820244
13	501674	500	0.99890627446746
13	530916	520	1.4887544037544
13	560825	540	1.6383607688304
13	591313	560	0.97824846209433
13	622448	580	2.048842543557
13	653838	600	1.7424568805751
13	686068	620	1.8224494454178
13	719308	640	1.7760889256403
13	753306	660	1.5772442193778
13	788281	680	1.9675076133411
13	823926	700	1.9855736912788
13	860631	720	2.473177050532
13	898697	740	1.4972447920741
13	938146	760	1.8627033838024
13	978732	780	2.3290373937599
13	1020067	800	1.7065578907558
13	1062841	820	1.9097647125173
13	1106746	840	1.6116444093688
13	1151286	860	1.7687133887122
13	1197588	880	1.3043951971628
13	1244814	900	1.9375034262844
13	1292996	920	2.1322445063472
13	1342740	940	1.8807990055021
13	1393820	960	2.3944090467438
13	1446385	980	2.2230867947039
13	1499673	1000	2.2144964107145
13	1554445	1020	2.0962274439709
13	1610188	1040	1.5662702334062
13	1667616	1060	2.1226979008377
13	1726805	1080	1.8259027663505
13	1787090	1100	1.5979702464015
13	1848913	1120	2.316649564508
13	1911814	1140	2.188050733602
13	1976627	1160	2.512893421022
13	2043378	1180	2.3722488697766
13	2111489	1200	2.1432075987227
13	2181638	1220	1.7288581863354
13	2254240	1240	2.2120426454653
13	2328042	1260	2.4562245747582
13	2404478	1280	2.1786126368362
13	2482389	1300	2.3048745712921
13	2562494	1320	2.2320038488099
13	2643841	1340	2.1741945158263
13	2727459	1360	1.7568015537383
13	2812947	1380	2.3973125932302
13	2900486	1400	1.8867728104246
13	2990872	1420	1.9711901522676
13	3081974	1440	2.2830623823744
13	3175623	1460	2.346934802503
13	3271907	1480	2.6688918457529
13	3369951	1500	1.896777889914
13	3470404	1520	2.258766257926
13	3572989	1540	2.0593730445988
13	3678878	1560	2.1047012507934
13	3787009	1580	1.9896681932698
13	3896508	1600	2.1503224974285
13	4008446	1620	3.4362296807596
13	4123560	1640	1.818355598136
13	4239808	1660	1.9167931588641
13	4359058	1680	1.9888514394188
13	4481430	1700	2.3694495296555
13	4605997	1720	2.6956115024655
13	4731945	1740	1.9543353171141
13	4861531	1760	1.8182424156105
13	4993227	1780	1.8725041642695
13	5126432	1800	1.8954773169077
13	5262747	1820	2.1015828438383
13	5401123	1840	1.8142413212421
13	5541868	1860	2.2102766707726
13	5684648	1880	1.8534774138637
13	5830842	1900	1.5876215148058
13	5979267	1920	2.0431283020734
13	6129517	1940	2.1218623539633
13	6282633	1960	1.9093882331495
13	6437697	1980	1.5540055442752
13	6595613	2000	1.9376349561269
14	145582	240	1.4037895652955
14	171241	260	2.3488645407738
14	198253	280	4.0920556387567
14	225426	300	1.9628724333776
14	252567	320	2.3875216148452
14	279804	340	3.3805053792975
14	307073	360	0.81970180680095
14	334266	380	1.6276010847167
14	361741	400	2.5395469914595
14	389233	420	2.7392574914865
14	416537	440	2.1570436156927
14	444429	460	2.5420635443716
14	472813	480	5.0421920261751
14	501674	500	0.99781374517046
14	530916	520	2.216389674698
14	560825	540	2.6842260088425
14	591313	560	0.95697005358993
14	622448	580	4.1977557682893
14	653838	600	3.0361559806636
14	686068	620	3.3213219811037
14	719308	640	3.1544918717822
14	753306	660	2.4876993275606
14	788281	680	3.8710862085553
14	823926	700	3.9425028834983
14	860631	720	6.1166047232781
14	898697	740	2.2417419673929
14	938146	760	3.4696638960288
14	978732	780	5.4244151815318
14	1020067	800	2.9123398345009
14	1062841	820	3.6472012571762
14	1106746	840	2.5973977022497
14	1151286	860	3.1283470514097
14	1197588	880	1.7014468303814
14	1244814	900	3.7539195268636
14	1292996	920	4.5464666348479
14	1342740	940	3.5374048990978
14	1393820	960	5.7331946831288
14	1446385	980	4.942114896787
14	1499673	1000	4.9039943530676
14	1554445	1020	4.3941694968567
14	1610188	1040	2.4532024440543
14	1667616	1060	4.5058463782209
14	1726805	1080	3.3339209121666
14	1787090	1100	2.5535089083845
14	1848913	1120	5.366865204735
14	1911814	1140	4.7875660128163
14	1976627	1160	6.3146333454157
14	2043378	1180	5.6275647001563
14	2111489	1200	4.5933388112226
14	2181638	1220	2.9889506284589
14	2254240	1240	4.8931326653572
14	2328042	1260	6.0330391616463
14	2404478	1280	4.7463530213822
14	2482389	1300	5.3124467893887
14	2562494	1320	4.981841181102
14	2643841	1340	4.7271217926492
14	2727459	1360	3.0863516992173
14	2812947	1380	5.7471076696602
14	2900486	1400	3.5599116381575
14	2990872	1420	3.8855906163967
14	3081974	1440	5.212373841813
14	3175623	1460	5.5081029671997
14	3271907	1480	7.1229836843261
14	3369951	1500	3.5977663636664
14	3470404	1520	5.102025007945
14	3572989	1540	4.2410173368202
14	3678878	1560	4.4297673550912
14	3787009	1580	3.9587795193093
14	3896508	1600	4.6238868429473
14	4008446	1620	11.807674418933
14	4123560	1640	3.3064170812725
14	4239808	1660	3.6740960138683
14	4359058	1680	3.9555300480784
14	4481430	1700	5.6142910735845
14	4605997	1720	7.2663213722245
14	4731945	1740	3.8194265317193
14	4861531	1760	3.3060054819252
14	4993227	1780	3.5062718452067
14	5126432	1800	3.5928342589117
14	5262747	1820	4.4166504495155
14	5401123	1840	3.2914715717021
14	5541868	1860	4.8853229613617
14	5684648	1880	3.4353785237027
14	5830842	1900	2.5205420742743
14	5979267	1920	4.1743732587332
14	6129517	1940	4.5022998491667
14	6282633	1960	3.6457634248899
14	6437697	1980	2.4149332316379
14	6595613	2000	3.7544292232048
15	145582	240	311.28796568668
15	171241	260	538.78332413379
15	198253	280	671.72865265895
15	225426	300	543.0034164886
15	252567	320	585.66386425947
15	279804	340	719.40787973531
15	307073	360	406.65259278989
15	334266	380	587.78610221103
15	361741	400	541.14511584108
15	389233	420	674.53621702089
15	416537	440	539.06994345571
15	444429	460	318.07630489662
15	472813	480	410.40539159392
15	501674	500	673.13678541593
15	530916	520	502.80185543445
15	560825	540	542.24528255386
15	591313	560	581.16650796914
15	622448	580	826.92363507976
15	653838	600	494.01430385968
15	686068	620	724.16556151628
15	719308	640	860.41311949855
15	753306	660	676.56993279446
15	788281	680	451.19860481984
15	823926	700	678.37157375524
15	860631	720	410.92538915628
15	898697	740	450.60099601489
15	938146	760	636.69607051391
15	978732	780	409.68636118023
15	1020067	800	543.86679582034
15	1062841	820	643.36685015168
15	1106746	840	766.2323715437
15	1151286	860	729.17194905816
15	1197588	880	678.47148207373
15	1244814	900	1226.786460776
15	1292996	920	680.47946253667
15	1342740	940	593.23821883551
15	1393820	960	684.47724527722
15	1446385	980	910.52255145298
15	1499673	1000	991.47674211859
15	1554445	1020	640.78041063868
15	1610188	1040	592.77319302407
15	1667616	1060	777.42620564337
15	1726805	1080	777.99417425903
15	1787090	1100	633.28329551452
15	1848913	1120	640.08827737082
15	1911814	1140	543.11083424482
15	1976627	1160	685.73687724512
15	2043378	1180	1055.769922996
15	2111489	1200	1099.3456555679
15	2181638	1220	592.87081196858
15	2254240	1240	1093.3338359103
15	2328042	1260	739.53427041416
15	2404478	1280	961.68134909249
15	2482389	1300	1049.6461495457
15	2562494	1320	725.49526940086
15	2643841	1340	1007.6210196895
15	2727459	1360	1178.2175259038
15	2812947	1380	958.6714827814
15	2900486	1400	778.84759767682
15	2990872	1420	730.26843077845
15	3081974	1440	772.87829621017
15	3175623	1460	818.44550859535
15	3271907	1480	821.97107142694
15	3369951	1500	599.80404951488
15	3470404	1520	1134.5068201271
15	3572989	1540	501.77493616758
15	3678878	1560	1097.2882352883
15	3787009	1580	1144.1525392796
15	3896508	1600	950.05721741368
15	4008446	1620	1233.8203923973
15	4123560	1640	1183.1606972972
15	4239808	1660	776.68771376261
15	4359058	1680	955.18787925682
15	4481430	1700	908.7245734347
15	4605997	1720	907.57170592296
15	4731945	1740	595.852212384
15	4861531	1760	1094.0977905891
15	4993227	1780	818.73563628563
15	5126432	1800	961.3123181658
15	5262747	1820	908.25841568426
15	5401123	1840	1050.4625434438
15	5541868	1860	1230.4308606021
15	5684648	1880	1090.4992362458
15	5830842	1900	960.15062136226
15	5979267	1920	1090.5118498123
15	6129517	1940	1412.4587594458
15	6282633	1960	815.15610711624
15	6437697	1980	909.06734745625
15	6595613	2000	1408.9503252889
16	145582	240	44.469709383812
16	171241	260	44.898610344482
16	198253	280	44.781910177263
16	225426	300	45.250284707383
16	252567	320	45.051066481497
16	279804	340	44.962992483457
16	307073	360	45.183621421099
16	334266	380	45.214315554695
16	361741	400	45.09542632009
16	389233	420	44.969081134726
16	416537	440	44.922495287976
16	444429	460	45.439472128088
16	472813	480	45.600599065991
16	501674	500	44.875785694396
16	530916	520	45.70925958495
16	560825	540	45.187106879489
16	591313	560	44.705115997626
16	622448	580	45.940201948875
16	653838	600	44.910391259971
16	686068	620	45.260347594767
16	719308	640	45.284901026239
16	753306	660	45.104662186297
16	788281	680	45.119860481984
16	823926	700	45.224771583682
16	860631	720	45.65837657292
16	898697	740	45.060099601489
16	938146	760	45.478290750994
16	978732	780	45.520706797803
16	1020067	800	45.322232985028
16	1062841	820	45.954775010835
16	1106746	840	45.072492443747
16	1151286	860	45.573246816135
16	1197588	880	45.231432138249
16	1244814	900	45.436535584297
16	1292996	920	45.365297502445
16	1342740	940	45.633709141193
16	1393820	960	45.631816351815
16	1446385	980	45.526127572649
16	1499673	1000	45.067124641754
16	1554445	1020	45.770029331334
16	1610188	1040	45.597937924928
16	1667616	1060	45.730953273139
16	1726805	1080	45.764363191708
16	1787090	1100	45.23452110818
16	1848913	1120	45.720591240773
16	1911814	1140	45.259236187068
16	1976627	1160	45.715791816341
16	2043378	1180	45.90304013026
16	2111489	1200	45.806068981995
16	2181638	1220	45.605447074506
16	2254240	1240	45.555576496264
16	2328042	1260	46.220891900885
16	2404478	1280	45.794349956785
16	2482389	1300	45.636789110682
16	2562494	1320	45.343454337554
16	2643841	1340	45.800955440433
16	2727459	1360	45.316058688607
16	2812947	1380	45.651022989591
16	2900486	1400	45.814564569225
16	2990872	1420	45.641776923653
16	3081974	1440	45.463429188834
16	3175623	1460	45.469194921964
16	3271907	1480	45.665059523719
16	3369951	1500	46.138773039606
16	3470404	1520	45.380272805082
16	3572989	1540	45.615903287962
16	3678878	1560	45.720343137013
16	3787009	1580	45.766101571182
16	3896508	1600	45.240819876842
16	4008446	1620	45.697051570269
16	4123560	1640	45.506180665278
16	4239808	1660	45.687512574271
16	4359058	1680	45.485137107468
16	4481430	1700	45.436228671735
16	4605997	1720	45.378585296148
16	4731945	1740	45.834785568
16	4861531	1760	45.587407941214
16	4993227	1780	45.485313126979
16	5126432	1800	45.776777055514
16	5262747	1820	45.412920784213
16	5401123	1840	45.672284497557
16	5541868	1860	45.571513355633
16	5684648	1880	45.437468176907
16	5830842	1900	45.721458160108
16	5979267	1920	45.437993742179
16	6129517	1940	45.563185788574
16	6282633	1960	45.286450395347
16	6437697	1980	45.453367372813
16	6595613	2000	45.45001049319
17	145582	240	0.2262398392845
17	171241	260	0.27478967387856
17	198253	280	0.43290499324826
17	225426	300	1.2595783470148
17	252567	320	0.75630148581122
17	279804	340	0.53292781101806
17	307073	360	1.0246736581387
17	334266	380	1.0843261697887
17	361741	400	0.51545450877188
17	389233	420	0.64149367303763
17	416537	440	0.42732705183958
17	444429	460	1.1620635655972
17	472813	480	2.0439877662099
17	501674	500	0.55393711637453
17	530916	520	1.5680857929335
17	560825	540	1.0840844920193
17	591313	560	0.31777563464122
17	622448	580	1.8646823831246
17	653838	600	0.82889277554579
17	686068	620	1.4708933382391
17	719308	640	1.1566208524452
17	753306	660	1.3198965488279
17	788281	680	1.2022620084454
17	823926	700	0.85530649156097
17	860631	720	1.5972779677679
17	898697	740	0.79092951408538
17	938146	760	1.3927494467295
17	978732	780	1.2915897953756
17	1020067	800	1.0916219179118
17	1062841	820	1.2066811575854
17	1106746	840	0.67100085582593
17	1151286	860	1.231409375651
17	1197588	880	0.92465754191368
17	1244814	900	1.1298978653351
17	1292996	920	1.0831036081257
17	1342740	940	1.1347668979673
17	1393820	960	1.2207833540742
17	1446385	980	1.1738008973398
17	1499673	1000	0.9870532387734
17	1554445	1020	1.1701555206695
17	1610188	1040	1.0625291347668
17	1667616	1060	1.2436735476769
17	1726805	1080	1.1405451496237
17	1787090	1100	0.87566279666486
17	1848913	1120	1.1839736987265
17	1911814	1140	0.93508047691491
17	1976627	1160	1.2535134198124
17	2043378	1180	1.2101266792446
17	2111489	1200	1.1830958049032
17	2181638	1220	1.0921494462282
17	2254240	1240	1.1470690336457
17	2328042	1260	1.2238636621672
17	2404478	1280	0.98654876170822
17	2482389	1300	1.1332748057348
17	2562494	1320	1.1123166662043
17	2643841	1340	0.93613517163808
17	2727459	1360	0.92759207807913
17	2812947	1380	1.0438135702981
17	2900486	1400	0.95621175694585
17	2990872	1420	0.98208084344015
17	3081974	1440	0.7768047530818
17	3175623	1460	0.85434976736127
17	3271907	1480	0.90905096539044
17	3369951	1500	0.81581738838809
17	3470404	1520	0.91275702768621
17	3572989	1540	0.68328191275822
17	3678878	1560	0.94483233243179
17	3787009	1580	0.76051057392533
17	3896508	1600	0.98320363123105
17	4008446	1620	1.0813490411036
17	4123560	1640	0.94412065872399
17	4239808	1660	0.86786494356659
17	4359058	1680	0.9130749738158
17	4481430	1700	0.6868210551059
17	4605997	1720	0.92056853562409
17	4731945	1740	0.85310128502256
17	4861531	1760	0.87041621199115
17	4993227	1780	1.0051766373874
17	5126432	1800	0.84117776670941
17	5262747	1820	0.72460255237373
17	5401123	1840	0.74121653962105
17	5541868	1860	0.88256703727197
17	5684648	1880	0.81580895014056
17	5830842	1900	0.79628132482662
17	5979267	1920	0.7955397028943
17	6129517	1940	0.70946631622861
17	6282633	1960	0.64690523848345
17	6437697	1980	0.55388453948413
17	6595613	2000	0.89200639924398
18	145582	240	0.051184464879477
18	171241	260	0.075509364870285
18	198253	280	0.18740673317927
18	225426	300	1.5865376122686
18	252567	320	0.57199193744026
18	279804	340	0.2840120517565
18	307073	360	1.0499561056834
18	334266	380	1.1757632424886
18	361741	400	0.26569335061326
18	389233	420	0.41151413254731
18	416537	440	0.1826084092339
18	444429	460	1.3503917304885
18	472813	480	4.1778859884156
18	501674	500	0.30684632889733
18	530916	520	2.458893054
18	560825	540	1.1752391858366
18	591313	560	0.10098135397163
18	622448	580	3.4770403899354
18	653838	600	0.687063233352
18	686068	620	2.1635272124762
18	719308	640	1.337771796311
18	753306	660	1.7421268996078
18	788281	680	1.4454339369511
18	823926	700	0.73154919450634
18	860631	720	2.5512969063166
18	898697	740	0.62556949625133
18	938146	760	1.9397510213652
18	978732	780	1.6682041995184
18	1020067	800	1.1916384116655
18	1062841	820	1.4560794160717
18	1106746	840	0.45024214851913
18	1151286	860	1.5163690504412
18	1197588	880	0.85499156981785
18	1244814	900	1.2766691860888
18	1292996	920	1.1731134259348
18	1342740	940	1.2876959127222
18	1393820	960	1.4903119975846
18	1446385	980	1.3778085465957
18	1499673	1000	0.97427409617305
18	1554445	1020	1.3692639425532
18	1610188	1040	1.1289681622283
18	1667616	1060	1.5467238931913
18	1726805	1080	1.3008432383301
18	1787090	1100	0.76678533346292
18	1848913	1120	1.4017937192761
18	1911814	1140	0.87437549830741
18	1976627	1160	1.5712958936498
18	2043378	1180	1.4644065798196
18	2111489	1200	1.3997156835796
18	2181638	1220	1.1927904128966
18	2254240	1240	1.3157673679489
18	2328042	1260	1.4978422635734
18	2404478	1280	0.97327845922803
18	2482389	1300	1.2843117853133
18	2562494	1320	1.2372483659158
18	2643841	1340	0.87634905957785
18	2727459	1360	0.86042706331516
18	2812947	1380	1.0895467695385
18	2900486	1400	0.91434092412146
18	2990872	1420	0.96448278305212
18	3081974	1440	0.60342562441048
18	3175623	1460	0.72991352499026
18	3271907	1480	0.8263736576773
18	3369951	1500	0.66555801119636
18	3470404	1520	0.83312539159056
18	3572989	1540	0.46687417230252
18	3678878	1560	0.89270813640849
18	3787009	1580	0.57837633305223
18	3896508	1600	0.96668938046593
18	4008446	1620	1.1693157486956
18	4123560	1640	0.89136381822942
18	4239808	1660	0.75318956027184
18	4359058	1680	0.83370590780873
18	4481430	1700	0.47172316173678
18	4605997	1720	0.84744642878109
18	4731945	1740	0.72778180250714
18	4861531	1760	0.75762438209702
18	4993227	1780	1.0103800723494
18	5126432	1800	0.70758003520624
18	5262747	1820	0.52504885890653
18	5401123	1840	0.54940195860781
18	5541868	1860	0.77892457527902
18	5684648	1880	0.66554424312944
18	5830842	1900	0.63406394826764
18	5979267	1920	0.63288341888115
18	6129517	1940	0.50334245386299
18	6282633	1960	0.41848638757733
18	6437697	1980	0.30678808307954
18	6595613	2000	0.79567541629221
19	145582	240	1605.7444928433
19	171241	260	2413.7919566563
19	198253	280	2799.4482666047
19	225426	300	3340.7877240097
19	252567	320	2687.7199848645
19	279804	340	2975.7965813935
19	307073	360	2605.1965379061
19	334266	380	2804.785349335
19	361741	400	2683.5350520197
19	389233	420	2994.2748789737
19	416537	440	2660.623723191
19	444429	460	1900.61430669
19	472813	480	2607.0531685111
19	501674	500	3326.1311649489
19	530916	520	2284.1561423606
19	560825	540	2934.9274474761
19	591313	560	2623.7584654644
19	622448	580	3376.8112047454
19	653838	600	2904.204085641
19	686068	620	3412.0837124652
19	719308	640	3952.7720382643
19	753306	660	2911.6956712276
19	788281	680	2464.3027078042
19	823926	700	3563.1711716569
19	860631	720	2670.8540357006
19	898697	740	2946.2731509321
19	938146	760	3392.9619441282
19	978732	780	2575.4296788053
19	1020067	800	3606.2162758354
19	1062841	820	3379.07893846
19	1106746	840	3314.8788324695
19	1151286	860	4158.4337051396
19	1197588	880	3409.8691959965
19	1244814	900	4281.6785076386
19	1292996	920	3563.5885380554
19	1342740	940	3496.2519125546
19	1393820	960	3888.8310433034
19	1446385	980	3960.7991490353
19	1499673	1000	3682.1227581094
19	1554445	1020	3859.9137688614
19	1610188	1040	3869.5111908168
19	1667616	1060	4025.2828613841
19	1726805	1080	4427.2845939578
19	1787090	1100	3018.6891968123
19	1848913	1120	3802.2342098782
19	1911814	1140	3336.9253191438
19	1976627	1160	4307.6511941513
19	2043378	1180	4276.7226318943
19	2111489	1200	5112.6201113022
19	2181638	1220	3745.0247253763
19	2254240	1240	4952.8493811227
19	2328042	1260	4195.9299954657
19	2404478	1280	5046.3235520625
19	2482389	1300	4520.805501985
19	2562494	1320	3881.8878442761
19	2643841	1340	4665.560514398
19	2727459	1360	5057.0524529716
19	2812947	1380	4646.0495154863
19	2900486	1400	4462.2289607563
19	2990872	1420	4235.7715656843
19	3081974	1440	4121.2373180556
19	3175623	1460	4454.7400249395
19	3271907	1480	4098.8594288247
19	3369951	1500	3403.8940648956
19	3470404	1520	4848.3485877195
19	3572989	1540	3038.5440201556
19	3678878	1560	5189.0311391404
19	3787009	1580	5843.0075861615
19	3896508	1600	4507.1011579816
19	4008446	1620	5756.5711024373
19	4123560	1640	5376.9295260129
19	4239808	1660	4776.2904381212
19	4359058	1680	5374.5391701957
19	4481430	1700	4842.504490166
19	4605997	1720	4742.0727977645
19	4731945	1740	3942.8447139866
19	4861531	1760	6090.5511118064
19	4993227	1780	5457.9167628363
19	5126432	1800	5488.1725861658
19	5262747	1820	5668.8401223355
19	5401123	1840	6003.7921723519
19	5541868	1860	6402.8769808904
19	5684648	1880	5622.0375781254
19	5830842	1900	5462.5508869927
19	5979267	1920	5989.5674537632
19	6129517	1940	6364.1623935049
19	6282633	1960	4452.6011652249
19	6437697	1980	5773.681813597
19	6595613	2000	6740.5156813448
20	145582	240	45.878414081236
20	171241	260	46.419076089544
20	198253	280	47.448275705164
20	225426	300	47.053348225489
20	252567	320	46.339999739043
20	279804	340	47.234866371325
20	307073	360	47.367209780111
20	334266	380	47.538734734491
20	361741	400	47.920268786066
20	389233	420	46.785544983964
20	416537	440	46.677609178789
20	444429	460	47.51535766725
20	472813	480	47.400966700201
20	501674	500	46.196266179845
20	530916	520	47.58658629918
20	560825	540	47.337539475421
20	591313	560	46.852829740435
20	622448	580	47.560721193597
20	653838	600	46.842001381307
20	686068	620	47.390051562016
20	719308	640	47.62375949716
20	753306	660	47.732715921764
20	788281	680	47.390436688543
20	823926	700	46.883831206012
20	860631	720	47.693822066082
20	898697	740	46.766240490986
20	938146	760	47.124471446225
20	978732	780	47.693142200099
20	1020067	800	47.450214155729
20	1062841	820	48.272556263715
20	1106746	840	47.355411892422
20	1151286	860	47.798088564823
20	1197588	880	47.359294388841
20	1244814	900	48.108747276838
20	1292996	920	48.156601865614
20	1342740	940	47.893861815817
20	1393820	960	48.01025979387
20	1446385	980	47.720471675124
20	1499673	1000	47.819776079343
20	1554445	1020	48.85966796027
20	1610188	1040	48.368889885209
20	1667616	1060	48.497383872097
20	1726805	1080	48.122658629976
20	1787090	1100	47.915701536703
20	1848913	1120	48.129546960483
20	1911814	1140	47.670361702054
20	1976627	1160	48.400575215183
20	2043378	1180	48.053063279711
20	2111489	1200	48.69162010764
20	2181638	1220	48.013137504824
20	2254240	1240	48.557346873752
20	2328042	1260	49.363882299597
20	2404478	1280	48.993432544296
20	2482389	1300	48.610811849301
20	2562494	1320	48.523598053452
20	2643841	1340	49.111163309452
20	2727459	1360	48.625504355496
20	2812947	1380	48.396349119649
20	2900486	1400	49.035483085234
20	2990872	1420	48.687029490624
20	3081974	1440	48.485144918301
20	3175623	1460	48.421087227603
20	3271907	1480	48.795945581247
20	3369951	1500	50.05726566023
20	3470404	1520	48.00345136356
20	3572989	1540	49.008774518638
20	3678878	1560	48.495618122807
20	3787009	1580	49.100904085391
20	3896508	1600	48.46345331163
20	4008446	1620	48.784500868113
20	4123560	1640	48.440806540657
20	4239808	1660	49.240107609497
20	4359058	1680	48.419271803565
20	4481430	1700	48.42504490166
20	4605997	1720	48.388497936373
20	4731945	1740	49.285558924832
20	4861531	1760	49.117347675858
20	4993227	1780	48.731399668181
20	5126432	1800	49.001540947909
20	5262747	1820	48.869311399444
20	5401123	1840	49.211411248786
20	5541868	1860	48.876923518248
20	5684648	1880	48.887283288047
20	5830842	1900	48.772775776721
20	5979267	1920	49.094815194781
20	6129517	1940	48.955095334653
20	6282633	1960	48.929683134339
20	6437697	1980	48.929506894889
20	6595613	2000	48.844316531484
21	145582	240	2.1522528498436
21	171241	260	2.2714273789251
21	198253	280	2.672490833962
21	225426	300	2.6692779058802
21	252567	320	2.3171289375124
21	279804	340	2.4633164564365
21	307073	360	3.0795938331079
21	334266	380	2.2867890267919
21	361741	400	2.5719620430029
21	389233	420	2.3181589063372
21	416537	440	1.8925449665228
21	444429	460	2.2682422442427
21	472813	480	2.964042065394
21	501674	500	1.8772620826483
21	530916	520	2.5648615461117
21	560825	540	2.881678075614
21	591313	560	1.6635155585094
21	622448	580	2.5255559032173
21	653838	600	1.7914815793383
21	686068	620	2.7466350067748
21	719308	640	2.3910015304737
21	753306	660	2.4295237927124
21	788281	680	2.8640981711916
21	823926	700	2.456908762891
21	860631	720	2.6348083705243
21	898697	740	2.2152200024374
21	938146	760	2.3460373537206
21	978732	780	2.6185143564659
21	1020067	800	2.6187500161498
21	1062841	820	2.4265322687106
21	1106746	840	2.2846452545697
21	1151286	860	2.7112394562317
21	1197588	880	2.3202765509857
21	1244814	900	2.6369673596046
21	1292996	920	2.7460948095446
21	1342740	940	2.6636537851894
21	1393820	960	2.906500915055
21	1446385	980	2.6214771135384
21	1499673	1000	2.4041454758077
21	1554445	1020	3.1626130484689
21	1610188	1040	2.695969914262
21	1667616	1060	3.1306683206958
21	1726805	1080	2.6240877030156
21	1787090	1100	2.3288429327549
21	1848913	1120	2.8443212715038
21	1911814	1140	2.8315447150699
21	1976627	1160	3.2313261314662
21	2043378	1180	2.5960345478451
21	2111489	1200	2.691843176687
21	2181638	1220	2.3261050672979
21	2254240	1240	2.8821901177437
21	2328042	1260	3.1919016047322
21	2404478	1280	2.9384505623357
21	2482389	1300	2.9167331810919
21	2562494	1320	2.740741956284
21	2643841	1340	2.8051034905074
21	2727459	1360	2.7882674364096
21	2812947	1380	2.7310113099545
21	2900486	1400	2.8999298533842
21	2990872	1420	2.5542913800031
21	3081974	1440	2.7240894687297
21	3175623	1460	3.1949118407783
21	3271907	1480	2.8255666649041
21	3369951	1500	2.5207930121067
21	3470404	1520	2.6488565068414
21	3572989	1540	3.0332434294915
21	3678878	1560	2.6304700682868
21	3787009	1580	2.9826963792553
21	3896508	1600	3.0827767252694
21	4008446	1620	2.9103205069213
21	4123560	1640	2.6439693693979
21	4239808	1660	2.441915566874
21	4359058	1680	2.6556386987804
21	4481430	1700	2.8554652437129
21	4605997	1720	2.7571122173628
21	4731945	1740	2.5873688290452
21	4861531	1760	2.4589986191198
21	4993227	1780	2.6341784047805
21	5126432	1800	2.4158989846639
21	5262747	1820	2.7370143399758
21	5401123	1840	2.4150758818025
21	5541868	1860	2.6487347673816
21	5684648	1880	2.8789742720515
21	5830842	1900	2.6955891686568
21	5979267	1920	2.8742090990564
21	6129517	1940	2.5177176356329
21	6282633	1960	2.8662915525453
21	6437697	1980	2.3828658443768
21	6595613	2000	2.5950687257786
22	145582	240	4.63219232966
22	171241	260	5.1593823377304
22	198253	280	7.1422072576111
22	225426	300	7.1250445388204
22	252567	320	5.3690865130572
22	279804	340	6.0679279645508
22	307073	360	9.483898176916
22	334266	380	5.2294040530559
22	361741	400	6.6149887506475
22	389233	420	5.3738607150307
22	416537	440	3.5817264503109
22	444429	460	5.1449228785669
22	472813	480	8.7855453654254
22	501674	500	3.5241129269489
22	530916	520	6.5785147507225
22	560825	540	8.3040685314742
22	591313	560	2.7672840134029
22	622448	580	6.3784326202759
22	653838	600	3.2094062491085
22	686068	620	7.5440038604409
22	719308	640	5.7168883187277
22	753306	660	5.9025858593555
22	788281	680	8.2030583342233
22	823926	700	6.0364006691708
22	860631	720	6.9422151493848
22	898697	740	4.9071996591987
22	938146	760	5.5038912650524
22	978732	780	6.856617435018
22	1020067	800	6.8578516470844
22	1062841	820	5.888058851094
22	1106746	840	5.219603939228
22	1151286	860	7.3508193890275
22	1197588	880	5.383683273054
22	1244814	900	6.95359685562
22	1292996	920	7.5410367030078
22	1342740	940	7.0950514873537
22	1393820	960	8.4477475692157
22	1446385	980	6.8721422568054
22	1499673	1000	5.7799154688466
22	1554445	1020	10.002121294345
22	1610188	1040	7.2682537786058
22	1667616	1060	9.8010841342083
22	1726805	1080	6.8858362731174
22	1787090	1100	5.4235094054425
22	1848913	1120	8.0901634955291
22	1911814	1140	8.0176454734402
22	1976627	1160	10.441468567897
22	2043378	1180	6.7393953736051
22	2111489	1200	7.2460196878764
22	2181638	1220	5.4107647841089
22	2254240	1240	8.3070198748193
22	2328042	1260	10.188235854292
22	2404478	1280	8.6344917072912
22	2482389	1300	8.5073324496827
22	2562494	1320	7.5116664709357
22	2643841	1340	7.8686055924569
22	2727459	1360	7.7744352969419
22	2812947	1380	7.4584227750996
22	2900486	1400	8.4095931545487
22	2990872	1420	6.5244044539581
22	3081974	1440	7.4206634336442
22	3175623	1460	10.207461670345
22	3271907	1480	7.9838269778171
22	3369951	1500	6.354397409886
22	3470404	1520	7.0164407938359
22	3572989	1540	9.2005657025531
22	3678878	1560	6.9193727801528
22	3787009	1580	8.8964776908225
22	3896508	1600	9.5035123378627
22	4008446	1620	8.4699654530064
22	4123560	1640	6.9905740263142
22	4239808	1660	5.9629516357416
22	4359058	1680	7.0524168984601
22	4481430	1700	8.1536817580525
22	4605997	1720	7.6016677791312
22	4731945	1740	6.6944774575146
22	4861531	1760	6.0466742088331
22	4993227	1780	6.9388958682118
22	5126432	1800	5.8365679040999
22	5262747	1820	7.491247497233
22	5401123	1840	5.8325915148642
22	5541868	1860	7.015795867936
22	5684648	1880	8.2884928591347
22	5830842	1900	7.2662009661797
22	5979267	1920	8.2610779450988
22	6129517	1940	6.3389020927771
22	6282633	1960	8.2156272641927
22	6437697	1980	5.6780496322978
22	6595613	2000	6.7343816915139
23	145582	240	3141.6337010214
23	171241	260	3272.0523249358
23	198253	280	3471.2865879751
23	225426	300	3649.4713178142
23	252567	320	3605.3422963797
23	279804	340	3510.8272896246
23	307073	360	3781.6575534685
23	334266	380	3602.2554113071
23	361741	400	3692.3212325446
23	389233	420	3509.2070385348
23	416537	440	3605.5090591411
23	444429	460	3964.7099800708
23	472813	480	3975.5185625006
23	501674	500	3665.3897912716
23	530916	520	4082.5730369571
23	560825	540	3987.3013366746
23	591313	560	3989.5442531569
23	622448	580	3852.9753493072
23	653838	600	4187.891060096
23	686068	620	4046.698101697
23	719308	640	4002.0121272507
23	753306	660	4185.4188900182
23	788281	680	4557.0677977081
23	823926	700	4279.7100408502
23	860631	720	4640.8041517547
23	898697	740	4654.6080551747
23	938146	760	4551.9697460524
23	978732	780	4922.254757694
23	1020067	800	4686.102036106
23	1062841	820	4734.6130087922
23	1106746	840	4555.4963199175
23	1151286	860	4690.7243441462
23	1197588	880	4790.8567539152
23	1244814	900	4336.7939874716
23	1292996	920	4973.6877296769
23	1342740	940	5018.8249418634
23	1393820	960	5109.7763370822
23	1446385	980	4931.1235507171
23	1499673	1000	4898.1113449218
23	1554445	1020	5344.4705881316
23	1610188	1040	5345.5348933344
23	1667616	1060	5254.0407361298
23	1726805	1080	5297.6485207814
23	1787090	1100	5484.0821534847
23	1848913	1120	5571.2846216939
23	1911814	1140	5620.096907472
23	1976627	1160	5672.4269858061
23	2043378	1180	5444.4208275117
23	2111489	1200	5300.376654774
23	2181638	1220	5946.2557765859
23	2254240	1240	5393.9869360852
23	2328042	1260	5888.230763158
23	2404478	1280	5753.017528948
23	2482389	1300	5662.3601420936
23	2562494	1320	6039.338354712
23	2643841	1340	5796.4423826038
23	2727459	1360	5664.8852433093
23	2812947	1380	5979.765976939
23	2900486	1400	6162.1080537434
23	2990872	1420	6252.2482044484
23	3081974	1440	6341.728273388
23	3175623	1460	6347.8370632452
23	3271907	1480	6386.636794045
23	3369951	1500	6704.0137219039
23	3470404	1520	6257.0660978244
23	3572989	1540	6942.1810702809
23	3678878	1560	6382.3732785427
23	3787009	1580	6428.7587881022
23	3896508	1600	6672.2654961763
23	4008446	1620	6334.2611766918
23	4123560	1640	6525.6553001288
23	4239808	1660	6932.6159614737
23	4359058	1680	6753.8211913044
23	4481430	1700	6938.3295125264
23	4605997	1720	6979.1655274335
23	4731945	1740	7290.3914444295
23	4861531	1760	7029.1019444072
23	4993227	1780	7346.7493450925
23	5126432	1800	7153.4829824047
23	5262747	1820	7255.4675218322
23	5401123	1840	7207.3362915715
23	5541868	1860	7076.8853563739
23	5684648	1880	7301.0933685773
23	5830842	1900	7477.5883140788
23	5979267	1920	7436.6971790291
23	6129517	1940	7160.3547270819
23	6282633	1960	7752.1148432007
23	6437697	1980	7704.9136610523
23	6595613	2000	7248.3565833985
24	145582	240	44.880481443162
24	171241	260	44.822634588162
24	198253	280	45.081643999677
24	225426	300	45.055201454496
24	252567	320	45.066778704747
24	279804	340	45.010606277238
24	307073	360	45.019732779387
24	334266	380	45.028192641339
24	361741	400	45.028307713958
24	389233	420	44.989833827369
24	416537	440	45.068863239264
24	444429	460	45.053522500804
24	472813	480	45.176347301143
24	501674	500	45.251725818168
24	530916	520	45.361922632857
24	560825	540	45.310242462212
24	591313	560	45.33573014951
24	622448	580	45.329121756555
24	653838	600	45.520555001044
24	686068	620	45.468517996595
24	719308	640	45.47741053694
24	753306	660	45.493683587154
24	788281	680	45.570677977081
24	823926	700	45.52883022181
24	860631	720	45.498079919164
24	898697	740	45.633412305634
24	938146	760	45.519697460524
24	978732	780	45.576432941611
24	1020067	800	45.496136272874
24	1062841	820	45.52512508454
24	1106746	840	45.554963199175
24	1151286	860	45.541013049963
24	1197588	880	45.627207180145
24	1244814	900	45.650463026016
24	1292996	920	45.630162657586
24	1342740	940	45.625681289667
24	1393820	960	45.623003009662
24	1446385	980	45.658551395528
24	1499673	1000	45.776741541325
24	1554445	1020	45.679235795997
24	1610188	1040	45.688332421662
24	1667616	1060	45.687310748955
24	1726805	1080	45.66938379984
24	1787090	1100	45.700684612373
24	1848913	1120	45.666267390934
24	1911814	1140	45.691844776195
24	1976627	1160	45.745378917791
24	2043378	1180	45.751435525308
24	2111489	1200	45.692902196327
24	2181638	1220	45.740429050661
24	2254240	1240	45.711753695638
24	2328042	1260	45.645199714403
24	2404478	1280	45.658869277365
24	2482389	1300	45.664194694303
24	2562494	1320	45.752563293273
24	2643841	1340	45.64127860318
24	2727459	1360	45.684558413785
24	2812947	1380	45.647068526252
24	2900486	1400	45.645244842544
24	2990872	1420	45.636848207653
24	3081974	1440	45.623944412864
24	3175623	1460	45.667892541332
24	3271907	1480	45.618834243178
24	3369951	1500	45.605535523156
24	3470404	1520	45.672015312587
24	3572989	1540	45.672243883427
24	3678878	1560	45.588380561019
24	3787009	1580	45.594033958172
24	3896508	1600	45.700448603947
24	4008446	1620	45.570224292747
24	4123560	1640	45.633953147754
24	4239808	1660	45.609315536011
24	4359058	1680	45.633926968273
24	4481430	1700	45.646904687674
24	4605997	1720	45.615460963618
24	4731945	1740	45.564946527685
24	4861531	1760	45.643519119527
24	4993227	1780	45.631983509891
24	5126432	1800	45.563585875189
24	5262747	1820	45.631871206492
24	5401123	1840	45.616052478301
24	5541868	1860	45.657324879832
24	5684648	1880	45.631833553608
24	5830842	1900	45.595050695602
24	5979267	1920	45.623909073798
24	6129517	1940	45.607354949566
24	6282633	1960	45.60067554824
24	6437697	1980	45.591205094984
24	6595613	2000	45.587148323261
25	145582	240	0.42055584867785
25	171241	260	0.40501699335663
25	198253	280	0.82084916433799
25	225426	300	0.73868248596746
25	252567	320	0.94248961586942
25	279804	340	0.66900867491589
25	307073	360	0.67619325707386
25	334266	380	0.7036519168048
25	361741	400	0.73610476829235
25	389233	420	0.67054782544924
25	416537	440	0.86197654234627
25	444429	460	0.85239026126222
25	472813	480	1.1529234613923
25	501674	500	1.2186907887231
25	530916	520	1.4378622932997
25	560825	540	1.3047884857883
25	591313	560	1.2179534344682
25	622448	580	1.2907206949693
25	653838	600	1.4600521937798
25	686068	620	1.3422247529228
25	719308	640	1.3462684529556
25	753306	660	1.237245065136
25	788281	680	1.3869763761436
25	823926	700	1.3294802612166
25	860631	720	1.2735592242998
25	898697	740	1.3302833142347
25	938146	760	1.2172737527289
25	978732	780	1.3020642064819
25	1020067	800	1.1380717292085
25	1062841	820	1.1685259699199
25	1106746	840	1.1630093800403
25	1151286	860	1.1343753147574
25	1197588	880	1.2111843294373
25	1244814	900	1.2373410469413
25	1292996	920	1.2478596596882
25	1342740	940	1.2033530913536
25	1393820	960	1.1912109942395
25	1446385	980	1.1732369055248
25	1499673	1000	1.1791229534693
25	1554445	1020	1.2147615470563
25	1610188	1040	1.1947991990725
25	1667616	1060	1.1670731823228
25	1726805	1080	1.1276346605834
25	1787090	1100	1.1047868794251
25	1848913	1120	1.1109869737551
25	1911814	1140	1.1242729510772
25	1976627	1160	1.1501417685437
25	2043378	1180	1.1248563615067
25	2111489	1200	1.0977742855306
25	2181638	1220	1.1300868969211
25	2254240	1240	1.0627311399103
25	2328042	1260	1.065029218216
25	2404478	1280	1.1091361801632
25	2482389	1300	1.0405154442602
25	2562494	1320	1.0570335334814
25	2643841	1340	1.0247811425525
25	2727459	1360	0.98818173142531
25	2812947	1380	1.0183446948272
25	2900486	1400	1.0297011175813
25	2990872	1420	0.99718855078776
25	3081974	1440	0.96725748271463
25	3175623	1460	1.0112882682923
25	3271907	1480	0.94505090978273
25	3369951	1500	0.9653251845233
25	3470404	1520	0.94752400092407
25	3572989	1540	0.97830197518154
25	3678878	1560	0.90052266232514
25	3787009	1580	0.92787168825758
25	3896508	1600	0.91885662744792
25	4008446	1620	0.87918838034803
25	4123560	1640	0.86290625216589
25	4239808	1660	0.93590515214184
25	4359058	1680	0.96126616223014
25	4481430	1700	0.93210061633946
25	4605997	1720	0.85513038776177
25	4731945	1740	0.84528316814948
25	4861531	1760	0.92459269838904
25	4993227	1780	0.87934650531685
25	5126432	1800	0.81292707650175
25	5262747	1820	0.89512115883426
25	5401123	1840	0.87599378269036
25	5541868	1860	0.89753673556971
25	5684648	1880	0.86418404418462
25	5830842	1900	0.82908928840467
25	5979267	1920	0.83826231779109
25	6129517	1940	0.90786806548463
25	6282633	1960	0.84379159046577
25	6437697	1980	0.88675738129845
25	6595613	2000	0.86072589288319
26	145582	240	0.17686722185715
26	171241	260	0.16403876490764
26	198253	280	0.67379335059438
26	225426	300	0.54565181507507
26	252567	320	0.88828667602169
26	279804	340	0.44757260711271
26	307073	360	0.45723732091215
26	334266	380	0.49512602002306
26	361741	400	0.54185022990273
26	389233	420	0.4496343862147
26	416537	440	0.74300355955523
26	444429	460	0.72656915749468
26	472813	480	1.3292325078289
26	501674	500	1.4852072385185
26	530916	520	2.0674479744931
26	560825	540	1.7024729926456
26	591313	560	1.483410568533
26	622448	580	1.6659599124221
26	653838	600	2.1317524085613
26	686068	620	1.8015672873588
26	719308	640	1.8124387474236
26	753306	660	1.5307753512034
26	788281	680	1.9237034679805
26	823926	700	1.7675177649645
26	860631	720	1.6219530977992
26	898697	740	1.7696536961313
26	938146	760	1.4817553890827
26	978732	780	1.6953711978013
26	1020067	800	1.2952072608235
26	1062841	820	1.3654529423772
26	1106746	840	1.3525908180617
26	1151286	860	1.286807354731
26	1197588	880	1.4669674798745
26	1244814	900	1.5310128664459
26	1292996	920	1.5571537302772
26	1342740	940	1.4480586624703
26	1393820	960	1.4189836327971
26	1446385	980	1.3764848364854
26	1499673	1000	1.3903309393981
26	1554445	1020	1.4756456162066
26	1610188	1040	1.4275451261042
26	1667616	1060	1.362059812897
26	1726805	1080	1.2715599277491
26	1787090	1100	1.2205540489498
26	1848913	1120	1.2342920558534
26	1911814	1140	1.2639896685238
26	1976627	1160	1.3228260877489
26	2043378	1180	1.265301834022
26	2111489	1200	1.2051083819722
26	2181638	1220	1.2770963945929
26	2254240	1240	1.1293974757349
26	2328042	1260	1.1342872356537
26	2404478	1280	1.230183066147
26	2482389	1300	1.082672389744
26	2562494	1320	1.1173198909041
26	2643841	1340	1.0501763901312
26	2727459	1360	0.97650313432273
26	2812947	1380	1.0370259174828
26	2900486	1400	1.0602843915482
26	2990872	1420	0.9943850058222
26	3081974	1440	0.93558703786744
26	3175623	1460	1.0227039615855
26	3271907	1480	0.89312122208116
26	3369951	1500	0.93185271187494
26	3470404	1520	0.89780173232715
26	3572989	1540	0.9570747546441
26	3678878	1560	0.81094106536117
26	3787009	1580	0.86094586986997
26	3896508	1600	0.84429750180496
26	4008446	1620	0.77297220813899
26	4123560	1640	0.74460720002699
26	4239808	1660	0.87591845380564
26	4359058	1680	0.92403263464866
26	4481430	1700	0.8688115589804
26	4605997	1720	0.73124798007359
26	4731945	1740	0.71450363435682
26	4861531	1760	0.85487165791432
26	4993227	1780	0.77325027641296
26	5126432	1800	0.66085043170968
26	5262747	1820	0.8012418889928
26	5401123	1840	0.76736510731217
26	5541868	1860	0.80557219169713
26	5684648	1880	0.74681406222328
26	5830842	1900	0.68738904814736
26	5979267	1920	0.7026837134285
26	6129517	1940	0.82422442432681
26	6282633	1960	0.71198424814076
26	6437697	1980	0.78633865328729
26	6595613	2000	0.74084906267956
