version 2
run statisticRVV-89-20150325-03:53:20-7376
attr c 9
attr configname statisticRVV
attr datetime 20150325-03:53:20
attr experiment statisticRVV
attr inifile omnetpp.ini
attr iterationvars "$sc=\"erlangen-low.launchd.xml\", $p=1/8, $c=9"
attr iterationvars2 "$sc=\"erlangen-low.launchd.xml\", $p=1/8, $c=9, $repetition=9"
attr measurement "$sc=\"erlangen-low.launchd.xml\", $p=1/8, $c=9"
attr network RSUExampleScenario
attr p 1/8
attr processid 7376
attr repetition 9
attr replication #9
attr resultdir results
attr runnumber 89
attr sc "\"erlangen-low.launchd.xml\""
attr seedset 89

vector 0  RSUExampleScenario.rsu[0].appl  Number_CH  ETV
vector 1  RSUExampleScenario.rsu[0].appl  Number_ON  ETV
vector 2  RSUExampleScenario.rsu[0].appl  Number_FN  ETV
vector 3  RSUExampleScenario.rsu[0].appl  Number_CH_Losts  ETV
vector 4  RSUExampleScenario.rsu[0].appl  Mean_Cluster_Size  ETV
vector 5  RSUExampleScenario.rsu[0].appl  StdDev_Cluster_Size  ETV
vector 6  RSUExampleScenario.rsu[0].appl  Variance_Cluster_Size  ETV
vector 7  RSUExampleScenario.rsu[0].appl  Mean_Neighbors  ETV
vector 8  RSUExampleScenario.rsu[0].appl  StdDev_Neighbors  ETV
vector 9  RSUExampleScenario.rsu[0].appl  Variance_Neighbors  ETV
vector 10  RSUExampleScenario.rsu[0].appl  Total_CH_Utility  ETV
vector 11  RSUExampleScenario.rsu[0].appl  Mean_CH_Utility  ETV
vector 12  RSUExampleScenario.rsu[0].appl  StdDev_CH_Utility  ETV
vector 13  RSUExampleScenario.rsu[0].appl  Variance_CH_Utility  ETV
vector 14  RSUExampleScenario.rsu[0].appl  Total_exp_CH_Utility  ETV
vector 15  RSUExampleScenario.rsu[0].appl  Mean_exp_CH_Utility  ETV
vector 16  RSUExampleScenario.rsu[0].appl  StdDev_exp_CH_Utility  ETV
vector 17  RSUExampleScenario.rsu[0].appl  Variance_exp_CH_Utility  ETV
vector 18  RSUExampleScenario.rsu[0].appl  Total_ON_Utility  ETV
vector 19  RSUExampleScenario.rsu[0].appl  Mean_ON_Utility  ETV
vector 20  RSUExampleScenario.rsu[0].appl  StdDev_ON_Utility  ETV
vector 21  RSUExampleScenario.rsu[0].appl  Variance_ON_Utility  ETV
vector 22  RSUExampleScenario.rsu[0].appl  Total_exp_ON_Utility  ETV
vector 23  RSUExampleScenario.rsu[0].appl  Mean_exp_ON_Utility  ETV
vector 24  RSUExampleScenario.rsu[0].appl  StdDev_exp_ON_Utility  ETV
vector 25  RSUExampleScenario.rsu[0].appl  Variance_exp_ON_Utility  ETV
0	34514	240	7
0	39928	260	4
0	45320	280	5
0	50592	300	6
0	55862	320	2
0	61256	340	7
0	66640	360	3
0	71934	380	5
0	77225	400	2
0	82549	420	2
0	87837	440	2
0	93119	460	3
0	98458	480	4
0	103805	500	4
0	109128	520	5
0	114436	540	6
0	119720	560	1
0	125021	580	5
0	130313	600	1
0	135591	620	5
0	140924	640	4
0	146182	660	7
0	151477	680	3
0	156694	700	4
0	161977	720	1
0	167383	740	3
0	172669	760	3
0	178053	780	4
0	183487	800	4
0	188826	820	7
0	194153	840	2
0	199488	860	7
0	204744	880	3
0	209977	900	3
0	215280	920	5
0	220637	940	4
0	225956	960	4
0	231207	980	5
0	236489	1000	7
0	241749	1020	3
0	247087	1040	4
0	252339	1060	3
0	257560	1080	6
0	262889	1100	5
0	268094	1120	6
0	273294	1140	2
0	278457	1160	1
0	283785	1180	2
0	288982	1200	4
0	294304	1220	2
0	299668	1240	3
0	304867	1260	7
0	310078	1280	2
0	315376	1300	3
0	320770	1320	5
0	325989	1340	3
0	331229	1360	6
0	336483	1380	5
0	341752	1400	5
0	347101	1420	6
0	352451	1440	4
0	357717	1460	2
0	363074	1480	3
0	368337	1500	2
0	373626	1520	3
0	379008	1540	3
0	384428	1560	3
0	389769	1580	7
0	395081	1600	2
0	400452	1620	6
0	405827	1640	7
0	411135	1660	3
0	416366	1680	4
0	421673	1700	2
0	427040	1720	2
0	432426	1740	3
0	437684	1760	3
0	442970	1780	3
0	448210	1800	4
0	453077	1820	2
0	457357	1840	1
0	461158	1860	4
0	464539	1880	0
0	467481	1900	4
0	470017	1920	6
0	472056	1940	1
0	473595	1960	2
0	474652	1980	0
0	475273	2000	0
1	34514	240	9
1	39928	260	4
1	45320	280	6
1	50592	300	7
1	55862	320	2
1	61256	340	10
1	66640	360	3
1	71934	380	7
1	77225	400	4
1	82549	420	2
1	87837	440	3
1	93119	460	3
1	98458	480	6
1	103805	500	5
1	109128	520	8
1	114436	540	8
1	119720	560	2
1	125021	580	7
1	130313	600	1
1	135591	620	6
1	140924	640	5
1	146182	660	8
1	151477	680	4
1	156694	700	5
1	161977	720	1
1	167383	740	5
1	172669	760	4
1	178053	780	4
1	183487	800	5
1	188826	820	9
1	194153	840	4
1	199488	860	8
1	204744	880	4
1	209977	900	4
1	215280	920	8
1	220637	940	6
1	225956	960	5
1	231207	980	7
1	236489	1000	10
1	241749	1020	5
1	247087	1040	5
1	252339	1060	4
1	257560	1080	7
1	262889	1100	5
1	268094	1120	9
1	273294	1140	3
1	278457	1160	2
1	283785	1180	2
1	288982	1200	5
1	294304	1220	3
1	299668	1240	4
1	304867	1260	8
1	310078	1280	3
1	315376	1300	4
1	320770	1320	8
1	325989	1340	3
1	331229	1360	9
1	336483	1380	8
1	341752	1400	7
1	347101	1420	7
1	352451	1440	4
1	357717	1460	3
1	363074	1480	4
1	368337	1500	2
1	373626	1520	4
1	379008	1540	3
1	384428	1560	4
1	389769	1580	10
1	395081	1600	2
1	400452	1620	9
1	405827	1640	11
1	411135	1660	6
1	416366	1680	6
1	421673	1700	2
1	427040	1720	4
1	432426	1740	3
1	437684	1760	4
1	442970	1780	4
1	448210	1800	7
1	453077	1820	2
1	457357	1840	2
1	461158	1860	6
1	464539	1880	0
1	467481	1900	5
1	470017	1920	7
1	472056	1940	2
1	473595	1960	4
1	474652	1980	0
1	475273	2000	0
2	34514	240	24
2	39928	260	33
2	45320	280	29
2	50592	300	27
2	55862	320	36
2	61256	340	25
2	66640	360	35
2	71934	380	27
2	77225	400	34
2	82549	420	35
2	87837	440	35
2	93119	460	35
2	98458	480	31
2	103805	500	32
2	109128	520	26
2	114436	540	26
2	119720	560	37
2	125021	580	29
2	130313	600	39
2	135591	620	28
2	140924	640	32
2	146182	660	25
2	151477	680	34
2	156694	700	31
2	161977	720	38
2	167383	740	32
2	172669	760	33
2	178053	780	33
2	183487	800	31
2	188826	820	24
2	194153	840	35
2	199488	860	24
2	204744	880	34
2	209977	900	32
2	215280	920	28
2	220637	940	30
2	225956	960	31
2	231207	980	28
2	236489	1000	24
2	241749	1020	32
2	247087	1040	31
2	252339	1060	32
2	257560	1080	27
2	262889	1100	30
2	268094	1120	25
2	273294	1140	35
2	278457	1160	37
2	283785	1180	36
2	288982	1200	31
2	294304	1220	35
2	299668	1240	33
2	304867	1260	26
2	310078	1280	35
2	315376	1300	33
2	320770	1320	27
2	325989	1340	33
2	331229	1360	25
2	336483	1380	27
2	341752	1400	29
2	347101	1420	27
2	352451	1440	32
2	357717	1460	35
2	363074	1480	35
2	368337	1500	36
2	373626	1520	34
2	379008	1540	35
2	384428	1560	33
2	389769	1580	23
2	395081	1600	37
2	400452	1620	26
2	405827	1640	23
2	411135	1660	31
2	416366	1680	29
2	421673	1700	36
2	427040	1720	35
2	432426	1740	34
2	437684	1760	33
2	442970	1780	34
2	448210	1800	29
2	453077	1820	34
2	457357	1840	32
2	461158	1860	21
2	464539	1880	28
2	467481	1900	15
2	470017	1920	7
2	472056	1940	15
2	473595	1960	8
2	474652	1980	11
2	475273	2000	8
3	34514	240	1
3	39928	260	0
3	45320	280	0
3	50592	300	3
3	55862	320	0
3	61256	340	2
3	66640	360	2
3	71934	380	3
3	77225	400	2
3	82549	420	1
3	87837	440	1
3	93119	460	2
3	98458	480	2
3	103805	500	0
3	109128	520	1
3	114436	540	2
3	119720	560	1
3	125021	580	0
3	130313	600	0
3	135591	620	0
3	140924	640	2
3	146182	660	0
3	151477	680	1
3	156694	700	2
3	161977	720	0
3	167383	740	3
3	172669	760	0
3	178053	780	2
3	183487	800	1
3	188826	820	1
3	194153	840	1
3	199488	860	2
3	204744	880	1
3	209977	900	1
3	215280	920	2
3	220637	940	1
3	225956	960	1
3	231207	980	2
3	236489	1000	0
3	241749	1020	4
3	247087	1040	2
3	252339	1060	0
3	257560	1080	3
3	262889	1100	2
3	268094	1120	0
3	273294	1140	0
3	278457	1160	3
3	283785	1180	2
3	288982	1200	0
3	294304	1220	1
3	299668	1240	0
3	304867	1260	1
3	310078	1280	1
3	315376	1300	2
3	320770	1320	2
3	325989	1340	0
3	331229	1360	6
3	336483	1380	5
3	341752	1400	1
3	347101	1420	2
3	352451	1440	1
3	357717	1460	2
3	363074	1480	2
3	368337	1500	1
3	373626	1520	2
3	379008	1540	1
3	384428	1560	2
3	389769	1580	2
3	395081	1600	1
3	400452	1620	0
3	405827	1640	0
3	411135	1660	0
3	416366	1680	0
3	421673	1700	2
3	427040	1720	1
3	432426	1740	1
3	437684	1760	1
3	442970	1780	1
3	448210	1800	4
3	453077	1820	0
3	457357	1840	0
3	461158	1860	0
3	464539	1880	1
3	467481	1900	0
3	470017	1920	0
3	472056	1940	1
3	473595	1960	2
3	474652	1980	1
3	475273	2000	1
4	34514	240	1.2857142857143
4	39928	260	1
4	45320	280	1.2
4	50592	300	1.1666666666667
4	55862	320	1
4	61256	340	1.4285714285714
4	66640	360	1
4	71934	380	1.4
4	77225	400	2
4	82549	420	1
4	87837	440	1.5
4	93119	460	1
4	98458	480	1.5
4	103805	500	1.25
4	109128	520	1.6
4	114436	540	1.3333333333333
4	119720	560	2
4	125021	580	1.4
4	130313	600	1
4	135591	620	1.2
4	140924	640	1.25
4	146182	660	1.1428571428571
4	151477	680	1.3333333333333
4	156694	700	1.25
4	161977	720	1
4	167383	740	1.6666666666667
4	172669	760	1.3333333333333
4	178053	780	1
4	183487	800	1.25
4	188826	820	1.2857142857143
4	194153	840	2
4	199488	860	1.1428571428571
4	204744	880	1.3333333333333
4	209977	900	1.3333333333333
4	215280	920	1.6
4	220637	940	1.5
4	225956	960	1.25
4	231207	980	1.4
4	236489	1000	1.4285714285714
4	241749	1020	1.6666666666667
4	247087	1040	1.25
4	252339	1060	1.3333333333333
4	257560	1080	1.1666666666667
4	262889	1100	1
4	268094	1120	1.5
4	273294	1140	1.5
4	278457	1160	2
4	283785	1180	1
4	288982	1200	1.25
4	294304	1220	1.5
4	299668	1240	1.3333333333333
4	304867	1260	1.1428571428571
4	310078	1280	1.5
4	315376	1300	1.3333333333333
4	320770	1320	1.6
4	325989	1340	1
4	331229	1360	1.5
4	336483	1380	1.6
4	341752	1400	1.4
4	347101	1420	1.1666666666667
4	352451	1440	1
4	357717	1460	1.5
4	363074	1480	1.3333333333333
4	368337	1500	1
4	373626	1520	1.3333333333333
4	379008	1540	1
4	384428	1560	1.3333333333333
4	389769	1580	1.4285714285714
4	395081	1600	1
4	400452	1620	1.5
4	405827	1640	1.5714285714286
4	411135	1660	2
4	416366	1680	1.5
4	421673	1700	1
4	427040	1720	2
4	432426	1740	1
4	437684	1760	1.3333333333333
4	442970	1780	1.3333333333333
4	448210	1800	1.75
4	453077	1820	1
4	457357	1840	2
4	461158	1860	1.5
4	464539	1880	nan
4	467481	1900	1.25
4	470017	1920	1.1666666666667
4	472056	1940	2
4	473595	1960	2
4	474652	1980	nan
4	475273	2000	nan
5	34514	240	0.48795003647427
5	39928	260	0
5	45320	280	0.44721359549996
5	50592	300	0.40824829046386
5	55862	320	0
5	61256	340	0.53452248382485
5	66640	360	0
5	71934	380	0.54772255750517
5	77225	400	0
5	82549	420	0
5	87837	440	0.70710678118655
5	93119	460	0
5	98458	480	0.57735026918963
5	103805	500	0.5
5	109128	520	0.54772255750517
5	114436	540	0.51639777949432
5	119720	560	nan
5	125021	580	0.54772255750517
5	130313	600	nan
5	135591	620	0.44721359549996
5	140924	640	0.5
5	146182	660	0.37796447300923
5	151477	680	0.57735026918963
5	156694	700	0.5
5	161977	720	nan
5	167383	740	0.57735026918963
5	172669	760	0.57735026918963
5	178053	780	0
5	183487	800	0.5
5	188826	820	0.48795003647427
5	194153	840	0
5	199488	860	0.37796447300923
5	204744	880	0.57735026918963
5	209977	900	0.57735026918963
5	215280	920	0.54772255750517
5	220637	940	0.57735026918963
5	225956	960	0.5
5	231207	980	0.54772255750517
5	236489	1000	0.53452248382485
5	241749	1020	0.57735026918963
5	247087	1040	0.5
5	252339	1060	0.57735026918963
5	257560	1080	0.40824829046386
5	262889	1100	0
5	268094	1120	0.54772255750517
5	273294	1140	0.70710678118655
5	278457	1160	nan
5	283785	1180	0
5	288982	1200	0.5
5	294304	1220	0.70710678118655
5	299668	1240	0.57735026918963
5	304867	1260	0.37796447300923
5	310078	1280	0.70710678118655
5	315376	1300	0.57735026918963
5	320770	1320	0.54772255750517
5	325989	1340	0
5	331229	1360	0.54772255750517
5	336483	1380	0.54772255750517
5	341752	1400	0.54772255750517
5	347101	1420	0.40824829046386
5	352451	1440	0
5	357717	1460	0.70710678118655
5	363074	1480	0.57735026918963
5	368337	1500	0
5	373626	1520	0.57735026918963
5	379008	1540	0
5	384428	1560	0.57735026918963
5	389769	1580	0.53452248382485
5	395081	1600	0
5	400452	1620	0.54772255750517
5	405827	1640	0.53452248382485
5	411135	1660	0
5	416366	1680	0.57735026918963
5	421673	1700	0
5	427040	1720	0
5	432426	1740	0
5	437684	1760	0.57735026918963
5	442970	1780	0.57735026918963
5	448210	1800	0.5
5	453077	1820	0
5	457357	1840	nan
5	461158	1860	0.57735026918963
5	464539	1880	nan
5	467481	1900	0.5
5	470017	1920	0.40824829046386
5	472056	1940	nan
5	473595	1960	0
5	474652	1980	nan
5	475273	2000	nan
6	34514	240	0.23809523809524
6	39928	260	0
6	45320	280	0.2
6	50592	300	0.16666666666667
6	55862	320	0
6	61256	340	0.28571428571429
6	66640	360	0
6	71934	380	0.3
6	77225	400	0
6	82549	420	0
6	87837	440	0.5
6	93119	460	0
6	98458	480	0.33333333333333
6	103805	500	0.25
6	109128	520	0.3
6	114436	540	0.26666666666667
6	119720	560	nan
6	125021	580	0.3
6	130313	600	nan
6	135591	620	0.2
6	140924	640	0.25
6	146182	660	0.14285714285714
6	151477	680	0.33333333333333
6	156694	700	0.25
6	161977	720	nan
6	167383	740	0.33333333333333
6	172669	760	0.33333333333333
6	178053	780	0
6	183487	800	0.25
6	188826	820	0.23809523809524
6	194153	840	0
6	199488	860	0.14285714285714
6	204744	880	0.33333333333333
6	209977	900	0.33333333333333
6	215280	920	0.3
6	220637	940	0.33333333333333
6	225956	960	0.25
6	231207	980	0.3
6	236489	1000	0.28571428571429
6	241749	1020	0.33333333333333
6	247087	1040	0.25
6	252339	1060	0.33333333333333
6	257560	1080	0.16666666666667
6	262889	1100	0
6	268094	1120	0.3
6	273294	1140	0.5
6	278457	1160	nan
6	283785	1180	0
6	288982	1200	0.25
6	294304	1220	0.5
6	299668	1240	0.33333333333333
6	304867	1260	0.14285714285714
6	310078	1280	0.5
6	315376	1300	0.33333333333333
6	320770	1320	0.3
6	325989	1340	0
6	331229	1360	0.3
6	336483	1380	0.3
6	341752	1400	0.3
6	347101	1420	0.16666666666667
6	352451	1440	0
6	357717	1460	0.5
6	363074	1480	0.33333333333333
6	368337	1500	0
6	373626	1520	0.33333333333333
6	379008	1540	0
6	384428	1560	0.33333333333333
6	389769	1580	0.28571428571429
6	395081	1600	0
6	400452	1620	0.3
6	405827	1640	0.28571428571429
6	411135	1660	0
6	416366	1680	0.33333333333333
6	421673	1700	0
6	427040	1720	0
6	432426	1740	0
6	437684	1760	0.33333333333333
6	442970	1780	0.33333333333333
6	448210	1800	0.25
6	453077	1820	0
6	457357	1840	nan
6	461158	1860	0.33333333333333
6	464539	1880	nan
6	467481	1900	0.25
6	470017	1920	0.16666666666667
6	472056	1940	nan
6	473595	1960	0
6	474652	1980	nan
6	475273	2000	nan
7	34514	240	8.975
7	39928	260	8.9268292682927
7	45320	280	9.075
7	50592	300	8.75
7	55862	320	9.025
7	61256	340	8.6666666666667
7	66640	360	9.1219512195122
7	71934	380	9.3589743589744
7	77225	400	8.95
7	82549	420	9
7	87837	440	8.975
7	93119	460	9.1794871794872
7	98458	480	9.0731707317073
7	103805	500	9.0487804878049
7	109128	520	9.0263157894737
7	114436	540	9.1
7	119720	560	9
7	125021	580	9.0975609756098
7	130313	600	8.9268292682927
7	135591	620	9.025641025641
7	140924	640	8.780487804878
7	146182	660	8.975
7	151477	680	8.8048780487805
7	156694	700	8.7
7	161977	720	9.275
7	167383	740	9
7	172669	760	8.95
7	178053	780	9.1
7	183487	800	9.075
7	188826	820	9.075
7	194153	840	8.9512195121951
7	199488	860	9.0512820512821
7	204744	880	9.0243902439024
7	209977	900	8.8974358974359
7	215280	920	8.65
7	220637	940	9.15
7	225956	960	9
7	231207	980	8.7
7	236489	1000	8.9024390243902
7	241749	1020	8.85
7	247087	1040	9.025
7	252339	1060	8.7948717948718
7	257560	1080	8.7
7	262889	1100	8.8717948717949
7	268094	1120	8.775
7	273294	1140	8.625
7	278457	1160	8.825
7	283785	1180	8.9
7	288982	1200	9.1
7	294304	1220	8.775
7	299668	1240	8.9
7	304867	1260	8.6341463414634
7	310078	1280	8.775
7	315376	1300	9.025
7	320770	1320	9.2
7	325989	1340	9
7	331229	1360	8.7
7	336483	1380	8.775
7	341752	1400	9.0487804878049
7	347101	1420	9.2307692307692
7	352451	1440	8.9
7	357717	1460	8.8
7	363074	1480	8.8536585365854
7	368337	1500	9
7	373626	1520	8.7317073170732
7	379008	1540	9.175
7	384428	1560	9.225
7	389769	1580	8.95
7	395081	1600	8.9512195121951
7	400452	1620	8.9024390243902
7	405827	1640	8.9756097560976
7	411135	1660	9.2307692307692
7	416366	1680	9.1538461538462
7	421673	1700	9.1282051282051
7	427040	1720	8.8780487804878
7	432426	1740	9.15
7	437684	1760	8.875
7	442970	1780	8.7073170731707
7	448210	1800	8.75
7	453077	1820	8.6578947368421
7	457357	1840	8.4285714285714
7	461158	1860	8.3548387096774
7	464539	1880	8.0714285714286
7	467481	1900	8.125
7	470017	1920	7.95
7	472056	1940	7.7777777777778
7	473595	1960	7.2142857142857
7	474652	1980	6.5454545454545
7	475273	2000	5.25
8	34514	240	2.1060048457343
8	39928	260	2.0783436181541
8	45320	280	1.8589699381026
8	50592	300	1.8081014266989
8	55862	320	1.2086759019263
8	61256	340	2.0679513447438
8	66640	360	1.8192735081787
8	71934	380	1.2244693692238
8	77225	400	1.893985081034
8	82549	420	1.7013926184468
8	87837	440	1.6561849890482
8	93119	460	1.5195531696382
8	98458	480	1.6029698048067
8	103805	500	1.4482958867613
8	109128	520	1.2189238076817
8	114436	540	1.3737465148926
8	119720	560	2.0506409254495
8	125021	580	1.9596540262095
8	130313	600	1.5064900248996
8	135591	620	1.5809254366248
8	140924	640	1.6809550131094
8	146182	660	1.2297070737291
8	151477	680	1.7779132739693
8	156694	700	1.8002848777418
8	161977	720	1.7392527130926
8	167383	740	1.450022104164
8	172669	760	1.6004806970215
8	178053	780	1.7364862842489
8	183487	800	1.8451252476423
8	188826	820	1.3846688023884
8	194153	840	1.6271327467695
8	199488	860	1.2128417684083
8	204744	880	1.3506999089
8	209977	900	1.3532586751377
8	215280	920	1.7766289022782
8	220637	940	1.4944341180973
8	225956	960	1.8673991236957
8	231207	980	1.5557997366348
8	236489	1000	2.0100357963079
8	241749	1020	1.9552690155262
8	247087	1040	1.4760915126936
8	252339	1060	1.6251232694862
8	257560	1080	1.2850221987507
8	262889	1100	1.5075160325496
8	268094	1120	1.5104337974272
8	273294	1140	1.6899021364473
8	278457	1160	1.5833670711655
8	283785	1180	1.2567765033956
8	288982	1200	1.3737465148926
8	294304	1220	2.0937942494367
8	299668	1240	2.0606197723389
8	304867	1260	1.867566565895
8	310078	1280	1.9146868258349
8	315376	1300	1.7169964831289
8	320770	1320	1.5884196306634
8	325989	1340	1.5389675281277
8	331229	1360	1.6976605320415
8	336483	1380	1.3104608701933
8	341752	1400	1.5961080714067
8	347101	1420	1.5124316158797
8	352451	1440	1.7802333468483
8	357717	1460	1.6361305195256
8	363074	1480	1.8379468927278
8	368337	1500	1.8810798862519
8	373626	1520	1.9877674693472
8	379008	1540	1.7814931795317
8	384428	1560	1.3104608701933
8	389769	1580	1.5182648665922
8	395081	1600	1.8967237478372
8	400452	1620	2.0224351417138
8	405827	1640	2.0185118884719
8	411135	1660	1.459299371572
8	416366	1680	1.6469822729123
8	421673	1700	1.5590058772295
8	427040	1720	2.0880028969235
8	432426	1740	1.9552690155262
8	437684	1760	1.7274184087749
8	442970	1780	2.0885868720145
8	448210	1800	2.4468713671093
8	453077	1820	1.564406731337
8	457357	1840	1.4609769955453
8	461158	1860	1.4502502564908
8	464539	1880	1.6981159806085
8	467481	1900	1.7523276445668
8	470017	1920	2.0124611797498
8	472056	1940	2.0162736612683
8	473595	1960	1.2513728724621
8	474652	1980	0.93419873299383
8	475273	2000	1.0350983390135
9	34514	240	4.4352564102564
9	39928	260	4.319512195122
9	45320	280	3.4557692307692
9	50592	300	3.2692307692308
9	55862	320	1.4608974358974
9	61256	340	4.2764227642276
9	66640	360	3.309756097561
9	71934	380	1.4993252361673
9	77225	400	3.5871794871795
9	82549	420	2.8947368421053
9	87837	440	2.7429487179487
9	93119	460	2.3090418353576
9	98458	480	2.569512195122
9	103805	500	2.0975609756098
9	109128	520	1.4857752489331
9	114436	540	1.8871794871795
9	119720	560	4.2051282051282
9	125021	580	3.840243902439
9	130313	600	2.269512195122
9	135591	620	2.4993252361673
9	140924	640	2.8256097560976
9	146182	660	1.5121794871795
9	151477	680	3.1609756097561
9	156694	700	3.2410256410256
9	161977	720	3.025
9	167383	740	2.1025641025641
9	172669	760	2.5615384615385
9	178053	780	3.0153846153846
9	183487	800	3.4044871794872
9	188826	820	1.9173076923077
9	194153	840	2.6475609756098
9	199488	860	1.4709851551957
9	204744	880	1.8243902439024
9	209977	900	1.8313090418354
9	215280	920	3.1564102564103
9	220637	940	2.2333333333333
9	225956	960	3.4871794871795
9	231207	980	2.4205128205128
9	236489	1000	4.040243902439
9	241749	1020	3.8230769230769
9	247087	1040	2.1788461538462
9	252339	1060	2.6410256410256
9	257560	1080	1.6512820512821
9	262889	1100	2.2726045883941
9	268094	1120	2.2814102564103
9	273294	1140	2.8557692307692
9	278457	1160	2.5070512820513
9	283785	1180	1.5794871794872
9	288982	1200	1.8871794871795
9	294304	1220	4.3839743589744
9	299668	1240	4.2461538461538
9	304867	1260	3.4878048780488
9	310078	1280	3.6660256410256
9	315376	1300	2.9480769230769
9	320770	1320	2.5230769230769
9	325989	1340	2.3684210526316
9	331229	1360	2.8820512820513
9	336483	1380	1.7173076923077
9	341752	1400	2.5475609756098
9	347101	1420	2.2874493927126
9	352451	1440	3.1692307692308
9	357717	1460	2.6769230769231
9	363074	1480	3.3780487804878
9	368337	1500	3.5384615384615
9	373626	1520	3.9512195121951
9	379008	1540	3.1737179487179
9	384428	1560	1.7173076923077
9	389769	1580	2.3051282051282
9	395081	1600	3.5975609756098
9	400452	1620	4.090243902439
9	405827	1640	4.0743902439024
9	411135	1660	2.1295546558704
9	416366	1680	2.7125506072874
9	421673	1700	2.4304993252362
9	427040	1720	4.359756097561
9	432426	1740	3.8230769230769
9	437684	1760	2.9839743589744
9	442970	1780	4.3621951219512
9	448210	1800	5.9871794871795
9	453077	1820	2.4473684210526
9	457357	1840	2.1344537815126
9	461158	1860	2.1032258064516
9	464539	1880	2.8835978835979
9	467481	1900	3.070652173913
9	470017	1920	4.05
9	472056	1940	4.0653594771242
9	473595	1960	1.5659340659341
9	474652	1980	0.87272727272727
9	475273	2000	1.0714285714286
10	34514	240	330.29469570215
10	39928	260	189.77492568878
10	45320	280	237.94264967615
10	50592	300	281.22245114766
10	55862	320	96.319336576256
10	61256	340	325.89063187534
10	66640	360	142.6385329029
10	71934	380	232.77673798565
10	77225	400	96.849332674835
10	82549	420	93.261270374806
10	87837	440	87.383588836931
10	93119	460	143.35703220518
10	98458	480	194.27196613704
10	103805	500	184.8659664771
10	109128	520	232.50057152379
10	114436	540	283.13766287228
10	119720	560	45.743509713412
10	125021	580	238.8074110289
10	130313	600	48.487711664931
10	135591	620	238.98363516295
10	140924	640	192.6516759978
10	146182	660	330.67148188768
10	151477	680	139.35862154216
10	156694	700	192.56866434424
10	161977	720	48.099994517385
10	167383	740	140.06974655577
10	172669	760	138.04380892336
10	178053	780	186.85162994689
10	183487	800	183.72551176463
10	188826	820	329.76566189174
10	194153	840	94.16210077376
10	199488	860	322.2502891432
10	204744	880	141.45534376692
10	209977	900	138.77571953643
10	215280	920	233.06232507826
10	220637	940	192.97347627049
10	225956	960	193.12235691176
10	231207	980	235.85247089068
10	236489	1000	337.53726294309
10	241749	1020	144.75107561038
10	247087	1040	185.46503780784
10	252339	1060	144.23629167569
10	257560	1080	275.45722440462
10	262889	1100	235.68488677858
10	268094	1120	282.37649948753
10	273294	1140	91.320907227035
10	278457	1160	46.143778405353
10	283785	1180	96.67397551699
10	288982	1200	187.34421066896
10	294304	1220	92.360505933515
10	299668	1240	139.35335825754
10	304867	1260	342.88000272364
10	310078	1280	92.694978235902
10	315376	1300	146.42914632314
10	320770	1320	237.2158265687
10	325989	1340	143.88747582717
10	331229	1360	285.4765479097
10	336483	1380	235.07557166801
10	341752	1400	231.98815565041
10	347101	1420	279.51916544294
10	352451	1440	188.00334955198
10	357717	1460	92.843504995071
10	363074	1480	139.87741420901
10	368337	1500	92.755347779841
10	373626	1520	138.94270731855
10	379008	1540	141.19392413002
10	384428	1560	143.7146712861
10	389769	1580	327.97884537538
10	395081	1600	92.614609220031
10	400452	1620	287.48564355356
10	405827	1640	330.4151809636
10	411135	1660	142.57349933263
10	416366	1680	181.61102533264
10	421673	1700	92.579379543803
10	427040	1720	93.989971147396
10	432426	1740	137.79806294247
10	437684	1760	142.87390665913
10	442970	1780	141.69407517233
10	448210	1800	183.61832998947
10	453077	1820	98.006766421111
10	457357	1840	46.222616295178
10	461158	1860	184.72824891482
10	464539	1880	0
10	467481	1900	192.45979088321
10	470017	1920	279.06746385114
10	472056	1940	46.045312385644
10	473595	1960	93.044269836762
10	474652	1980	0
10	475273	2000	0
11	34514	240	47.184956528878
11	39928	260	47.443731422195
11	45320	280	47.58852993523
11	50592	300	46.87040852461
11	55862	320	48.159668288128
11	61256	340	46.55580455362
11	66640	360	47.546177634299
11	71934	380	46.55534759713
11	77225	400	48.424666337418
11	82549	420	46.630635187403
11	87837	440	43.691794418465
11	93119	460	47.785677401728
11	98458	480	48.56799153426
11	103805	500	46.216491619276
11	109128	520	46.500114304759
11	114436	540	47.189610478713
11	119720	560	45.743509713412
11	125021	580	47.76148220578
11	130313	600	48.487711664931
11	135591	620	47.79672703259
11	140924	640	48.162918999451
11	146182	660	47.238783126811
11	151477	680	46.452873847386
11	156694	700	48.14216608606
11	161977	720	48.099994517385
11	167383	740	46.689915518591
11	172669	760	46.014602974455
11	178053	780	46.712907486724
11	183487	800	45.931377941158
11	188826	820	47.109380270249
11	194153	840	47.08105038688
11	199488	860	46.035755591886
11	204744	880	47.151781255639
11	209977	900	46.258573178808
11	215280	920	46.612465015653
11	220637	940	48.243369067623
11	225956	960	48.280589227939
11	231207	980	47.170494178135
11	236489	1000	48.219608991869
11	241749	1020	48.250358536793
11	247087	1040	46.366259451959
11	252339	1060	48.078763891898
11	257560	1080	45.90953740077
11	262889	1100	47.136977355717
11	268094	1120	47.062749914589
11	273294	1140	45.660453613517
11	278457	1160	46.143778405353
11	283785	1180	48.336987758495
11	288982	1200	46.836052667241
11	294304	1220	46.180252966758
11	299668	1240	46.451119419179
11	304867	1260	48.982857531949
11	310078	1280	46.347489117951
11	315376	1300	48.809715441047
11	320770	1320	47.44316531374
11	325989	1340	47.962491942391
11	331229	1360	47.579424651616
11	336483	1380	47.015114333602
11	341752	1400	46.397631130081
11	347101	1420	46.586527573824
11	352451	1440	47.000837387995
11	357717	1460	46.421752497535
11	363074	1480	46.625804736336
11	368337	1500	46.377673889921
11	373626	1520	46.31423577285
11	379008	1540	47.064641376673
11	384428	1560	47.904890428699
11	389769	1580	46.854120767911
11	395081	1600	46.307304610015
11	400452	1620	47.914273925593
11	405827	1640	47.202168709086
11	411135	1660	47.524499777543
11	416366	1680	45.402756333161
11	421673	1700	46.289689771901
11	427040	1720	46.994985573698
11	432426	1740	45.932687647491
11	437684	1760	47.624635553043
11	442970	1780	47.231358390775
11	448210	1800	45.904582497367
11	453077	1820	49.003383210555
11	457357	1840	46.222616295178
11	461158	1860	46.182062228705
11	464539	1880	nan
11	467481	1900	48.114947720801
11	470017	1920	46.511243975189
11	472056	1940	46.045312385644
11	473595	1960	46.522134918381
11	474652	1980	nan
11	475273	2000	nan
12	34514	240	1.6713495122511
12	39928	260	3.0637772063696
12	45320	280	1.7369587137444
12	50592	300	2.3509992473798
12	55862	320	0.23084716714313
12	61256	340	1.2635947464889
12	66640	360	2.601109322145
12	71934	380	1.6998524720493
12	77225	400	0.78523828394649
12	82549	420	3.1631802565062
12	87837	440	4.2593580933522
12	93119	460	3.2602504296648
12	98458	480	3.4486555037298
12	103805	500	1.5325606225017
12	109128	520	0.61277851126115
12	114436	540	2.6950044608546
12	119720	560	nan
12	125021	580	0.77947399644563
12	130313	600	nan
12	135591	620	2.4354581918108
12	140924	640	2.3198436716207
12	146182	660	2.6585373411448
12	151477	680	1.831656631416
12	156694	700	1.4085400667309
12	161977	720	nan
12	167383	740	2.0161556696371
12	172669	760	0.093978616004751
12	178053	780	2.1409594090892
12	183487	800	0.88465025333424
12	188826	820	2.1333548331933
12	194153	840	0.21336680454868
12	199488	860	3.0865849958361
12	204744	880	0.012579975846748
12	209977	900	1.5264295925311
12	215280	920	3.69985033333
12	220637	940	1.5319382988651
12	225956	960	2.6306601161442
12	231207	980	2.0736125436537
12	236489	1000	2.176169600693
12	241749	1020	1.0395362830495
12	247087	1040	2.0700632005549
12	252339	1060	1.4829308840546
12	257560	1080	2.9474093823995
12	262889	1100	2.6836073833093
12	268094	1120	1.7775792432305
12	273294	1140	0.93689593539947
12	278457	1160	nan
12	283785	1180	4.5239075175211
12	288982	1200	0.8310988015056
12	294304	1220	0.26335951609901
12	299668	1240	0.52869729411689
12	304867	1260	2.7498014253056
12	310078	1280	1.5092507325733
12	315376	1300	1.1286234989586
12	320770	1320	1.5715896149592
12	325989	1340	2.2096129541898
12	331229	1360	1.8745726678219
12	336483	1380	1.7362083807575
12	341752	1400	3.6578072497481
12	347101	1420	1.2846331985483
12	352451	1440	2.8333483802936
12	357717	1460	1.5793374701798
12	363074	1480	0.3645799261854
12	368337	1500	1.0055129491148
12	373626	1520	0.82926066442162
12	379008	1540	1.7824605955138
12	384428	1560	2.4377698264786
12	389769	1580	1.5480988924902
12	395081	1600	1.7145118575383
12	400452	1620	1.7488937552653
12	405827	1640	1.2883742420574
12	411135	1660	0.74675544249291
12	416366	1680	1.5122140229064
12	421673	1700	2.2227741688925
12	427040	1720	0.78984729669099
12	432426	1740	0.59544758294899
12	437684	1760	1.6364846678185
12	442970	1780	2.0845658983675
12	448210	1800	0.46248759571446
12	453077	1820	5.7497778507857
12	457357	1840	nan
12	461158	1860	2.2406218452406
12	464539	1880	nan
12	467481	1900	7.4316347077307
12	470017	1920	1.7317246162956
12	472056	1940	nan
12	473595	1960	0.70787012694193
12	474652	1980	nan
12	475273	2000	nan
13	34514	240	2.7934091921021
13	39928	260	9.38673077027
13	45320	280	3.0170255732525
13	50592	300	5.5271974611803
13	55862	320	0.053290414578009
13	61256	340	1.5966716833544
13	66640	360	6.7657697057498
13	71934	380	2.8894984267321
13	77225	400	0.61659916257523
13	82549	420	10.005709335151
13	87837	440	18.142131367405
13	93119	460	10.62923286413
13	98458	480	11.893224783406
13	103805	500	2.3487420616428
13	109128	520	0.37549750386344
13	114436	540	7.2630490440261
13	119720	560	nan
13	125021	580	0.60757971113493
13	130313	600	nan
13	135591	620	5.9314566040582
13	140924	640	5.3816746607586
13	146182	660	7.0678207942611
13	151477	680	3.3549660154101
13	156694	700	1.9839851195862
13	161977	720	nan
13	167383	740	4.0648836842098
13	172669	760	0.0088319802661685
13	178053	780	4.5837071913677
13	183487	800	0.78260607072434
13	188826	820	4.5512028443091
13	194153	840	0.045525393283313
13	199488	860	9.5270069365204
13	204744	880	0.00015825579230477
13	209977	900	2.3299873009548
13	215280	920	13.688892489042
13	220637	940	2.3468349515297
13	225956	960	6.9203726466717
13	231207	980	4.2998689811981
13	236489	1000	4.7357141309805
13	241749	1020	1.0806356837764
13	247087	1040	4.2851616542916
13	252339	1060	2.1990840068828
13	257560	1080	8.6872220674567
13	262889	1100	7.2017485877524
13	268094	1120	3.1597879659638
13	273294	1140	0.87777399376804
13	278457	1160	nan
13	283785	1180	20.465739227084
13	288982	1200	0.69072521786405
13	294304	1220	0.069358234719903
13	299668	1240	0.27952082880652
13	304867	1260	7.5614078786129
13	310078	1280	2.277837773773
13	315376	1300	1.2737910024017
13	320770	1320	2.4698939178476
13	325989	1340	4.8823894073236
13	331229	1360	3.5140226869449
13	336483	1380	3.0144195414125
13	341752	1400	13.37955387631
13	347101	1420	1.6502824548125
13	352451	1440	8.0278630441126
13	357717	1460	2.494306844714
13	363074	1480	0.13291852257735
13	368337	1500	1.0110562908374
13	373626	1520	0.68767324955699
13	379008	1540	3.1771657745596
13	384428	1560	5.9427217268894
13	389769	1580	2.3966101809293
13	395081	1600	2.9395509096394
13	400452	1620	3.0586293672059
13	405827	1640	1.659908187597
13	411135	1660	0.55764369089279
13	416366	1680	2.2867912510748
13	421673	1700	4.9407250058959
13	427040	1720	0.62385875209006
13	432426	1740	0.3545578240398
13	437684	1760	2.6780820680049
13	442970	1780	4.3454149846368
13	448210	1800	0.21389477618974
13	453077	1820	33.059945333386
13	457357	1840	nan
13	461158	1860	5.0203862533695
13	464539	1880	nan
13	467481	1900	55.229194429148
13	470017	1920	2.998870146684
13	472056	1940	nan
13	473595	1960	0.50108011661678
13	474652	1980	nan
13	475273	2000	nan
14	34514	240	356.02592521915
14	39928	260	181.27656197279
14	45320	280	224.70167987853
14	50592	300	403.50840851176
14	55862	320	89.650290306682
14	61256	340	403.45381177102
14	66640	360	224.29417281829
14	71934	380	357.37153801294
14	77225	400	178.2995654602
14	82549	420	137.23462298605
14	87837	440	136.75375559747
14	93119	460	225.02883822838
14	98458	480	273.56307189171
14	103805	500	179.44834981129
14	109128	520	266.8353170798
14	114436	540	360.04909459887
14	119720	560	88.853353556293
14	125021	580	223.96150690053
14	130313	600	44.680292154392
14	135591	620	225.20809882117
14	140924	640	268.8071442835
14	146182	660	311.57651087108
14	151477	680	178.73226640139
14	156694	700	270.62178821321
14	161977	720	46.076578840562
14	167383	740	267.09122163392
14	172669	760	133.72971825643
14	178053	780	267.87426460673
14	183487	800	223.57165872944
14	188826	820	359.07558983598
14	194153	840	135.00401623784
14	199488	860	403.89791395019
14	204744	880	182.19324090959
14	209977	900	178.87654017407
14	215280	920	271.84570623667
14	220637	940	225.15414875075
14	225956	960	230.41713135554
14	231207	980	315.68207259498
14	236489	1000	315.44053000206
14	241749	1020	314.31298086601
14	247087	1040	269.09328328103
14	252339	1060	134.87922935206
14	257560	1080	404.82821211811
14	262889	1100	271.26391842397
14	268094	1120	271.51503926598
14	273294	1140	88.446258538041
14	278457	1160	179.94121145942
14	283785	1180	179.00068366015
14	288982	1200	179.0375096681
14	294304	1220	134.53320453312
14	299668	1240	135.50330789133
14	304867	1260	366.47621114105
14	310078	1280	134.73420848362
14	315376	1300	225.06443578128
14	320770	1320	318.01402701863
14	325989	1340	134.1795127102
14	331229	1360	538.17876106195
14	336483	1380	448.84286770014
14	341752	1400	271.88543180646
14	347101	1420	360.26294026233
14	352451	1440	223.76722539526
14	357717	1460	179.03332712569
14	363074	1480	225.6776673322
14	368337	1500	132.75000754175
14	373626	1520	222.64989486775
14	379008	1540	178.97432788068
14	384428	1560	224.20928791553
14	389769	1580	403.74724540669
14	395081	1600	135.52784143632
14	400452	1620	270.88414880623
14	405827	1640	315.0557032647
14	411135	1660	135.71899516304
14	416366	1680	178.01539677235
14	421673	1700	177.43896008376
14	427040	1720	134.19534464385
14	432426	1740	180.51223480995
14	437684	1760	177.99578650568
14	442970	1780	178.07484014633
14	448210	1800	358.66452385569
14	453077	1820	91.970355767206
14	457357	1840	44.472266603592
14	461158	1860	179.39514045679
14	464539	1880	45.312308676377
14	467481	1900	178.67428817184
14	470017	1920	268.59891283816
14	472056	1940	91.238742065794
14	473595	1960	181.2756511219
14	474652	1980	46.006815747601
14	475273	2000	47.138705674644
15	34514	240	44.503240652394
15	39928	260	45.319140493198
15	45320	280	44.940335975705
15	50592	300	44.834267612418
15	55862	320	44.825145153341
15	61256	340	44.828201307891
15	66640	360	44.858834563658
15	71934	380	44.671442251618
15	77225	400	44.574891365051
15	82549	420	45.744874328682
15	87837	440	45.584585199155
15	93119	460	45.005767645675
15	98458	480	45.593845315285
15	103805	500	44.862087452821
15	109128	520	44.472552846634
15	114436	540	45.006136824859
15	119720	560	44.426676778147
15	125021	580	44.792301380106
15	130313	600	44.680292154392
15	135591	620	45.041619764233
15	140924	640	44.801190713916
15	146182	660	44.510930124441
15	151477	680	44.683066600348
15	156694	700	45.103631368868
15	161977	720	46.076578840562
15	167383	740	44.515203605654
15	172669	760	44.576572752144
15	178053	780	44.645710767789
15	183487	800	44.714331745887
15	188826	820	44.884448729497
15	194153	840	45.001338745946
15	199488	860	44.877545994466
15	204744	880	45.548310227397
15	209977	900	44.719135043517
15	215280	920	45.307617706112
15	220637	940	45.03082975015
15	225956	960	46.083426271108
15	231207	980	45.097438942139
15	236489	1000	45.062932857437
15	241749	1020	44.90185440943
15	247087	1040	44.848880546838
15	252339	1060	44.959743117354
15	257560	1080	44.980912457568
15	262889	1100	45.210653070661
15	268094	1120	45.252506544329
15	273294	1140	44.223129269021
15	278457	1160	44.985302864856
15	283785	1180	44.750170915037
15	288982	1200	44.759377417024
15	294304	1220	44.844401511039
15	299668	1240	45.16776929711
15	304867	1260	45.809526392632
15	310078	1280	44.911402827875
15	315376	1300	45.012887156256
15	320770	1320	45.430575288376
15	325989	1340	44.726504236732
15	331229	1360	44.848230088496
15	336483	1380	44.884286770014
15	341752	1400	45.31423863441
15	347101	1420	45.032867532792
15	352451	1440	44.753445079053
15	357717	1460	44.758331781422
15	363074	1480	45.13553346644
15	368337	1500	44.250002513918
15	373626	1520	44.529978973551
15	379008	1540	44.743581970171
15	384428	1560	44.841857583105
15	389769	1580	44.860805045188
15	395081	1600	45.175947145441
15	400452	1620	45.147358134372
15	405827	1640	45.007957609243
15	411135	1660	45.239665054347
15	416366	1680	44.503849193087
15	421673	1700	44.359740020941
15	427040	1720	44.731781547951
15	432426	1740	45.128058702489
15	437684	1760	44.498946626419
15	442970	1780	44.518710036582
15	448210	1800	44.833065481962
15	453077	1820	45.985177883603
15	457357	1840	44.472266603592
15	461158	1860	44.848785114196
15	464539	1880	45.312308676377
15	467481	1900	44.668572042961
15	470017	1920	44.766485473026
15	472056	1940	45.619371032897
15	473595	1960	45.318912780476
15	474652	1980	46.006815747601
15	475273	2000	47.138705674644
16	34514	240	0.40885842528167
16	39928	260	1.4722048603799
16	45320	280	1.2169372715315
16	50592	300	0.62615391638155
16	55862	320	0.55381878520617
16	61256	340	0.63504920262539
16	66640	360	0.47574796734913
16	71934	380	0.65688690997308
16	77225	400	0.38046431878941
16	82549	420	1.2198694151741
16	87837	440	0.72959642342842
16	93119	460	0.72436637385144
16	98458	480	1.5154249147151
16	103805	500	0.54646394369528
16	109128	520	0.33992922884752
16	114436	540	0.64726153232976
16	119720	560	0.079833206743643
16	125021	580	0.52919323359636
16	130313	600	nan
16	135591	620	0.44557256352308
16	140924	640	0.56071643980106
16	146182	660	0.48488516602877
16	151477	680	0.055470357259823
16	156694	700	1.0588147669406
16	161977	720	nan
16	167383	740	0.4052455855159
16	172669	760	0.59692285565173
16	178053	780	0.55952566492053
16	183487	800	0.68111436320838
16	188826	820	0.83328659207773
16	194153	840	0.54878657276083
16	199488	860	0.92061106174666
16	204744	880	0.99974162817531
16	209977	900	0.38611767718934
16	215280	920	1.1548727569948
16	220637	940	0.63137356173358
16	225956	960	1.3537309712866
16	231207	980	1.0242933492859
16	236489	1000	1.0657752473364
16	241749	1020	0.34115147091481
16	247087	1040	1.0713722748904
16	252339	1060	0.80522593446228
16	257560	1080	0.66738364572341
16	262889	1100	1.3493067599179
16	268094	1120	0.93594519780139
16	273294	1140	0.059883514077471
16	278457	1160	1.2618094414388
16	283785	1180	0.79799036913547
16	288982	1200	0.63284480640875
16	294304	1220	1.2824311050416
16	299668	1240	0.45984750889126
16	304867	1260	1.6895907497489
16	310078	1280	1.3178225769459
16	315376	1300	0.46937701955727
16	320770	1320	1.3917118378529
16	325989	1340	0.70176775007028
16	331229	1360	0.71860890087633
16	336483	1380	0.58088604150848
16	341752	1400	1.1275580461092
16	347101	1420	0.76755507749397
16	352451	1440	0.48885963974006
16	357717	1460	0.35509547311378
16	363074	1480	1.197191222441
16	368337	1500	0.35671769180818
16	373626	1520	0.3640096525944
16	379008	1540	0.71747793995662
16	384428	1560	0.65808447112603
16	389769	1580	0.63552167101526
16	395081	1600	1.9715259413204
16	400452	1620	0.88029801163375
16	405827	1640	0.90005690982957
16	411135	1660	1.248625676884
16	416366	1680	0.52013841506881
16	421673	1700	0.48878215566311
16	427040	1720	0.49382974369793
16	432426	1740	0.74921555259371
16	437684	1760	0.13436538221332
16	442970	1780	0.45379917756376
16	448210	1800	0.51684878636745
16	453077	1820	2.2397332300057
16	457357	1840	nan
16	461158	1860	1.0061189585562
16	464539	1880	nan
16	467481	1900	0.83884820967086
16	470017	1920	0.61249731374574
16	472056	1940	1.8191344888669
16	473595	1960	0.17315855677677
16	474652	1980	nan
16	475273	2000	nan
17	34514	240	0.1671652119238
17	39928	260	2.1673871509261
17	45320	280	1.4809363228426
17	50592	300	0.39206872699995
17	55862	320	0.30671524684724
17	61256	340	0.40328748975514
17	66640	360	0.22633612843683
17	71934	380	0.43150041249398
17	77225	400	0.14475309787189
17	82549	420	1.4880813900771
17	87837	440	0.53231094107955
17	93119	460	0.52470664356669
17	98458	480	2.2965126721392
17	103805	500	0.29862284175899
17	109128	520	0.11555188062487
17	114436	540	0.41894749123387
17	119720	560	0.0063733408989732
17	125021	580	0.28004547848418
17	130313	600	nan
17	135591	620	0.19853490936453
17	140924	640	0.31440292586317
17	146182	660	0.23511362423475
17	151477	680	0.0030769605345324
17	156694	700	1.1210887106915
17	161977	720	nan
17	167383	740	0.16422398458012
17	172669	760	0.35631689559941
17	178053	780	0.31306896970476
17	183487	800	0.46391677576876
17	188826	820	0.69436654453651
17	194153	840	0.30116670244257
17	199488	860	0.84752472701032
17	204744	880	0.99948332310663
17	209977	900	0.14908686063809
17	215280	920	1.3337310848487
17	220637	940	0.39863257445614
17	225956	960	1.8325875426205
17	231207	980	1.0491768653912
17	236489	1000	1.135876877835
17	241749	1020	0.11638432610734
17	247087	1040	1.1478385514038
17	252339	1060	0.64838880553065
17	257560	1080	0.44540093057908
17	262889	1100	1.8206287323601
17	268094	1120	0.87599341328748
17	273294	1140	0.0035860352582666
17	278457	1160	1.5921630665042
17	283785	1180	0.63678862923297
17	288982	1200	0.40049254899853
17	294304	1220	1.6446295391783
17	299668	1240	0.2114597314335
17	304867	1260	2.8547169016369
17	310078	1280	1.7366563443083
17	315376	1300	0.22031478648847
17	320770	1320	1.9368618396198
17	325989	1340	0.49247797503871
17	331229	1360	0.51639875241869
17	336483	1380	0.33742859321939
17	341752	1400	1.2713871473457
17	347101	1420	0.58914079698677
17	352451	1440	0.23898374736678
17	357717	1460	0.1260927950259
17	363074	1480	1.4332668230897
17	368337	1500	0.12724751164896
17	373626	1520	0.1325030271819
17	379008	1540	0.51477459432439
17	384428	1560	0.43307517113722
17	389769	1580	0.40388779433003
17	395081	1600	3.8869145372992
17	400452	1620	0.77492458928633
17	405827	1640	0.81010244093195
17	411135	1660	1.5590660809739
17	416366	1680	0.27054397083029
17	421673	1700	0.23890799569467
17	427040	1720	0.24386781576077
17	432426	1740	0.5613239442483
17	437684	1760	0.018054055937331
17	442970	1780	0.20593369355755
17	448210	1800	0.26713266796951
17	453077	1820	5.0164049415918
17	457357	1840	nan
17	461158	1860	1.0122753587662
17	464539	1880	nan
17	467481	1900	0.703666318868
17	470017	1920	0.37515295934575
17	472056	1940	3.3092502885852
17	473595	1960	0.029983885785013
17	474652	1980	nan
17	475273	2000	nan
18	34514	240	854.63503006885
18	39928	260	894.08834125824
18	45320	280	890.36337234805
18	50592	300	798.65854172341
18	55862	320	990.41954017418
18	61256	340	860.35882298161
18	66640	360	890.601725109
18	71934	380	747.7315681655
18	77225	400	908.27450082399
18	82549	420	848.50749483459
18	87837	440	850.00877654099
18	93119	460	663.05696043563
18	98458	480	856.32381155175
18	103805	500	922.08247481633
18	109128	520	893.97035595641
18	114436	540	994.60133844907
18	119720	560	886.02845651204
18	125021	580	1044.6727464812
18	130313	600	986.05690437127
18	135591	620	989.17713573288
18	140924	640	895.62905787395
18	146182	660	889.77122144639
18	151477	680	894.0775348493
18	156694	700	905.84031074367
18	161977	720	957.40304616436
18	167383	740	817.23811266685
18	172669	760	803.92167596018
18	178053	780	804.56401125553
18	183487	800	738.90621886677
18	188826	820	755.65690371189
18	194153	840	795.08231962936
18	199488	860	702.82960489314
18	204744	880	898.67125879666
18	209977	900	800.66547808206
18	215280	920	708.83958103191
18	220637	940	956.99434317816
18	225956	960	850.23560440342
18	231207	980	799.06894973373
18	236489	1000	1001.7594900035
18	241749	1020	843.26768035592
18	247087	1040	847.65252019473
18	252339	1060	801.31647105864
18	257560	1080	658.20356602492
18	262889	1100	661.15346482453
18	268094	1120	807.72179217547
18	273294	1140	834.89510769016
18	278457	1160	850.77954457426
18	283785	1180	751.74112130594
18	288982	1200	757.40570800094
18	294304	1220	861.86158735218
18	299668	1240	747.21288353346
18	304867	1260	713.31950668871
18	310078	1280	806.1891857863
18	315376	1300	717.88449567294
18	320770	1320	677.93979743588
18	325989	1340	723.38601365148
18	331229	1360	824.56226038313
18	336483	1380	706.6071616094
18	341752	1400	853.50792739861
18	347101	1420	794.50570592558
18	352451	1440	897.9988265387
18	357717	1460	747.38043691227
18	363074	1480	891.76320660264
18	368337	1500	739.47138191202
18	373626	1520	764.12154715503
18	379008	1540	894.30649266146
18	384428	1560	798.37403133872
18	389769	1580	610.68817873321
18	395081	1600	704.88810566411
18	400452	1620	850.37274881871
18	405827	1640	702.34239893981
18	411135	1660	753.37873410344
18	416366	1680	752.99983536189
18	421673	1700	603.54996891514
18	427040	1720	661.27007047656
18	432426	1740	743.41930792191
18	437684	1760	615.5738088581
18	442970	1780	554.97905755991
18	448210	1800	514.07769188983
18	453077	1820	605.896803787
18	457357	1840	556.59039061418
18	461158	1860	552.89392463478
18	464539	1880	546.40310597262
18	467481	1900	515.06132509583
18	470017	1920	421.87291682264
18	472056	1940	606.09318532673
18	473595	1960	377.33734154005
18	474652	1980	418.8610174299
18	475273	2000	330.5405932113
19	34514	240	47.479723892714
19	39928	260	47.057281118855
19	45320	280	46.861230123582
19	50592	300	46.979914219024
19	55862	320	47.16283524639
19	61256	340	47.797712387867
19	66640	360	46.873775005737
19	71934	380	46.733223010344
19	77225	400	47.803921095999
19	82549	420	47.139305268588
19	87837	440	47.222709807833
19	93119	460	47.361211459688
19	98458	480	47.573545086208
19	103805	500	48.530656569281
19	109128	520	47.051071366127
19	114436	540	47.361968497575
19	119720	560	46.633076658528
19	125021	580	47.485124840056
19	130313	600	46.955090684346
19	135591	620	47.103673130137
19	140924	640	47.13837146705
19	146182	660	46.830064286652
19	151477	680	47.05671236049
19	156694	700	47.675805828614
19	161977	720	47.870152308218
19	167383	740	48.072830156874
19	172669	760	47.289510350599
19	178053	780	47.327294779737
19	183487	800	46.181638679173
19	188826	820	47.228556481993
19	194153	840	46.769548213492
19	199488	860	46.855306992876
19	204744	880	47.298487305087
19	209977	900	47.097969298945
19	215280	920	47.255972068794
19	220637	940	47.849717158908
19	225956	960	47.235311355745
19	231207	980	47.00405586669
19	236489	1000	47.70283285731
19	241749	1020	46.848204464218
19	247087	1040	47.091806677485
19	252339	1060	47.136263003449
19	257560	1080	47.014540430351
19	262889	1100	47.225247487467
19	268094	1120	47.513046598557
19	273294	1140	46.383061538342
19	278457	1160	47.265530254126
19	283785	1180	46.983820081621
19	288982	1200	47.337856750059
19	294304	1220	47.881199297343
19	299668	1240	46.700805220841
19	304867	1260	47.554633779248
19	310078	1280	47.422893281547
19	315376	1300	47.858966378196
19	320770	1320	48.42427124542
19	325989	1340	48.225734243432
19	331229	1360	48.503662375478
19	336483	1380	47.107144107293
19	341752	1400	47.4171070777
19	347101	1420	46.735629760328
19	352451	1440	47.263096133616
19	357717	1460	46.711277307017
19	363074	1480	46.934905610665
19	368337	1500	46.216961369501
19	373626	1520	47.75759669719
19	379008	1540	47.068762771656
19	384428	1560	46.963178314042
19	389769	1580	46.976013748709
19	395081	1600	46.992540377608
19	400452	1620	47.242930489928
19	405827	1640	46.822826595987
19	411135	1660	47.086170881465
19	416366	1680	47.062489710118
19	421673	1700	46.42692068578
19	427040	1720	47.233576462612
19	432426	1740	46.46370674512
19	437684	1760	47.351831450623
19	442970	1780	46.248254796659
19	448210	1800	46.734335626348
19	453077	1820	46.607446445154
19	457357	1840	46.382532551182
19	461158	1860	46.074493719565
19	464539	1880	45.533592164385
19	467481	1900	46.823756826894
19	470017	1920	46.874768535849
19	472056	1940	46.622552717441
19	473595	1960	47.167167692506
19	474652	1980	46.540113047767
19	475273	2000	47.220084744472
20	34514	240	3.0003796034554
20	39928	260	1.9104490029904
20	45320	280	2.2756416269285
20	50592	300	1.8744685766254
20	55862	320	2.7193949107038
20	61256	340	3.1541861689823
20	66640	360	1.8902678550339
20	71934	380	2.4114942231505
20	77225	400	2.6091266773661
20	82549	420	2.3126852458436
20	87837	440	2.2859459711635
20	93119	460	2.4520197788399
20	98458	480	3.0336420251358
20	103805	500	3.3499323754436
20	109128	520	3.2539264354375
20	114436	540	2.5774118612191
20	119720	560	2.3909491082036
20	125021	580	2.4735855656754
20	130313	600	1.8817682616044
20	135591	620	2.0379825237636
20	140924	640	2.5764264917775
20	146182	660	2.5812022280006
20	151477	680	2.2285387812167
20	156694	700	2.4169333051311
20	161977	720	2.4288800328792
20	167383	740	2.9669691994674
20	172669	760	2.0407804234346
20	178053	780	2.2550970510696
20	183487	800	2.0908864092421
20	188826	820	2.3035875871188
20	194153	840	2.3903747692669
20	199488	860	1.7206717764554
20	204744	880	1.9676951170116
20	209977	900	1.9346385933088
20	215280	920	2.2683892150986
20	220637	940	2.7998359800995
20	225956	960	2.0717771712337
20	231207	980	1.883446489897
20	236489	1000	2.505834160836
20	241749	1020	2.7749391561882
20	247087	1040	2.293780676459
20	252339	1060	2.5835002491674
20	257560	1080	1.812567127975
20	262889	1100	2.5741933879154
20	268094	1120	2.3330805278813
20	273294	1140	2.5856284094225
20	278457	1160	2.5886033342474
20	283785	1180	2.4176677980269
20	288982	1200	2.4914467758229
20	294304	1220	3.0445928288538
20	299668	1240	2.6496355519636
20	304867	1260	2.4787425336018
20	310078	1280	2.3654368641905
20	315376	1300	2.6181591139801
20	320770	1320	3.3208954232021
20	325989	1340	2.8511051677125
20	331229	1360	3.3846960741476
20	336483	1380	1.5859513083985
20	341752	1400	1.6230147376809
20	347101	1420	1.2967728895181
20	352451	1440	3.024384523777
20	357717	1460	1.8603606792605
20	363074	1480	1.8786525560729
20	368337	1500	2.1905133364943
20	373626	1520	2.5637845483351
20	379008	1540	1.9500532954027
20	384428	1560	1.8702765390696
20	389769	1580	2.0635612874531
20	395081	1600	1.674500038728
20	400452	1620	1.9027144500773
20	405827	1640	2.4187799730577
20	411135	1660	2.3624583317286
20	416366	1680	1.9278797882634
20	421673	1700	2.4040978775684
20	427040	1720	1.6866288541841
20	432426	1740	2.3567198628038
20	437684	1760	2.51015350029
20	442970	1780	2.4848789154337
20	448210	1800	1.720493885065
20	453077	1820	2.7448769030617
20	457357	1840	2.0379056351813
20	461158	1860	1.8250572557687
20	464539	1880	1.4851934035429
20	467481	1900	4.3682636839043
20	470017	1920	1.8387797630843
20	472056	1940	2.5706869843188
20	473595	1960	3.6353364595644
20	474652	1980	1.7057548556227
20	475273	2000	2.4945767449652
21	34514	240	9.002277764831
21	39928	260	3.6498153930268
21	45320	280	5.1785448142098
21	50592	300	3.5136324447559
21	55862	320	7.3951086803618
21	61256	340	9.948890388599
21	66640	360	3.5731125637746
21	71934	380	5.8153043882884
21	77225	400	6.8075420185435
21	82549	420	5.3485130463425
21	87837	440	5.2255489830787
21	93119	460	6.0124009958221
21	98458	480	9.2029839366701
21	103805	500	11.222046920045
21	109128	520	10.588037247239
21	114436	540	6.6430519023529
21	119720	560	5.7166376380195
21	125021	580	6.1186255507175
21	130313	600	3.5410517903818
21	135591	620	4.153372767166
21	140924	640	6.6379734675328
21	146182	660	6.6626049418351
21	151477	680	4.9663850993869
21	156694	700	5.841566601452
21	161977	720	5.8994582141191
21	167383	740	8.802906230588
21	172669	760	4.1647847366737
21	178053	780	5.0854627097427
21	183487	800	4.3718059763533
21	188826	820	5.3065157715279
21	194153	840	5.713891537548
21	199488	860	2.9607113622901
21	204744	880	3.8718240735111
21	209977	900	3.7428264867199
21	215280	920	5.1455896311758
21	220637	940	7.8390815154599
21	225956	960	4.292260647245
21	231207	980	3.5473706803052
21	236489	1000	6.2792048416126
21	241749	1020	7.7002873205465
21	247087	1040	5.2614297916965
21	252339	1060	6.674473537448
21	257560	1080	3.2853995934155
21	262889	1100	6.6264715983874
21	268094	1120	5.4432647495787
21	273294	1140	6.6854742716126
21	278457	1160	6.7008672220768
21	283785	1180	5.8451175816161
21	288982	1200	6.2073070367584
21	294304	1220	9.2695454935079
21	299668	1240	7.0205685582297
21	304867	1260	6.1441645478865
21	310078	1280	5.5952915584716
21	315376	1300	6.8547571461171
21	320770	1320	11.028346411844
21	325989	1340	8.1288006773568
21	331229	1360	11.45616751435
21	336483	1380	2.5152415526108
21	341752	1400	2.6341768387293
21	347101	1420	1.681619926989
21	352451	1440	9.1469017476618
21	357717	1460	3.4609418569386
21	363074	1480	3.5293354264393
21	368337	1500	4.7983486773594
21	373626	1520	6.5729912102821
21	379008	1540	3.8027078549111
21	384428	1560	3.4979343325943
21	389769	1580	4.258285187075
21	395081	1600	2.8039503797001
21	400452	1620	3.6203222785331
21	405827	1640	5.850496558065
21	411135	1660	5.5812093691539
21	416366	1680	3.7167204779947
21	421673	1700	5.7796866049288
21	427040	1720	2.8447168917665
21	432426	1740	5.5541285117338
21	437684	1760	6.3008705950183
21	442970	1780	6.1746232243667
21	448210	1800	2.9600992085459
21	453077	1820	7.5343492129617
21	457357	1840	4.1530593779039
21	461158	1860	3.3308339868339
21	464539	1880	2.2057994459275
21	467481	1900	19.081727612117
21	470017	1920	3.3811110171284
21	472056	1940	6.608431571346
21	473595	1960	13.215671174238
21	474652	1980	2.9095996274806
21	475273	2000	6.2229131365212
22	34514	240	1441.5927826487
22	39928	260	1658.2970303891
22	45320	280	1568.0210382967
22	50592	300	1387.327944011
22	55862	320	1707.2620185525
22	61256	340	1491.2140179995
22	66640	360	1614.6672140854
22	71934	380	1391.4292832757
22	77225	400	1621.0852466279
22	82549	420	1614.9448401448
22	87837	440	1658.7777523787
22	93119	460	1525.3366548709
22	98458	480	1569.652283676
22	103805	500	1669.5814552222
22	109128	520	1437.6640999393
22	114436	540	1436.2594501811
22	119720	560	1700.7815764223
22	125021	580	1620.0883830776
22	130313	600	1793.2987291154
22	135591	620	1523.0958523108
22	140924	640	1574.6975235065
22	146182	660	1483.3984971134
22	151477	680	1662.7593446466
22	156694	700	1523.2653518549
22	161977	720	1750.2096187355
22	167383	740	1527.8732257985
22	172669	760	1659.3146841063
22	178053	780	1525.4008749891
22	183487	800	1567.3876497453
22	188826	820	1431.6471047985
22	194153	840	1703.0855264027
22	199488	860	1341.0185816813
22	204744	880	1661.1830151804
22	209977	900	1567.8976013697
22	215280	920	1521.3415576708
22	220637	940	1570.444742399
22	225956	960	1563.0213449762
22	231207	980	1477.5774638046
22	236489	1000	1526.2395354193
22	241749	1020	1475.8488150407
22	247087	1040	1527.5281345608
22	252339	1060	1616.5345023626
22	257560	1080	1389.4632834696
22	262889	1100	1477.9882680827
22	268094	1120	1523.4803121571
22	273294	1140	1703.2887542608
22	278457	1160	1619.3473791797
22	283785	1180	1616.380023066
22	288982	1200	1618.8122763138
22	294304	1220	1662.7645660128
22	299668	1240	1660.7043359592
22	304867	1260	1478.1663670889
22	310078	1280	1664.8295608168
22	315376	1300	1567.4322450666
22	320770	1320	1480.5225907783
22	325989	1340	1616.565714474
22	331229	1360	1257.0508100707
22	336483	1380	1344.187893051
22	341752	1400	1565.131645917
22	347101	1420	1386.7540129738
22	352451	1440	1575.15729112
22	357717	1460	1613.7664997554
22	363074	1480	1614.4036318238
22	368337	1500	1658.1544771586
22	373626	1520	1622.1218035105
22	379008	1540	1611.7941724162
22	384428	1560	1568.7324895872
22	389769	1580	1385.5753022444
22	395081	1600	1706.1101395936
22	400452	1620	1569.6522446272
22	405827	1640	1524.9694317217
22	411135	1660	1611.883796924
22	416366	1680	1565.9649566468
22	421673	1700	1568.6917877798
22	427040	1720	1703.7773368966
22	432426	1740	1612.9537407716
22	437684	1760	1614.1726394812
22	442970	1780	1661.4139279471
22	448210	1800	1433.157625178
22	453077	1820	1621.3614607826
22	457357	1840	1532.0147549025
22	461158	1860	1216.9032926514
22	464539	1880	1214.4909960799
22	467481	1900	902.22469424742
22	470017	1920	636.37416462138
22	472056	1940	730.22899953153
22	473595	1960	460.08725697388
22	474652	1980	458.02422989411
22	475273	2000	326.91724467127
23	34514	240	45.049774457772
23	39928	260	44.818838659165
23	45320	280	44.800601094192
23	50592	300	44.752514322937
23	55862	320	44.927947856646
23	61256	340	45.188303575743
23	66640	360	44.851867057929
23	71934	380	44.884815589538
23	77225	400	45.030145739664
23	82549	420	44.859578892912
23	87837	440	44.83183114537
23	93119	460	44.86284279032
23	98458	480	44.84720810503
23	103805	500	45.123823114113
23	109128	520	44.927003123102
23	114436	540	44.883107818159
23	119720	560	44.75740990585
23	125021	580	45.002455085489
23	130313	600	44.832468227885
23	135591	620	44.796936832671
23	140924	640	44.991357814472
23	146182	660	44.951469609498
23	151477	680	44.939441747205
23	156694	700	44.801922113381
23	161977	720	44.877169711166
23	167383	740	44.937447817604
23	172669	760	44.846342813683
23	178053	780	44.864731617327
23	183487	800	44.782504278436
23	188826	820	44.738972024954
23	194153	840	44.818040168493
23	199488	860	44.700619389376
23	204744	880	44.89683824812
23	209977	900	44.797074324848
23	215280	920	44.745339931495
23	220637	940	44.869849782828
23	225956	960	44.657752713606
23	231207	980	44.775074660744
23	236489	1000	44.889398100569
23	241749	1020	44.722691364871
23	247087	1040	44.927298075318
23	252339	1060	44.90373617674
23	257560	1080	44.821396240954
23	262889	1100	44.787523275234
23	268094	1120	44.808244475209
23	273294	1140	44.82338827002
23	278457	1160	44.981871643879
23	283785	1180	44.899445085166
23	288982	1200	44.967007675383
23	294304	1220	44.93958286521
23	299668	1240	44.883900971869
23	304867	1260	44.792920214815
23	310078	1280	44.99539353559
23	315376	1300	44.783778430473
23	320770	1320	44.864320932677
23	325989	1340	44.904603179833
23	331229	1360	44.894671788238
23	336483	1380	44.8062631017
23	341752	1400	44.7180470262
23	347101	1420	44.73400041851
23	352451	1440	45.004494032001
23	357717	1460	44.826847215427
23	363074	1480	44.844545328439
23	368337	1500	44.814985869151
23	373626	1520	45.058938986403
23	379008	1540	44.772060344894
23	384428	1560	44.820928273919
23	389769	1580	44.695977491754
23	395081	1600	44.897635252462
23	400452	1620	44.847206989349
23	405827	1640	44.852042109461
23	411135	1660	44.774549914556
23	416366	1680	44.741855904194
23	421673	1700	44.819765365136
23	427040	1720	44.836245707806
23	432426	1740	44.804270576989
23	437684	1760	44.838128874477
23	442970	1780	44.903079133706
23	448210	1800	44.786175786812
23	453077	1820	45.037818355072
23	457357	1840	45.059257497133
23	461158	1860	45.070492320421
23	464539	1880	44.981148002961
23	467481	1900	45.111234712371
23	470017	1920	45.455297472956
23	472056	1940	45.639312470721
23	473595	1960	46.008725697388
23	474652	1980	45.802422989411
23	475273	2000	46.702463524468
24	34514	240	1.1721569305861
24	39928	260	0.75591161697623
24	45320	280	0.62579571779787
24	50592	300	0.48739941833134
24	55862	320	0.80644912760695
24	61256	340	1.1830123874659
24	66640	360	0.63446291484887
24	71934	380	0.58077551288673
24	77225	400	0.90930290520614
24	82549	420	0.83206505368352
24	87837	440	0.85765886510977
24	93119	460	0.83500318726715
24	98458	480	0.78996014074218
24	103805	500	1.4149211242371
24	109128	520	0.8250906226618
24	114436	540	0.91628860845017
24	119720	560	0.63515677492898
24	125021	580	1.2901753584451
24	130313	600	0.76104265216764
24	135591	620	0.66284026270504
24	140924	640	1.0562808292853
24	146182	660	0.73867857909637
24	151477	680	0.85019358304923
24	156694	700	0.72498317762249
24	161977	720	0.89037619209507
24	167383	740	0.87122744939963
24	172669	760	0.73675112192714
24	178053	780	0.91631017728128
24	183487	800	0.65228981154921
24	188826	820	0.70732740750288
24	194153	840	0.7438466172521
24	199488	860	0.50573397428458
24	204744	880	1.0582344476808
24	209977	900	0.70068430102208
24	215280	920	0.67026329832617
24	220637	940	0.92274595904714
24	225956	960	0.54564604883886
24	231207	980	0.54967573749224
24	236489	1000	1.001622753617
24	241749	1020	0.60781154649467
24	247087	1040	0.81277161502045
24	252339	1060	0.98555070422318
24	257560	1080	0.72585289864104
24	262889	1100	0.72916541510683
24	268094	1120	0.83282299796172
24	273294	1140	0.69859199562451
24	278457	1160	0.90340428448645
24	283785	1180	0.64304389267057
24	288982	1200	0.80055987373353
24	294304	1220	0.86450652087098
24	299668	1240	0.79060094557795
24	304867	1260	0.67310499761557
24	310078	1280	0.82178012181737
24	315376	1300	0.66148939904217
24	320770	1320	0.83324382965895
24	325989	1340	0.865748532294
24	331229	1360	0.87895149910284
24	336483	1380	0.79210129626269
24	341752	1400	0.69879446984015
24	347101	1420	0.67453676076671
24	352451	1440	1.1592261727529
24	357717	1460	0.67791108144488
24	363074	1480	0.90665578280389
24	368337	1500	0.66254071232436
24	373626	1520	1.121017493364
24	379008	1540	0.66944008507335
24	384428	1560	0.76724879318185
24	389769	1580	0.55811106321507
24	395081	1600	0.80070248012312
24	400452	1620	0.93583908078869
24	405827	1640	0.86449739860969
24	411135	1660	0.70924737779755
24	416366	1680	0.626181393596
24	421673	1700	0.63817046629276
24	427040	1720	0.775944157882
24	432426	1740	0.78360693586823
24	437684	1760	0.76507480365646
24	442970	1780	0.96929431205769
24	448210	1800	0.87300473717019
24	453077	1820	1.2821944756278
24	457357	1840	0.98508201369528
24	461158	1860	0.89953290403883
24	464539	1880	0.77343979252394
24	467481	1900	0.70970134101285
24	470017	1920	1.1987166075907
24	472056	1940	1.2753632703208
24	473595	1960	1.3870462491798
24	474652	1980	0.49458182019405
24	475273	2000	1.134425868247
25	34514	240	1.3739518699209
25	39928	260	0.57140237267962
25	45320	280	0.39162028041415
25	50592	300	0.23755819298973
25	55862	320	0.65036019541801
25	61256	340	1.3995183088977
25	66640	360	0.40254319031853
25	71934	380	0.33730019636884
25	77225	400	0.82683177341632
25	82549	420	0.69233225356136
25	87837	440	0.73557872890139
25	93119	460	0.69723032274629
25	98458	480	0.6240370239614
25	103805	500	2.0020017878122
25	109128	520	0.68077453560444
25	114436	540	0.83958481397554
25	119720	560	0.40342412873818
25	125021	580	1.6645524555389
25	130313	600	0.57918591841836
25	135591	620	0.43935721386289
25	140924	640	1.1157291903156
25	146182	660	0.54564604321583
25	151477	680	0.72282912865808
25	156694	700	0.52560060783561
25	161977	720	0.79276976344972
25	167383	740	0.75903726858738
25	172669	760	0.5428022156609
25	178053	780	0.83962434098924
25	183487	800	0.4254819982509
25	188826	820	0.50031206140474
25	194153	840	0.55330778999739
25	199488	860	0.25576685274568
25	204744	880	1.1198601462582
25	209977	900	0.4909584896988
25	215280	920	0.44925288908307
25	220637	940	0.85146010493782
25	225956	960	0.29772961061346
25	231207	980	0.30214341638764
25	236489	1000	1.0032481405633
25	241749	1020	0.36943487605224
25	247087	1040	0.66059769818295
25	252339	1060	0.9713101905948
25	257560	1080	0.5268624304656
25	262889	1100	0.53168220258792
25	268094	1120	0.69359414593395
25	273294	1140	0.48803077635064
25	278457	1160	0.81613930122847
25	283785	1180	0.41350544790092
25	288982	1200	0.64089611143225
25	294304	1220	0.74737152462845
25	299668	1240	0.62504985514874
25	304867	1260	0.45307033781506
25	310078	1280	0.67532256861418
25	315376	1300	0.43756822504517
25	320770	1320	0.69429527966471
25	325989	1340	0.74952052116921
25	331229	1360	0.77255573777513
25	336483	1380	0.62742446354104
25	341752	1400	0.48831371107918
25	347101	1420	0.45499984162565
25	352451	1440	1.3438053195953
25	357717	1460	0.45956343434577
25	363074	1480	0.82202470849173
25	368337	1500	0.43896019548727
25	373626	1520	1.2566802204282
25	379008	1540	0.44815002750302
25	384428	1560	0.588670710639
25	389769	1580	0.31148795888305
25	395081	1600	0.64112446167532
25	400452	1620	0.87579478513143
25	405827	1640	0.74735575220293
25	411135	1660	0.5030318429127
25	416366	1680	0.39210313768583
25	421673	1700	0.40726154404832
25	427040	1720	0.60208933615121
25	432426	1740	0.6140398299408
25	437684	1760	0.58533945518997
25	442970	1780	0.9395314633874
25	448210	1800	0.76213727112159
25	453077	1820	1.6440226733305
25	457357	1840	0.97038657370595
25	461158	1860	0.80915944544854
25	464539	1880	0.59820911265948
25	467481	1900	0.50367599343543
25	470017	1920	1.4369215053138
25	472056	1940	1.6265514712834
25	473595	1960	1.9238972973636
25	474652	1980	0.24461117686646
25	475273	2000	1.2869220505479
