version 2
run statisticRVV-88-20150327-02:49:33-15352
attr c 9
attr configname statisticRVV
attr datetime 20150327-02:49:33
attr experiment statisticRVV
attr inifile omnetpp.ini
attr iterationvars "$sc=\"erlangen-low.launchd.xml\", $p=1/8, $c=9"
attr iterationvars2 "$sc=\"erlangen-low.launchd.xml\", $p=1/8, $c=9, $repetition=8"
attr measurement "$sc=\"erlangen-low.launchd.xml\", $p=1/8, $c=9"
attr network RSUExampleScenario
attr p 1/8
attr processid 15352
attr repetition 8
attr replication #8
attr resultdir results
attr runnumber 88
attr sc "\"erlangen-low.launchd.xml\""
attr seedset 88

vector 0  RSUExampleScenario.rsu[0].appl  Number_CH  ETV
vector 1  RSUExampleScenario.rsu[0].appl  Number_ON  ETV
vector 2  RSUExampleScenario.rsu[0].appl  Number_FN  ETV
vector 3  RSUExampleScenario.rsu[0].appl  Number_CH_Losts  ETV
vector 4  RSUExampleScenario.rsu[0].appl  Number_CH_Losts  ETV
vector 5  RSUExampleScenario.rsu[0].appl  Mean_Cluster_Size  ETV
vector 6  RSUExampleScenario.rsu[0].appl  StdDev_Cluster_Size  ETV
vector 7  RSUExampleScenario.rsu[0].appl  Variance_Cluster_Size  ETV
vector 8  RSUExampleScenario.rsu[0].appl  Mean_Neighbors  ETV
vector 9  RSUExampleScenario.rsu[0].appl  StdDev_Neighbors  ETV
vector 10  RSUExampleScenario.rsu[0].appl  Variance_Neighbors  ETV
vector 11  RSUExampleScenario.rsu[0].appl  Total_CH_Utility  ETV
vector 12  RSUExampleScenario.rsu[0].appl  Mean_CH_Utility  ETV
vector 13  RSUExampleScenario.rsu[0].appl  StdDev_CH_Utility  ETV
vector 14  RSUExampleScenario.rsu[0].appl  Variance_CH_Utility  ETV
vector 15  RSUExampleScenario.rsu[0].appl  Total_exp_CH_Utility  ETV
vector 16  RSUExampleScenario.rsu[0].appl  Mean_exp_CH_Utility  ETV
vector 17  RSUExampleScenario.rsu[0].appl  StdDev_exp_CH_Utility  ETV
vector 18  RSUExampleScenario.rsu[0].appl  Variance_exp_CH_Utility  ETV
vector 19  RSUExampleScenario.rsu[0].appl  Total_ON_Utility  ETV
vector 20  RSUExampleScenario.rsu[0].appl  Mean_ON_Utility  ETV
vector 21  RSUExampleScenario.rsu[0].appl  StdDev_ON_Utility  ETV
vector 22  RSUExampleScenario.rsu[0].appl  Variance_ON_Utility  ETV
vector 23  RSUExampleScenario.rsu[0].appl  Total_exp_ON_Utility  ETV
vector 24  RSUExampleScenario.rsu[0].appl  Mean_exp_ON_Utility  ETV
vector 25  RSUExampleScenario.rsu[0].appl  StdDev_exp_ON_Utility  ETV
vector 26  RSUExampleScenario.rsu[0].appl  Variance_exp_ON_Utility  ETV
0	34638	240	3
0	40121	260	3
0	45478	280	4
0	50825	300	4
0	56273	320	4
0	61573	340	4
0	66931	360	8
0	72280	380	4
0	77540	400	7
0	82802	420	4
0	88118	440	4
0	93396	460	5
0	98588	480	4
0	103880	500	3
0	109074	520	3
0	114295	540	3
0	119630	560	8
0	124985	580	3
0	130235	600	5
0	135522	620	5
0	140801	640	8
0	146048	660	6
0	151365	680	1
0	156809	700	7
0	162172	720	5
0	167460	740	4
0	172776	760	3
0	178114	780	4
0	183579	800	3
0	189015	820	4
0	194332	840	5
0	199675	860	4
0	205100	880	6
0	210421	900	6
0	215741	920	3
0	221039	940	7
0	226396	960	8
0	231630	980	6
0	236885	1000	4
0	242143	1020	6
0	247411	1040	6
0	252726	1060	3
0	258023	1080	7
0	263342	1100	8
0	268616	1120	3
0	273934	1140	4
0	279288	1160	5
0	284660	1180	5
0	289944	1200	4
0	295236	1220	3
0	300575	1240	4
0	305837	1260	5
0	311247	1280	3
0	316498	1300	7
0	321781	1320	3
0	327058	1340	5
0	332458	1360	6
0	337757	1380	4
0	343043	1400	5
0	348331	1420	6
0	353629	1440	6
0	358915	1460	5
0	364254	1480	5
0	369496	1500	3
0	374707	1520	6
0	380018	1540	1
0	385379	1560	3
0	390726	1580	4
0	396011	1600	4
0	401470	1620	6
0	406764	1640	3
0	412111	1660	4
0	417403	1680	3
0	422697	1700	3
0	428043	1720	3
0	433378	1740	5
0	438835	1760	5
0	444165	1780	3
0	449487	1800	4
0	454380	1820	2
0	458635	1840	6
0	462432	1860	4
0	465773	1880	2
0	468666	1900	2
0	471108	1920	2
0	473082	1940	2
0	474636	1960	0
0	475687	1980	0
0	476255	2000	1
1	34638	240	9
1	40121	260	8
1	45478	280	8
1	50825	300	15
1	56273	320	15
1	61573	340	12
1	66931	360	15
1	72280	380	9
1	77540	400	11
1	82802	420	10
1	88118	440	10
1	93396	460	10
1	98588	480	10
1	103880	500	8
1	109074	520	7
1	114295	540	13
1	119630	560	14
1	124985	580	12
1	130235	600	14
1	135522	620	10
1	140801	640	21
1	146048	660	14
1	151365	680	6
1	156809	700	15
1	162172	720	12
1	167460	740	7
1	172776	760	10
1	178114	780	11
1	183579	800	16
1	189015	820	15
1	194332	840	12
1	199675	860	10
1	205100	880	12
1	210421	900	12
1	215741	920	11
1	221039	940	16
1	226396	960	17
1	231630	980	10
1	236885	1000	12
1	242143	1020	17
1	247411	1040	14
1	252726	1060	11
1	258023	1080	12
1	263342	1100	21
1	268616	1120	8
1	273934	1140	16
1	279288	1160	14
1	284660	1180	12
1	289944	1200	12
1	295236	1220	11
1	300575	1240	15
1	305837	1260	12
1	311247	1280	12
1	316498	1300	19
1	321781	1320	9
1	327058	1340	12
1	332458	1360	13
1	337757	1380	8
1	343043	1400	12
1	348331	1420	13
1	353629	1440	13
1	358915	1460	7
1	364254	1480	9
1	369496	1500	6
1	374707	1520	12
1	380018	1540	4
1	385379	1560	10
1	390726	1580	13
1	396011	1600	9
1	401470	1620	11
1	406764	1640	8
1	412111	1660	8
1	417403	1680	11
1	422697	1700	9
1	428043	1720	10
1	433378	1740	11
1	438835	1760	12
1	444165	1780	7
1	449487	1800	10
1	454380	1820	5
1	458635	1840	12
1	462432	1860	7
1	465773	1880	4
1	468666	1900	4
1	471108	1920	4
1	473082	1940	3
1	474636	1960	0
1	475687	1980	0
1	476255	2000	2
2	34638	240	28
2	40121	260	31
2	45478	280	29
2	50825	300	21
2	56273	320	22
2	61573	340	23
2	66931	360	17
2	72280	380	27
2	77540	400	23
2	82802	420	26
2	88118	440	26
2	93396	460	25
2	98588	480	25
2	103880	500	29
2	109074	520	30
2	114295	540	24
2	119630	560	19
2	124985	580	24
2	130235	600	21
2	135522	620	25
2	140801	640	11
2	146048	660	20
2	151365	680	33
2	156809	700	18
2	162172	720	23
2	167460	740	30
2	172776	760	27
2	178114	780	26
2	183579	800	22
2	189015	820	22
2	194332	840	23
2	199675	860	27
2	205100	880	24
2	210421	900	22
2	215741	920	27
2	221039	940	18
2	226396	960	16
2	231630	980	24
2	236885	1000	23
2	242143	1020	18
2	247411	1040	21
2	252726	1060	27
2	258023	1080	21
2	263342	1100	13
2	268616	1120	30
2	273934	1140	21
2	279288	1160	21
2	284660	1180	24
2	289944	1200	25
2	295236	1220	27
2	300575	1240	21
2	305837	1260	24
2	311247	1280	26
2	316498	1300	13
2	321781	1320	28
2	327058	1340	23
2	332458	1360	22
2	337757	1380	29
2	343043	1400	24
2	348331	1420	20
2	353629	1440	21
2	358915	1460	28
2	364254	1480	26
2	369496	1500	32
2	374707	1520	23
2	380018	1540	36
2	385379	1560	28
2	390726	1580	23
2	396011	1600	27
2	401470	1620	24
2	406764	1640	28
2	412111	1660	29
2	417403	1680	25
2	422697	1700	28
2	428043	1720	27
2	433378	1740	24
2	438835	1760	24
2	444165	1780	31
2	449487	1800	25
2	454380	1820	30
2	458635	1840	16
2	462432	1860	20
2	465773	1880	21
2	468666	1900	18
2	471108	1920	14
2	473082	1940	13
2	474636	1960	14
2	475687	1980	10
2	476255	2000	5
3	34638	240	0
3	40121	260	0
3	45478	280	0
3	50825	300	1
3	56273	320	3
3	61573	340	0
3	66931	360	2
3	72280	380	1
3	77540	400	0
3	82802	420	0
3	88118	440	1
3	93396	460	0
3	98588	480	0
3	103880	500	2
3	109074	520	0
3	114295	540	1
3	119630	560	1
3	124985	580	0
3	130235	600	0
3	135522	620	1
3	140801	640	0
3	146048	660	0
3	151365	680	0
3	156809	700	0
3	162172	720	0
3	167460	740	1
3	172776	760	0
3	178114	780	1
3	183579	800	0
3	189015	820	1
3	194332	840	0
3	199675	860	0
3	205100	880	0
3	210421	900	1
3	215741	920	0
3	221039	940	0
3	226396	960	0
3	231630	980	0
3	236885	1000	0
3	242143	1020	0
3	247411	1040	1
3	252726	1060	0
3	258023	1080	5
3	263342	1100	0
3	268616	1120	1
3	273934	1140	1
3	279288	1160	0
3	284660	1180	1
3	289944	1200	0
3	295236	1220	0
3	300575	1240	0
3	305837	1260	0
3	311247	1280	0
3	316498	1300	4
3	321781	1320	0
3	327058	1340	1
3	332458	1360	0
3	337757	1380	0
3	343043	1400	0
3	348331	1420	0
3	353629	1440	3
3	358915	1460	1
3	364254	1480	0
3	369496	1500	0
3	374707	1520	0
3	380018	1540	1
3	385379	1560	0
3	390726	1580	0
3	396011	1600	0
3	401470	1620	1
3	406764	1640	1
3	412111	1660	1
3	417403	1680	0
3	422697	1700	0
3	428043	1720	0
3	433378	1740	0
3	438835	1760	2
3	444165	1780	0
3	449487	1800	2
3	454380	1820	0
3	458635	1840	0
3	462432	1860	0
3	465773	1880	0
3	468666	1900	0
3	471108	1920	1
3	473082	1940	1
3	474636	1960	1
3	475687	1980	1
3	476255	2000	0
4	34638	240	27
4	40121	260	31
4	45478	280	29
4	50825	300	20
4	56273	320	19
4	61573	340	22
4	66931	360	15
4	72280	380	26
4	77540	400	23
4	82802	420	26
4	88118	440	25
4	93396	460	25
4	98588	480	25
4	103880	500	27
4	109074	520	30
4	114295	540	23
4	119630	560	18
4	124985	580	24
4	130235	600	21
4	135522	620	24
4	140801	640	11
4	146048	660	20
4	151365	680	33
4	156809	700	17
4	162172	720	22
4	167460	740	29
4	172776	760	27
4	178114	780	25
4	183579	800	21
4	189015	820	21
4	194332	840	23
4	199675	860	27
4	205100	880	24
4	210421	900	21
4	215741	920	26
4	221039	940	18
4	226396	960	16
4	231630	980	24
4	236885	1000	23
4	242143	1020	18
4	247411	1040	20
4	252726	1060	27
4	258023	1080	16
4	263342	1100	13
4	268616	1120	27
4	273934	1140	20
4	279288	1160	20
4	284660	1180	23
4	289944	1200	25
4	295236	1220	27
4	300575	1240	21
4	305837	1260	24
4	311247	1280	25
4	316498	1300	9
4	321781	1320	28
4	327058	1340	22
4	332458	1360	20
4	337757	1380	28
4	343043	1400	24
4	348331	1420	20
4	353629	1440	17
4	358915	1460	27
4	364254	1480	26
4	369496	1500	32
4	374707	1520	22
4	380018	1540	34
4	385379	1560	28
4	390726	1580	23
4	396011	1600	27
4	401470	1620	23
4	406764	1640	27
4	412111	1660	28
4	417403	1680	25
4	422697	1700	28
4	428043	1720	27
4	433378	1740	24
4	438835	1760	22
4	444165	1780	31
4	449487	1800	23
4	454380	1820	30
4	458635	1840	16
4	462432	1860	20
4	465773	1880	21
4	468666	1900	18
4	471108	1920	13
4	473082	1940	12
4	474636	1960	13
4	475687	1980	9
4	476255	2000	5
5	34638	240	3
5	40121	260	2.6666666666667
5	45478	280	2
5	50825	300	3.75
5	56273	320	3.75
5	61573	340	3
5	66931	360	1.875
5	72280	380	2.25
5	77540	400	1.5714285714286
5	82802	420	2.5
5	88118	440	2.5
5	93396	460	2
5	98588	480	2.5
5	103880	500	2.6666666666667
5	109074	520	2.3333333333333
5	114295	540	4.3333333333333
5	119630	560	1.75
5	124985	580	4
5	130235	600	2.8
5	135522	620	2
5	140801	640	2.625
5	146048	660	2.3333333333333
5	151365	680	6
5	156809	700	2.1428571428571
5	162172	720	2.4
5	167460	740	1.75
5	172776	760	3.3333333333333
5	178114	780	2.75
5	183579	800	5.3333333333333
5	189015	820	3.75
5	194332	840	2.4
5	199675	860	2.5
5	205100	880	2
5	210421	900	2
5	215741	920	3.6666666666667
5	221039	940	2.2857142857143
5	226396	960	2.125
5	231630	980	1.6666666666667
5	236885	1000	3
5	242143	1020	2.8333333333333
5	247411	1040	2.3333333333333
5	252726	1060	3.6666666666667
5	258023	1080	1.7142857142857
5	263342	1100	2.625
5	268616	1120	2.6666666666667
5	273934	1140	4
5	279288	1160	2.8
5	284660	1180	2.4
5	289944	1200	3
5	295236	1220	3.6666666666667
5	300575	1240	3.75
5	305837	1260	2.4
5	311247	1280	4
5	316498	1300	2.7142857142857
5	321781	1320	3
5	327058	1340	2.4
5	332458	1360	2.1666666666667
5	337757	1380	2
5	343043	1400	2.4
5	348331	1420	2.1666666666667
5	353629	1440	2.1666666666667
5	358915	1460	1.4
5	364254	1480	1.8
5	369496	1500	2
5	374707	1520	2
5	380018	1540	4
5	385379	1560	3.3333333333333
5	390726	1580	3.25
5	396011	1600	2.25
5	401470	1620	1.8333333333333
5	406764	1640	2.6666666666667
5	412111	1660	2
5	417403	1680	3.6666666666667
5	422697	1700	3
5	428043	1720	3.3333333333333
5	433378	1740	2.2
5	438835	1760	2.4
5	444165	1780	2.3333333333333
5	449487	1800	2.5
5	454380	1820	2.5
5	458635	1840	2
5	462432	1860	1.75
5	465773	1880	2
5	468666	1900	2
5	471108	1920	2
5	473082	1940	1.5
5	474636	1960	nan
5	475687	1980	nan
5	476255	2000	2
6	34638	240	2.6457513110646
6	40121	260	1.5275252316519
6	45478	280	1.1547005383793
6	50825	300	3.5939764421413
6	56273	320	2.2173557826083
6	61573	340	1.4142135623731
6	66931	360	0.83452296039628
6	72280	380	0.5
6	77540	400	0.97590007294853
6	82802	420	0.57735026918963
6	88118	440	2.3804761428476
6	93396	460	1.7320508075689
6	98588	480	3
6	103880	500	1.5275252316519
6	109074	520	1.1547005383793
6	114295	540	2.0816659994661
6	119630	560	1.0350983390135
6	124985	580	2
6	130235	600	1.3038404810405
6	135522	620	1.7320508075689
6	140801	640	1.8468119248354
6	146048	660	1.5055453054182
6	151365	680	nan
6	156809	700	1.0690449676497
6	162172	720	2.6076809620811
6	167460	740	0.95742710775634
6	172776	760	1.5275252316519
6	178114	780	2.2173557826083
6	183579	800	3.5118845842842
6	189015	820	2.5
6	194332	840	1.1401754250991
6	199675	860	2.3804761428476
6	205100	880	0.63245553203368
6	210421	900	1.549193338483
6	215741	920	2.8867513459481
6	221039	940	1.7043362064927
6	226396	960	0.99103120896511
6	231630	980	0.81649658092773
6	236885	1000	2.1602468994693
6	242143	1020	2.2286019533929
6	247411	1040	1.0327955589886
6	252726	1060	1.5275252316519
6	258023	1080	1.1126972805284
6	263342	1100	2.0658792662828
6	268616	1120	2.0816659994661
6	273934	1140	2.7080128015453
6	279288	1160	2.4899799195977
6	284660	1180	2.0736441353328
6	289944	1200	1.4142135623731
6	295236	1220	1.5275252316519
6	300575	1240	1.7078251276599
6	305837	1260	0.89442719099992
6	311247	1280	3.4641016151378
6	316498	1300	0.95118973121134
6	321781	1320	2.6457513110646
6	327058	1340	2.0736441353328
6	332458	1360	1.16904519445
6	337757	1380	0
6	343043	1400	2.6076809620811
6	348331	1420	1.6020819787597
6	353629	1440	0.98319208025018
6	358915	1460	0.54772255750517
6	364254	1480	1.0954451150103
6	369496	1500	1
6	374707	1520	2.4494897427832
6	380018	1540	nan
6	385379	1560	2.0816659994661
6	390726	1580	3.2015621187164
6	396011	1600	0.95742710775634
6	401470	1620	0.40824829046386
6	406764	1640	0.57735026918963
6	412111	1660	0.81649658092773
6	417403	1680	1.5275252316519
6	422697	1700	1.7320508075689
6	428043	1720	1.5275252316519
6	433378	1740	1.3038404810405
6	438835	1760	1.1401754250991
6	444165	1780	1.1547005383793
6	449487	1800	1.2909944487358
6	454380	1820	0.70710678118655
6	458635	1840	0.89442719099992
6	462432	1860	0.5
6	465773	1880	0
6	468666	1900	0
6	471108	1920	0
6	473082	1940	0.70710678118655
6	474636	1960	nan
6	475687	1980	nan
6	476255	2000	nan
7	34638	240	7
7	40121	260	2.3333333333333
7	45478	280	1.3333333333333
7	50825	300	12.916666666667
7	56273	320	4.9166666666667
7	61573	340	2
7	66931	360	0.69642857142857
7	72280	380	0.25
7	77540	400	0.95238095238095
7	82802	420	0.33333333333333
7	88118	440	5.6666666666667
7	93396	460	3
7	98588	480	9
7	103880	500	2.3333333333333
7	109074	520	1.3333333333333
7	114295	540	4.3333333333333
7	119630	560	1.0714285714286
7	124985	580	4
7	130235	600	1.7
7	135522	620	3
7	140801	640	3.4107142857143
7	146048	660	2.2666666666667
7	151365	680	nan
7	156809	700	1.1428571428571
7	162172	720	6.8
7	167460	740	0.91666666666667
7	172776	760	2.3333333333333
7	178114	780	4.9166666666667
7	183579	800	12.333333333333
7	189015	820	6.25
7	194332	840	1.3
7	199675	860	5.6666666666667
7	205100	880	0.4
7	210421	900	2.4
7	215741	920	8.3333333333333
7	221039	940	2.9047619047619
7	226396	960	0.98214285714286
7	231630	980	0.66666666666667
7	236885	1000	4.6666666666667
7	242143	1020	4.9666666666667
7	247411	1040	1.0666666666667
7	252726	1060	2.3333333333333
7	258023	1080	1.2380952380952
7	263342	1100	4.2678571428571
7	268616	1120	4.3333333333333
7	273934	1140	7.3333333333333
7	279288	1160	6.2
7	284660	1180	4.3
7	289944	1200	2
7	295236	1220	2.3333333333333
7	300575	1240	2.9166666666667
7	305837	1260	0.8
7	311247	1280	12
7	316498	1300	0.9047619047619
7	321781	1320	7
7	327058	1340	4.3
7	332458	1360	1.3666666666667
7	337757	1380	0
7	343043	1400	6.8
7	348331	1420	2.5666666666667
7	353629	1440	0.96666666666667
7	358915	1460	0.3
7	364254	1480	1.2
7	369496	1500	1
7	374707	1520	6
7	380018	1540	nan
7	385379	1560	4.3333333333333
7	390726	1580	10.25
7	396011	1600	0.91666666666667
7	401470	1620	0.16666666666667
7	406764	1640	0.33333333333333
7	412111	1660	0.66666666666667
7	417403	1680	2.3333333333333
7	422697	1700	3
7	428043	1720	2.3333333333333
7	433378	1740	1.7
7	438835	1760	1.3
7	444165	1780	1.3333333333333
7	449487	1800	1.6666666666667
7	454380	1820	0.5
7	458635	1840	0.8
7	462432	1860	0.25
7	465773	1880	0
7	468666	1900	0
7	471108	1920	0
7	473082	1940	0.5
7	474636	1960	nan
7	475687	1980	nan
7	476255	2000	nan
8	34638	240	9.3333333333333
8	40121	260	8.8571428571429
8	45478	280	8.9512195121951
8	50825	300	9.275
8	56273	320	8.9024390243902
8	61573	340	9.3947368421053
8	66931	360	8.775
8	72280	380	9.1794871794872
8	77540	400	8.9268292682927
8	82802	420	8.825
8	88118	440	9.05
8	93396	460	9.05
8	98588	480	9.1025641025641
8	103880	500	8.8
8	109074	520	8.775
8	114295	540	8.875
8	119630	560	9.25
8	124985	580	9.1025641025641
8	130235	600	8.95
8	135522	620	8.85
8	140801	640	9.025
8	146048	660	9.075
8	151365	680	8.85
8	156809	700	9.1538461538462
8	162172	720	9.3076923076923
8	167460	740	8.8292682926829
8	172776	760	8.825
8	178114	780	8.9024390243902
8	183579	800	9.225
8	189015	820	8.9756097560976
8	194332	840	9.125
8	199675	860	8.9756097560976
8	205100	880	8.9285714285714
8	210421	900	8.825
8	215741	920	9.175
8	221039	940	8.9268292682927
8	226396	960	8.8780487804878
8	231630	980	9.025
8	236885	1000	8.9230769230769
8	242143	1020	8.6829268292683
8	247411	1040	8.609756097561
8	252726	1060	8.8048780487805
8	258023	1080	8.9
8	263342	1100	8.5238095238095
8	268616	1120	9.1538461538462
8	273934	1140	9.0975609756098
8	279288	1160	9.3076923076923
8	284660	1180	9
8	289944	1200	9
8	295236	1220	8.8048780487805
8	300575	1240	9.025
8	305837	1260	8.8292682926829
8	311247	1280	8.95
8	316498	1300	9.0512820512821
8	321781	1320	8.8
8	327058	1340	9
8	332458	1360	9.5128205128205
8	337757	1380	8.975
8	343043	1400	8.8536585365854
8	348331	1420	8.9487179487179
8	353629	1440	9.2051282051282
8	358915	1460	8.975
8	364254	1480	9.075
8	369496	1500	8.6585365853659
8	374707	1520	9.025
8	380018	1540	8.9
8	385379	1560	9.0243902439024
8	390726	1580	8.95
8	396011	1600	9.05
8	401470	1620	9
8	406764	1640	9.1538461538462
8	412111	1660	8.8048780487805
8	417403	1680	9.0512820512821
8	422697	1700	8.875
8	428043	1720	8.925
8	433378	1740	8.925
8	438835	1760	9.025
8	444165	1780	8.780487804878
8	449487	1800	9.025641025641
8	454380	1820	8.8108108108108
8	458635	1840	8.4411764705882
8	462432	1860	8.6774193548387
8	465773	1880	8.1481481481481
8	468666	1900	7.9583333333333
8	471108	1920	7.85
8	473082	1940	7.3333333333333
8	474636	1960	7.3571428571429
8	475687	1980	6.2
8	476255	2000	5.25
9	34638	240	1.3636895258111
9	40121	260	1.7189251969625
9	45478	280	2.3124794000401
9	50825	300	1.934670183248
9	56273	320	2.0100357963079
9	61573	340	1.6691067959971
9	66931	360	1.8603487403972
9	72280	380	1.3930616579054
9	77540	400	1.8491923088532
9	82802	420	1.9596899283776
9	88118	440	1.9993588715976
9	93396	460	1.9074751737471
9	98588	480	1.7136429615676
9	103880	500	1.7126976771554
9	109074	520	1.6715952767434
9	114295	540	1.5882178368964
9	119630	560	1.6908501882114
9	124985	580	1.5525000516124
9	130235	600	1.7967206594808
9	135522	620	1.8334498797454
9	140801	640	1.6249260338196
9	146048	660	1.9921319593816
9	151365	680	2.0575065816015
9	156809	700	1.3676422573647
9	162172	720	1.921537845661
9	167460	740	1.8561039710155
9	172776	760	1.9596899283776
9	178114	780	1.8815535874482
9	183579	800	1.5440124218977
9	189015	820	1.8505108062107
9	194332	840	1.7421987286921
9	199675	860	1.7533939214855
9	205100	880	1.9177331275316
9	210421	900	1.7524707832526
9	215741	920	1.599479081868
9	221039	940	1.5229944829585
9	226396	960	1.5523389119522
9	231630	980	1.7019973183865
9	236885	1000	1.4027157003586
9	242143	1020	2.0668699087055
9	247411	1040	1.9859260910277
9	252726	1060	1.8737597524112
9	258023	1080	1.7066987176478
9	263342	1100	1.8510128438776
9	268616	1120	1.5650535813673
9	273934	1140	2.2782106799941
9	279288	1160	1.5415959972131
9	284660	1180	1.5652475842499
9	289944	1200	1.4142135623731
9	295236	1220	1.7061581432435
9	300575	1240	1.9805140487853
9	305837	1260	1.8561039710155
9	311247	1280	1.6938803881121
9	316498	1300	1.485875923642
9	321781	1320	1.7423826892785
9	327058	1340	1.6794382455193
9	332458	1360	1.652299750934
9	337757	1380	1.7019973183865
9	343043	1400	2.0069999453134
9	348331	1420	1.4680584734647
9	353629	1440	1.2603150646082
9	358915	1460	1.9412855904245
9	364254	1480	1.8311758867474
9	369496	1500	2.0200217337638
9	374707	1520	1.5768761719103
9	380018	1540	1.5656570669473
9	385379	1560	2.1152754534345
9	390726	1580	1.9074751737471
9	396011	1600	1.5350603429215
9	401470	1620	1.5811388300842
9	406764	1640	1.4962841965219
9	412111	1660	2.0151862469152
9	417403	1680	1.6213820931655
9	422697	1700	1.7274184087749
9	428043	1720	1.7155024680684
9	433378	1740	1.439150390388
9	438835	1760	1.6561849890482
9	444165	1780	1.8508402837894
9	449487	1800	1.4416215191889
9	454380	1820	1.3710871160797
9	458635	1840	1.6549499025758
9	462432	1860	1.5359491479037
9	465773	1880	1.536822488716
9	468666	1900	1.829211440144
9	471108	1920	1.9540780569444
9	473082	1940	1.6087993330797
9	474636	1960	1.3926810257774
9	475687	1980	1.2292725943057
9	476255	2000	1.3887301496588
10	34638	240	1.859649122807
10	40121	260	2.9547038327526
10	45478	280	5.3475609756098
10	50825	300	3.7429487179487
10	56273	320	4.040243902439
10	61573	340	2.7859174964438
10	66931	360	3.4608974358974
10	72280	380	1.940620782726
10	77540	400	3.419512195122
10	82802	420	3.8403846153846
10	88118	440	3.9974358974359
10	93396	460	3.6384615384615
10	98588	480	2.9365721997301
10	103880	500	2.9333333333333
10	109074	520	2.7942307692308
10	114295	540	2.5224358974359
10	119630	560	2.8589743589744
10	124985	580	2.4102564102564
10	130235	600	3.2282051282051
10	135522	620	3.3615384615385
10	140801	640	2.6403846153846
10	146048	660	3.9685897435897
10	151365	680	4.2333333333333
10	156809	700	1.8704453441296
10	162172	720	3.6923076923077
10	167460	740	3.4451219512195
10	172776	760	3.8403846153846
10	178114	780	3.540243902439
10	183579	800	2.3839743589744
10	189015	820	3.4243902439024
10	194332	840	3.0352564102564
10	199675	860	3.0743902439024
10	205100	880	3.6777003484321
10	210421	900	3.0711538461538
10	215741	920	2.5583333333333
10	221039	940	2.319512195122
10	226396	960	2.409756097561
10	231630	980	2.8967948717949
10	236885	1000	1.9676113360324
10	242143	1020	4.2719512195122
10	247411	1040	3.9439024390244
10	252726	1060	3.5109756097561
10	258023	1080	2.9128205128205
10	263342	1100	3.4262485481998
10	268616	1120	2.4493927125506
10	273934	1140	5.190243902439
10	279288	1160	2.3765182186235
10	284660	1180	2.45
10	289944	1200	2
10	295236	1220	2.9109756097561
10	300575	1240	3.9224358974359
10	305837	1260	3.4451219512195
10	311247	1280	2.8692307692308
10	316498	1300	2.2078272604588
10	321781	1320	3.0358974358974
10	327058	1340	2.8205128205128
10	332458	1360	2.7300944669366
10	337757	1380	2.8967948717949
10	343043	1400	4.0280487804878
10	348331	1420	2.1551956815115
10	353629	1440	1.5883940620783
10	358915	1460	3.7685897435897
10	364254	1480	3.3532051282051
10	369496	1500	4.080487804878
10	374707	1520	2.4865384615385
10	380018	1540	2.4512820512821
10	385379	1560	4.4743902439024
10	390726	1580	3.6384615384615
10	396011	1600	2.3564102564103
10	401470	1620	2.5
10	406764	1640	2.2388663967611
10	412111	1660	4.0609756097561
10	417403	1680	2.6288798920378
10	422697	1700	2.9839743589744
10	428043	1720	2.9429487179487
10	433378	1740	2.0711538461538
10	438835	1760	2.7429487179487
10	444165	1780	3.4256097560976
10	449487	1800	2.0782726045884
10	454380	1820	1.8798798798799
10	458635	1840	2.7388591800357
10	462432	1860	2.3591397849462
10	465773	1880	2.3618233618234
10	468666	1900	3.3460144927536
10	471108	1920	3.8184210526316
10	473082	1940	2.5882352941176
10	474636	1960	1.9395604395604
10	475687	1980	1.5111111111111
10	476255	2000	1.9285714285714
11	34638	240	140.07505689504
11	40121	260	137.69719188426
11	45478	280	186.55703505345
11	50825	300	182.76174385467
11	56273	320	181.66304823779
11	61573	340	188.20657397239
11	66931	360	368.83264991381
11	72280	380	185.89119937142
11	77540	400	333.193193514
11	82802	420	185.63119510062
11	88118	440	184.794594119
11	93396	460	228.43523340354
11	98588	480	176.42121205876
11	103880	500	138.26584450606
11	109074	520	136.96878309724
11	114295	540	137.32442446654
11	119630	560	372.15512870438
11	124985	580	135.06851039197
11	130235	600	228.61895800996
11	135522	620	227.94119603692
11	140801	640	375.86691003639
11	146048	660	279.06960948467
11	151365	680	46.180747041145
11	156809	700	317.29139237902
11	162172	720	231.89701829222
11	167460	740	194.26645217647
11	172776	760	137.9306122724
11	178114	780	184.80726332559
11	183579	800	136.46006402504
11	189015	820	181.37149842699
11	194332	840	231.3939357675
11	199675	860	190.17325174087
11	205100	880	280.2319821754
11	210421	900	281.56839310113
11	215741	920	138.42885444113
11	221039	940	327.51515398044
11	226396	960	369.69259098925
11	231630	980	280.37853382304
11	236885	1000	184.85671702121
11	242143	1020	286.5235968577
11	247411	1040	279.11820104592
11	252726	1060	134.8271633413
11	258023	1080	331.05044998958
11	263342	1100	376.96763117713
11	268616	1120	138.71089955183
11	273934	1140	183.89618593772
11	279288	1160	231.96516765977
11	284660	1180	227.43332865219
11	289944	1200	189.71301702705
11	295236	1220	136.64309074298
11	300575	1240	181.09955862084
11	305837	1260	226.25979790991
11	311247	1280	135.36803557495
11	316498	1300	323.14156723453
11	321781	1320	134.76302914273
11	327058	1340	231.48627622112
11	332458	1360	278.41941561256
11	337757	1380	185.82051674008
11	343043	1400	237.65423336097
11	348331	1420	273.21621516299
11	353629	1440	280.12044790711
11	358915	1460	236.56525566818
11	364254	1480	238.67459494329
11	369496	1500	144.05840972116
11	374707	1520	279.04277259055
11	380018	1540	44.748619608812
11	385379	1560	137.86846236892
11	390726	1580	181.20747708955
11	396011	1600	191.3450503081
11	401470	1620	278.36840210408
11	406764	1640	136.68465730924
11	412111	1660	186.0856603236
11	417403	1680	139.99354746732
11	422697	1700	141.92685376079
11	428043	1720	139.40444902348
11	433378	1740	232.90381467011
11	438835	1760	233.227677021
11	444165	1780	141.70635084348
11	449487	1800	187.22606056149
11	454380	1820	92.685217769858
11	458635	1840	279.27141888949
11	462432	1860	185.79387238797
11	465773	1880	96.626127583126
11	468666	1900	93.958240368057
11	471108	1920	92.986300249293
11	473082	1940	93.060180688486
11	474636	1960	0
11	475687	1980	0
11	476255	2000	48.095616782271
12	34638	240	46.69168563168
12	40121	260	45.899063961421
12	45478	280	46.639258763363
12	50825	300	45.690435963667
12	56273	320	45.415762059448
12	61573	340	47.051643493099
12	66931	360	46.104081239226
12	72280	380	46.472799842855
12	77540	400	47.599027644857
12	82802	420	46.407798775155
12	88118	440	46.198648529749
12	93396	460	45.687046680708
12	98588	480	44.10530301469
12	103880	500	46.088614835352
12	109074	520	45.656261032414
12	114295	540	45.774808155513
12	119630	560	46.519391088048
12	124985	580	45.022836797322
12	130235	600	45.723791601993
12	135522	620	45.588239207384
12	140801	640	46.983363754549
12	146048	660	46.511601580779
12	151365	680	46.180747041145
12	156809	700	45.327341768432
12	162172	720	46.379403658444
12	167460	740	48.566613044118
12	172776	760	45.976870757466
12	178114	780	46.201815831397
12	183579	800	45.486688008346
12	189015	820	45.342874606748
12	194332	840	46.2787871535
12	199675	860	47.543312935217
12	205100	880	46.705330362566
12	210421	900	46.928065516855
12	215741	920	46.142951480378
12	221039	940	46.787879140063
12	226396	960	46.211573873656
12	231630	980	46.729755637173
12	236885	1000	46.214179255302
12	242143	1020	47.753932809617
12	247411	1040	46.51970017432
12	252726	1060	44.942387780433
12	258023	1080	47.292921427083
12	263342	1100	47.120953897141
12	268616	1120	46.236966517277
12	273934	1140	45.974046484429
12	279288	1160	46.393033531954
12	284660	1180	45.486665730438
12	289944	1200	47.428254256763
12	295236	1220	45.547696914326
12	300575	1240	45.27488965521
12	305837	1260	45.251959581982
12	311247	1280	45.122678524984
12	316498	1300	46.163081033504
12	321781	1320	44.921009714243
12	327058	1340	46.297255244224
12	332458	1360	46.403235935427
12	337757	1380	46.455129185021
12	343043	1400	47.530846672194
12	348331	1420	45.536035860498
12	353629	1440	46.686741317851
12	358915	1460	47.313051133636
12	364254	1480	47.734918988657
12	369496	1500	48.019469907055
12	374707	1520	46.507128765091
12	380018	1540	44.748619608812
12	385379	1560	45.956154122972
12	390726	1580	45.301869272388
12	396011	1600	47.836262577025
12	401470	1620	46.394733684014
12	406764	1640	45.561552436413
12	412111	1660	46.521415080899
12	417403	1680	46.664515822439
12	422697	1700	47.308951253598
12	428043	1720	46.468149674495
12	433378	1740	46.580762934022
12	438835	1760	46.645535404199
12	444165	1780	47.235450281161
12	449487	1800	46.806515140373
12	454380	1820	46.342608884929
12	458635	1840	46.545236481582
12	462432	1860	46.448468096993
12	465773	1880	48.313063791563
12	468666	1900	46.979120184028
12	471108	1920	46.493150124646
12	473082	1940	46.530090344243
12	474636	1960	nan
12	475687	1980	nan
12	476255	2000	48.095616782271
13	34638	240	0.81550469827162
13	40121	260	1.3486303954877
13	45478	280	1.1647485262961
13	50825	300	1.550502040235
13	56273	320	0.38314235713547
13	61573	340	1.6956830823121
13	66931	360	0.64646933933848
13	72280	380	0.36420441604503
13	77540	400	3.5173097959416
13	82802	420	0.92953697043237
13	88118	440	0.41686607065101
13	93396	460	1.3157785559312
13	98588	480	2.6952925358601
13	103880	500	1.2412543428004
13	109074	520	0.76081247389806
13	114295	540	0.63871786995531
13	119630	560	1.699008711211
13	124985	580	0.73120432627161
13	130235	600	0.79344197787339
13	135522	620	0.80364529649112
13	140801	640	1.0878392190766
13	146048	660	1.9292678741726
13	151365	680	nan
13	156809	700	0.92262311856544
13	162172	720	1.0180637247305
13	167460	740	2.5643090078983
13	172776	760	0.70268728656115
13	178114	780	1.8658077428166
13	183579	800	1.9347609140796
13	189015	820	0.24719346239662
13	194332	840	0.99199947857738
13	199675	860	3.2401951247415
13	205100	880	1.8463194073478
13	210421	900	3.2731664955733
13	215741	920	0.88456746324589
13	221039	940	2.072949171423
13	226396	960	0.76064268392389
13	231630	980	1.1007351939281
13	236885	1000	0.86964768206929
13	242143	1020	2.001230702071
13	247411	1040	1.5693631357346
13	252726	1060	1.4579056957806
13	258023	1080	2.7672077498408
13	263342	1100	2.4787489466715
13	268616	1120	1.0122665496167
13	273934	1140	2.4433517176529
13	279288	1160	1.346670785563
13	284660	1180	0.93815164456702
13	289944	1200	2.3169769040262
13	295236	1220	0.81076302841867
13	300575	1240	1.2553580667459
13	305837	1260	1.2415050357856
13	311247	1280	0.53834712251648
13	316498	1300	1.2145216010967
13	321781	1320	0.30552790328045
13	327058	1340	2.5481748566453
13	332458	1360	0.46168726054193
13	337757	1380	0.77936731346602
13	343043	1400	2.1491681989229
13	348331	1420	1.1694272229766
13	353629	1440	1.4625489331727
13	358915	1460	1.4841750179472
13	364254	1480	1.4042847704983
13	369496	1500	2.7154597877845
13	374707	1520	1.5893711338776
13	380018	1540	nan
13	385379	1560	1.3093914060023
13	390726	1580	0.67123790052749
13	396011	1600	5.3367350962024
13	401470	1620	1.4784554833074
13	406764	1640	1.264810853324
13	412111	1660	0.897046109319
13	417403	1680	0.64798765589281
13	422697	1700	1.9106455131902
13	428043	1720	0.85057089861684
13	433378	1740	1.4239197721896
13	438835	1760	1.7730397387374
13	444165	1780	1.2540453029355
13	449487	1800	1.397218495624
13	454380	1820	1.4900018870913
13	458635	1840	2.1268861994932
13	462432	1860	0.96953077884441
13	465773	1880	0.57947310438687
13	468666	1900	2.2461874095165
13	471108	1920	0.58024162303019
13	473082	1940	0.63572187486627
13	474636	1960	nan
13	475687	1980	nan
13	476255	2000	nan
14	34638	240	0.66504791290308
14	40121	260	1.8188039436333
14	45478	280	1.356639129509
14	50825	300	2.4040565767729
14	56273	320	0.14679806583133
14	61573	340	2.8753411156394
14	66931	360	0.41792260670473
14	72280	380	0.1326448566667
14	77540	400	12.371468200627
14	82802	420	0.86403897940059
14	88118	440	0.17377732086001
14	93396	460	1.7312732082483
14	98588	480	7.2646018538632
14	103880	500	1.5407123435208
14	109074	520	0.57883562043889
14	114295	540	0.40796051740025
14	119630	560	2.8866306007709
14	124985	580	0.53465976675833
14	130235	600	0.62955017225164
14	135522	620	0.6458457625723
14	140801	640	1.1833941665612
14	146048	660	3.7220745303144
14	151365	680	nan
14	156809	700	0.85123341891141
14	162172	720	1.0364537476122
14	167460	740	6.5756806879883
14	172776	760	0.49376942269467
14	178114	780	3.4812385331543
14	183579	800	3.7432997946502
14	189015	820	0.06110460785163
14	194332	840	0.9840629654978
14	199675	860	10.498864446398
14	205100	880	3.4088953539492
14	210421	900	10.713618907743
14	215741	920	0.78245959703327
14	221039	940	4.2971182673035
14	226396	960	0.57857729260694
14	231630	980	1.2116179671519
14	236885	1000	0.7562870909285
14	242143	1020	4.0049243229115
14	247411	1040	2.4629006518028
14	252726	1060	2.1254890177894
14	258023	1080	7.6574387307789
14	263342	1100	6.1441963406253
14	268616	1120	1.0246835674729
14	273934	1140	5.9699676161573
14	279288	1160	1.8135222046888
14	284660	1180	0.88012850820381
14	289944	1200	5.3683819737908
14	295236	1220	0.65733668825062
14	300575	1240	1.575923875744
14	305837	1260	1.541334753881
14	311247	1280	0.28981762432177
14	316498	1300	1.4750627195306
14	321781	1320	0.09334729968295
14	327058	1340	6.4931951000395
14	332458	1360	0.21315512654671
14	337757	1380	0.60741340929925
14	343043	1400	4.6189239472616
14	348331	1420	1.3675600298387
14	353629	1440	2.1390493819247
14	358915	1460	2.2027754838985
14	364254	1480	1.9720157166536
14	369496	1500	7.3737218590745
14	374707	1520	2.5261006012033
14	380018	1540	nan
14	385379	1560	1.7145058541126
14	390726	1580	0.45056031910455
14	396011	1600	28.480741487039
14	401470	1620	2.1858306161218
14	406764	1640	1.5997464946862
14	412111	1660	0.80469172224436
14	417403	1680	0.41988800218945
14	422697	1700	3.6505662770738
14	428043	1720	0.72347085357386
14	433378	1740	2.0275475176325
14	438835	1760	3.1436699151419
14	444165	1780	1.5726296218145
14	449487	1800	1.9522195245139
14	454380	1820	2.2201056235356
14	458635	1840	4.5236449055945
14	462432	1860	0.93998993112665
14	465773	1880	0.33578907870776
14	468666	1900	5.0453578786704
14	471108	1920	0.3366803410967
14	473082	1940	0.40414230218348
14	474636	1960	nan
14	475687	1980	nan
14	476255	2000	nan
15	34638	240	136.66227315834
15	40121	260	135.45966932157
15	45478	280	178.96496135484
15	50825	300	221.69003206759
15	56273	320	311.52718160694
15	61573	340	179.39507009509
15	66931	360	447.11515106493
15	72280	380	180.57921351275
15	77540	400	316.38521498271
15	82802	420	178.25977609714
15	88118	440	223.18726711756
15	93396	460	223.53576134178
15	98588	480	182.04855676401
15	103880	500	227.10818871726
15	109074	520	133.61877579916
15	114295	540	178.53856154232
15	119630	560	360.43404878927
15	124985	580	132.96618856282
15	130235	600	222.77665126967
15	135522	620	269.80309978012
15	140801	640	362.52441740591
15	146048	660	270.12640383324
15	151365	680	45.018865990047
15	156809	700	310.87721972753
15	162172	720	223.19450253789
15	167460	740	225.01620780983
15	172776	760	133.63572584401
15	178114	780	226.59914283448
15	183579	800	133.79327973128
15	189015	820	221.23709852736
15	194332	840	224.44550607401
15	199675	860	181.65699378422
15	205100	880	268.10396089548
15	210421	900	314.26150366876
15	215741	920	134.26711943869
15	221039	940	317.67164331037
15	226396	960	358.70438643009
15	231630	980	272.51108722315
15	236885	1000	177.90109909833
15	242143	1020	271.30332792082
15	247411	1040	317.71270792114
15	252726	1060	135.06569086086
15	258023	1080	542.3515479724
15	263342	1100	357.4918525881
15	268616	1120	177.78426626266
15	273934	1140	221.24256539062
15	279288	1160	223.6579088009
15	284660	1180	269.13444515854
15	289944	1200	183.45084100222
15	295236	1220	133.88539618736
15	300575	1240	178.04158038453
15	305837	1260	222.86480518361
15	311247	1280	133.97639388877
15	316498	1300	495.860208361
15	321781	1320	135.01981289034
15	327058	1340	268.16579370644
15	332458	1360	267.43242068775
15	337757	1380	178.78303698617
15	343043	1400	227.66601847447
15	348331	1420	268.11997621297
15	353629	1440	400.84448120046
15	358915	1460	273.84330831164
15	364254	1480	224.31308441059
15	369496	1500	138.09931284132
15	374707	1520	270.01447733137
15	380018	1540	89.196542783446
15	385379	1560	132.91135825133
15	390726	1580	176.6055188488
15	396011	1600	179.24103254799
15	401470	1620	311.29892517662
15	406764	1640	177.85792197396
15	412111	1660	221.43362850019
15	417403	1680	136.60802888334
15	422697	1700	135.34313419601
15	428043	1720	135.23064289259
15	433378	1740	225.70006114709
15	438835	1760	268.27649386947
15	444165	1780	134.62976527494
15	449487	1800	269.01849767968
15	454380	1820	90.959363451022
15	458635	1840	268.56696612567
15	462432	1860	178.00412723771
15	465773	1880	89.318409796836
15	468666	1900	89.876400782483
15	471108	1920	134.15899954021
15	473082	1940	136.41883588415
15	474636	1960	43.530076679949
15	475687	1980	44.795128850616
15	476255	2000	46.453382676638
16	34638	240	45.55409105278
16	40121	260	45.15322310719
16	45478	280	44.74124033871
16	50825	300	44.338006413517
16	56273	320	44.503883086705
16	61573	340	44.848767523772
16	66931	360	44.711515106493
16	72280	380	45.144803378188
16	77540	400	45.197887854673
16	82802	420	44.564944024285
16	88118	440	44.637453423513
16	93396	460	44.707152268356
16	98588	480	45.512139191004
16	103880	500	45.421637743452
16	109074	520	44.539591933053
16	114295	540	44.63464038558
16	119630	560	45.054256098659
16	124985	580	44.322062854274
16	130235	600	44.555330253935
16	135522	620	44.967183296687
16	140801	640	45.315552175739
16	146048	660	45.021067305541
16	151365	680	45.018865990047
16	156809	700	44.411031389648
16	162172	720	44.638900507578
16	167460	740	45.003241561965
16	172776	760	44.545241948004
16	178114	780	45.319828566895
16	183579	800	44.597759910426
16	189015	820	44.247419705472
16	194332	840	44.889101214802
16	199675	860	45.414248446056
16	205100	880	44.68399348258
16	210421	900	44.894500524109
16	215741	920	44.755706479565
16	221039	940	45.381663330053
16	226396	960	44.838048303762
16	231630	980	45.418514537192
16	236885	1000	44.475274774583
16	242143	1020	45.217221320137
16	247411	1040	45.38752970302
16	252726	1060	45.021896953621
16	258023	1080	45.195962331034
16	263342	1100	44.686481573512
16	268616	1120	44.446066565665
16	273934	1140	44.248513078123
16	279288	1160	44.731581760181
16	284660	1180	44.855740859756
16	289944	1200	45.862710250554
16	295236	1220	44.628465395787
16	300575	1240	44.510395096134
16	305837	1260	44.572961036722
16	311247	1280	44.658797962924
16	316498	1300	45.078200760091
16	321781	1320	45.00660429678
16	327058	1340	44.694298951073
16	332458	1360	44.572070114625
16	337757	1380	44.695759246544
16	343043	1400	45.533203694894
16	348331	1420	44.686662702161
16	353629	1440	44.538275688939
16	358915	1460	45.640551385273
16	364254	1480	44.862616882119
16	369496	1500	46.033104280441
16	374707	1520	45.002412888561
16	380018	1540	44.598271391723
16	385379	1560	44.303786083776
16	390726	1580	44.151379712201
16	396011	1600	44.810258136998
16	401470	1620	44.471275025231
16	406764	1640	44.464480493491
16	412111	1660	44.286725700038
16	417403	1680	45.536009627782
16	422697	1700	45.114378065336
16	428043	1720	45.076880964198
16	433378	1740	45.140012229418
16	438835	1760	44.712748978244
16	444165	1780	44.876588424979
16	449487	1800	44.836416279946
16	454380	1820	45.479681725511
16	458635	1840	44.761161020944
16	462432	1860	44.501031809427
16	465773	1880	44.659204898418
16	468666	1900	44.938200391242
16	471108	1920	44.719666513403
16	473082	1940	45.472945294716
16	474636	1960	43.530076679949
16	475687	1980	44.795128850616
16	476255	2000	46.453382676638
17	34638	240	0.92198454407647
17	40121	260	1.1652499566601
17	45478	280	0.52749322343754
17	50825	300	0.24720148935072
17	56273	320	0.6435555112111
17	61573	340	0.74029931509837
17	66931	360	0.27304585359923
17	72280	380	0.64153473196746
17	77540	400	1.4886618325717
17	82802	420	0.53565606764602
17	88118	440	0.58947161028589
17	93396	460	0.79647459362698
17	98588	480	1.092661567487
17	103880	500	1.4747218410119
17	109074	520	0.16842908642979
17	114295	540	0.50142527210035
17	119630	560	1.2448644191702
17	124985	580	0.28866476691876
17	130235	600	0.60454516472439
17	135522	620	0.91499848390681
17	140801	640	1.1214865425985
17	146048	660	0.97866957886478
17	151365	680	nan
17	156809	700	0.30812911725666
17	162172	720	0.54969779938168
17	167460	740	0.83934785852586
17	172776	760	0.3078937526643
17	178114	780	1.9543103436597
17	183579	800	0.92370988985804
17	189015	820	0.7997067198939
17	194332	840	0.78996476230759
17	199675	860	1.1041811622914
17	205100	880	0.71220685125663
17	210421	900	1.3437089115771
17	215741	920	0.99004884403904
17	221039	940	1.0480122038152
17	226396	960	0.67907535240875
17	231630	980	2.158916512174
17	236885	1000	0.36578756064742
17	242143	1020	1.4492025726634
17	247411	1040	1.6725028725162
17	252726	1060	1.0394196845477
17	258023	1080	1.1931039324927
17	263342	1100	0.70853834962285
17	268616	1120	0.48580294813386
17	273934	1140	1.1006082150937
17	279288	1160	0.74834451811164
17	284660	1180	0.98719769668229
17	289944	1200	1.3543458826001
17	295236	1220	0.2469231437253
17	300575	1240	0.49926094504027
17	305837	1260	0.36380770476358
17	311247	1280	0.29848508493247
17	316498	1300	1.1909391230849
17	321781	1320	0.63005720900128
17	327058	1340	0.63711589822341
17	332458	1360	0.42157402007818
17	337757	1380	0.56417642596481
17	343043	1400	1.1889386494542
17	348331	1420	0.67462161382245
17	353629	1440	0.51973799044636
17	358915	1460	1.2859342910682
17	364254	1480	0.32498011474121
17	369496	1500	2.6161397774988
17	374707	1520	1.5224071343259
17	380018	1540	0.30535518835639
17	385379	1560	0.089067891660711
17	390726	1580	0.41247953396399
17	396011	1600	0.79416971403768
17	401470	1620	0.45177305748605
17	406764	1640	0.4093246615824
17	412111	1660	0.26113984902388
17	417403	1680	0.64164593699179
17	422697	1700	0.48093886946547
17	428043	1720	0.97574128868208
17	433378	1740	1.4590107232923
17	438835	1760	0.83079074306262
17	444165	1780	0.28095988538847
17	449487	1800	0.7122729346492
17	454380	1820	0.48179527723489
17	458635	1840	0.57758492631203
17	462432	1860	0.26466957302591
17	465773	1880	0.02730821311444
17	468666	1900	0.56678132875497
17	471108	1920	0.24110825198318
17	473082	1940	1.2813675509883
17	474636	1960	nan
17	475687	1980	nan
17	476255	2000	nan
18	34638	240	0.8500554995159
18	40121	260	1.3578074614963
18	45478	280	0.27824910077252
18	50825	300	0.061108576337214
18	56273	320	0.41416369601017
18	61573	340	0.54804307593511
18	66931	360	0.074554038167731
18	72280	380	0.41156681232056
18	77540	400	2.2161140517557
18	82802	420	0.28692742280599
18	88118	440	0.34747677933305
18	93396	460	0.63437177829326
18	98588	480	1.1939093010631
18	103880	500	2.1748045083576
18	109074	520	0.028368357155572
18	114295	540	0.25142730350091
18	119630	560	1.549687422116
18	124985	580	0.08332734766026
18	130235	600	0.36547485619164
18	135522	620	0.83722222555176
18	140801	640	1.2577320652295
18	146048	660	0.95779414459536
18	151365	680	nan
18	156809	700	0.094943552901369
18	162172	720	0.30216767064507
18	167460	740	0.70450482761195
18	172776	760	0.094798562929703
18	178114	780	3.8193289193352
18	183579	800	0.85323996062156
18	189015	820	0.63953083784345
18	194332	840	0.62404432568769
18	199675	860	1.2192160391593
18	205100	880	0.50723859897688
18	210421	900	1.8055536390516
18	215741	920	0.98019671358304
18	221039	940	1.0983295793456
18	226396	960	0.46114333424907
18	231630	980	4.6609205065378
18	236885	1000	0.13380053952439
18	242143	1020	2.1001880966144
18	247411	1040	2.7972658585748
18	252726	1060	1.0803932806253
18	258023	1080	1.4234969937295
18	263342	1100	0.50202659288627
18	268616	1120	0.23600450441555
18	273934	1140	1.2113384431317
18	279288	1160	0.56001951778774
18	284660	1180	0.97455929233482
18	289944	1200	1.8342527697159
18	295236	1220	0.060971038907185
18	300575	1240	0.2492614912425
18	305837	1260	0.13235604604535
18	311247	1280	0.089093345927142
18	316498	1300	1.4183359948943
18	321781	1320	0.39697208661448
18	327058	1340	0.40591666776902
18	332458	1360	0.17772465440487
18	337757	1380	0.31829503961442
18	343043	1400	1.4135751121661
18	348331	1420	0.4551143218364
18	353629	1440	0.27012757871322
18	358915	1460	1.653627000945
18	364254	1480	0.10561207497721
18	369496	1500	6.8441873354114
18	374707	1520	2.3177234826465
18	380018	1540	0.093241791056164
18	385379	1560	0.0079330893248841
18	390726	1580	0.17013936593915
18	396011	1600	0.63070553469468
18	401470	1620	0.20409889547029
18	406764	1640	0.16754667857955
18	412111	1660	0.068194020748215
18	417403	1680	0.41170950845807
18	422697	1700	0.23130219616272
18	428043	1720	0.95207106243896
18	433378	1740	2.1287122906818
18	438835	1760	0.69021325875855
18	444165	1780	0.078938457197502
18	449487	1800	0.50733273343379
18	454380	1820	0.23212668916584
18	458635	1840	0.33360434710288
18	462432	1860	0.070049982885717
18	465773	1880	0.00074573850350368
18	468666	1900	0.32124107462525
18	471108	1920	0.058133189174387
18	473082	1940	1.6419028007257
18	474636	1960	nan
18	475687	1980	nan
18	476255	2000	nan
19	34638	240	1669.6020391311
19	40121	260	1617.692835139
19	45478	280	1624.9517480383
19	50825	300	1556.3180743957
19	56273	320	1523.8127940233
19	61573	340	1555.6807397906
19	66931	360	1343.9783583866
19	72280	380	1527.5852323242
19	77540	400	1528.4682678125
19	82802	420	1581.8845606952
19	88118	440	1616.5798060092
19	93396	460	1571.146886957
19	98588	480	1601.5398019166
19	103880	500	1520.8872501714
19	109074	520	1474.7576578996
19	114295	540	1653.8697308023
19	119630	560	1430.68092526
19	124985	580	1523.1916717019
19	130235	600	1565.3595117095
19	135522	620	1393.5717112737
19	140801	640	1435.940261164
19	146048	660	1522.7269185716
19	151365	680	1748.7075044082
19	156809	700	1382.0702575818
19	162172	720	1520.8395466243
19	167460	740	1485.7446051348
19	172776	760	1393.0593524031
19	178114	780	1256.8886451814
19	183579	800	1565.8464693695
19	189015	820	1666.676670943
19	194332	840	1513.7458485591
19	199675	860	1666.1077785882
19	205100	880	1402.7059005423
19	210421	900	1194.7917401296
19	215741	920	1609.8512679078
19	221039	940	1334.4370413599
19	226396	960	1170.221915609
19	231630	980	1120.9417448517
19	236885	1000	1404.7033125478
19	242143	1020	1529.3460011257
19	247411	1040	1488.5550202201
19	252726	1060	1686.2124455214
19	258023	1080	1306.0188761315
19	263342	1100	1440.6708744403
19	268616	1120	1593.5215914551
19	273934	1140	1611.3516449027
19	279288	1160	1582.2563327562
19	284660	1180	1558.2786111693
19	289944	1200	1658.7856684069
19	295236	1220	1548.1346820268
19	300575	1240	1597.03148895
19	305837	1260	1463.2496922333
19	311247	1280	1649.1297928261
19	316498	1300	1298.3360004963
19	321781	1320	1656.6196905213
19	327058	1340	1431.8251160946
19	332458	1360	1547.641109978
19	337757	1380	1387.3275196106
19	343043	1400	1574.371692
19	348331	1420	1449.8009690581
19	353629	1440	1395.4091407499
19	358915	1460	1258.1366678011
19	364254	1480	1539.9397490523
19	369496	1500	1443.1793819367
19	374707	1520	1531.3061068218
19	380018	1540	1573.9093005846
19	385379	1560	1338.2373539112
19	390726	1580	1512.6376206122
19	396011	1600	1566.4107562977
19	401470	1620	1546.8606015858
19	406764	1640	1583.4420319284
19	412111	1660	1587.1339798884
19	417403	1680	1670.435282389
19	422697	1700	1672.577527524
19	428043	1720	1670.3170387098
19	433378	1740	1591.9617191907
19	438835	1760	1555.8041360583
19	444165	1780	1635.8462704102
19	449487	1800	1535.1475012413
19	454380	1820	1624.989467214
19	458635	1840	1301.8772519533
19	462432	1860	1255.1453832961
19	465773	1880	1178.0283782389
19	468666	1900	1047.5208058549
19	471108	1920	813.57376556953
19	473082	1940	705.6210301252
19	474636	1960	618.56490433311
19	475687	1980	437.90722469733
19	476255	2000	324.95528468952
20	34638	240	46.377834420309
20	40121	260	46.219795289686
20	45478	280	46.427192801093
20	50825	300	45.774061011637
20	56273	320	46.176145273435
20	61573	340	45.755315876194
20	66931	360	46.344081323675
20	72280	380	46.290461585583
20	77540	400	46.317220236743
20	82802	420	46.526016491037
20	88118	440	46.187994457407
20	93396	460	46.210202557559
20	98588	480	45.758280054761
20	103880	500	46.087492429436
20	109074	520	46.086176809362
20	114295	540	45.940825855618
20	119630	560	46.150997589031
20	124985	580	46.157323384906
20	130235	600	46.039985638515
20	135522	620	46.452390375791
20	140801	640	46.320653585935
20	146048	660	46.143239956714
20	151365	680	46.018618537057
20	156809	700	46.069008586059
20	162172	720	46.086046867404
20	167460	740	46.429518910461
20	172776	760	46.435311746769
20	178114	780	46.551431303015
20	183579	800	46.054307922632
20	189015	820	46.29657419286
20	194332	840	45.871086319972
20	199675	860	46.28077162745
20	205100	880	46.756863351411
20	210421	900	45.953528466522
20	215741	920	45.99575051165
20	221039	940	46.015070391721
20	226396	960	46.808876624358
20	231630	980	46.705906035486
20	236885	1000	46.823443751594
20	242143	1020	46.343818215929
20	247411	1040	46.517344381877
20	252726	1060	46.839234597818
20	258023	1080	46.643531290411
20	263342	1100	46.473254014202
20	268616	1120	46.868282101619
20	273934	1140	46.038618425793
20	279288	1160	46.536950963416
20	284660	1180	45.831723857921
20	289944	1200	46.07737967797
20	295236	1220	45.533373000789
20	300575	1240	45.629471112857
20	305837	1260	45.726552882292
20	311247	1280	45.809160911836
20	316498	1300	46.369142874867
20	321781	1320	46.01721362559
20	327058	1340	46.187906970795
20	332458	1360	46.898215453878
20	337757	1380	46.244250653687
20	343043	1400	46.305049764705
20	348331	1420	46.767773195424
20	353629	1440	46.513638024996
20	358915	1460	46.597654363004
20	364254	1480	46.664840880373
20	369496	1500	46.554173610862
20	374707	1520	46.403215358236
20	380018	1540	46.291450017194
20	385379	1560	46.146115652111
20	390726	1580	45.837503654914
20	396011	1600	46.070904596992
20	401470	1620	46.874563684418
20	406764	1640	46.571824468482
20	412111	1660	46.680411173189
20	417403	1680	46.400980066361
20	422697	1700	46.460486875666
20	428043	1720	46.397695519717
20	433378	1740	46.822403505608
20	438835	1760	47.145579880555
20	444165	1780	46.738464868862
20	449487	1800	46.519621249736
20	454380	1820	46.428270491828
20	458635	1840	46.495616141188
20	462432	1860	46.486866048003
20	465773	1880	47.121135129556
20	468666	1900	47.614582084314
20	471108	1920	47.857280327619
20	473082	1940	47.041402008346
20	474636	1960	47.581915717932
20	475687	1980	48.656358299703
20	476255	2000	46.422183527074
21	34638	240	2.0461869289435
21	40121	260	2.2911303167646
21	45478	280	2.4253382949711
21	50825	300	2.354256760553
21	56273	320	2.1740297856717
21	61573	340	1.9563463784411
21	66931	360	1.2494461061244
21	72280	380	1.2200229147026
21	77540	400	2.2483225178531
21	82802	420	1.5217105233687
21	88118	440	1.6462654342356
21	93396	460	1.6034443411899
21	98588	480	1.6025037613838
21	103880	500	1.3584891439759
21	109074	520	1.9922849629894
21	114295	540	1.8365569051332
21	119630	560	1.5216251378159
21	124985	580	1.8852437036081
21	130235	600	1.3707228442073
21	135522	620	1.8936122009675
21	140801	640	1.8768882425038
21	146048	660	1.7689580451791
21	151365	680	2.0317852011209
21	156809	700	2.3732894984117
21	162172	720	2.1577606009954
21	167460	740	2.1971625841444
21	172776	760	2.2925554888606
21	178114	780	2.3543556971644
21	183579	800	2.7468883734379
21	189015	820	2.3216157875702
21	194332	840	1.7547010230534
21	199675	860	2.588465227253
21	205100	880	2.4238050246561
21	210421	900	2.2408971457813
21	215741	920	1.9634075604149
21	221039	940	2.2121143840322
21	226396	960	2.2041253254945
21	231630	980	1.9160060814632
21	236885	1000	2.4436131621447
21	242143	1020	2.5143809771422
21	247411	1040	2.2835187609007
21	252726	1060	2.7019950593805
21	258023	1080	2.7640619288456
21	263342	1100	2.7432271348092
21	268616	1120	2.9487285297754
21	273934	1140	2.5467884849792
21	279288	1160	2.6960637529702
21	284660	1180	2.2539634443442
21	289944	1200	1.76902031843
21	295236	1220	1.8489932935526
21	300575	1240	1.6744318523399
21	305837	1260	1.5422954732544
21	311247	1280	2.3546654236853
21	316498	1300	2.3790112267405
21	321781	1320	2.5921762946608
21	327058	1340	2.2467615654001
21	332458	1360	2.3097782855366
21	337757	1380	1.8979303990165
21	343043	1400	2.387662445462
21	348331	1420	2.0915385985535
21	353629	1440	2.0849893385414
21	358915	1460	2.1236271152545
21	364254	1480	2.0355500820899
21	369496	1500	2.3397843674174
21	374707	1520	1.9032123973342
21	380018	1540	1.8463458546523
21	385379	1560	2.0202880119144
21	390726	1580	2.3297851652041
21	396011	1600	2.6661062204193
21	401470	1620	2.4053283612357
21	406764	1640	1.9140123642196
21	412111	1660	2.6475001161884
21	417403	1680	1.6665435360466
21	422697	1700	1.8889901544013
21	428043	1720	1.9682143376134
21	433378	1740	2.1103125137174
21	438835	1760	2.3222424802489
21	444165	1780	2.5043875472039
21	449487	1800	2.1396396848614
21	454380	1820	2.6803900066134
21	458635	1840	2.0669400872454
21	462432	1860	2.6215486452789
21	465773	1880	2.8165192025092
21	468666	1900	1.8017793035394
21	471108	1920	2.7978394571946
21	473082	1940	2.5053934468078
21	474636	1960	3.0615770303684
21	475687	1980	2.5136975301787
21	476255	2000	2.9130304225418
22	34638	240	4.1868809481794
22	40121	260	5.2492781283979
22	45478	280	5.8822658450532
22	50825	300	5.5425248946095
22	56273	320	4.7264055089878
22	61573	340	3.8272911524395
22	66931	360	1.5611155721094
22	72280	380	1.4884559123995
22	77540	400	5.0549541442852
22	82802	420	2.3156029169309
22	88118	440	2.7101898799588
22	93396	460	2.571033755294
22	98588	480	2.5680183052491
22	103880	500	1.8454927543003
22	109074	520	3.9691993737536
22	114295	540	3.3729412657924
22	119630	560	2.3153430600332
22	124985	580	3.5541438219939
22	130235	600	1.8788811156318
22	135522	620	3.5857671676531
22	140801	640	3.5227094748488
22	146048	660	3.1292125656039
22	151365	680	4.128151103494
22	156809	700	5.6325030432712
22	162172	720	4.6559308112081
22	167460	740	4.827523421164
22	172776	760	5.2558106695048
22	178114	780	5.5429907487705
22	183579	800	7.5453957361283
22	189015	820	5.3898998650951
22	194332	840	3.0789756803046
22	199675	860	6.7001522326982
22	205100	880	5.8748307975482
22	210421	900	5.0216200179709
22	215741	920	3.8549692482942
22	221039	940	4.8934500480422
22	226396	960	4.8581684504864
22	231630	980	3.671079304204
22	236885	1000	5.9712452862068
22	242143	1020	6.3221116982147
22	247411	1040	5.2144579313857
22	252726	1060	7.3007773009168
22	258023	1080	7.6400383464936
22	263342	1100	7.5252951131533
22	268616	1120	8.6949999423117
22	273934	1140	6.4861315872229
22	279288	1160	7.2687597600799
22	284660	1180	5.0803512084399
22	289944	1200	3.1294328870183
22	295236	1220	3.4187761996024
22	300575	1240	2.8037220281305
22	305837	1260	2.3786753268209
22	311247	1280	5.5444492574991
22	316498	1300	5.6596944169571
22	321781	1320	6.7193779426013
22	327058	1340	5.0479375317593
22	332458	1360	5.3350757283364
22	337757	1380	3.6021397995109
22	343043	1400	5.7009319534695
22	348331	1420	4.3745337092393
22	353629	1440	4.3471805418311
22	358915	1460	4.5097921246442
22	364254	1480	4.1434641366962
22	369496	1500	5.4745908860109
22	374707	1520	3.6222174293666
22	380018	1540	3.4089930149918
22	385379	1560	4.081563651085
22	390726	1580	5.4278989160049
22	396011	1600	7.1081223785583
22	401470	1620	5.7856045253647
22	406764	1640	3.6634433303856
22	412111	1660	7.0092568652179
22	417403	1680	2.7773673575388
22	422697	1700	3.568283803425
22	428043	1720	3.873867678787
22	433378	1740	4.4534189055522
22	438835	1760	5.3928101370724
22	444165	1780	6.2719569865899
22	449487	1800	4.578057981034
22	454380	1820	7.1844905875531
22	458635	1840	4.2722413242621
22	462432	1860	6.8725172995638
22	465773	1880	7.9327804181029
22	468666	1900	3.2464086586629
22	471108	1920	7.8279056282348
22	473082	1940	6.2769963233075
22	474636	1960	9.3732539128796
22	475687	1980	6.3186752732265
22	476255	2000	8.485746242654
23	34638	240	1609.5405147379
23	40121	260	1748.3376585326
23	45478	280	1655.7683756374
23	50825	300	1569.5186973281
23	56273	320	1526.6026267802
23	61573	340	1518.6063416715
23	66931	360	1340.7510425551
23	72280	380	1564.2796419281
23	77540	400	1527.9244912724
23	82802	420	1615.2691009712
23	88118	440	1569.5685028346
23	93396	460	1567.9282308495
23	98588	480	1560.9544232641
23	103880	500	1563.3426656165
23	109074	520	1660.5523997817
23	114295	540	1611.19961458
23	119630	560	1434.8320416454
23	124985	580	1614.154422821
23	130235	600	1565.937741742
23	135522	620	1519.6112295182
23	140801	640	1427.8784109416
23	146048	660	1522.8377298455
23	151365	680	1744.2214696485
23	156809	700	1436.0991863138
23	162172	720	1519.3075835576
23	167460	740	1613.5057793607
23	172776	760	1658.0322035805
23	178114	780	1610.4502152712
23	183579	800	1657.4475759827
23	189015	820	1620.4779660049
23	194332	840	1561.688858075
23	199675	860	1659.2625727544
23	205100	880	1622.1652321179
23	210421	900	1477.7694227154
23	215741	920	1662.869145811
23	221039	940	1522.8096763954
23	226396	960	1481.5514665118
23	231630	980	1527.1936663165
23	236885	1000	1572.2522782972
23	242143	1020	1570.8016037995
23	247411	1040	1527.6628643154
23	252726	1060	1710.2123769949
23	258023	1080	1251.8790685146
23	263342	1100	1531.0825951893
23	268616	1120	1569.6472143789
23	273934	1140	1612.6074576433
23	279288	1160	1527.0370879542
23	284660	1180	1570.9459197347
23	289944	1200	1657.1783524659
23	295236	1220	1700.1407528882
23	300575	1240	1618.622163412
23	305837	1260	1615.1063510212
23	311247	1280	1662.8053224148
23	316498	1300	1254.1375290586
23	321781	1320	1659.6438402925
23	327058	1340	1529.6056420727
23	332458	1360	1481.5754279972
23	337757	1380	1617.7433432854
23	343043	1400	1615.876747942
23	348331	1420	1477.9250912508
23	353629	1440	1345.6129679773
23	358915	1460	1521.0056139101
23	364254	1480	1566.7789979318
23	369496	1500	1703.261858362
23	374707	1520	1524.6470287267
23	380018	1540	1702.0822657378
23	385379	1560	1706.1893141404
23	390726	1580	1614.9875717204
23	396011	1600	1615.979389086
23	401470	1620	1529.9734630917
23	406764	1640	1565.6913169038
23	412111	1660	1619.3588915363
23	417403	1680	1608.5533737717
23	422697	1700	1656.1112327039
23	428043	1720	1660.1183502337
23	433378	1740	1571.8309031885
23	438835	1760	1528.1779881527
23	444165	1780	1710.2550833681
23	449487	1800	1480.4521657529
23	454380	1820	1569.4548803619
23	458635	1840	1255.6362118983
23	462432	1860	1211.5669983939
23	465773	1880	1126.9317218576
23	468666	1900	990.00145920079
23	471108	1920	766.07326960246
23	473082	1940	683.64931880663
23	474636	1960	593.86216161873
23	475687	1980	416.20950452617
23	476255	2000	321.24403747499
24	34638	240	44.70945874272
24	40121	260	44.829170731605
24	45478	280	44.750496638848
24	50825	300	44.84339135223
24	56273	320	44.900077258242
24	61573	340	44.664892402103
24	66931	360	44.691701418503
24	72280	380	44.69370405509
24	77540	400	44.93895562566
24	82802	420	44.868586138088
24	88118	440	44.844814366703
24	93396	460	44.797949452843
24	98588	480	44.598697807546
24	103880	500	44.666933303329
24	109074	520	44.879794588693
24	114295	540	44.755544849446
24	119630	560	44.838501301419
24	124985	580	44.837622856138
24	130235	600	44.741078335487
24	135522	620	44.694447927005
24	140801	640	44.621200341925
24	146048	660	44.789344995455
24	151365	680	44.723627426885
24	156809	700	44.878099572307
24	162172	720	44.685517163459
24	167460	740	44.819604982242
24	172776	760	44.811681177852
24	178114	780	44.734728201977
24	183579	800	44.795880431966
24	189015	820	45.01327683347
24	194332	840	44.619681659287
24	199675	860	44.844934398769
24	205100	880	45.060145336608
24	210421	900	44.780891597438
24	215741	920	44.942409346242
24	221039	940	44.788519893983
24	226396	960	44.895498985207
24	231630	980	44.917460774016
24	236885	1000	44.921493665635
24	242143	1020	44.880045822843
24	247411	1040	44.931260715159
24	252726	1060	45.005588868287
24	258023	1080	44.709966732663
24	263342	1100	45.03184103498
24	268616	1120	44.84706326797
24	273934	1140	44.794651601204
24	279288	1160	44.912855528066
24	284660	1180	44.884169135278
24	289944	1200	44.788604120701
24	295236	1220	44.740546128638
24	300575	1240	44.961726761444
24	305837	1260	44.864065306144
24	311247	1280	44.940684389589
24	316498	1300	44.790626037808
24	321781	1320	44.855238926824
24	327058	1340	44.988401237431
24	332458	1360	44.896225090824
24	337757	1380	44.93731509126
24	343043	1400	44.885465220611
24	348331	1420	44.785608825781
24	353629	1440	44.853765599242
24	358915	1460	44.735459232651
24	364254	1480	44.765114226624
24	369496	1500	44.822680483211
24	374707	1520	44.842559668432
24	380018	1540	44.791638572047
24	385379	1560	44.899718793168
24	390726	1580	44.860765881123
24	396011	1600	44.888316363499
24	401470	1620	44.999219502696
24	406764	1640	44.734037625822
24	412111	1660	44.982191431563
24	417403	1680	44.682038160325
24	422697	1700	44.759763046052
24	428043	1720	44.86806351983
24	433378	1740	44.909454376814
24	438835	1760	44.946411416257
24	444165	1780	45.006712720214
24	449487	1800	44.862186840998
24	454380	1820	44.841568010341
24	458635	1840	44.84415042494
24	462432	1860	44.872851792367
24	465773	1880	45.077268874305
24	468666	1900	45.000066327309
24	471108	1920	45.063133506027
24	473082	1940	45.576621253776
24	474636	1960	45.681704739902
24	475687	1980	46.245500502907
24	476255	2000	45.89200535357
25	34638	240	0.67330790973467
25	40121	260	0.74134771410359
25	45478	280	0.88242983733309
25	50825	300	0.86170052816026
25	56273	320	0.71435499373554
25	61573	340	0.58983740986592
25	66931	360	0.80179361549717
25	72280	380	0.62778255950106
25	77540	400	1.1888127883013
25	82802	420	1.0437459726449
25	88118	440	0.91971244155122
25	93396	460	0.86613596251393
25	98588	480	0.63067894157502
25	103880	500	0.70704929158516
25	109074	520	1.0710621770409
25	114295	540	0.70974136516984
25	119630	560	0.83254344685147
25	124985	580	0.86341448912434
25	130235	600	0.69834938224157
25	135522	620	0.6803437890275
25	140801	640	0.51670596760999
25	146048	660	0.88241806899887
25	151365	680	0.8699720190319
25	156809	700	0.59509873921992
25	162172	720	0.65782388753588
25	167460	740	0.7842952513104
25	172776	760	0.62001597579045
25	178114	780	0.6241614703615
25	183579	800	0.61069754418639
25	189015	820	1.1092910807034
25	194332	840	0.53436751586739
25	199675	860	0.87317910289849
25	205100	880	1.1101501781155
25	210421	900	0.76891865123413
25	215741	920	0.91938321390817
25	221039	940	0.87016892534961
25	226396	960	0.77298408719016
25	231630	980	0.78954858292925
25	236885	1000	0.84048945884887
25	242143	1020	0.7758464647685
25	247411	1040	0.80815163489338
25	252726	1060	1.1547752254794
25	258023	1080	0.65752504083082
25	263342	1100	1.1279498417128
25	268616	1120	0.79412543630511
25	273934	1140	0.92584808457262
25	279288	1160	1.0113983832235
25	284660	1180	0.84343965847183
25	289944	1200	0.93401326176872
25	295236	1220	0.73939636671379
25	300575	1240	1.0836838458631
25	305837	1260	0.85375987875369
25	311247	1280	0.81950391862781
25	316498	1300	0.74294902787764
25	321781	1320	0.74886622980359
25	327058	1340	1.0033248228309
25	332458	1360	0.88436531339435
25	337757	1380	1.0145236004425
25	343043	1400	0.9575067185049
25	348331	1420	0.70962385509357
25	353629	1440	0.72358258554047
25	358915	1460	0.8988883116333
25	364254	1480	0.87727272521652
25	369496	1500	0.93668331226609
25	374707	1520	0.91485417919132
25	380018	1540	0.7310379217182
25	385379	1560	0.93956832844109
25	390726	1580	0.9868088431568
25	396011	1600	0.99047363252565
25	401470	1620	0.99604983584491
25	406764	1640	0.6499684178487
25	412111	1660	0.89363140055353
25	417403	1680	0.49058168243628
25	422697	1700	0.60730917284917
25	428043	1720	0.81714435704258
25	433378	1740	0.83654627130747
25	438835	1760	0.95087964438376
25	444165	1780	0.98584179005152
25	449487	1800	0.67097399926662
25	454380	1820	0.91534835559486
25	458635	1840	0.64404202247566
25	462432	1860	0.72294394186339
25	465773	1880	1.1291257020663
25	468666	1900	0.82712965503158
25	471108	1920	0.79152829343429
25	473082	1940	1.2122839942755
25	474636	1960	0.71543117511587
25	475687	1980	1.3670649108024
25	476255	2000	0.73066851102889
26	34638	240	0.45334354131127
26	40121	260	0.54959643320661
26	45478	280	0.77868241781571
26	50825	300	0.74252780023167
26	56273	320	0.5103030570749
26	61573	340	0.34790817007734
26	66931	360	0.64287300185203
26	72280	380	0.3941109420137
26	77540	400	1.4132758456287
26	82802	420	1.0894056554125
26	88118	440	0.84587097514411
26	93396	460	0.75019150555993
26	98588	480	0.39775592734619
26	103880	500	0.49991870073108
26	109074	520	1.1471741870877
26	114295	540	0.50373280543315
26	119630	560	0.69312859089532
26	124985	580	0.74548458002985
26	130235	600	0.48769185967718
26	135522	620	0.46286767126829
26	140801	640	0.26698505696378
26	146048	660	0.7786616484957
26	151365	680	0.75685131389844
26	156809	700	0.35414250942114
26	162172	720	0.43273226701282
26	167460	740	0.61511904122805
26	172776	760	0.38441981023539
26	178114	780	0.38957754108383
26	183579	800	0.37295149047528
26	189015	820	1.2305267017282
26	194332	840	0.28554864201428
26	199675	860	0.76244174573861
26	205100	880	1.2324334179699
26	210421	900	0.59123589221571
26	215741	920	0.84526549401612
26	221039	940	0.7571939586441
26	226396	960	0.5975043990492
26	231630	980	0.62338696480559
26	236885	1000	0.70642253043607
26	242143	1020	0.60193773689379
26	247411	1040	0.65310906498084
26	252726	1060	1.3335058213809
26	258023	1080	0.43233917931957
26	263342	1100	1.27227084542
26	268616	1120	0.63063520858679
26	273934	1140	0.85719467570678
26	279288	1160	1.0229266895872
26	284660	1180	0.71139045748308
26	289944	1200	0.87238077315984
26	295236	1220	0.54670698710956
26	300575	1240	1.1743706777845
26	305837	1260	0.72890593056951
26	311247	1280	0.67158667264634
26	316498	1300	0.55197325802433
26	321781	1320	0.56080063014025
26	327058	1340	1.0066607001086
26	332458	1360	0.78210200753509
26	337757	1380	1.0292581358548
26	343043	1400	0.91681911598201
26	348331	1420	0.50356601571785
26	353629	1440	0.52357175809743
26	358915	1460	0.80800019679097
26	364254	1480	0.76960743440882
26	369496	1500	0.87737562747777
26	374707	1520	0.83695816918383
26	380018	1540	0.53441644299006
26	385379	1560	0.88278864380958
26	390726	1580	0.97379169293245
26	396011	1600	0.98103801672856
26	401470	1620	0.99211527548668
26	406764	1640	0.42245894420075
26	412111	1660	0.79857708005527
26	417403	1680	0.24067038714202
26	422697	1700	0.36882443142674
26	428043	1720	0.66772490024653
26	433378	1740	0.69980966403843
26	438835	1760	0.90417209810338
26	444165	1780	0.97188403501199
26	449487	1800	0.45020610769184
26	454380	1820	0.83786261209022
26	458635	1840	0.41479012671454
26	462432	1860	0.52264794307698
26	465773	1880	1.2749248510668
26	468666	1900	0.68414346623267
26	471108	1920	0.62651703930701
26	473082	1940	1.4696324827767
26	474636	1960	0.51184176632767
26	475687	1980	1.8688664703472
26	476255	2000	0.53387647300918
