version 2
run statisticRVV-184-20150325-22:24:45-23660
attr c 7
attr configname statisticRVV
attr datetime 20150325-22:24:45
attr experiment statisticRVV
attr inifile omnetpp.ini
attr iterationvars "$sc=\"erlangen-medium.launchd.xml\", $p=1/8, $c=7"
attr iterationvars2 "$sc=\"erlangen-medium.launchd.xml\", $p=1/8, $c=7, $repetition=4"
attr measurement "$sc=\"erlangen-medium.launchd.xml\", $p=1/8, $c=7"
attr network RSUExampleScenario
attr p 1/8
attr processid 23660
attr repetition 4
attr replication #4
attr resultdir results
attr runnumber 184
attr sc "\"erlangen-medium.launchd.xml\""
attr seedset 184

vector 0  RSUExampleScenario.rsu[0].appl  Number_CH  ETV
vector 1  RSUExampleScenario.rsu[0].appl  Number_ON  ETV
vector 2  RSUExampleScenario.rsu[0].appl  Number_FN  ETV
vector 3  RSUExampleScenario.rsu[0].appl  Number_CH_Losts  ETV
vector 4  RSUExampleScenario.rsu[0].appl  Mean_Cluster_Size  ETV
vector 5  RSUExampleScenario.rsu[0].appl  StdDev_Cluster_Size  ETV
vector 6  RSUExampleScenario.rsu[0].appl  Variance_Cluster_Size  ETV
vector 7  RSUExampleScenario.rsu[0].appl  Mean_Neighbors  ETV
vector 8  RSUExampleScenario.rsu[0].appl  StdDev_Neighbors  ETV
vector 9  RSUExampleScenario.rsu[0].appl  Variance_Neighbors  ETV
vector 10  RSUExampleScenario.rsu[0].appl  Total_CH_Utility  ETV
vector 11  RSUExampleScenario.rsu[0].appl  Mean_CH_Utility  ETV
vector 12  RSUExampleScenario.rsu[0].appl  StdDev_CH_Utility  ETV
vector 13  RSUExampleScenario.rsu[0].appl  Variance_CH_Utility  ETV
vector 14  RSUExampleScenario.rsu[0].appl  Total_exp_CH_Utility  ETV
vector 15  RSUExampleScenario.rsu[0].appl  Mean_exp_CH_Utility  ETV
vector 16  RSUExampleScenario.rsu[0].appl  StdDev_exp_CH_Utility  ETV
vector 17  RSUExampleScenario.rsu[0].appl  Variance_exp_CH_Utility  ETV
vector 18  RSUExampleScenario.rsu[0].appl  Total_ON_Utility  ETV
vector 19  RSUExampleScenario.rsu[0].appl  Mean_ON_Utility  ETV
vector 20  RSUExampleScenario.rsu[0].appl  StdDev_ON_Utility  ETV
vector 21  RSUExampleScenario.rsu[0].appl  Variance_ON_Utility  ETV
vector 22  RSUExampleScenario.rsu[0].appl  Total_exp_ON_Utility  ETV
vector 23  RSUExampleScenario.rsu[0].appl  Mean_exp_ON_Utility  ETV
vector 24  RSUExampleScenario.rsu[0].appl  StdDev_exp_ON_Utility  ETV
vector 25  RSUExampleScenario.rsu[0].appl  Variance_exp_ON_Utility  ETV
0	145646	240	6
0	171392	260	9
0	198417	280	11
0	225579	300	9
0	252918	320	9
0	280223	340	15
0	307308	360	12
0	334708	380	8
0	362388	400	11
0	390484	420	11
0	419206	440	11
0	448317	460	12
0	478237	480	14
0	508865	500	12
0	539751	520	8
0	571461	540	8
0	603673	560	10
0	636979	580	10
0	671058	600	9
0	705573	620	6
0	741712	640	12
0	778524	660	9
0	816944	680	7
0	856302	700	17
0	896808	720	11
0	938633	740	15
0	981885	760	6
0	1026007	780	12
0	1071864	800	11
0	1118414	820	9
0	1165435	840	9
0	1214186	860	13
0	1263928	880	18
0	1315358	900	16
0	1367919	920	12
0	1421961	940	12
0	1476759	960	17
0	1533092	980	17
0	1590938	1000	13
0	1649857	1020	13
0	1710356	1040	15
0	1772458	1060	16
0	1836089	1080	15
0	1901189	1100	16
0	1968224	1120	14
0	2037033	1140	15
0	2107669	1160	12
0	2180255	1180	13
0	2254646	1200	11
0	2330876	1220	11
0	2408871	1240	18
0	2489886	1260	17
0	2572590	1280	17
0	2656929	1300	15
0	2743173	1320	10
0	2831625	1340	13
0	2922186	1360	15
0	3014552	1380	18
0	3108730	1400	18
0	3206514	1420	11
0	3306446	1440	19
0	3407667	1460	14
0	3510987	1480	18
0	3616760	1500	13
0	3724343	1520	17
0	3834934	1540	19
0	3948511	1560	14
0	4063337	1580	15
0	4180683	1600	12
0	4301756	1620	16
0	4424177	1640	19
0	4548847	1660	17
0	4675816	1680	18
0	4805059	1700	18
0	4936387	1720	17
0	5070752	1740	13
0	5207487	1760	23
0	5346370	1780	19
0	5487847	1800	22
0	5631351	1820	17
0	5777581	1840	12
0	5927170	1860	16
0	6079897	1880	18
0	6234600	1900	20
0	6391083	1920	22
0	6550388	1940	27
0	6712151	1960	28
0	6876535	1980	17
0	7043268	2000	13
1	145646	240	9
1	171392	260	13
1	198417	280	15
1	225579	300	13
1	252918	320	11
1	280223	340	23
1	307308	360	15
1	334708	380	9
1	362388	400	15
1	390484	420	12
1	419206	440	14
1	448317	460	19
1	478237	480	18
1	508865	500	16
1	539751	520	11
1	571461	540	9
1	603673	560	14
1	636979	580	13
1	671058	600	9
1	705573	620	9
1	741712	640	16
1	778524	660	10
1	816944	680	9
1	856302	700	21
1	896808	720	13
1	938633	740	22
1	981885	760	8
1	1026007	780	16
1	1071864	800	17
1	1118414	820	9
1	1165435	840	12
1	1214186	860	16
1	1263928	880	21
1	1315358	900	22
1	1367919	920	17
1	1421961	940	18
1	1476759	960	25
1	1533092	980	28
1	1590938	1000	19
1	1649857	1020	20
1	1710356	1040	19
1	1772458	1060	25
1	1836089	1080	19
1	1901189	1100	23
1	1968224	1120	21
1	2037033	1140	22
1	2107669	1160	18
1	2180255	1180	19
1	2254646	1200	15
1	2330876	1220	18
1	2408871	1240	27
1	2489886	1260	22
1	2572590	1280	25
1	2656929	1300	23
1	2743173	1320	15
1	2831625	1340	20
1	2922186	1360	21
1	3014552	1380	23
1	3108730	1400	24
1	3206514	1420	14
1	3306446	1440	29
1	3407667	1460	17
1	3510987	1480	24
1	3616760	1500	20
1	3724343	1520	25
1	3834934	1540	27
1	3948511	1560	22
1	4063337	1580	23
1	4180683	1600	18
1	4301756	1620	20
1	4424177	1640	29
1	4548847	1660	25
1	4675816	1680	26
1	4805059	1700	24
1	4936387	1720	24
1	5070752	1740	17
1	5207487	1760	28
1	5346370	1780	26
1	5487847	1800	34
1	5631351	1820	24
1	5777581	1840	15
1	5927170	1860	23
1	6079897	1880	27
1	6234600	1900	30
1	6391083	1920	29
1	6550388	1940	38
1	6712151	1960	38
1	6876535	1980	28
1	7043268	2000	20
2	145646	240	64
2	171392	260	63
2	198417	280	66
2	225579	300	71
2	252918	320	73
2	280223	340	57
2	307308	360	67
2	334708	380	78
2	362388	400	69
2	390484	420	74
2	419206	440	74
2	448317	460	69
2	478237	480	68
2	508865	500	72
2	539751	520	84
2	571461	540	86
2	603673	560	82
2	636979	580	85
2	671058	600	91
2	705573	620	94
2	741712	640	82
2	778524	660	93
2	816944	680	96
2	856302	700	77
2	896808	720	92
2	938633	740	79
2	981885	760	103
2	1026007	780	92
2	1071864	800	94
2	1118414	820	104
2	1165435	840	100
2	1214186	860	94
2	1263928	880	87
2	1315358	900	88
2	1367919	920	100
2	1421961	940	100
2	1476759	960	88
2	1533092	980	87
2	1590938	1000	102
2	1649857	1020	101
2	1710356	1040	101
2	1772458	1060	95
2	1836089	1080	104
2	1901189	1100	100
2	1968224	1120	105
2	2037033	1140	105
2	2107669	1160	112
2	2180255	1180	112
2	2254646	1200	120
2	2330876	1220	117
2	2408871	1240	103
2	2489886	1260	111
2	2572590	1280	108
2	2656929	1300	113
2	2743173	1320	127
2	2831625	1340	122
2	2922186	1360	118
2	3014552	1380	116
2	3108730	1400	116
2	3206514	1420	134
2	3306446	1440	112
2	3407667	1460	131
2	3510987	1480	119
2	3616760	1500	131
2	3724343	1520	122
2	3834934	1540	121
2	3948511	1560	133
2	4063337	1580	130
2	4180683	1600	140
2	4301756	1620	134
2	4424177	1640	125
2	4548847	1660	134
2	4675816	1680	130
2	4805059	1700	134
2	4936387	1720	137
2	5070752	1740	149
2	5207487	1760	131
2	5346370	1780	136
2	5487847	1800	126
2	5631351	1820	143
2	5777581	1840	157
2	5927170	1860	146
2	6079897	1880	142
2	6234600	1900	140
2	6391083	1920	139
2	6550388	1940	127
2	6712151	1960	126
2	6876535	1980	149
2	7043268	2000	163
3	145646	240	6
3	171392	260	3
3	198417	280	6
3	225579	300	1
3	252918	320	0
3	280223	340	5
3	307308	360	4
3	334708	380	2
3	362388	400	2
3	390484	420	3
3	419206	440	6
3	448317	460	1
3	478237	480	2
3	508865	500	1
3	539751	520	4
3	571461	540	3
3	603673	560	5
3	636979	580	2
3	671058	600	4
3	705573	620	3
3	741712	640	1
3	778524	660	2
3	816944	680	2
3	856302	700	1
3	896808	720	3
3	938633	740	3
3	981885	760	4
3	1026007	780	4
3	1071864	800	5
3	1118414	820	2
3	1165435	840	4
3	1214186	860	3
3	1263928	880	8
3	1315358	900	1
3	1367919	920	0
3	1421961	940	5
3	1476759	960	3
3	1533092	980	3
3	1590938	1000	5
3	1649857	1020	1
3	1710356	1040	4
3	1772458	1060	1
3	1836089	1080	3
3	1901189	1100	5
3	1968224	1120	2
3	2037033	1140	1
3	2107669	1160	0
3	2180255	1180	7
3	2254646	1200	4
3	2330876	1220	3
3	2408871	1240	3
3	2489886	1260	1
3	2572590	1280	3
3	2656929	1300	3
3	2743173	1320	2
3	2831625	1340	5
3	2922186	1360	6
3	3014552	1380	8
3	3108730	1400	3
3	3206514	1420	2
3	3306446	1440	5
3	3407667	1460	4
3	3510987	1480	2
3	3616760	1500	2
3	3724343	1520	5
3	3834934	1540	2
3	3948511	1560	9
3	4063337	1580	1
3	4180683	1600	4
3	4301756	1620	3
3	4424177	1640	7
3	4548847	1660	9
3	4675816	1680	7
3	4805059	1700	5
3	4936387	1720	7
3	5070752	1740	5
3	5207487	1760	5
3	5346370	1780	5
3	5487847	1800	2
3	5631351	1820	3
3	5777581	1840	3
3	5927170	1860	4
3	6079897	1880	7
3	6234600	1900	8
3	6391083	1920	3
3	6550388	1940	3
3	6712151	1960	6
3	6876535	1980	7
3	7043268	2000	6
4	145646	240	1.5
4	171392	260	1.4444444444444
4	198417	280	1.3636363636364
4	225579	300	1.4444444444444
4	252918	320	1.2222222222222
4	280223	340	1.5333333333333
4	307308	360	1.25
4	334708	380	1.125
4	362388	400	1.3636363636364
4	390484	420	1.0909090909091
4	419206	440	1.2727272727273
4	448317	460	1.5833333333333
4	478237	480	1.2857142857143
4	508865	500	1.3333333333333
4	539751	520	1.375
4	571461	540	1.125
4	603673	560	1.4
4	636979	580	1.3
4	671058	600	1
4	705573	620	1.5
4	741712	640	1.3333333333333
4	778524	660	1.1111111111111
4	816944	680	1.2857142857143
4	856302	700	1.2352941176471
4	896808	720	1.1818181818182
4	938633	740	1.4666666666667
4	981885	760	1.3333333333333
4	1026007	780	1.3333333333333
4	1071864	800	1.5454545454545
4	1118414	820	1
4	1165435	840	1.3333333333333
4	1214186	860	1.2307692307692
4	1263928	880	1.1666666666667
4	1315358	900	1.375
4	1367919	920	1.4166666666667
4	1421961	940	1.5
4	1476759	960	1.4705882352941
4	1533092	980	1.6470588235294
4	1590938	1000	1.4615384615385
4	1649857	1020	1.5384615384615
4	1710356	1040	1.2666666666667
4	1772458	1060	1.5625
4	1836089	1080	1.2666666666667
4	1901189	1100	1.4375
4	1968224	1120	1.5
4	2037033	1140	1.4666666666667
4	2107669	1160	1.5
4	2180255	1180	1.4615384615385
4	2254646	1200	1.3636363636364
4	2330876	1220	1.6363636363636
4	2408871	1240	1.5
4	2489886	1260	1.2941176470588
4	2572590	1280	1.4705882352941
4	2656929	1300	1.5333333333333
4	2743173	1320	1.5
4	2831625	1340	1.5384615384615
4	2922186	1360	1.4
4	3014552	1380	1.2777777777778
4	3108730	1400	1.3333333333333
4	3206514	1420	1.2727272727273
4	3306446	1440	1.5263157894737
4	3407667	1460	1.2142857142857
4	3510987	1480	1.3333333333333
4	3616760	1500	1.5384615384615
4	3724343	1520	1.4705882352941
4	3834934	1540	1.4210526315789
4	3948511	1560	1.5714285714286
4	4063337	1580	1.5333333333333
4	4180683	1600	1.5
4	4301756	1620	1.25
4	4424177	1640	1.5263157894737
4	4548847	1660	1.4705882352941
4	4675816	1680	1.4444444444444
4	4805059	1700	1.3333333333333
4	4936387	1720	1.4117647058824
4	5070752	1740	1.3076923076923
4	5207487	1760	1.2173913043478
4	5346370	1780	1.3684210526316
4	5487847	1800	1.5454545454545
4	5631351	1820	1.4117647058824
4	5777581	1840	1.25
4	5927170	1860	1.4375
4	6079897	1880	1.5
4	6234600	1900	1.5
4	6391083	1920	1.3181818181818
4	6550388	1940	1.4074074074074
4	6712151	1960	1.3571428571429
4	6876535	1980	1.6470588235294
4	7043268	2000	1.5384615384615
5	145646	240	0.54772255750517
5	171392	260	0.72648315725678
5	198417	280	0.67419986246324
5	225579	300	0.72648315725678
5	252918	320	0.4409585518441
5	280223	340	0.51639777949432
5	307308	360	0.45226701686665
5	334708	380	0.35355339059327
5	362388	400	0.50452497910951
5	390484	420	0.30151134457776
5	419206	440	0.46709936649691
5	448317	460	0.51492865054444
5	478237	480	0.4688072309385
5	508865	500	0.49236596391733
5	539751	520	0.51754916950677
5	571461	540	0.35355339059327
5	603673	560	0.51639777949432
5	636979	580	0.48304589153965
5	671058	600	0
5	705573	620	0.54772255750517
5	741712	640	0.49236596391733
5	778524	660	0.33333333333333
5	816944	680	0.48795003647427
5	856302	700	0.4372373160976
5	896808	720	0.40451991747795
5	938633	740	0.51639777949432
5	981885	760	0.51639777949432
5	1026007	780	0.49236596391733
5	1071864	800	0.52223296786709
5	1118414	820	0
5	1165435	840	0.5
5	1214186	860	0.43852900965351
5	1263928	880	0.38348249442369
5	1315358	900	0.61913918736689
5	1367919	920	0.51492865054444
5	1421961	940	0.52223296786709
5	1476759	960	0.51449575542753
5	1533092	980	0.49259218307189
5	1590938	1000	0.51887452166277
5	1649857	1020	0.51887452166277
5	1710356	1040	0.45773770821706
5	1772458	1060	0.51234753829798
5	1836089	1080	0.45773770821706
5	1901189	1100	0.51234753829798
5	1968224	1120	0.51887452166277
5	2037033	1140	0.51639777949432
5	2107669	1160	0.52223296786709
5	2180255	1180	0.51887452166277
5	2254646	1200	0.50452497910951
5	2330876	1220	0.50452497910951
5	2408871	1240	0.51449575542753
5	2489886	1260	0.46966821831386
5	2572590	1280	0.51449575542753
5	2656929	1300	0.51639777949432
5	2743173	1320	0.52704627669473
5	2831625	1340	0.51887452166277
5	2922186	1360	0.50709255283711
5	3014552	1380	0.46088859896248
5	3108730	1400	0.48507125007267
5	3206514	1420	0.46709936649691
5	3306446	1440	0.51298917604258
5	3407667	1460	0.42581531362632
5	3510987	1480	0.48507125007267
5	3616760	1500	0.51887452166277
5	3724343	1520	0.51449575542753
5	3834934	1540	0.50725727350179
5	3948511	1560	0.5135525910131
5	4063337	1580	0.51639777949432
5	4180683	1600	0.52223296786709
5	4301756	1620	0.44721359549996
5	4424177	1640	0.51298917604258
5	4548847	1660	0.51449575542753
5	4675816	1680	0.51130999256491
5	4805059	1700	0.48507125007267
5	4936387	1720	0.50729965619589
5	5070752	1740	0.48038446141526
5	5207487	1760	0.42174116783665
5	5346370	1780	0.49559462778335
5	5487847	1800	0.5958006000151
5	5631351	1820	0.50729965619589
5	5777581	1840	0.45226701686665
5	5927170	1860	0.51234753829798
5	6079897	1880	0.51449575542753
5	6234600	1900	0.51298917604258
5	6391083	1920	0.4767312946228
5	6550388	1940	0.50071174413254
5	6712151	1960	0.48795003647427
5	6876535	1980	0.49259218307189
5	7043268	2000	0.51887452166277
6	145646	240	0.3
6	171392	260	0.52777777777778
6	198417	280	0.45454545454545
6	225579	300	0.52777777777778
6	252918	320	0.19444444444444
6	280223	340	0.26666666666667
6	307308	360	0.20454545454545
6	334708	380	0.125
6	362388	400	0.25454545454545
6	390484	420	0.090909090909091
6	419206	440	0.21818181818182
6	448317	460	0.26515151515152
6	478237	480	0.21978021978022
6	508865	500	0.24242424242424
6	539751	520	0.26785714285714
6	571461	540	0.125
6	603673	560	0.26666666666667
6	636979	580	0.23333333333333
6	671058	600	0
6	705573	620	0.3
6	741712	640	0.24242424242424
6	778524	660	0.11111111111111
6	816944	680	0.23809523809524
6	856302	700	0.19117647058824
6	896808	720	0.16363636363636
6	938633	740	0.26666666666667
6	981885	760	0.26666666666667
6	1026007	780	0.24242424242424
6	1071864	800	0.27272727272727
6	1118414	820	0
6	1165435	840	0.25
6	1214186	860	0.19230769230769
6	1263928	880	0.14705882352941
6	1315358	900	0.38333333333333
6	1367919	920	0.26515151515152
6	1421961	940	0.27272727272727
6	1476759	960	0.26470588235294
6	1533092	980	0.24264705882353
6	1590938	1000	0.26923076923077
6	1649857	1020	0.26923076923077
6	1710356	1040	0.20952380952381
6	1772458	1060	0.2625
6	1836089	1080	0.20952380952381
6	1901189	1100	0.2625
6	1968224	1120	0.26923076923077
6	2037033	1140	0.26666666666667
6	2107669	1160	0.27272727272727
6	2180255	1180	0.26923076923077
6	2254646	1200	0.25454545454545
6	2330876	1220	0.25454545454545
6	2408871	1240	0.26470588235294
6	2489886	1260	0.22058823529412
6	2572590	1280	0.26470588235294
6	2656929	1300	0.26666666666667
6	2743173	1320	0.27777777777778
6	2831625	1340	0.26923076923077
6	2922186	1360	0.25714285714286
6	3014552	1380	0.21241830065359
6	3108730	1400	0.23529411764706
6	3206514	1420	0.21818181818182
6	3306446	1440	0.26315789473684
6	3407667	1460	0.18131868131868
6	3510987	1480	0.23529411764706
6	3616760	1500	0.26923076923077
6	3724343	1520	0.26470588235294
6	3834934	1540	0.25730994152047
6	3948511	1560	0.26373626373626
6	4063337	1580	0.26666666666667
6	4180683	1600	0.27272727272727
6	4301756	1620	0.2
6	4424177	1640	0.26315789473684
6	4548847	1660	0.26470588235294
6	4675816	1680	0.26143790849673
6	4805059	1700	0.23529411764706
6	4936387	1720	0.25735294117647
6	5070752	1740	0.23076923076923
6	5207487	1760	0.17786561264822
6	5346370	1780	0.24561403508772
6	5487847	1800	0.35497835497836
6	5631351	1820	0.25735294117647
6	5777581	1840	0.20454545454545
6	5927170	1860	0.2625
6	6079897	1880	0.26470588235294
6	6234600	1900	0.26315789473684
6	6391083	1920	0.22727272727273
6	6550388	1940	0.25071225071225
6	6712151	1960	0.23809523809524
6	6876535	1980	0.24264705882353
6	7043268	2000	0.26923076923077
7	145646	240	22.379746835443
7	171392	260	22.564705882353
7	198417	280	22.228260869565
7	225579	300	22.290322580645
7	252918	320	22.494623655914
7	280223	340	22.115789473684
7	307308	360	22.159574468085
7	334708	380	22.106382978723
7	362388	400	22.351063829787
7	390484	420	22.020833333333
7	419206	440	22.151515151515
7	448317	460	22.060606060606
7	478237	480	22.21
7	508865	500	22.65
7	539751	520	22.533980582524
7	571461	540	22.708737864078
7	603673	560	22.77358490566
7	636979	580	23.111111111111
7	671058	600	23.407407407407
7	705573	620	23.899082568807
7	741712	640	24.572727272727
7	778524	660	25
7	816944	680	25.508928571429
7	856302	700	25.791304347826
7	896808	720	26.396551724138
7	938633	740	27.01724137931
7	981885	760	27.57264957265
7	1026007	780	28.158333333333
7	1071864	800	28.702479338843
7	1118414	820	29.032786885246
7	1165435	840	28.793388429752
7	1214186	860	29.317073170732
7	1263928	880	29.592
7	1315358	900	30.293650793651
7	1367919	920	30.240310077519
7	1421961	940	30.561538461538
7	1476759	960	31.147286821705
7	1533092	980	31.568181818182
7	1590938	1000	32.037313432836
7	1649857	1020	32.39552238806
7	1710356	1040	32.762962962963
7	1772458	1060	33.607407407407
7	1836089	1080	33.782608695652
7	1901189	1100	34.194244604317
7	1968224	1120	35.410071942446
7	2037033	1140	35.5
7	2107669	1160	36.577464788732
7	2180255	1180	36.875
7	2254646	1200	37.63698630137
7	2330876	1220	38.551724137931
7	2408871	1240	39.175675675676
7	2489886	1260	40.134228187919
7	2572590	1280	40.852348993289
7	2656929	1300	41.662251655629
7	2743173	1320	42.026490066225
7	2831625	1340	41.870967741935
7	2922186	1360	43.577922077922
7	3014552	1380	43.541401273885
7	3108730	1400	44.405063291139
7	3206514	1420	45.433962264151
7	3306446	1440	46.49375
7	3407667	1460	46.66049382716
7	3510987	1480	47.478260869565
7	3616760	1500	47.560975609756
7	3724343	1520	48.481707317073
7	3834934	1540	49.023952095808
7	3948511	1560	49.958579881657
7	4063337	1580	50.595238095238
7	4180683	1600	50.694117647059
7	4301756	1620	52.094117647059
7	4424177	1640	52.529069767442
7	4548847	1660	52.182857142857
7	4675816	1680	53.32183908046
7	4805059	1700	53.431818181818
7	4936387	1720	53.943820224719
7	5070752	1740	54.379888268156
7	5207487	1760	54.89010989011
7	5346370	1780	55.806629834254
7	5487847	1800	56.417582417582
7	5631351	1820	56.472826086957
7	5777581	1840	57.25
7	5927170	1860	58.048648648649
7	6079897	1880	58.786096256684
7	6234600	1900	58.784210526316
7	6391083	1920	59.873684210526
7	6550388	1940	60.204188481675
7	6712151	1960	60.755208333333
7	6876535	1980	61.345360824742
7	7043268	2000	62.041025641026
8	145646	240	5.1944343920233
8	171392	260	4.2940907869157
8	198417	280	5.1250371445871
8	225579	300	4.1087939761308
8	252918	320	4.135276805608
8	280223	340	4.1867652620445
8	307308	360	4.999576737976
8	334708	380	4.6500504913582
8	362388	400	4.4182112052217
8	390484	420	4.5744810845584
8	419206	440	4.5878358162437
8	448317	460	4.3514440057371
8	478237	480	4.4296863559536
8	508865	500	4.0561089977983
8	539751	520	3.7594730908982
8	571461	540	4.1150871812202
8	603673	560	3.9334536354514
8	636979	580	3.8918398535247
8	671058	600	3.6736928809945
8	705573	620	3.3304013608874
8	741712	640	4.0330267071209
8	778524	660	3.9863403129825
8	816944	680	4.4539597438973
8	856302	700	5.1204708736564
8	896808	720	6.0244131019866
8	938633	740	5.7255837122146
8	981885	760	6.4558396971353
8	1026007	780	6.9391058844919
8	1071864	800	7.3921632243198
8	1118414	820	7.906409604254
8	1165435	840	7.6058281987915
8	1214186	860	8.6482416228233
8	1263928	880	9.3542262313404
8	1315358	900	9.8078070619828
8	1367919	920	9.8542306855026
8	1421961	940	9.8830399288348
8	1476759	960	9.7876682418441
8	1533092	980	11.232581549761
8	1590938	1000	11.243983665407
8	1649857	1020	11.963615678423
8	1710356	1040	12.262798618639
8	1772458	1060	12.135489029066
8	1836089	1080	13.121409000825
8	1901189	1100	13.78608713593
8	1968224	1120	14.027309259699
8	2037033	1140	14.440265807656
8	2107669	1160	15.056076713719
8	2180255	1180	15.54280127032
8	2254646	1200	16.171870058834
8	2330876	1220	17.034658719832
8	2408871	1240	17.190693660232
8	2489886	1260	18.055716216277
8	2572590	1280	18.62952315435
8	2656929	1300	19.172162951258
8	2743173	1320	19.093435877239
8	2831625	1340	20.039801200967
8	2922186	1360	20.405619650015
8	3014552	1380	21.194305731959
8	3108730	1400	21.680963493845
8	3206514	1420	22.663618395086
8	3306446	1440	22.893792758199
8	3407667	1460	23.222970952892
8	3510987	1480	23.881500936007
8	3616760	1500	24.687046135476
8	3724343	1520	24.985510540001
8	3834934	1540	25.483269280108
8	3948511	1560	26.086932285466
8	4063337	1580	25.9647937814
8	4180683	1600	26.327713267643
8	4301756	1620	26.294924265269
8	4424177	1640	26.532651698373
8	4548847	1660	27.151358274636
8	4675816	1680	27.162109894838
8	4805059	1700	27.626403707652
8	4936387	1720	27.580538274989
8	5070752	1740	27.786522438062
8	5207487	1760	28.186023945286
8	5346370	1780	28.537911630768
8	5487847	1800	28.630264840571
8	5631351	1820	28.879612954965
8	5777581	1840	29.354671200875
8	5927170	1860	29.310422742023
8	6079897	1880	30.085670136829
8	6234600	1900	30.183929343995
8	6391083	1920	30.299297879047
8	6550388	1940	30.652125937193
8	6712151	1960	31.021483418177
8	6876535	1980	31.164768604961
8	7043268	2000	31.582625377678
9	145646	240	26.982148653035
9	171392	260	18.439215686275
9	198417	280	26.266005733397
9	225579	300	16.882187938289
9	252918	320	17.100514259
9	280223	340	17.529003359462
9	307308	360	24.995767558911
9	334708	380	21.62296957218
9	362388	400	19.520590253946
9	390484	420	20.925877192982
9	419206	440	21.048237476809
9	448317	460	18.935064935065
9	478237	480	19.622121212121
9	508865	500	16.45202020202
9	539751	520	14.133637921188
9	571461	540	16.933942509042
9	603673	560	15.472057502246
9	636979	580	15.146417445483
9	671058	600	13.49601938387
9	705573	620	11.091573224601
9	741712	640	16.26530442035
9	778524	660	15.890909090909
9	816944	680	19.837757400257
9	856302	700	26.219221967963
9	896808	720	36.293553223388
9	938633	740	32.782308845577
9	981885	760	41.677866195108
9	1026007	780	48.15119047619
9	1071864	800	54.644077134986
9	1118414	820	62.51131283024
9	1165435	840	57.848622589532
9	1214186	860	74.792083166733
9	1263928	880	87.501548387097
9	1315358	900	96.193079365079
9	1367919	920	97.105862403101
9	1421961	940	97.674478234943
9	1476759	960	95.798449612403
9	1533092	980	126.17088827203
9	1590938	1000	126.42716866794
9	1649857	1020	143.128100101
9	1710356	1040	150.3762299613
9	1772458	1060	147.27009397457
9	1836089	1080	172.17137416693
9	1901189	1100	190.05619851945
9	1968224	1120	196.76540506725
9	2037033	1140	208.52127659574
9	2107669	1160	226.68544600939
9	2180255	1180	241.57867132867
9	2254646	1200	261.52938119981
9	2330876	1220	290.17959770115
9	2408871	1240	295.51994851995
9	2489886	1260	326.00888808271
9	2572590	1280	347.05913295846
9	2656929	1300	367.57183222958
9	2743173	1320	364.55929359823
9	2831625	1340	401.59363217428
9	2922186	1360	416.38931330108
9	3014552	1380	449.19859545974
9	3108730	1400	470.06417802145
9	3206514	1420	513.63959875806
9	3306446	1440	524.12574685535
9	3407667	1460	539.30637987884
9	3510987	1480	570.32608695652
9	3616760	1500	609.45024689511
9	3724343	1520	624.27573694449
9	3834934	1540	649.39701320251
9	3948511	1560	680.5280360665
9	4063337	1580	674.17051611064
9	4180683	1600	693.14848590324
9	4301756	1620	691.42304211625
9	4424177	1640	703.98160614715
9	4548847	1660	737.19625615764
9	4675816	1680	737.78021393927
9	4805059	1700	763.21818181818
9	4936387	1720	760.68609153812
9	5070752	1740	772.09082920093
9	5207487	1760	794.45194584421
9	5346370	1780	814.41240024555
9	5487847	1800	819.69206484124
9	5631351	1820	834.03204442861
9	5777581	1840	861.69672131148
9	5927170	1860	859.1008813161
9	6079897	1880	905.14754758208
9	6234600	1900	911.06959064327
9	6391083	1920	918.04745196324
9	6550388	1940	939.55282446955
9	6712151	1960	962.33243346422
9	6876535	1980	971.24280220074
9	7043268	2000	997.46222574676
10	145646	240	282.62102853652
10	171392	260	428.89934215598
10	198417	280	522.52874902719
10	225579	300	444.29589367692
10	252918	320	439.20978322153
10	280223	340	717.51158186844
10	307308	360	565.68567646036
10	334708	380	388.69806685778
10	362388	400	531.64276482685
10	390484	420	529.2672944108
10	419206	440	527.64492363297
10	448317	460	579.32164897555
10	478237	480	677.21063160086
10	508865	500	596.69126757498
10	539751	520	385.86904199773
10	571461	540	389.26330265725
10	603673	560	486.71602597075
10	636979	580	482.75877223487
10	671058	600	445.34994251561
10	705573	620	289.13782931279
10	741712	640	576.02774638202
10	778524	660	435.13253739825
10	816944	680	341.32018577427
10	856302	700	816.70997933036
10	896808	720	536.4842121341
10	938633	740	740.58103017886
10	981885	760	286.99025754546
10	1026007	780	583.17812018167
10	1071864	800	533.5156151592
10	1118414	820	433.71975894296
10	1165435	840	441.52275426487
10	1214186	860	650.4871331151
10	1263928	880	870.14579789374
10	1315358	900	797.81734370755
10	1367919	920	594.47898745648
10	1421961	940	589.3570965428
10	1476759	960	846.76371117075
10	1533092	980	841.97086015528
10	1590938	1000	650.63084158047
10	1649857	1020	646.71473058457
10	1710356	1040	729.58170313783
10	1772458	1060	782.49869417206
10	1836089	1080	732.33599649001
10	1901189	1100	801.04731550298
10	1968224	1120	684.63273302984
10	2037033	1140	732.9976752674
10	2107669	1160	599.55671016526
10	2180255	1180	652.94987483688
10	2254646	1200	545.11571927879
10	2330876	1220	543.96077474314
10	2408871	1240	895.51067652963
10	2489886	1260	834.55413719555
10	2572590	1280	843.86352350903
10	2656929	1300	750.7537674108
10	2743173	1320	493.35154476011
10	2831625	1340	643.73983118471
10	2922186	1360	749.11415356918
10	3014552	1380	895.16411621229
10	3108730	1400	914.43086055012
10	3206514	1420	560.73978950111
10	3306446	1440	967.01878512433
10	3407667	1460	700.9507818088
10	3510987	1480	914.45944740424
10	3616760	1500	651.25997049912
10	3724343	1520	856.75404996378
10	3834934	1540	957.23398004994
10	3948511	1560	696.1947027436
10	4063337	1580	763.28603209379
10	4180683	1600	605.47740128448
10	4301756	1620	804.6675767071
10	4424177	1640	967.79641730359
10	4548847	1660	854.89016540184
10	4675816	1680	925.26024861438
10	4805059	1700	930.08140269416
10	4936387	1720	841.84318780528
10	5070752	1740	651.42808831278
10	5207487	1760	1153.3416133607
10	5346370	1780	945.48991167251
10	5487847	1800	1100.1380955213
10	5631351	1820	863.52256657544
10	5777581	1840	601.15620357464
10	5927170	1860	803.14416520347
10	6079897	1880	908.8543745455
10	6234600	1900	999.34324237477
10	6391083	1920	1109.3213471756
10	6550388	1940	1344.7474153576
10	6712151	1960	1415.0692471042
10	6876535	1980	865.19768479841
10	7043268	2000	663.06569482604
11	145646	240	47.103504756087
11	171392	260	47.655482461775
11	198417	280	47.502613547926
11	225579	300	49.366210408546
11	252918	320	48.801087024615
11	280223	340	47.834105457896
11	307308	360	47.140473038363
11	334708	380	48.587258357223
11	362388	400	48.331160438805
11	390484	420	48.1152085828
11	419206	440	47.96772033027
11	448317	460	48.276804081296
11	478237	480	48.37218797149
11	508865	500	49.724272297915
11	539751	520	48.233630249716
11	571461	540	48.657912832156
11	603673	560	48.671602597075
11	636979	580	48.275877223487
11	671058	600	49.483326946179
11	705573	620	48.189638218798
11	741712	640	48.002312198502
11	778524	660	48.348059710917
11	816944	680	48.760026539182
11	856302	700	48.041763490021
11	896808	720	48.771292012191
11	938633	740	49.372068678591
11	981885	760	47.83170959091
11	1026007	780	48.598176681806
11	1071864	800	48.501419559927
11	1118414	820	48.191084326996
11	1165435	840	49.058083807208
11	1214186	860	50.037471778084
11	1263928	880	48.341433216319
11	1315358	900	49.863583981722
11	1367919	920	49.539915621373
11	1421961	940	49.113091378567
11	1476759	960	49.809630068868
11	1533092	980	49.527697656193
11	1590938	1000	50.048526275421
11	1649857	1020	49.747286968044
11	1710356	1040	48.638780209189
11	1772458	1060	48.906168385754
11	1836089	1080	48.822399766001
11	1901189	1100	50.065457218936
11	1968224	1120	48.90233807356
11	2037033	1140	48.866511684493
11	2107669	1160	49.963059180439
11	2180255	1180	50.226913448991
11	2254646	1200	49.55597447989
11	2330876	1220	49.450979522104
11	2408871	1240	49.750593140535
11	2489886	1260	49.091419835032
11	2572590	1280	49.639030794649
11	2656929	1300	50.05025116072
11	2743173	1320	49.335154476011
11	2831625	1340	49.51844855267
11	2922186	1360	49.940943571278
11	3014552	1380	49.731339789572
11	3108730	1400	50.801714475007
11	3206514	1420	50.976344500101
11	3306446	1440	50.89572553286
11	3407667	1460	50.067912986343
11	3510987	1480	50.803302633569
11	3616760	1500	50.096920807625
11	3724343	1520	50.397297056693
11	3834934	1540	50.380735792102
11	3948511	1560	49.728193053114
11	4063337	1580	50.885735472919
11	4180683	1600	50.45645010704
11	4301756	1620	50.291723544194
11	4424177	1640	50.936653542294
11	4548847	1660	50.287656788344
11	4675816	1680	51.403347145243
11	4805059	1700	51.671189038564
11	4936387	1720	49.520187517958
11	5070752	1740	50.109852947137
11	5207487	1760	50.14528753742
11	5346370	1780	49.762626930132
11	5487847	1800	50.00627706915
11	5631351	1820	50.795445092673
11	5777581	1840	50.096350297887
11	5927170	1860	50.196510325217
11	6079897	1880	50.491909696972
11	6234600	1900	49.967162118738
11	6391083	1920	50.423697598892
11	6550388	1940	49.805459828061
11	6712151	1960	50.53818739658
11	6876535	1980	50.89398145873
11	7043268	2000	51.005053448157
12	145646	240	1.6815678788615
12	171392	260	1.7215230463477
12	198417	280	1.8936568887426
12	225579	300	2.1494865325283
12	252918	320	2.3940686584391
12	280223	340	0.94886409966944
12	307308	360	2.4175788564022
12	334708	380	1.9608489428771
12	362388	400	1.5630086996221
12	390484	420	1.6893803400643
12	419206	440	2.6395941609055
12	448317	460	1.5408189349272
12	478237	480	1.5595767498807
12	508865	500	3.8969303226149
12	539751	520	2.4874215846039
12	571461	540	1.5859423247312
12	603673	560	2.3411563850087
12	636979	580	1.7343013486096
12	671058	600	2.7981454696016
12	705573	620	2.6153614389421
12	741712	640	2.1845727100628
12	778524	660	2.363790180504
12	816944	680	2.16651330597
12	856302	700	3.0603814971276
12	896808	720	2.7011320153977
12	938633	740	2.2247820182089
12	981885	760	1.4093866201729
12	1026007	780	1.9351297101365
12	1071864	800	2.5398909937069
12	1118414	820	2.4970178039173
12	1165435	840	2.6660452777941
12	1214186	860	4.4505099769647
12	1263928	880	1.6636443997641
12	1315358	900	3.2078876791687
12	1367919	920	3.9871389289223
12	1421961	940	2.4902286875392
12	1476759	960	2.8683351725914
12	1533092	980	2.2115072136595
12	1590938	1000	2.3193120848963
12	1649857	1020	2.3327859420682
12	1710356	1040	2.2012294999912
12	1772458	1060	1.9730357755928
12	1836089	1080	2.5386515057618
12	1901189	1100	2.0937777723572
12	1968224	1120	2.4106007220084
12	2037033	1140	2.3412606920171
12	2107669	1160	2.1786261724371
12	2180255	1180	2.6610185343619
12	2254646	1200	1.7724473379732
12	2330876	1220	2.3063184214833
12	2408871	1240	2.22402240451
12	2489886	1260	2.8979964580352
12	2572590	1280	2.2394630006831
12	2656929	1300	1.9023802299971
12	2743173	1320	2.0583441994609
12	2831625	1340	2.6971891272293
12	2922186	1360	1.676388031911
12	3014552	1380	1.8080028827745
12	3108730	1400	2.0932368295953
12	3206514	1420	2.9667751896904
12	3306446	1440	2.8618343793341
12	3407667	1460	2.7184315518539
12	3510987	1480	2.6377233993839
12	3616760	1500	2.260969695137
12	3724343	1520	2.5951842471009
12	3834934	1540	2.8954587917444
12	3948511	1560	2.7080064927041
12	4063337	1580	2.5635439591264
12	4180683	1600	2.8766155645473
12	4301756	1620	2.9699039722189
12	4424177	1640	2.4166546706115
12	4548847	1660	2.6788634116431
12	4675816	1680	2.9371084888782
12	4805059	1700	2.618321796342
12	4936387	1720	2.1705371841185
12	5070752	1740	3.3712257808588
12	5207487	1760	2.4591215984838
12	5346370	1780	2.347817508932
12	5487847	1800	2.6042744400042
12	5631351	1820	2.958165310428
12	5777581	1840	1.9802254908321
12	5927170	1860	2.6437654486696
12	6079897	1880	2.1337616551799
12	6234600	1900	2.4559085100828
12	6391083	1920	2.3895132621807
12	6550388	1940	2.3584328388679
12	6712151	1960	2.3846819359841
12	6876535	1980	2.4646660105615
12	7043268	2000	3.2913170391669
13	145646	240	2.8276705312187
13	171392	260	2.9636415991064
13	198417	280	3.5859364122823
13	225579	300	4.6202923535207
13	252918	320	5.7315647413204
13	280223	340	0.90034307964151
13	307308	360	5.8446875269231
13	334708	380	3.8449285767821
13	362388	400	2.4429961950944
13	390484	420	2.8540059333959
13	419206	440	6.9674573342866
13	448317	460	2.37412299023
13	478237	480	2.4322796387684
13	508865	500	15.186065939316
13	539751	520	6.1872661395533
13	571461	540	2.5152130573738
13	603673	560	5.481013219067
13	636979	580	3.007801167789
13	671058	600	7.8296180690522
13	705573	620	6.8401154563053
13	741712	640	4.7723579255509
13	778524	660	5.5875040174473
13	816944	680	4.693779904945
13	856302	700	9.3659349079611
13	896808	720	7.2961141646066
13	938633	740	4.9496550285457
13	981885	760	1.9863706451223
13	1026007	780	3.7447269950529
13	1071864	800	6.4510462599135
13	1118414	820	6.2350979130798
13	1165435	840	7.1077974232483
13	1214186	860	19.807039055062
13	1263928	880	2.7677126888663
13	1315358	900	10.290543362163
13	1367919	920	15.897276838527
13	1421961	940	6.2012389162432
13	1476759	960	8.2273466623247
13	1533092	980	4.8907641560681
13	1590938	1000	5.3792085471462
13	1649857	1020	5.4418902515112
13	1710356	1040	4.8454113116317
13	1772458	1060	3.8928701717692
13	1836089	1080	6.4447514677069
13	1901189	1100	4.3839053600169
13	1968224	1120	5.8109958409472
13	2037033	1140	5.4815016279844
13	2107669	1160	4.7464119992279
13	2180255	1180	7.0810196402176
13	2254646	1200	3.1415695658883
13	2330876	1220	5.3191046612734
13	2408871	1240	4.9462756557626
13	2489886	1260	8.3983834707847
13	2572590	1280	5.0151945314284
13	2656929	1300	3.6190505394837
13	2743173	1320	4.2367808434545
13	2831625	1340	7.274829188044
13	2922186	1360	2.8102768335346
13	3014552	1380	3.2688744241209
13	3108730	1400	4.3816404247744
13	3206514	1420	8.8017550261624
13	3306446	1440	8.1900960147383
13	3407667	1460	7.389870102115
13	3510987	1480	6.9575847316574
13	3616760	1500	5.111983962328
13	3724343	1520	6.7349812764008
13	3834934	1540	8.3836816146898
13	3948511	1560	7.3332991645276
13	4063337	1580	6.5717576303736
13	4180683	1600	8.2749171061958
13	4301756	1620	8.8203296042016
13	4424177	1640	5.8402197969884
13	4548847	1660	7.1763091782401
13	4675816	1680	8.6266062754402
13	4805059	1700	6.8556090291997
13	4936387	1720	4.711231667641
13	5070752	1740	11.365163265527
13	5207487	1760	6.0472790361293
13	5346370	1780	5.5122470552476
13	5487847	1800	6.7822453588594
13	5631351	1820	8.7507420038198
13	5777581	1840	3.9212929945412
13	5927170	1860	6.9894957475794
13	6079897	1880	4.5529388011162
13	6234600	1900	6.0314866098969
13	6391083	1920	5.7097736301372
13	6550388	1940	5.5622054554504
13	6712151	1960	5.6867079358087
13	6876535	1980	6.074578543617
13	7043268	2000	10.83276785231
14	145646	240	539.90329090918
14	171392	260	538.98843969707
14	198417	280	769.43614807358
14	225579	300	452.3113078006
14	252918	320	410.04339066572
14	280223	340	899.69813661813
14	307308	360	722.79103106119
14	334708	380	449.90137185315
14	362388	400	581.6420428834
14	390484	420	637.38481177611
14	419206	440	771.48633458413
14	448317	460	581.82017098192
14	478237	480	721.08023679062
14	508865	500	604.61174615851
14	539751	520	545.40907900907
14	571461	540	505.36666636923
14	603673	560	679.46449624429
14	636979	580	551.64175399449
14	671058	600	590.8099495265
14	705573	620	405.61875931912
14	741712	640	588.85258633614
14	778524	660	499.41115665424
14	816944	680	412.08896403053
14	856302	700	817.32747113949
14	896808	720	630.67778371771
14	938633	740	821.39532390105
14	981885	760	450.20154094902
14	1026007	780	727.15776945309
14	1071864	800	722.02587913998
14	1118414	820	496.84994133415
14	1165435	840	596.99809361526
14	1214186	860	735.63732432114
14	1263928	880	1178.2509452374
14	1315358	900	776.54838727148
14	1367919	920	549.72866987943
14	1421961	940	776.28769798446
14	1476759	960	917.67311906526
14	1533092	980	912.33353497687
14	1590938	1000	824.62874479234
14	1649857	1020	642.22122631068
14	1710356	1040	868.25226477623
14	1772458	1060	771.35027413871
14	1836089	1080	812.64152119356
14	1901189	1100	959.91332986546
14	1968224	1120	726.78458042905
14	2037033	1140	726.3057685895
14	2107669	1160	554.85039180368
14	2180255	1180	921.21437519067
14	2254646	1200	687.57200237192
14	2330876	1220	639.91634434556
14	2408871	1240	967.9548646803
14	2489886	1260	817.12565091033
14	2572590	1280	915.56379852803
14	2656929	1300	827.75992402392
14	2743173	1320	543.90268289357
14	2831625	1340	818.79675320174
14	2922186	1360	961.25547978653
14	3014552	1380	1186.7389698785
14	3108730	1400	957.88691434703
14	3206514	1420	598.64872515145
14	3306446	1440	1095.9001713505
14	3407667	1460	820.87347228661
14	3510987	1480	912.39337115378
14	3616760	1500	683.76224727509
14	3724343	1520	1006.3867420796
14	3834934	1540	959.7549505422
14	3948511	1560	1050.505283677
14	4063337	1580	734.33084427469
14	4180683	1600	734.38831815295
14	4301756	1620	862.78352515061
14	4424177	1640	1182.2989349454
14	4548847	1660	1182.4546914279
14	4675816	1680	1145.2442034272
14	4805059	1700	1050.6469702786
14	4936387	1720	1090.7513890774
14	5070752	1740	820.57894219069
14	5207487	1760	1278.2228066989
14	5346370	1780	1091.1895770951
14	5487847	1800	1088.2534590703
14	5631351	1820	913.13476821899
14	5777581	1840	680.05948737654
14	5927170	1860	915.31981422158
14	6079897	1880	1144.7858171805
14	6234600	1900	1270.0366362613
14	6391083	1920	1136.8680589513
14	6550388	1940	1360.8439072128
14	6712151	1960	1549.831608602
14	6876535	1980	1096.5648660313
14	7043268	2000	861.87155142338
15	145646	240	44.991940909098
15	171392	260	44.915703308089
15	198417	280	45.260949886681
15	225579	300	45.23113078006
15	252918	320	45.560376740635
15	280223	340	44.984906830907
15	307308	360	45.174439441325
15	334708	380	44.990137185315
15	362388	400	44.741695606415
15	390484	420	45.527486555437
15	419206	440	45.381549093184
15	448317	460	44.75539776784
15	478237	480	45.067514799414
15	508865	500	46.508595858347
15	539751	520	45.45075658409
15	571461	540	45.942424215384
15	603673	560	45.297633082953
15	636979	580	45.970146166207
15	671058	600	45.446919194346
15	705573	620	45.068751035458
15	741712	640	45.296352795088
15	778524	660	45.401014241295
15	816944	680	45.787662670058
15	856302	700	45.407081729972
15	896808	720	45.048413122693
15	938633	740	45.633073550058
15	981885	760	45.020154094902
15	1026007	780	45.447360590818
15	1071864	800	45.126617446249
15	1118414	820	45.168176484922
15	1165435	840	45.922930278097
15	1214186	860	45.977332770071
15	1263928	880	45.317344047594
15	1315358	900	45.679316898322
15	1367919	920	45.810722489953
15	1421961	940	45.66398223438
15	1476759	960	45.883655953263
15	1533092	980	45.616676748844
15	1590938	1000	45.812708044019
15	1649857	1020	45.872944736477
15	1710356	1040	45.697487619801
15	1772458	1060	45.373545537571
15	1836089	1080	45.14675117742
15	1901189	1100	45.710158565022
15	1968224	1120	45.424036276816
15	2037033	1140	45.394110536844
15	2107669	1160	46.237532650307
15	2180255	1180	46.060718759534
15	2254646	1200	45.838133491461
15	2330876	1220	45.708310310397
15	2408871	1240	46.0930887943
15	2489886	1260	45.395869495018
15	2572590	1280	45.778189926401
15	2656929	1300	45.986662445773
15	2743173	1320	45.325223574464
15	2831625	1340	45.488708511208
15	2922186	1360	45.774070466025
15	3014552	1380	45.643806533789
15	3108730	1400	45.613662587954
15	3206514	1420	46.049901934727
15	3306446	1440	45.662507139604
15	3407667	1460	45.6040817937
15	3510987	1480	45.619668557689
15	3616760	1500	45.584149818339
15	3724343	1520	45.744851912707
15	3834934	1540	45.702616692485
15	3948511	1560	45.674142768565
15	4063337	1580	45.895677767168
15	4180683	1600	45.899269884559
15	4301756	1620	45.409659218453
15	4424177	1640	45.47303595944
15	4548847	1660	45.47902659338
15	4675816	1680	45.809768137087
15	4805059	1700	45.680303055591
15	4936387	1720	45.447974544891
15	5070752	1740	45.587719010594
15	5207487	1760	45.65081452496
15	5346370	1780	45.466232378962
15	5487847	1800	45.343894127928
15	5631351	1820	45.65673841095
15	5777581	1840	45.337299158436
15	5927170	1860	45.765990711079
15	6079897	1880	45.79143268722
15	6234600	1900	45.358451295046
15	6391083	1920	45.474722358051
15	6550388	1940	45.361463573761
15	6712151	1960	45.583282605941
15	6876535	1980	45.690202751302
15	7043268	2000	45.361660601231
16	145646	240	0.53109971869673
16	171392	260	0.41012675430257
16	198417	280	1.1314825803577
16	225579	300	0.8822612592366
16	252918	320	1.1404283792796
16	280223	340	0.58423359729166
16	307308	360	0.89815243964065
16	334708	380	0.32300616237173
16	362388	400	0.3322456082472
16	390484	420	1.606447745514
16	419206	440	1.3985598958215
16	448317	460	0.47836839545471
16	478237	480	1.0654096120302
16	508865	500	1.7914330628374
16	539751	520	1.613383413473
16	571461	540	1.4051175075394
16	603673	560	1.585213450946
16	636979	580	1.6135075703809
16	671058	600	1.1514287444969
16	705573	620	0.47235747315109
16	741712	640	1.4228652651725
16	778524	660	1.1674234376089
16	816944	680	1.5581365180313
16	856302	700	1.0642419044824
16	896808	720	1.1056987688496
16	938633	740	1.4121357733124
16	981885	760	0.97987038277303
16	1026007	780	1.127522081923
16	1071864	800	1.1162909482411
16	1118414	820	0.957742958264
16	1165435	840	1.2508865072367
16	1214186	860	1.3593694662484
16	1263928	880	1.0138200002741
16	1315358	900	1.1520901473028
16	1367919	920	1.25936014525
16	1421961	940	1.1883792260328
16	1476759	960	1.2171789790766
16	1533092	980	1.1553007772212
16	1590938	1000	1.2725654075095
16	1649857	1020	1.1506560576253
16	1710356	1040	1.2563214785294
16	1772458	1060	1.0021624442251
16	1836089	1080	0.88369612398056
16	1901189	1100	1.0755781049084
16	1968224	1120	1.106324821678
16	2037033	1140	1.0584423087703
16	2107669	1160	1.1888496755097
16	2180255	1180	1.049096726724
16	2254646	1200	1.0974088254168
16	2330876	1220	1.1700902656272
16	2408871	1240	1.1316403069034
16	2489886	1260	0.85758133014015
16	2572590	1280	1.0224971983347
16	2656929	1300	1.0442692897694
16	2743173	1320	0.77865424246384
16	2831625	1340	1.2172798367081
16	2922186	1360	0.97775046470303
16	3014552	1380	1.0734498891293
16	3108730	1400	0.99431903492611
16	3206514	1420	0.81920843258217
16	3306446	1440	0.85629254628033
16	3407667	1460	0.99264610970844
16	3510987	1480	0.83640703244345
16	3616760	1500	1.0097040773172
16	3724343	1520	0.90395629963043
16	3834934	1540	1.0128120264046
16	3948511	1560	0.96458844369083
16	4063337	1580	1.1582967184689
16	4180683	1600	1.1432628870322
16	4301756	1620	0.86613145317212
16	4424177	1640	0.96108105864566
16	4548847	1660	0.94270017816764
16	4675816	1680	0.73302796550127
16	4805059	1700	0.63823151899983
16	4936387	1720	0.96796702269731
16	5070752	1740	0.8381098042432
16	5207487	1760	0.90133319810356
16	5346370	1780	0.89469253087058
16	5487847	1800	0.73379156156024
16	5631351	1820	0.87994573233637
16	5777581	1840	0.81457067424025
16	5927170	1860	0.90923409420646
16	6079897	1880	0.9266640380662
16	6234600	1900	0.769130304566
16	6391083	1920	0.90579523253506
16	6550388	1940	0.64553774647499
16	6712151	1960	0.86921510787887
16	6876535	1980	0.96461977269718
16	7043268	2000	0.79047879040764
17	145646	240	0.28206691119975
17	171392	260	0.16820395459476
17	198417	280	1.2802528296528
17	225579	300	0.77838492954976
17	252918	320	1.3005768882663
17	280223	340	0.34132889620435
17	307308	360	0.80667780483245
17	334708	380	0.10433298093011
17	362388	400	0.11038714419955
17	390484	420	2.580674359067
17	419206	440	1.9559697822002
17	448317	460	0.22883632176992
17	478237	480	1.1350976414062
17	508865	500	3.2092324186271
17	539751	520	2.6030060388698
17	571461	540	1.9743552099939
17	603673	560	2.5129016850602
17	636979	580	2.6034066796764
17	671058	600	1.3257881536537
17	705573	620	0.22312158244168
17	741712	640	2.0245455628344
17	778524	660	1.3628774826786
17	816944	680	2.4277894088229
17	856302	700	1.1326108312563
17	896808	720	1.2225697674355
17	938633	740	1.9941274422686
17	981885	760	0.96014596703576
17	1026007	780	1.2713060452239
17	1071864	800	1.2461054811251
17	1118414	820	0.91727157410428
17	1165435	840	1.5647170539867
17	1214186	860	1.8478853457683
17	1263928	880	1.0278309929558
17	1315358	900	1.3273117075121
17	1367919	920	1.5859879754441
17	1421961	940	1.4122451848662
17	1476759	960	1.4815246671059
17	1533092	980	1.334719885848
17	1590938	1000	1.6194227163898
17	1649857	1020	1.3240093629497
17	1710356	1040	1.5783436574143
17	1772458	1060	1.0043295646152
17	1836089	1080	0.78091883953827
17	1901189	1100	1.1568682597584
17	1968224	1120	1.2239546110609
17	2037033	1140	1.1203001209951
17	2107669	1160	1.4133635509596
17	2180255	1180	1.100603942023
17	2254646	1200	1.2043061301027
17	2330876	1220	1.3691112297156
17	2408871	1240	1.2806097842084
17	2489886	1260	0.73544573780495
17	2572590	1280	1.0455005206023
17	2656929	1300	1.0904983495555
17	2743173	1320	0.60630242930693
17	2831625	1340	1.4817702008561
17	2922186	1360	0.95599597122698
17	3014552	1380	1.1522946644718
17	3108730	1400	0.98867034321639
17	3206514	1420	0.67110245601374
17	3306446	1440	0.73323692481524
17	3407667	1460	0.98534629911931
17	3510987	1480	0.69957672392086
17	3616760	1500	1.019502323751
17	3724343	1520	0.81713699164155
17	3834934	1540	1.0257882008297
17	3948511	1560	0.9304308657019
17	4063337	1580	1.3416512880158
17	4180683	1600	1.3070500288652
17	4301756	1620	0.75018369417405
17	4424177	1640	0.92367680128746
17	4548847	1660	0.8886836259173
17	4675816	1680	0.53732999820693
17	4805059	1700	0.40733947184484
17	4936387	1720	0.93696015702949
17	5070752	1740	0.70242804396858
17	5207487	1760	0.81240153400359
17	5346370	1780	0.8004747247956
17	5487847	1800	0.53845005581701
17	5631351	1820	0.77430449185699
17	5777581	1840	0.66352538333221
17	5927170	1860	0.82670663806743
17	6079897	1880	0.85870623944516
17	6234600	1900	0.59156142540179
17	6391083	1920	0.82046500328324
17	6550388	1940	0.41671898212401
17	6712151	1960	0.75553490376488
17	6876535	1980	0.93049130587837
17	7043268	2000	0.62485671808433
18	145646	240	1713.0419134492
18	171392	260	1835.2657370003
18	198417	280	1891.2878876399
18	225579	300	2049.8063977051
18	252918	320	2203.5661952739
18	280223	340	2223.8618257623
18	307308	360	2107.0594747879
18	334708	380	2218.6194443515
18	362388	400	2221.2375250173
18	390484	420	2179.7110923402
18	419206	440	2182.9381669237
18	448317	460	2477.5559923645
18	478237	480	2321.7083753169
18	508865	500	2193.3552039917
18	539751	520	2360.2928089585
18	571461	540	2235.4267925708
18	603673	560	2249.0831718052
18	636979	580	2240.8273773732
18	671058	600	2287.8221760694
18	705573	620	2421.5254863373
18	741712	640	2597.0490432064
18	778524	660	2698.4084784467
18	816944	680	2627.7861746891
18	856302	700	2695.690470531
18	896808	720	2690.2036385566
18	938633	740	2698.5613131185
18	981885	760	2608.0201881675
18	1026007	780	2909.7311254354
18	1071864	800	2911.6163184737
18	1118414	820	3194.8840767587
18	1165435	840	2995.4180767597
18	1214186	860	2711.9386331665
18	1263928	880	3151.1399653328
18	1315358	900	3599.462661809
18	1367919	920	3769.1453743621
18	1421961	940	3769.8187717586
18	1476759	960	3605.1815451492
18	1533092	980	3914.9890971386
18	1590938	1000	4022.8485271206
18	1649857	1020	3848.5462810782
18	1710356	1040	3763.8608577391
18	1772458	1060	3957.1226955341
18	1836089	1080	4413.4462270843
18	1901189	1100	4041.0479458312
18	1968224	1120	4353.0186905668
18	2037033	1140	4312.0159849146
18	2107669	1160	4482.5671172913
18	2180255	1180	4167.9950968018
18	2254646	1200	4217.4864153721
18	2330876	1220	4084.5557106398
18	2408871	1240	3801.1107895181
18	2489886	1260	4052.3752583281
18	2572590	1280	4155.9530196222
18	2656929	1300	4079.3691651802
18	2743173	1320	4426.1876446919
18	2831625	1340	4587.8860475694
18	2922186	1360	4159.0133676776
18	3014552	1380	4097.1759606251
18	3108730	1400	4325.4473150513
18	3206514	1420	4458.2095061133
18	3306446	1440	4568.2248199986
18	3407667	1460	4659.1985640596
18	3510987	1480	4753.7118762273
18	3616760	1500	4798.0427373509
18	3724343	1520	4533.7369639415
18	3834934	1540	5039.2589196497
18	3948511	1560	4914.5676108698
18	4063337	1580	4878.0302478398
18	4180683	1600	4836.9922851059
18	4301756	1620	5194.4942833539
18	4424177	1640	4918.3461988672
18	4548847	1660	5135.2978575741
18	4675816	1680	5051.3910247449
18	4805059	1700	4933.3753375958
18	4936387	1720	5342.0419855786
18	5070752	1740	5387.9209468246
18	5207487	1760	5471.9487792243
18	5346370	1780	5593.2436934941
18	5487847	1800	5797.0334784644
18	5631351	1820	6050.6428948832
18	5777581	1840	5980.2609852307
18	5927170	1860	5707.7618470627
18	6079897	1880	5632.6008725576
18	6234600	1900	5507.3061146725
18	6391083	1920	5694.7064240541
18	6550388	1940	5816.9284092201
18	6712151	1960	5518.6775548994
18	6876535	1980	6130.1448000012
18	7043268	2000	6189.6368693802
19	145646	240	47.58449759581
19	171392	260	47.05809582052
19	198417	280	47.282197190997
19	225579	300	47.669916225699
19	252918	320	47.903612940737
19	280223	340	48.344822299181
19	307308	360	47.887715336088
19	334708	380	48.230857485901
19	362388	400	48.287772282986
19	390484	420	48.438024274226
19	419206	440	48.509737042748
19	448317	460	48.579529262049
19	478237	480	48.368924485768
19	508865	500	48.741226755371
19	539751	520	49.172766853302
19	571461	540	48.596234621105
19	603673	560	48.893112430548
19	636979	580	48.713638638549
19	671058	600	49.735264697161
19	705573	620	49.418887476272
19	741712	640	49.000925343517
19	778524	660	49.061972335395
19	816944	680	48.662706938687
19	856302	700	49.012554009654
19	896808	720	48.912793428302
19	938633	740	49.064751147608
19	981885	760	49.207928078632
19	1026007	780	49.317476702295
19	1071864	800	49.349429126672
19	1118414	820	49.152062719364
19	1165435	840	49.105214373111
19	1214186	860	49.307975148482
19	1263928	880	50.018094687822
19	1315358	900	49.992536969569
19	1367919	920	49.594018083712
19	1421961	940	49.602878575771
19	1476759	960	49.386048563687
19	1533092	980	49.556824014413
19	1590938	1000	49.664796631118
19	1649857	1020	49.3403369369
19	1710356	1040	49.524484970252
19	1772458	1060	49.464033694176
19	1836089	1080	49.589283450385
19	1901189	1100	49.281072510136
19	1968224	1120	49.466121483714
19	2037033	1140	49.563402125456
19	2107669	1160	49.806301303236
19	2180255	1180	49.61898924764
19	2254646	1200	49.617487239672
19	2330876	1220	49.811655007802
19	2408871	1240	49.365075188547
19	2489886	1260	50.02932417689
19	2572590	1280	50.071723127978
19	2656929	1300	49.748404453417
19	2743173	1320	50.297586871499
19	2831625	1340	49.868326604015
19	2922186	1360	50.108594791296
19	3014552	1380	49.965560495427
19	3108730	1400	50.295899012224
19	3206514	1420	50.661471660378
19	3306446	1440	50.758053555539
19	3407667	1460	50.643462652821
19	3510987	1480	51.11518146481
19	3616760	1500	51.043007844159
19	3724343	1520	50.940864763388
19	3834934	1540	50.901605248987
19	3948511	1560	50.665645472885
19	4063337	1580	50.812815081665
19	4180683	1600	50.915708264273
19	4301756	1620	50.926414542686
19	4424177	1640	51.232772904866
19	4548847	1660	50.844533243308
19	4675816	1680	51.0241517651
19	4805059	1700	50.859539562843
19	4936387	1720	50.876590338844
19	5070752	1740	50.829442894572
19	5207487	1760	50.666192400225
19	5346370	1780	50.847669940855
19	5487847	1800	50.851170863723
19	5631351	1820	50.845738612464
19	5777581	1840	50.680177840938
19	5927170	1860	50.511166788165
19	6079897	1880	50.744152005024
19	6234600	1900	50.525744171307
19	6391083	1920	50.845593071912
19	6550388	1940	50.581986167131
19	6712151	1960	50.630069311004
19	6876535	1980	50.662353719018
19	7043268	2000	50.734728437543
20	145646	240	1.9152065637038
20	171392	260	1.6275443737807
20	198417	280	1.5194016584457
20	225579	300	2.2870489469056
20	252918	320	2.6939895607504
20	280223	340	2.5512388349908
20	307308	360	1.8945704898505
20	334708	380	1.7099000483941
20	362388	400	2.1751237214984
20	390484	420	2.0960418241828
20	419206	440	2.3705967107037
20	448317	460	3.140583821623
20	478237	480	2.531919006779
20	508865	500	2.4868296719556
20	539751	520	3.3272165608191
20	571461	540	2.6235110497043
20	603673	560	2.649715665622
20	636979	580	2.9492947901716
20	671058	600	3.5537125306751
20	705573	620	3.1496435071841
20	741712	640	2.9044836174398
20	778524	660	2.6242522635122
20	816944	680	2.7768659212479
20	856302	700	2.5479969040194
20	896808	720	2.65045663735
20	938633	740	2.582654357022
20	981885	760	2.3094573427497
20	1026007	780	2.1713824496192
20	1071864	800	2.2658943811744
20	1118414	820	2.2189150008922
20	1165435	840	2.6714015132479
20	1214186	860	3.3762518030081
20	1263928	880	4.0605040738054
20	1315358	900	3.969905537481
20	1367919	920	3.4963160004171
20	1421961	940	3.9867706256513
20	1476759	960	3.3814499894832
20	1533092	980	3.4412912872681
20	1590938	1000	2.9191534755866
20	1649857	1020	2.7048266469137
20	1710356	1040	2.6714512189685
20	1772458	1060	2.2730523559806
20	1836089	1080	2.4242308373135
20	1901189	1100	2.4103550477326
20	1968224	1120	2.5390199763977
20	2037033	1140	2.6238362814478
20	2107669	1160	2.518341605828
20	2180255	1180	2.8832261750374
20	2254646	1200	2.5292382539894
20	2330876	1220	2.2842179247061
20	2408871	1240	2.6466803215558
20	2489886	1260	2.231990364791
20	2572590	1280	2.1450642030267
20	2656929	1300	2.3120310935096
20	2743173	1320	2.6258070477443
20	2831625	1340	2.5439741878051
20	2922186	1360	2.5335931435445
20	3014552	1380	2.2394454283702
20	3108730	1400	2.2764306943563
20	3206514	1420	2.7142654880706
20	3306446	1440	2.8166859312913
20	3407667	1460	2.6706773645895
20	3510987	1480	2.7414574688324
20	3616760	1500	2.8426164675154
20	3724343	1520	2.7259323142225
20	3834934	1540	2.9745250355022
20	3948511	1560	2.6832255750782
20	4063337	1580	2.5321995995384
20	4180683	1600	2.5431802863035
20	4301756	1620	2.643171735543
20	4424177	1640	2.6835764890276
20	4548847	1660	2.5809037244274
20	4675816	1680	2.7035769755306
20	4805059	1700	2.6973597400779
20	4936387	1720	2.6590730556798
20	5070752	1740	2.6347962951921
20	5207487	1760	2.7957269210842
20	5346370	1780	2.5222502626188
20	5487847	1800	2.6483977116784
20	5631351	1820	2.6662135720919
20	5777581	1840	2.7815819832241
20	5927170	1860	2.5925577395044
20	6079897	1880	2.6188397208447
20	6234600	1900	2.4827091751852
20	6391083	1920	2.6454546314343
20	6550388	1940	2.5741138431004
20	6712151	1960	2.6738134999029
20	6876535	1980	2.510379594818
20	7043268	2000	2.7149076490903
21	145646	240	3.6680161816541
21	171392	260	2.6489006886254
21	198417	280	2.3085813996874
21	225579	300	5.2305928855419
21	252918	320	7.2575797534321
21	280223	340	6.5088195931653
21	307308	360	3.5893973410124
21	334708	380	2.9237581754983
21	362388	400	4.7311632038249
21	390484	420	4.3933913287234
21	419206	440	5.6197287647991
21	448317	460	9.8632667406399
21	478237	480	6.4106138568887
21	508865	500	6.1843218173188
21	539751	520	11.070370042589
21	571461	540	6.8828102279203
21	603673	560	7.0209931086427
21	636979	580	8.6983397593332
21	671058	600	12.628872750677
21	705573	620	9.9202542223468
21	741712	640	8.436025083976
21	778524	660	6.886699942549
21	816944	680	7.7109843445878
21	856302	700	6.4922882228925
21	896808	720	7.0249203864726
21	938633	740	6.6701035278449
21	981885	760	5.3335932179803
21	1026007	780	4.7149017425141
21	1071864	800	5.1342773466379
21	1118414	820	4.9235837811845
21	1165435	840	7.1363860449832
21	1214186	860	11.399076237315
21	1263928	880	16.48769333339
21	1315358	900	15.760149976522
21	1367919	920	12.224225574773
21	1421961	940	15.894340021556
21	1476759	960	11.434204031376
21	1533092	980	11.842485723828
21	1590938	1000	8.5214570140291
21	1649857	1020	7.3160871898545
21	1710356	1040	7.1366516153281
21	1772458	1060	5.166767013029
21	1836089	1080	5.8768951525816
21	1901189	1100	5.80981145613
21	1968224	1120	6.4466224405464
21	2037033	1140	6.8845168318417
21	2107669	1160	6.3420444436441
21	2180255	1180	8.3129931764206
21	2254646	1200	6.3970461454432
21	2330876	1220	5.2176515275486
21	2408871	1240	7.0049167245108
21	2489886	1260	4.98178098852
21	2572590	1280	4.6013004351066
21	2656929	1300	5.3454877773551
21	2743173	1320	6.8948626519837
21	2831625	1340	6.4718046682186
21	2922186	1360	6.4190942170159
21	3014552	1380	5.0151158266484
21	3108730	1400	5.1821367062074
21	3206514	1420	7.3672371397309
21	3306446	1440	7.9337196355344
21	3407667	1460	7.1325175857307
21	3510987	1480	7.5155890534172
21	3616760	1500	8.0804683813896
21	3724343	1520	7.4307069817226
21	3834934	1540	8.8477991868296
21	3948511	1560	7.1996994867537
21	4063337	1580	6.4120348119023
21	4180683	1600	6.4677659686426
21	4301756	1620	6.9863568235732
21	4424177	1640	7.2015827724616
21	4548847	1660	6.6610640347631
21	4675816	1680	7.3093284626194
21	4805059	1700	7.2757495673929
21	4936387	1720	7.0706695154424
21	5070752	1740	6.9421515171578
21	5207487	1760	7.816089017275
21	5346370	1780	6.3617463872807
21	5487847	1800	7.0140104392234
21	5631351	1820	7.1086948120071
21	5777581	1840	7.7371983293967
21	5927170	1860	6.7213556326639
21	6079897	1880	6.8583214834742
21	6234600	1900	6.1638448485487
21	6391083	1920	6.9984302069774
21	6550388	1940	6.6260620772409
21	6712151	1960	7.1492786322631
21	6876535	1980	6.3020057100785
21	7043268	2000	7.3707235430888
22	145646	240	3003.5760209134
22	171392	260	3277.5052997791
22	198417	280	3377.7069007083
22	225579	300	3734.1857673502
22	252918	320	3783.2224581555
22	280223	340	3386.105799252
22	307308	360	3512.5039366012
22	334708	380	3787.0176953466
22	362388	400	3656.1780170909
22	390484	420	3705.7173589261
22	419206	440	3714.3148395901
22	448317	460	3906.5491311335
22	478237	480	3811.2200577431
22	508865	500	3929.3073692552
22	539751	520	4137.5024409879
22	571461	540	4166.2069198694
22	603673	560	4146.2577498195
22	636979	580	4358.3576177734
22	671058	600	4325.8874961754
22	705573	620	4556.4198976329
22	741712	640	4411.9704256519
22	778524	660	4547.9434515899
22	816944	680	4680.773506108
22	856302	700	4418.7491785864
22	896808	720	4646.7695910022
22	938633	740	4459.6043099992
22	981885	760	4873.611501632
22	1026007	780	4738.2207503766
22	1071864	800	4787.8680627549
22	1118414	820	5062.776286363
22	1165435	840	4916.2555194869
22	1214186	860	4870.1857203254
22	1263928	880	4519.8742313804
22	1315358	900	4970.1111971675
22	1367919	920	5340.1497262083
22	1421961	940	5162.1964110853
22	1476759	960	4973.5573042413
22	1533092	980	5109.6843690818
22	1590938	1000	5299.1211363535
22	1649857	1020	5472.4580386678
22	1710356	1040	5293.4342119456
22	1772458	1060	5396.6925328908
22	1836089	1080	5492.7546383606
22	1901189	1100	5383.9519759394
22	1968224	1120	5625.2289640117
22	2037033	1140	5760.5360123147
22	2107669	1160	5933.9459638201
22	2180255	1180	5655.5555859885
22	2254646	1200	5985.321900852
22	2330876	1220	5979.8365430442
22	2408871	1240	5787.8278511661
22	2489886	1260	5987.1648533318
22	2572590	1280	5882.9632161936
22	2656929	1300	6064.6076662765
22	2743173	1320	6349.3845760099
22	2831625	1340	6254.6191714561
22	2922186	1360	6070.13253503
22	3014552	1380	5977.1479237973
22	3108730	1400	6252.3550364316
22	3206514	1420	6652.0044838464
22	3306446	1440	6197.8839979539
22	3407667	1460	6573.1153233242
22	3510987	1480	6435.7038705868
22	3616760	1500	6792.608228411
22	3724343	1520	6474.2205803577
22	3834934	1540	6658.7367852119
22	3948511	1560	6652.0477752259
22	4063337	1580	6924.3153119103
22	4180683	1600	7017.0695143842
22	4301756	1620	6886.0350573654
22	4424177	1640	6667.6358756249
22	4548847	1660	6800.3769754833
22	4675816	1680	6792.3976696609
22	4805059	1700	6970.0981577587
22	4936387	1720	7028.3845800973
22	5070752	1740	7342.9851431121
22	5207487	1760	7026.331539086
22	5346370	1780	7164.2873736102
22	5487847	1800	7211.3014838898
22	5631351	1820	7472.1628630253
22	5777581	1840	7702.964326753
22	5927170	1860	7515.6116649763
22	6079897	1880	7377.3307191828
22	6234600	1900	7387.2270865719
22	6391083	1920	7522.5645008623
22	6550388	1940	7349.0301760303
22	6712151	1960	7190.6007119158
22	6876535	1980	7743.2236131253
22	7043268	2000	8020.0450568516
23	145646	240	44.829492849453
23	171392	260	44.897332873686
23	198417	280	45.036092009444
23	225579	300	44.990189968075
23	252918	320	45.03836259709
23	280223	340	45.14807732336
23	307308	360	45.032101751298
23	334708	380	45.083543992221
23	362388	400	45.138000210999
23	390484	420	45.191675108855
23	419206	440	45.296522434026
23	448317	460	45.424989896902
23	478237	480	45.371667354085
23	508865	500	45.164452520175
23	539751	520	45.467059791076
23	571461	540	45.284857824667
23	603673	560	45.563271976039
23	636979	580	45.399558518473
23	671058	600	45.535657854478
23	705573	620	45.564198976329
23	741712	640	45.484231192288
23	778524	660	45.479434515899
23	816944	680	45.444402971923
23	856302	700	45.554115243158
23	896808	720	45.556564617669
23	938633	740	45.506166428563
23	981885	760	45.54777104329
23	1026007	780	45.559814907467
23	1071864	800	45.598743454808
23	1118414	820	45.610597174441
23	1165435	840	45.520884439693
23	1214186	860	45.515754395564
23	1263928	880	45.655295266468
23	1315358	900	45.597350432729
23	1367919	920	45.642305352208
23	1421961	940	45.683154080401
23	1476759	960	45.628966093957
23	1533092	980	45.622181866802
23	1590938	1000	45.682078761668
23	1649857	1020	45.603816988899
23	1710356	1040	45.633053551255
23	1772458	1060	45.734682482125
23	1836089	1080	45.772955319672
23	1901189	1100	45.626711660504
23	1968224	1120	45.733568813103
23	2037033	1140	45.718539780275
23	2107669	1160	45.645738183232
23	2180255	1180	45.609319241843
23	2254646	1200	45.689480159175
23	2330876	1220	45.647607198811
23	2408871	1240	45.573447646977
23	2489886	1260	45.703548498716
23	2572590	1280	45.604366017005
23	2656929	1300	45.598553881778
23	2743173	1320	45.67902572669
23	2831625	1340	45.654154536176
23	2922186	1360	45.640094248346
23	3014552	1380	45.627083387766
23	3108730	1400	45.637628003151
23	3206514	1420	45.561674546893
23	3306446	1440	45.572676455543
23	3407667	1460	45.646634189752
23	3510987	1480	45.643289862318
23	3616760	1500	45.587974687322
23	3724343	1520	45.593102678575
23	3834934	1540	45.607786200082
23	3948511	1560	45.561971063191
23	4063337	1580	45.55470599941
23	4180683	1600	45.56538645704
23	4301756	1620	45.602881174605
23	4424177	1640	45.668738874143
23	4548847	1660	45.640113929418
23	4675816	1680	45.586561541348
23	4805059	1700	45.556197109534
23	4936387	1720	45.638860909723
23	5070752	1740	45.608603373367
23	5207487	1760	45.625529474584
23	5346370	1780	45.632403653568
23	5487847	1800	45.641148632214
23	5631351	1820	45.561968676983
23	5777581	1840	45.579670572503
23	5927170	1860	45.549161605917
23	6079897	1880	45.539078513474
23	6234600	1900	45.600167201061
23	6391083	1920	45.591300005226
23	6550388	1940	45.646150161679
23	6712151	1960	45.510131088075
23	6876535	1980	45.548374194855
23	7043268	2000	45.56843782302
24	145646	240	0.52534031987142
24	171392	260	0.44245969823978
24	198417	280	1.0089880303088
24	225579	300	0.57421239966399
24	252918	320	0.77535866336815
24	280223	340	0.96948907392422
24	307308	360	0.71737262022939
24	334708	380	0.85996484201833
24	362388	400	1.012586429188
24	390484	420	1.1938802636787
24	419206	440	1.396694979521
24	448317	460	1.4919132357555
24	478237	480	1.387290500711
24	508865	500	1.1622599527713
24	539751	520	1.4710916713678
24	571461	540	1.2610106162509
24	603673	560	1.5136288238201
24	636979	580	1.3167258268054
24	671058	600	1.4231790955149
24	705573	620	1.4183863186413
24	741712	640	1.2700959407337
24	778524	660	1.2692400088735
24	816944	680	1.2263773989188
24	856302	700	1.2866623679281
24	896808	720	1.2421175879934
24	938633	740	1.2026063653769
24	981885	760	1.1844016672489
24	1026007	780	1.1858057553898
24	1071864	800	1.1910156889411
24	1118414	820	1.2131426876414
24	1165435	840	1.1804213351449
24	1214186	860	1.1872389408196
24	1263928	880	1.2019154933273
24	1315358	900	1.1700980539092
24	1367919	920	1.178199054675
24	1421961	940	1.2213569289189
24	1476759	960	1.2509100270391
24	1533092	980	1.2039610556663
24	1590938	1000	1.2054134169795
24	1649857	1020	1.1924317706782
24	1710356	1040	1.2060426046329
24	1772458	1060	1.1970498856223
24	1836089	1080	1.205781436835
24	1901189	1100	1.1200154359127
24	1968224	1120	1.1277514950247
24	2037033	1140	1.1325993181426
24	2107669	1160	1.0584742756489
24	2180255	1180	1.0736038265111
24	2254646	1200	1.0541291054197
24	2330876	1220	0.99877160411905
24	2408871	1240	1.0271408494864
24	2489886	1260	1.0183584697002
24	2572590	1280	0.97775661411865
24	2656929	1300	1.0151824644444
24	2743173	1320	1.035154291469
24	2831625	1340	1.0254752013127
24	2922186	1360	1.0166112163736
24	3014552	1380	0.99886952856317
24	3108730	1400	0.99855290790698
24	3206514	1420	0.94453922640403
24	3306446	1440	0.92155247423929
24	3407667	1460	0.98389532540229
24	3510987	1480	1.0061010627798
24	3616760	1500	0.9531635149072
24	3724343	1520	0.91281276346739
24	3834934	1540	0.93514501200796
24	3948511	1560	0.88167162549612
24	4063337	1580	0.8477289905937
24	4180683	1600	0.86555068421797
24	4301756	1620	0.90912274921861
24	4424177	1640	0.94115589348963
24	4548847	1660	0.9281352561843
24	4675816	1680	0.90533709914052
24	4805059	1700	0.89944561119811
24	4936387	1720	0.86966711433221
24	5070752	1740	0.89590915217976
24	5207487	1760	0.87832121024525
24	5346370	1780	0.87299615760184
24	5487847	1800	0.86476649175736
24	5631351	1820	0.81966874399049
24	5777581	1840	0.84118827814187
24	5927170	1860	0.8141395582748
24	6079897	1880	0.8088720871785
24	6234600	1900	0.84288145300201
24	6391083	1920	0.87548937765503
24	6550388	1940	0.93309831452438
24	6712151	1960	0.85270987456782
24	6876535	1980	0.85791168179414
24	7043268	2000	0.85787439934521
25	145646	240	0.27598245168261
25	171392	260	0.19577058456644
25	198417	280	1.0180568453064
25	225579	300	0.32971987992788
25	252918	320	0.60118105686004
25	280223	340	0.93990906445844
25	307308	360	0.51462347625478
25	334708	380	0.73953952950761
25	362388	400	1.0253312765757
25	390484	420	1.4253500840015
25	419206	440	1.9507568658192
25	448317	460	2.2258051030225
25	478237	480	1.924574933363
25	508865	500	1.3508481978159
25	539751	520	2.1641107055677
25	571461	540	1.5901477742974
25	603673	560	2.2910722162991
25	636979	580	1.7337669029763
25	671058	600	2.0254387379107
25	705573	620	2.0118197489088
25	741712	640	1.6131436986682
25	778524	660	1.6109702001252
25	816944	680	1.5040015245789
25	856302	700	1.6555000490424
25	896808	720	1.5428561024025
25	938633	740	1.4462620700451
25	981885	760	1.402807309382
25	1026007	780	1.4061352895155
25	1071864	800	1.4185183713037
25	1118414	820	1.4717151805779
25	1165435	840	1.3933945284653
25	1214186	860	1.4095363025983
25	1263928	880	1.4446008531003
25	1315358	900	1.3691294557622
25	1367919	920	1.3881530124371
25	1421961	940	1.4917127478183
25	1476759	960	1.5647758957469
25	1533092	980	1.4495222235611
25	1590938	1000	1.4530215058342
25	1649857	1020	1.4218935277226
25	1710356	1040	1.4545387641897
25	1772458	1060	1.4329284286684
25	1836089	1080	1.4539088734159
25	1901189	1100	1.2544345766828
25	1968224	1120	1.2718234345304
25	2037033	1140	1.2827812154572
25	2107669	1160	1.1203677922104
25	2180255	1180	1.1526251762992
25	2254646	1200	1.1111881708929
25	2330876	1220	0.99754471719454
25	2408871	1240	1.0550183246837
25	2489886	1260	1.0370539728101
25	2572590	1280	0.95600799645278
25	2656929	1300	1.0305954361153
25	2743173	1320	1.0715444071466
25	2831625	1340	1.0515993885073
25	2922186	1360	1.0334983652567
25	3014552	1380	0.99774033509202
25	3108730	1400	0.99710790988948
25	3206514	1420	0.89215435021592
25	3306446	1440	0.84925896277656
25	3407667	1460	0.96805001134847
25	3510987	1480	1.0122393485266
25	3616760	1500	0.90852068615025
25	3724343	1520	0.83322714114897
25	3834934	1540	0.87449619348338
25	3948511	1560	0.77734485520498
25	4063337	1580	0.71864444149301
25	4180683	1600	0.7491779869502
25	4301756	1620	0.82650417314681
25	4424177	1640	0.88577441585026
25	4548847	1660	0.8614350537723
25	4675816	1680	0.81963526308018
25	4805059	1700	0.80900240750354
25	4936387	1720	0.75632088975091
25	5070752	1740	0.80265320895947
25	5207487	1760	0.77144814836668
25	5346370	1780	0.76212229118758
25	5487847	1800	0.74782108526634
25	5631351	1820	0.67185684987495
25	5777581	1840	0.70759771928328
25	5927170	1860	0.66282322034788
25	6079897	1880	0.65427405341651
25	6234600	1900	0.71044914381478
25	6391083	1920	0.76648165038679
25	6550388	1940	0.87067246456825
25	6712151	1960	0.72711413018547
25	6876535	1980	0.73601245375886
25	7043268	2000	0.7359484850519
