version 2
run statisticRVV-148-20150325-16:15:33-24168
attr c 16
attr configname statisticRVV
attr datetime 20150325-16:15:33
attr experiment statisticRVV
attr inifile omnetpp.ini
attr iterationvars "$sc=\"erlangen-medium.launchd.xml\", $p=1/15, $c=16"
attr iterationvars2 "$sc=\"erlangen-medium.launchd.xml\", $p=1/15, $c=16, $repetition=8"
attr measurement "$sc=\"erlangen-medium.launchd.xml\", $p=1/15, $c=16"
attr network RSUExampleScenario
attr p 1/15
attr processid 24168
attr repetition 8
attr replication #8
attr resultdir results
attr runnumber 148
attr sc "\"erlangen-medium.launchd.xml\""
attr seedset 148

vector 0  RSUExampleScenario.rsu[0].appl  Number_CH  ETV
vector 1  RSUExampleScenario.rsu[0].appl  Number_ON  ETV
vector 2  RSUExampleScenario.rsu[0].appl  Number_FN  ETV
vector 3  RSUExampleScenario.rsu[0].appl  Number_CH_Losts  ETV
vector 4  RSUExampleScenario.rsu[0].appl  Mean_Cluster_Size  ETV
vector 5  RSUExampleScenario.rsu[0].appl  StdDev_Cluster_Size  ETV
vector 6  RSUExampleScenario.rsu[0].appl  Variance_Cluster_Size  ETV
vector 7  RSUExampleScenario.rsu[0].appl  Mean_Neighbors  ETV
vector 8  RSUExampleScenario.rsu[0].appl  StdDev_Neighbors  ETV
vector 9  RSUExampleScenario.rsu[0].appl  Variance_Neighbors  ETV
vector 10  RSUExampleScenario.rsu[0].appl  Total_CH_Utility  ETV
vector 11  RSUExampleScenario.rsu[0].appl  Mean_CH_Utility  ETV
vector 12  RSUExampleScenario.rsu[0].appl  StdDev_CH_Utility  ETV
vector 13  RSUExampleScenario.rsu[0].appl  Variance_CH_Utility  ETV
vector 14  RSUExampleScenario.rsu[0].appl  Total_exp_CH_Utility  ETV
vector 15  RSUExampleScenario.rsu[0].appl  Mean_exp_CH_Utility  ETV
vector 16  RSUExampleScenario.rsu[0].appl  StdDev_exp_CH_Utility  ETV
vector 17  RSUExampleScenario.rsu[0].appl  Variance_exp_CH_Utility  ETV
vector 18  RSUExampleScenario.rsu[0].appl  Total_ON_Utility  ETV
vector 19  RSUExampleScenario.rsu[0].appl  Mean_ON_Utility  ETV
vector 20  RSUExampleScenario.rsu[0].appl  StdDev_ON_Utility  ETV
vector 21  RSUExampleScenario.rsu[0].appl  Variance_ON_Utility  ETV
vector 22  RSUExampleScenario.rsu[0].appl  Total_exp_ON_Utility  ETV
vector 23  RSUExampleScenario.rsu[0].appl  Mean_exp_ON_Utility  ETV
vector 24  RSUExampleScenario.rsu[0].appl  StdDev_exp_ON_Utility  ETV
vector 25  RSUExampleScenario.rsu[0].appl  Variance_exp_ON_Utility  ETV
0	145345	240	4
0	171272	260	6
0	198398	280	4
0	225819	300	4
0	253166	320	5
0	280735	340	1
0	308279	360	4
0	336499	380	8
0	364993	400	8
0	393948	420	10
0	423612	440	4
0	453683	460	4
0	484232	480	4
0	516017	500	4
0	548010	520	6
0	580956	540	7
0	614630	560	5
0	649179	580	4
0	684580	600	1
0	721109	620	4
0	758496	640	6
0	797079	660	10
0	837173	680	9
0	878874	700	6
0	921519	720	7
0	965405	740	7
0	1010380	760	7
0	1056368	780	6
0	1103538	800	5
0	1151489	820	4
0	1201268	840	8
0	1251076	860	5
0	1303168	880	5
0	1356593	900	6
0	1411001	920	8
0	1466748	940	11
0	1524206	960	12
0	1582414	980	6
0	1642278	1000	8
0	1703901	1020	6
0	1766434	1040	9
0	1831171	1060	10
0	1897432	1080	8
0	1965893	1100	7
0	2035987	1120	5
0	2107688	1140	11
0	2181160	1160	7
0	2257146	1180	13
0	2334459	1200	6
0	2414268	1220	9
0	2495760	1240	5
0	2579779	1260	6
0	2665889	1280	6
0	2753885	1300	10
0	2843237	1320	6
0	2934894	1340	7
0	3028591	1360	3
0	3124440	1380	10
0	3222866	1400	9
0	3323602	1420	10
0	3426568	1440	16
0	3532820	1460	9
0	3640083	1480	13
0	3750298	1500	11
0	3862847	1520	12
0	3977374	1540	10
0	4093937	1560	10
0	4213157	1580	9
0	4334276	1600	13
0	4458388	1620	10
0	4584364	1640	5
0	4712757	1660	14
0	4844051	1680	10
0	4977212	1700	9
0	5112657	1720	10
0	5250642	1740	12
0	5391783	1760	11
0	5534167	1780	12
0	5679664	1800	7
0	5828290	1820	8
0	5978628	1840	7
0	6132732	1860	10
0	6288395	1880	10
0	6447481	1900	15
0	6608196	1920	11
0	6771710	1940	13
0	6938513	1960	10
0	7107886	1980	6
0	7279134	2000	11
1	145345	240	6
1	171272	260	6
1	198398	280	5
1	225819	300	6
1	253166	320	7
1	280735	340	1
1	308279	360	6
1	336499	380	9
1	364993	400	10
1	393948	420	15
1	423612	440	5
1	453683	460	4
1	484232	480	5
1	516017	500	5
1	548010	520	9
1	580956	540	10
1	614630	560	7
1	649179	580	5
1	684580	600	2
1	721109	620	6
1	758496	640	9
1	797079	660	11
1	837173	680	12
1	878874	700	7
1	921519	720	8
1	965405	740	9
1	1010380	760	10
1	1056368	780	7
1	1103538	800	5
1	1151489	820	5
1	1201268	840	11
1	1251076	860	8
1	1303168	880	7
1	1356593	900	11
1	1411001	920	12
1	1466748	940	14
1	1524206	960	17
1	1582414	980	7
1	1642278	1000	10
1	1703901	1020	10
1	1766434	1040	10
1	1831171	1060	13
1	1897432	1080	10
1	1965893	1100	10
1	2035987	1120	8
1	2107688	1140	15
1	2181160	1160	8
1	2257146	1180	18
1	2334459	1200	9
1	2414268	1220	14
1	2495760	1240	5
1	2579779	1260	11
1	2665889	1280	8
1	2753885	1300	14
1	2843237	1320	8
1	2934894	1340	10
1	3028591	1360	5
1	3124440	1380	14
1	3222866	1400	13
1	3323602	1420	15
1	3426568	1440	24
1	3532820	1460	13
1	3640083	1480	17
1	3750298	1500	18
1	3862847	1520	17
1	3977374	1540	16
1	4093937	1560	17
1	4213157	1580	14
1	4334276	1600	19
1	4458388	1620	14
1	4584364	1640	5
1	4712757	1660	20
1	4844051	1680	15
1	4977212	1700	15
1	5112657	1720	15
1	5250642	1740	17
1	5391783	1760	16
1	5534167	1780	19
1	5679664	1800	10
1	5828290	1820	10
1	5978628	1840	9
1	6132732	1860	16
1	6288395	1880	16
1	6447481	1900	25
1	6608196	1920	13
1	6771710	1940	20
1	6938513	1960	13
1	7107886	1980	11
1	7279134	2000	20
2	145345	240	70
2	171272	260	74
2	198398	280	84
2	225819	300	85
2	253166	320	82
2	280735	340	93
2	308279	360	84
2	336499	380	81
2	364993	400	80
2	393948	420	75
2	423612	440	90
2	453683	460	93
2	484232	480	92
2	516017	500	95
2	548010	520	89
2	580956	540	89
2	614630	560	95
2	649179	580	100
2	684580	600	107
2	721109	620	101
2	758496	640	96
2	797079	660	91
2	837173	680	92
2	878874	700	103
2	921519	720	103
2	965405	740	103
2	1010380	760	103
2	1056368	780	109
2	1103538	800	112
2	1151489	820	114
2	1201268	840	107
2	1251076	860	112
2	1303168	880	115
2	1356593	900	111
2	1411001	920	110
2	1466748	940	107
2	1524206	960	104
2	1582414	980	121
2	1642278	1000	117
2	1703901	1020	120
2	1766434	1040	119
2	1831171	1060	115
2	1897432	1080	121
2	1965893	1100	123
2	2035987	1120	129
2	2107688	1140	119
2	2181160	1160	130
2	2257146	1180	115
2	2334459	1200	131
2	2414268	1220	124
2	2495760	1240	140
2	2579779	1260	136
2	2665889	1280	139
2	2753885	1300	129
2	2843237	1320	140
2	2934894	1340	137
2	3028591	1360	150
2	3124440	1380	134
2	3222866	1400	138
2	3323602	1420	137
2	3426568	1440	123
2	3532820	1460	142
2	3640083	1480	136
2	3750298	1500	138
2	3862847	1520	138
2	3977374	1540	143
2	4093937	1560	144
2	4213157	1580	146
2	4334276	1600	140
2	4458388	1620	150
2	4584364	1640	165
2	4712757	1660	142
2	4844051	1680	151
2	4977212	1700	153
2	5112657	1720	154
2	5250642	1740	153
2	5391783	1760	156
2	5534167	1780	152
2	5679664	1800	167
2	5828290	1820	168
2	5978628	1840	170
2	6132732	1860	163
2	6288395	1880	164
2	6447481	1900	152
2	6608196	1920	167
2	6771710	1940	160
2	6938513	1960	172
2	7107886	1980	179
2	7279134	2000	167
3	145345	240	1
3	171272	260	1
3	198398	280	3
3	225819	300	2
3	253166	320	4
3	280735	340	0
3	308279	360	0
3	336499	380	1
3	364993	400	3
3	393948	420	2
3	423612	440	1
3	453683	460	1
3	484232	480	2
3	516017	500	4
3	548010	520	2
3	580956	540	0
3	614630	560	0
3	649179	580	3
3	684580	600	0
3	721109	620	0
3	758496	640	3
3	797079	660	0
3	837173	680	1
3	878874	700	4
3	921519	720	4
3	965405	740	1
3	1010380	760	2
3	1056368	780	4
3	1103538	800	3
3	1151489	820	0
3	1201268	840	2
3	1251076	860	2
3	1303168	880	1
3	1356593	900	1
3	1411001	920	0
3	1466748	940	3
3	1524206	960	0
3	1582414	980	3
3	1642278	1000	2
3	1703901	1020	3
3	1766434	1040	0
3	1831171	1060	4
3	1897432	1080	0
3	1965893	1100	2
3	2035987	1120	1
3	2107688	1140	4
3	2181160	1160	1
3	2257146	1180	0
3	2334459	1200	0
3	2414268	1220	2
3	2495760	1240	1
3	2579779	1260	0
3	2665889	1280	1
3	2753885	1300	4
3	2843237	1320	1
3	2934894	1340	2
3	3028591	1360	2
3	3124440	1380	1
3	3222866	1400	3
3	3323602	1420	0
3	3426568	1440	1
3	3532820	1460	0
3	3640083	1480	4
3	3750298	1500	0
3	3862847	1520	4
3	3977374	1540	1
3	4093937	1560	3
3	4213157	1580	3
3	4334276	1600	3
3	4458388	1620	0
3	4584364	1640	3
3	4712757	1660	4
3	4844051	1680	2
3	4977212	1700	3
3	5112657	1720	0
3	5250642	1740	2
3	5391783	1760	3
3	5534167	1780	2
3	5679664	1800	4
3	5828290	1820	1
3	5978628	1840	2
3	6132732	1860	1
3	6288395	1880	5
3	6447481	1900	4
3	6608196	1920	1
3	6771710	1940	3
3	6938513	1960	0
3	7107886	1980	1
3	7279134	2000	3
4	145345	240	1.5
4	171272	260	1
4	198398	280	1.25
4	225819	300	1.5
4	253166	320	1.4
4	280735	340	1
4	308279	360	1.5
4	336499	380	1.125
4	364993	400	1.25
4	393948	420	1.5
4	423612	440	1.25
4	453683	460	1
4	484232	480	1.25
4	516017	500	1.25
4	548010	520	1.5
4	580956	540	1.4285714285714
4	614630	560	1.4
4	649179	580	1.25
4	684580	600	2
4	721109	620	1.5
4	758496	640	1.5
4	797079	660	1.1
4	837173	680	1.3333333333333
4	878874	700	1.1666666666667
4	921519	720	1.1428571428571
4	965405	740	1.2857142857143
4	1010380	760	1.4285714285714
4	1056368	780	1.1666666666667
4	1103538	800	1
4	1151489	820	1.25
4	1201268	840	1.375
4	1251076	860	1.6
4	1303168	880	1.4
4	1356593	900	1.8333333333333
4	1411001	920	1.5
4	1466748	940	1.2727272727273
4	1524206	960	1.4166666666667
4	1582414	980	1.1666666666667
4	1642278	1000	1.25
4	1703901	1020	1.6666666666667
4	1766434	1040	1.1111111111111
4	1831171	1060	1.3
4	1897432	1080	1.25
4	1965893	1100	1.4285714285714
4	2035987	1120	1.6
4	2107688	1140	1.3636363636364
4	2181160	1160	1.1428571428571
4	2257146	1180	1.3846153846154
4	2334459	1200	1.5
4	2414268	1220	1.5555555555556
4	2495760	1240	1
4	2579779	1260	1.8333333333333
4	2665889	1280	1.3333333333333
4	2753885	1300	1.4
4	2843237	1320	1.3333333333333
4	2934894	1340	1.4285714285714
4	3028591	1360	1.6666666666667
4	3124440	1380	1.4
4	3222866	1400	1.4444444444444
4	3323602	1420	1.5
4	3426568	1440	1.5
4	3532820	1460	1.4444444444444
4	3640083	1480	1.3076923076923
4	3750298	1500	1.6363636363636
4	3862847	1520	1.4166666666667
4	3977374	1540	1.6
4	4093937	1560	1.7
4	4213157	1580	1.5555555555556
4	4334276	1600	1.4615384615385
4	4458388	1620	1.4
4	4584364	1640	1
4	4712757	1660	1.4285714285714
4	4844051	1680	1.5
4	4977212	1700	1.6666666666667
4	5112657	1720	1.5
4	5250642	1740	1.4166666666667
4	5391783	1760	1.4545454545455
4	5534167	1780	1.5833333333333
4	5679664	1800	1.4285714285714
4	5828290	1820	1.25
4	5978628	1840	1.2857142857143
4	6132732	1860	1.6
4	6288395	1880	1.6
4	6447481	1900	1.6666666666667
4	6608196	1920	1.1818181818182
4	6771710	1940	1.5384615384615
4	6938513	1960	1.3
4	7107886	1980	1.8333333333333
4	7279134	2000	1.8181818181818
5	145345	240	0.57735026918963
5	171272	260	0
5	198398	280	0.5
5	225819	300	0.57735026918963
5	253166	320	0.54772255750517
5	280735	340	nan
5	308279	360	0.57735026918963
5	336499	380	0.35355339059327
5	364993	400	0.46291004988628
5	393948	420	0.52704627669473
5	423612	440	0.5
5	453683	460	0
5	484232	480	0.5
5	516017	500	0.5
5	548010	520	0.54772255750517
5	580956	540	0.78679579246944
5	614630	560	0.54772255750517
5	649179	580	0.5
5	684580	600	nan
5	721109	620	0.57735026918963
5	758496	640	0.54772255750517
5	797079	660	0.31622776601684
5	837173	680	0.5
5	878874	700	0.40824829046386
5	921519	720	0.37796447300923
5	965405	740	0.48795003647427
5	1010380	760	0.78679579246944
5	1056368	780	0.40824829046386
5	1103538	800	0
5	1151489	820	0.5
5	1201268	840	0.51754916950677
5	1251076	860	0.54772255750517
5	1303168	880	0.54772255750517
5	1356593	900	0.40824829046386
5	1411001	920	0.53452248382485
5	1466748	940	0.46709936649691
5	1524206	960	0.51492865054444
5	1582414	980	0.40824829046386
5	1642278	1000	0.46291004988628
5	1703901	1020	0.51639777949432
5	1766434	1040	0.33333333333333
5	1831171	1060	0.48304589153965
5	1897432	1080	0.46291004988628
5	1965893	1100	0.53452248382485
5	2035987	1120	0.54772255750517
5	2107688	1140	0.50452497910951
5	2181160	1160	0.37796447300923
5	2257146	1180	0.50636968354183
5	2334459	1200	0.54772255750517
5	2414268	1220	0.52704627669473
5	2495760	1240	0
5	2579779	1260	0.40824829046386
5	2665889	1280	0.51639777949432
5	2753885	1300	0.51639777949432
5	2843237	1320	0.51639777949432
5	2934894	1340	0.53452248382485
5	3028591	1360	0.57735026918963
5	3124440	1380	0.51639777949432
5	3222866	1400	0.52704627669473
5	3323602	1420	0.52704627669473
5	3426568	1440	0.51639777949432
5	3532820	1460	0.52704627669473
5	3640083	1480	0.48038446141526
5	3750298	1500	0.50452497910951
5	3862847	1520	0.51492865054444
5	3977374	1540	0.51639777949432
5	4093937	1560	0.48304589153965
5	4213157	1580	0.52704627669473
5	4334276	1600	0.51887452166277
5	4458388	1620	0.51639777949432
5	4584364	1640	0
5	4712757	1660	0.5135525910131
5	4844051	1680	0.52704627669473
5	4977212	1700	0.5
5	5112657	1720	0.52704627669473
5	5250642	1740	0.51492865054444
5	5391783	1760	0.52223296786709
5	5534167	1780	0.51492865054444
5	5679664	1800	0.53452248382485
5	5828290	1820	0.46291004988628
5	5978628	1840	0.48795003647427
5	6132732	1860	0.51639777949432
5	6288395	1880	0.51639777949432
5	6447481	1900	0.48795003647427
5	6608196	1920	0.40451991747795
5	6771710	1940	0.51887452166277
5	6938513	1960	0.48304589153965
5	7107886	1980	0.40824829046386
5	7279134	2000	0.40451991747795
6	145345	240	0.33333333333333
6	171272	260	0
6	198398	280	0.25
6	225819	300	0.33333333333333
6	253166	320	0.3
6	280735	340	nan
6	308279	360	0.33333333333333
6	336499	380	0.125
6	364993	400	0.21428571428571
6	393948	420	0.27777777777778
6	423612	440	0.25
6	453683	460	0
6	484232	480	0.25
6	516017	500	0.25
6	548010	520	0.3
6	580956	540	0.61904761904762
6	614630	560	0.3
6	649179	580	0.25
6	684580	600	nan
6	721109	620	0.33333333333333
6	758496	640	0.3
6	797079	660	0.1
6	837173	680	0.25
6	878874	700	0.16666666666667
6	921519	720	0.14285714285714
6	965405	740	0.23809523809524
6	1010380	760	0.61904761904762
6	1056368	780	0.16666666666667
6	1103538	800	0
6	1151489	820	0.25
6	1201268	840	0.26785714285714
6	1251076	860	0.3
6	1303168	880	0.3
6	1356593	900	0.16666666666667
6	1411001	920	0.28571428571429
6	1466748	940	0.21818181818182
6	1524206	960	0.26515151515152
6	1582414	980	0.16666666666667
6	1642278	1000	0.21428571428571
6	1703901	1020	0.26666666666667
6	1766434	1040	0.11111111111111
6	1831171	1060	0.23333333333333
6	1897432	1080	0.21428571428571
6	1965893	1100	0.28571428571429
6	2035987	1120	0.3
6	2107688	1140	0.25454545454545
6	2181160	1160	0.14285714285714
6	2257146	1180	0.25641025641026
6	2334459	1200	0.3
6	2414268	1220	0.27777777777778
6	2495760	1240	0
6	2579779	1260	0.16666666666667
6	2665889	1280	0.26666666666667
6	2753885	1300	0.26666666666667
6	2843237	1320	0.26666666666667
6	2934894	1340	0.28571428571429
6	3028591	1360	0.33333333333333
6	3124440	1380	0.26666666666667
6	3222866	1400	0.27777777777778
6	3323602	1420	0.27777777777778
6	3426568	1440	0.26666666666667
6	3532820	1460	0.27777777777778
6	3640083	1480	0.23076923076923
6	3750298	1500	0.25454545454545
6	3862847	1520	0.26515151515152
6	3977374	1540	0.26666666666667
6	4093937	1560	0.23333333333333
6	4213157	1580	0.27777777777778
6	4334276	1600	0.26923076923077
6	4458388	1620	0.26666666666667
6	4584364	1640	0
6	4712757	1660	0.26373626373626
6	4844051	1680	0.27777777777778
6	4977212	1700	0.25
6	5112657	1720	0.27777777777778
6	5250642	1740	0.26515151515152
6	5391783	1760	0.27272727272727
6	5534167	1780	0.26515151515152
6	5679664	1800	0.28571428571429
6	5828290	1820	0.21428571428571
6	5978628	1840	0.23809523809524
6	6132732	1860	0.26666666666667
6	6288395	1880	0.26666666666667
6	6447481	1900	0.23809523809524
6	6608196	1920	0.16363636363636
6	6771710	1940	0.26923076923077
6	6938513	1960	0.23333333333333
6	7107886	1980	0.16666666666667
6	7279134	2000	0.16363636363636
7	145345	240	22.225
7	171272	260	22.658823529412
7	198398	280	22.05376344086
7	225819	300	22.234042553191
7	253166	320	22.202127659574
7	280735	340	22.414893617021
7	308279	360	22.053191489362
7	336499	380	21.775510204082
7	364993	400	21.714285714286
7	393948	420	21.88
7	423612	440	22.642857142857
7	453683	460	22.128712871287
7	484232	480	22.554455445545
7	516017	500	22.605769230769
7	548010	520	22.990384615385
7	580956	540	22.990566037736
7	614630	560	23.858490566038
7	649179	580	23.43119266055
7	684580	600	24
7	721109	620	24.954545454545
7	758496	640	25.153153153153
7	797079	660	25.625
7	837173	680	26.371681415929
7	878874	700	27.086206896552
7	921519	720	27.542372881356
7	965405	740	27.605042016807
7	1010380	760	28.352941176471
7	1056368	780	29.01652892562
7	1103538	800	28.852459016393
7	1151489	820	29.008130081301
7	1201268	840	29.142857142857
7	1251076	860	29.448
7	1303168	880	30.196850393701
7	1356593	900	31.1171875
7	1411001	920	30.692307692308
7	1466748	940	31.060606060606
7	1524206	960	31.676691729323
7	1582414	980	32.149253731343
7	1642278	1000	32.703703703704
7	1703901	1020	32.911764705882
7	1766434	1040	33.210144927536
7	1831171	1060	34.18115942029
7	1897432	1080	35.452554744526
7	1965893	1100	35.521428571429
7	2035987	1120	36.359154929577
7	2107688	1140	36.51724137931
7	2181160	1160	37.479166666667
7	2257146	1180	37.890410958904
7	2334459	1200	38.698630136986
7	2414268	1220	39.965986394558
7	2495760	1240	40.246666666667
7	2579779	1260	40.660130718954
7	2665889	1280	41.058823529412
7	2753885	1300	42.59477124183
7	2843237	1320	43.006493506494
7	2934894	1340	43.75974025974
7	3028591	1360	44.341772151899
7	3124440	1380	45.050632911392
7	3222866	1400	45.823899371069
7	3323602	1420	46.240740740741
7	3426568	1440	47.220858895706
7	3532820	1460	48.601226993865
7	3640083	1480	48.024096385542
7	3750298	1500	48.934131736527
7	3862847	1520	50.018072289157
7	3977374	1540	50.232142857143
7	4093937	1560	50.491228070175
7	4213157	1580	51.834319526627
7	4334276	1600	51.982558139535
7	4458388	1620	52.057471264368
7	4584364	1640	52.508571428571
7	4712757	1660	52.982954545455
7	4844051	1680	53.829545454545
7	4977212	1700	54.813559322034
7	5112657	1720	54.977653631285
7	5250642	1740	55.324175824176
7	5391783	1760	55.765027322404
7	5534167	1780	56.655737704918
7	5679664	1800	57.103260869565
7	5828290	1820	57.408602150538
7	5978628	1840	58.064516129032
7	6132732	1860	58.878306878307
7	6288395	1880	59.363157894737
7	6447481	1900	60
7	6608196	1920	60.701570680628
7	6771710	1940	60.564766839378
7	6938513	1960	61.394871794872
7	7107886	1980	62.265306122449
7	7279134	2000	62.70202020202
8	145345	240	5.3461804654931
8	171272	260	4.6330925113241
8	198398	280	4.976828026394
8	225819	300	5.0148715008675
8	253166	320	4.3417943548822
8	280735	340	4.8045891468763
8	308279	360	4.4440779037445
8	336499	380	5.2671528572412
8	364993	400	4.6083742688785
8	393948	420	5.146892756849
8	423612	440	4.046762738263
8	453683	460	4.0734834388681
8	484232	480	3.7827906300105
8	516017	500	3.6614450678746
8	548010	520	3.1699290742967
8	580956	540	4.2527196519938
8	614630	560	2.9870790932672
8	649179	580	4.0968980417372
8	684580	600	4.3070243458328
8	721109	620	3.4144494999667
8	758496	640	3.9084947072154
8	797079	660	4.8213582625123
8	837173	680	4.6391091552949
8	878874	700	5.938187346785
8	921519	720	7.1559479387784
8	965405	740	6.9382487989784
8	1010380	760	7.4601633954184
8	1056368	780	7.1145197437756
8	1103538	800	7.72959551308
8	1151489	820	8.4934844217367
8	1201268	840	9.326705129435
8	1251076	860	8.9887528289165
8	1303168	880	9.5983128230366
8	1356593	900	9.6974881833869
8	1411001	920	10.155264532943
8	1466748	940	10.363439536139
8	1524206	960	11.459116307473
8	1582414	980	11.282102042907
8	1642278	1000	12.078767651183
8	1703901	1020	12.347721690126
8	1766434	1040	12.975807302874
8	1831171	1060	13.020049394575
8	1897432	1080	13.82823773539
8	1965893	1100	13.965253828387
8	2035987	1120	14.876961840612
8	2107688	1140	15.793855806169
8	2181160	1160	15.940434907334
8	2257146	1180	16.489964884708
8	2334459	1200	17.186349781154
8	2414268	1220	17.646224698484
8	2495760	1240	18.385483282354
8	2579779	1260	19.004903591156
8	2665889	1280	19.310222031934
8	2753885	1300	19.834657967577
8	2843237	1320	20.171971998067
8	2934894	1340	20.7711008374
8	3028591	1360	21.524322533677
8	3124440	1380	22.012965915266
8	3222866	1400	22.562861439637
8	3323602	1420	23.345848462664
8	3426568	1440	24.071402155398
8	3532820	1460	24.433467201215
8	3640083	1480	24.908548321441
8	3750298	1500	25.277528885571
8	3862847	1520	25.466430165069
8	3977374	1540	25.986632495084
8	4093937	1560	26.172587460267
8	4213157	1580	26.27140407938
8	4334276	1600	26.721100985216
8	4458388	1620	27.211803084223
8	4584364	1640	26.956087869623
8	4712757	1660	27.453747999513
8	4844051	1680	27.298025712352
8	4977212	1700	27.722944166917
8	5112657	1720	28.072329394079
8	5250642	1740	28.39732631045
8	5391783	1760	28.723664113091
8	5534167	1780	28.654949084019
8	5679664	1800	28.835603187146
8	5828290	1820	28.770381376025
8	5978628	1840	28.840214585404
8	6132732	1860	29.817904896844
8	6288395	1880	30.35120196754
8	6447481	1900	30.567751545624
8	6608196	1920	30.962455152958
8	6771710	1940	30.731484975926
8	6938513	1960	31.695278752764
8	7107886	1980	31.544856468993
8	7279134	2000	32.246781541046
9	145345	240	28.58164556962
9	171272	260	21.465546218487
9	198398	280	24.768817204301
9	225819	300	25.148936170213
9	253166	320	18.851178220087
9	280735	340	23.084076870281
9	308279	360	19.74982841455
9	336499	380	27.742899221544
9	364993	400	21.237113402062
9	393948	420	26.490505050505
9	423612	440	16.376288659794
9	453683	460	16.593267326733
9	484232	480	14.309504950495
9	516017	500	13.406179985063
9	548010	520	10.048450336072
9	580956	540	18.085624438455
9	614630	560	8.922641509434
9	649179	580	16.78457356439
9	684580	600	18.550458715596
9	721109	620	11.658465387823
9	758496	640	15.276330876331
9	797079	660	23.245495495495
9	837173	680	21.521333754741
9	878874	700	35.262068965517
9	921519	720	51.207590902506
9	965405	740	48.139296396525
9	1010380	760	55.654037886341
9	1056368	780	50.616391184573
9	1103538	800	59.746646795827
9	1151489	820	72.139277622284
9	1201268	840	86.987428571429
9	1251076	860	80.797677419355
9	1303168	880	92.127609048869
9	1356593	900	94.041277066929
9	1411001	920	103.12939773405
9	1466748	940	107.4008790192
9	1524206	960	131.31134654819
9	1582414	980	127.28582650656
9	1642278	1000	145.89662797125
9	1703901	1020	152.46623093682
9	1766434	1040	168.37157516132
9	1831171	1060	169.52168623717
9	1897432	1080	191.22015886647
9	1965893	1100	195.02831449126
9	2035987	1120	221.32399360703
9	2107688	1140	249.44588122605
9	2181160	1160	254.09746503497
9	2257146	1180	271.91894189891
9	2334459	1200	295.37061880019
9	2414268	1220	311.3892461094
9	2495760	1240	338.02599552573
9	2579779	1260	361.18636050912
9	2665889	1280	372.8846749226
9	2753885	1300	393.41365669075
9	2843237	1320	406.90845429081
9	2934894	1340	431.43862999745
9	3028591	1360	463.29646053374
9	3124440	1380	484.57066838668
9	3222866	1400	509.08271634424
9	3323602	1420	545.02864044168
9	3426568	1440	579.43240172688
9	3532820	1460	596.99431947285
9	3640083	1480	620.43577948156
9	3750298	1500	638.95346656085
9	3862847	1520	648.53906535232
9	3977374	1540	675.30506843456
9	4093937	1560	685.00433436533
9	4213157	1580	690.18667230206
9	4334276	1600	714.0172378621
9	4458388	1620	740.48222709455
9	4584364	1640	726.63067323481
9	4712757	1660	753.70827922078
9	4844051	1680	745.18220779221
9	4977212	1700	768.56163328197
9	5112657	1720	788.05567760969
9	5250642	1740	806.40814158217
9	5391783	1760	825.04888008167
9	5534167	1780	821.10610700775
9	5679664	1800	831.49201116655
9	5828290	1820	827.73484452194
9	5978628	1840	831.75797733217
9	6132732	1860	889.10745243724
9	6288395	1880	921.19546087441
9	6447481	1900	934.38743455497
9	6608196	1920	958.67362909893
9	6771710	1940	944.42416882556
9	6938513	1960	1004.5906952154
9	7107886	1980	995.0779696494
9	7279134	2000	1039.8549197559
10	145345	240	190.29736261977
10	171272	260	288.12192547788
10	198398	280	190.91320400706
10	225819	300	181.85966716852
10	253166	320	240.23389484877
10	280735	340	47.123700722178
10	308279	360	188.44506972674
10	336499	380	402.71724307363
10	364993	400	385.73969204535
10	393948	420	498.425688999
10	423612	440	191.60904311218
10	453683	460	194.82204748668
10	484232	480	191.08591625602
10	516017	500	194.8636951314
10	548010	520	294.88722033714
10	580956	540	335.58685391903
10	614630	560	239.97464415905
10	649179	580	194.36421816527
10	684580	600	49.063378362374
10	721109	620	203.3630600915
10	758496	640	302.70829710616
10	797079	660	500.37449091584
10	837173	680	443.29417137149
10	878874	700	301.25881782456
10	921519	720	333.56855244102
10	965405	740	350.59335156089
10	1010380	760	334.01757058094
10	1056368	780	295.24159815391
10	1103538	800	242.82316329442
10	1151489	820	205.83822449764
10	1201268	840	383.84349095088
10	1251076	860	241.52267266549
10	1303168	880	241.27965617726
10	1356593	900	292.53138947817
10	1411001	920	403.40489224917
10	1466748	940	539.69654162808
10	1524206	960	593.37188415111
10	1582414	980	295.55989215905
10	1642278	1000	383.02049032916
10	1703901	1020	302.93374931069
10	1766434	1040	436.65536973161
10	1831171	1060	518.93034217055
10	1897432	1080	390.79634000571
10	1965893	1100	354.04762487501
10	2035987	1120	259.36337385295
10	2107688	1140	529.2472430397
10	2181160	1160	364.59871215611
10	2257146	1180	650.90361837856
10	2334459	1200	301.37089099294
10	2414268	1220	464.37685714378
10	2495760	1240	252.71990259296
10	2579779	1260	307.68683114747
10	2665889	1280	294.45326329983
10	2753885	1300	501.29369177837
10	2843237	1320	294.1436584922
10	2934894	1340	353.16409824184
10	3028591	1360	147.78771017833
10	3124440	1380	509.63706984281
10	3222866	1400	450.78818847232
10	3323602	1420	498.65100582291
10	3426568	1440	803.04567073712
10	3532820	1460	458.23316309427
10	3640083	1480	644.7980456516
10	3750298	1500	563.46623022188
10	3862847	1520	596.30242217293
10	3977374	1540	497.46335789745
10	4093937	1560	505.79475316303
10	4213157	1580	446.820973883
10	4334276	1600	662.0791814839
10	4458388	1620	507.98102016711
10	4584364	1640	252.27206438283
10	4712757	1660	717.1330624502
10	4844051	1680	502.53740668542
10	4977212	1700	455.04574066681
10	5112657	1720	517.27730254449
10	5250642	1740	600.91407580528
10	5391783	1760	554.99559888181
10	5534167	1780	606.71526835759
10	5679664	1800	348.99694704698
10	5828290	1820	398.77841458248
10	5978628	1840	366.59659114697
10	6132732	1860	509.30877907637
10	6288395	1880	520.31780342167
10	6447481	1900	756.06211364686
10	6608196	1920	551.14972267891
10	6771710	1940	654.95465098861
10	6938513	1960	489.88211179813
10	7107886	1980	302.15417577081
10	7279134	2000	557.91197052907
11	145345	240	47.574340654942
11	171272	260	48.020320912981
11	198398	280	47.728301001766
11	225819	300	45.46491679213
11	253166	320	48.046778969755
11	280735	340	47.123700722178
11	308279	360	47.111267431685
11	336499	380	50.339655384204
11	364993	400	48.217461505669
11	393948	420	49.8425688999
11	423612	440	47.902260778044
11	453683	460	48.705511871669
11	484232	480	47.771479064006
11	516017	500	48.71592378285
11	548010	520	49.147870056191
11	580956	540	47.940979131289
11	614630	560	47.994928831809
11	649179	580	48.591054541318
11	684580	600	49.063378362374
11	721109	620	50.840765022876
11	758496	640	50.451382851026
11	797079	660	50.037449091584
11	837173	680	49.254907930166
11	878874	700	50.209802970759
11	921519	720	47.652650348717
11	965405	740	50.084764508699
11	1010380	760	47.716795797277
11	1056368	780	49.206933025652
11	1103538	800	48.564632658884
11	1151489	820	51.45955612441
11	1201268	840	47.98043636886
11	1251076	860	48.304534533098
11	1303168	880	48.255931235453
11	1356593	900	48.755231579694
11	1411001	920	50.425611531146
11	1466748	940	49.063321966189
11	1524206	960	49.447657012593
11	1582414	980	49.259982026508
11	1642278	1000	47.877561291145
11	1703901	1020	50.488958218448
11	1766434	1040	48.517263303513
11	1831171	1060	51.893034217055
11	1897432	1080	48.849542500714
11	1965893	1100	50.578232125001
11	2035987	1120	51.87267477059
11	2107688	1140	48.113385730882
11	2181160	1160	52.085530308015
11	2257146	1180	50.069509106043
11	2334459	1200	50.228481832157
11	2414268	1220	51.597428571531
11	2495760	1240	50.543980518592
11	2579779	1260	51.281138524579
11	2665889	1280	49.075543883305
11	2753885	1300	50.129369177837
11	2843237	1320	49.023943082033
11	2934894	1340	50.452014034549
11	3028591	1360	49.262570059443
11	3124440	1380	50.963706984281
11	3222866	1400	50.087576496925
11	3323602	1420	49.865100582291
11	3426568	1440	50.19035442107
11	3532820	1460	50.914795899364
11	3640083	1480	49.599849665507
11	3750298	1500	51.224202747444
11	3862847	1520	49.691868514411
11	3977374	1540	49.746335789745
11	4093937	1560	50.579475316303
11	4213157	1580	49.646774875888
11	4334276	1600	50.929167806453
11	4458388	1620	50.798102016711
11	4584364	1640	50.454412876566
11	4712757	1660	51.223790175014
11	4844051	1680	50.253740668542
11	4977212	1700	50.560637851868
11	5112657	1720	51.727730254449
11	5250642	1740	50.076172983773
11	5391783	1760	50.454145352892
11	5534167	1780	50.559605696466
11	5679664	1800	49.856706720997
11	5828290	1820	49.84730182281
11	5978628	1840	52.370941592424
11	6132732	1860	50.930877907637
11	6288395	1880	52.031780342167
11	6447481	1900	50.40414090979
11	6608196	1920	50.104520243537
11	6771710	1940	50.381126999124
11	6938513	1960	48.988211179813
11	7107886	1980	50.359029295136
11	7279134	2000	50.719270048097
12	145345	240	0.44532118439498
12	171272	260	3.0245518682476
12	198398	280	2.3014367002277
12	225819	300	3.1780968212042
12	253166	320	1.1122537972274
12	280735	340	nan
12	308279	360	0.9912933581106
12	336499	380	3.1602775508532
12	364993	400	1.9713858873507
12	393948	420	5.8011872449127
12	423612	440	1.6936357815172
12	453683	460	2.7245283652664
12	484232	480	3.5043863495057
12	516017	500	1.8953059632162
12	548010	520	1.9233646812754
12	580956	540	2.3853176404198
12	614630	560	1.4248369997739
12	649179	580	2.9744054491645
12	684580	600	nan
12	721109	620	4.0521018359679
12	758496	640	3.1160089944327
12	797079	660	3.0868852638489
12	837173	680	2.8602707251043
12	878874	700	1.1753951497906
12	921519	720	0.83607171358457
12	965405	740	3.2105269636587
12	1010380	760	1.6420288098249
12	1056368	780	2.8955227984988
12	1103538	800	1.6844194456424
12	1151489	820	3.1148086347831
12	1201268	840	1.8902502435123
12	1251076	860	0.91951393732042
12	1303168	880	1.970146696913
12	1356593	900	1.0806189227396
12	1411001	920	2.964334258974
12	1466748	940	3.093374794131
12	1524206	960	2.5437018448051
12	1582414	980	2.4581193172686
12	1642278	1000	2.0770839234786
12	1703901	1020	1.6168626681051
12	1766434	1040	1.9941681455524
12	1831171	1060	3.7880269111661
12	1897432	1080	1.9099310799842
12	1965893	1100	2.9823391477704
12	2035987	1120	3.0451252852179
12	2107688	1140	3.4357058164378
12	2181160	1160	3.9556519064939
12	2257146	1180	2.8160638832291
12	2334459	1200	2.1362251502011
12	2414268	1220	3.5027484002744
12	2495760	1240	2.6752701936103
12	2579779	1260	2.6046759953275
12	2665889	1280	2.1178261225184
12	2753885	1300	2.5344631474655
12	2843237	1320	2.4607774874046
12	2934894	1340	1.8650192751383
12	3028591	1360	1.5844847968559
12	3124440	1380	3.3792733191656
12	3222866	1400	3.291018525852
12	3323602	1420	2.8055188098145
12	3426568	1440	2.3956636579664
12	3532820	1460	3.4564266395573
12	3640083	1480	2.4750191709107
12	3750298	1500	1.927549527254
12	3862847	1520	1.7306637439664
12	3977374	1540	2.4006715348401
12	4093937	1560	2.1420213771451
12	4213157	1580	2.9216280100867
12	4334276	1600	2.0327393783117
12	4458388	1620	2.1499912411612
12	4584364	1640	2.8930431479918
12	4712757	1660	1.8349727111842
12	4844051	1680	1.6036518545152
12	4977212	1700	2.2707067068675
12	5112657	1720	2.4885740078892
12	5250642	1740	0.98607283860361
12	5391783	1760	2.4088471055499
12	5534167	1780	2.5470554766035
12	5679664	1800	2.2659957571632
12	5828290	1820	1.8737399650719
12	5978628	1840	2.7190090262861
12	6132732	1860	0.96686842287487
12	6288395	1880	1.8578773103323
12	6447481	1900	2.1809665534708
12	6608196	1920	3.1831463506766
12	6771710	1940	1.9363803736225
12	6938513	1960	2.3558289498521
12	7107886	1980	2.6991851848572
12	7279134	2000	1.5674530068491
13	145345	240	0.19831095727095
13	171272	260	9.1479140037202
13	198398	280	5.2966108851551
13	225819	300	10.100299404948
13	253166	320	1.2371085094467
13	280735	340	nan
13	308279	360	0.98266252183419
13	336499	380	9.987354198427
13	364993	400	3.8863623168455
13	393948	420	33.653773450538
13	423612	440	2.8684021604355
13	453683	460	7.4230548131413
13	484232	480	12.280723686602
13	516017	500	3.5921846942028
13	548010	520	3.6993316971776
13	580956	540	5.6897402456977
13	614630	560	2.0301604759246
13	649179	580	8.8470877760194
13	684580	600	nan
13	721109	620	16.419529289054
13	758496	640	9.7095120533853
13	797079	660	9.5288606321674
13	837173	680	8.1811486208887
13	878874	700	1.3815537581512
13	921519	720	0.69901591025624
13	965405	740	10.30748338438
13	1010380	760	2.6962586122949
13	1056368	780	8.3840522766264
13	1103538	800	2.8372688688583
13	1151489	820	9.7020328313193
13	1201268	840	3.5730459830983
13	1251076	860	0.84550588092651
13	1303168	880	3.8814780073573
13	1356593	900	1.1677372561829
13	1411001	920	8.7872775989267
13	1466748	940	9.5689676169653
13	1524206	960	6.470419075265
13	1582414	980	6.0423505779291
13	1642278	1000	4.3142776251732
13	1703901	1020	2.6142448875119
13	1766434	1040	3.9767065927357
13	1831171	1060	14.349147879718
13	1897432	1080	3.6478367302894
13	1965893	1100	8.8943467923237
13	2035987	1120	9.2727880026736
13	2107688	1140	11.804074457105
13	2181160	1160	15.647182005349
13	2257146	1180	7.9302157944274
13	2334459	1200	4.5634578923518
13	2414268	1220	12.269246355625
13	2495760	1240	7.1570706088196
13	2579779	1260	6.7843370406352
13	2665889	1280	4.4851874852213
13	2753885	1300	6.423503445861
13	2843237	1320	6.0554258425172
13	2934894	1340	3.4782968966375
13	3028591	1360	2.5105920714674
13	3124440	1380	11.419488165625
13	3222866	1400	10.830802937501
13	3323602	1420	7.870935792223
13	3426568	1440	5.7392043621011
13	3532820	1460	11.946885114641
13	3640083	1480	6.1257198963753
13	3750298	1500	3.7154471800172
13	3862847	1520	2.9951969946797
13	3977374	1540	5.7632238181915
13	4093937	1560	4.5882555801464
13	4213157	1580	8.535910229323
13	4334276	1600	4.1320293801392
13	4458388	1620	4.6224623370701
13	4584364	1640	8.3696986561423
13	4712757	1660	3.3671248507906
13	4844051	1680	2.5716992704901
13	4977212	1700	5.1561089486129
13	5112657	1720	6.1930005927419
13	5250642	1740	0.97233964303178
13	5391783	1760	5.802544377916
13	5534167	1780	6.4874916008961
13	5679664	1800	5.1347367714817
13	5828290	1820	3.5109014567077
13	5978628	1840	7.3930100850253
13	6132732	1860	0.93483454715253
13	6288395	1880	3.4517081002476
13	6447481	1900	4.7566151073581
13	6608196	1920	10.132420689826
13	6771710	1940	3.7495689513505
13	6938513	1960	5.5499300409611
13	7107886	1980	7.2856006621524
13	7279134	2000	2.4569089286804
14	145345	240	223.96917038911
14	171272	260	313.02621211027
14	198398	280	315.83712362663
14	225819	300	268.56013346861
14	253166	320	401.86611903928
14	280735	340	44.414893396303
14	308279	360	178.2231318525
14	336499	380	402.88373494392
14	364993	400	497.53052457499
14	393948	420	556.60180711481
14	423612	440	226.61892689232
14	453683	460	225.89648613656
14	484232	480	274.93230985671
14	516017	500	369.1602134457
14	548010	520	368.39670013194
14	580956	540	317.28592065803
14	614630	560	223.22621865464
14	649179	580	317.81440531919
14	684580	600	44.66939684495
14	721109	620	183.52147253238
14	758496	640	417.15130971202
14	797079	660	462.72954009505
14	837173	680	460.84262770723
14	878874	700	464.41690003159
14	921519	720	500.01037262355
14	965405	740	367.78058200427
14	1010380	760	403.96014197577
14	1056368	780	458.50491869065
14	1103538	800	357.66362905687
14	1151489	820	186.42958028346
14	1201268	840	451.80888418599
14	1251076	860	315.43436747068
14	1303168	880	270.79248538723
14	1356593	900	319.62425189723
14	1411001	920	367.82516611851
14	1466748	940	635.07012993112
14	1524206	960	547.55067889675
14	1582414	980	410.80836454952
14	1642278	1000	452.2352941787
14	1703901	1020	412.64914177927
14	1766434	1040	408.59371325249
14	1831171	1060	641.21714571176
14	1897432	1080	365.24782664936
14	1965893	1100	411.36023455344
14	2035987	1120	276.04810746419
14	2107688	1140	681.80905222697
14	2181160	1160	365.53708787451
14	2257146	1180	588.3825454971
14	2334459	1200	274.78074260868
14	2414268	1220	503.15435169588
14	2495760	1240	277.60902836146
14	2579779	1260	277.14873003735
14	2665889	1280	318.96431704567
14	2753885	1300	635.45943503398
14	2843237	1320	315.34045352495
14	2934894	1340	413.32376270108
14	3028591	1360	228.85536808379
14	3124440	1380	504.14201190907
14	3222866	1400	498.3290197531
14	3323602	1420	454.79298127035
14	3426568	1440	774.58636571691
14	3532820	1460	411.39283443869
14	3640083	1480	771.59523290797
14	3750298	1500	507.15900497098
14	3862847	1520	732.55261010561
14	3977374	1540	502.87892696338
14	4093937	1560	594.9109633099
14	4213157	1580	549.94333570516
14	4334276	1600	734.43018217686
14	4458388	1620	456.20878912829
14	4584364	1640	364.4593296148
14	4712757	1660	819.52023275684
14	4844051	1680	545.94064561127
14	4977212	1700	544.99460950887
14	5112657	1720	457.64513808751
14	5250642	1740	636.46497116573
14	5391783	1760	634.97329610793
14	5534167	1780	633.12941152721
14	5679664	1800	499.34523080205
14	5828290	1820	408.82331176954
14	5978628	1840	413.33871456963
14	6132732	1860	506.04552725201
14	6288395	1880	686.48022224932
14	6447481	1900	874.64263652678
14	6608196	1920	547.35002419297
14	6771710	1940	728.81143080471
14	6938513	1960	450.73876332582
14	7107886	1980	317.43655049502
14	7279134	2000	639.8903147502
15	145345	240	44.793834077821
15	171272	260	44.718030301467
15	198398	280	45.119589089519
15	225819	300	44.760022244769
15	253166	320	44.651791004364
15	280735	340	44.414893396303
15	308279	360	44.555782963126
15	336499	380	44.764859438213
15	364993	400	45.230047688636
15	393948	420	46.383483926234
15	423612	440	45.323785378464
15	453683	460	45.179297227312
15	484232	480	45.822051642785
15	516017	500	46.145026680713
15	548010	520	46.049587516493
15	580956	540	45.326560094004
15	614630	560	44.645243730927
15	649179	580	45.402057902742
15	684580	600	44.66939684495
15	721109	620	45.880368133095
15	758496	640	46.350145523557
15	797079	660	46.272954009505
15	837173	680	46.084262770723
15	878874	700	46.441690003159
15	921519	720	45.455488420323
15	965405	740	45.972572750534
15	1010380	760	44.88446021953
15	1056368	780	45.850491869065
15	1103538	800	44.707953632109
15	1151489	820	46.607395070865
15	1201268	840	45.180888418599
15	1251076	860	45.062052495811
15	1303168	880	45.132080897872
15	1356593	900	45.66060741389
15	1411001	920	45.978145764814
15	1466748	940	45.362152137937
15	1524206	960	45.629223241396
15	1582414	980	45.645373838836
15	1642278	1000	45.22352941787
15	1703901	1020	45.849904642141
15	1766434	1040	45.399301472499
15	1831171	1060	45.801224693697
15	1897432	1080	45.65597833117
15	1965893	1100	45.70669272816
15	2035987	1120	46.008017910699
15	2107688	1140	45.453936815132
15	2181160	1160	45.692135984314
15	2257146	1180	45.260195807469
15	2334459	1200	45.79679043478
15	2414268	1220	45.741304699626
15	2495760	1240	46.268171393577
15	2579779	1260	46.191455006225
15	2665889	1280	45.566331006525
15	2753885	1300	45.389959645285
15	2843237	1320	45.04863621785
15	2934894	1340	45.924862522342
15	3028591	1360	45.771073616759
15	3124440	1380	45.831091991733
15	3222866	1400	45.302638159373
15	3323602	1420	45.479298127035
15	3426568	1440	45.5639038657
15	3532820	1460	45.710314937632
15	3640083	1480	45.387954876939
15	3750298	1500	46.105364088271
15	3862847	1520	45.784538131601
15	3977374	1540	45.71626608758
15	4093937	1560	45.762381793069
15	4213157	1580	45.828611308763
15	4334276	1600	45.901886386054
15	4458388	1620	45.620878912829
15	4584364	1640	45.55741620185
15	4712757	1660	45.528901819825
15	4844051	1680	45.49505380094
15	4977212	1700	45.416217459073
15	5112657	1720	45.764513808751
15	5250642	1740	45.461783654695
15	5391783	1760	45.355235436281
15	5534167	1780	45.223529394801
15	5679664	1800	45.395020982004
15	5828290	1820	45.424812418838
15	5978628	1840	45.92652384107
15	6132732	1860	46.004138841092
15	6288395	1880	45.765348149955
15	6447481	1900	46.033822975094
15	6608196	1920	45.612502016081
15	6771710	1940	45.550714425295
15	6938513	1960	45.073876332582
15	7107886	1980	45.348078642146
15	7279134	2000	45.706451053586
16	145345	240	0.43953635243927
16	171272	260	0.27292659838463
16	198398	280	0.58286250893029
16	225819	300	0.83494580974259
16	253166	320	0.24563322638817
16	280735	340	nan
16	308279	360	0.27431767416953
16	336499	380	0.25971218987947
16	364993	400	1.160912344769
16	393948	420	1.8467462072444
16	423612	440	1.564397660431
16	453683	460	0.88066126915032
16	484232	480	1.6031077345108
16	516017	500	1.6839690792746
16	548010	520	1.3633569131279
16	580956	540	1.1721455850306
16	614630	560	0.3352263467391
16	649179	580	1.2685801314927
16	684580	600	nan
16	721109	620	1.6353113223147
16	758496	640	1.6218285076733
16	797079	660	1.3950470527296
16	837173	680	1.5088555746505
16	878874	700	1.236015398779
16	921519	720	1.0553618182266
16	965405	740	1.3090731199586
16	1010380	760	0.44269702533449
16	1056368	780	1.3642320316339
16	1103538	800	0.1770800331569
16	1151489	820	1.2104135051243
16	1201268	840	1.0104436086674
16	1251076	860	0.21322697788291
16	1303168	880	1.0017725081311
16	1356593	900	1.2522153388682
16	1411001	920	1.0505675837798
16	1466748	940	1.1925518947035
16	1524206	960	1.2116600832036
16	1582414	980	1.3110074309838
16	1642278	1000	0.87935617179222
16	1703901	1020	1.3334928606733
16	1766434	1040	1.1781620249966
16	1831171	1060	1.0986229077585
16	1897432	1080	1.2478828983322
16	1965893	1100	1.1291231788352
16	2035987	1120	1.3716715912165
16	2107688	1140	0.99810279219681
16	2181160	1160	1.2045919399289
16	2257146	1180	0.9885210240455
16	2334459	1200	1.1861334399719
16	2414268	1220	1.016583701968
16	2495760	1240	0.96240188527554
16	2579779	1260	0.99556912683776
16	2665889	1280	1.0556370155156
16	2753885	1300	1.0933789221728
16	2843237	1320	0.70444309606048
16	2934894	1340	0.92318267414864
16	3028591	1360	1.0133581215451
16	3124440	1380	1.0287173928305
16	3222866	1400	0.66331494915613
16	3323602	1420	0.91626659575803
16	3426568	1440	0.88990546212912
16	3532820	1460	1.0702258272549
16	3640083	1480	0.94437358253675
16	3750298	1500	1.1595168101764
16	3862847	1520	1.0916534845394
16	3977374	1540	0.93800453218704
16	4093937	1560	0.93999298793223
16	4213157	1580	1.2008393020301
16	4334276	1600	0.8060153041141
16	4458388	1620	1.001243761608
16	4584364	1640	1.2399282461251
16	4712757	1660	0.6578207558439
16	4844051	1680	0.91876709623808
16	4977212	1700	0.77632086407311
16	5112657	1720	0.46066552820558
16	5250642	1740	0.77740507269982
16	5391783	1760	0.66740859670566
16	5534167	1780	0.65627369479664
16	5679664	1800	0.60528802609582
16	5828290	1820	0.64029488903302
16	5978628	1840	0.70954508413081
16	6132732	1860	0.8609476866913
16	6288395	1880	0.60621369038655
16	6447481	1900	1.0508806621334
16	6608196	1920	1.0171346617667
16	6771710	1940	0.41821868320288
16	6938513	1960	0.66619413378514
16	7107886	1980	0.67221051598454
16	7279134	2000	0.70611984404202
17	145345	240	0.19319220511561
17	171272	260	0.074488928105804
17	198398	280	0.33972870431651
17	225819	300	0.69713450520671
17	253166	320	0.060335681905861
17	280735	340	nan
17	308279	360	0.075250186361779
17	336499	380	0.067450421571992
17	364993	400	1.3477174722371
17	393948	420	3.4104715539716
17	423612	440	2.4473400399618
17	453683	460	0.77556427098145
17	484232	480	2.5699544084484
17	516017	500	2.8357518599529
17	548010	520	1.8587420725736
17	580956	540	1.3739252725066
17	614630	560	0.11237670354804
17	649179	580	1.609295550018
17	684580	600	nan
17	721109	620	2.6742431208906
17	758496	640	2.6303277083018
17	797079	660	1.9461562793296
17	837173	680	2.2766451451538
17	878874	700	1.5277340660188
17	921519	720	1.1137885673705
17	965405	740	1.7136724333982
17	1010380	760	0.19598065624
17	1056368	780	1.861129036136
17	1103538	800	0.03135733814285
17	1151489	820	1.4651008533874
17	1201268	840	1.0209962862967
17	1251076	860	0.045465744097077
17	1303168	880	1.0035481580473
17	1356593	900	1.5680432548969
17	1411001	920	1.103692248089
17	1466748	940	1.422180021561
17	1524206	960	1.4681201572289
17	1582414	980	1.7187404840948
17	1642278	1000	0.77326727686907
17	1703901	1020	1.7782032094666
17	1766434	1040	1.3880657571441
17	1831171	1060	1.2069722934517
17	1897432	1080	1.5572117279501
17	1965893	1100	1.2749191529829
17	2035987	1120	1.8814829541503
17	2107688	1140	0.99620918379106
17	2181160	1160	1.4510417417417
17	2257146	1180	0.97717381497996
17	2334459	1200	1.4069125374197
17	2414268	1220	1.0334424231069
17	2495760	1240	0.92621738878191
17	2579779	1260	0.9911578863125
17	2665889	1280	1.1143695085267
17	2753885	1300	1.1954774674518
17	2843237	1320	0.49624007558728
17	2934894	1340	0.85226624984824
17	3028591	1360	1.0268946825015
17	3124440	1380	1.0582594743119
17	3222866	1400	0.439986721774
17	3323602	1420	0.83954447450202
17	3426568	1440	0.79193173152725
17	3532820	1460	1.1453833213235
17	3640083	1480	0.8918414633933
17	3750298	1500	1.3444792330816
17	3862847	1520	1.191707330307
17	3977374	1540	0.87985250240342
17	4093937	1560	0.88358681736176
17	4213157	1580	1.4420150293001
17	4334276	1600	0.64966067046615
17	4458388	1620	1.002489070159
17	4584364	1640	1.5374220555388
17	4712757	1660	0.43272814681904
17	4844051	1680	0.84413297712976
17	4977212	1700	0.60267408399522
17	5112657	1720	0.21221272887693
17	5250642	1740	0.60435864705941
17	5391783	1760	0.44543423495662
17	5534167	1780	0.43069516248203
17	5679664	1800	0.36637359453497
17	5828290	1820	0.4099775449218
17	5978628	1840	0.5034542264142
17	6132732	1860	0.7412309192191
17	6288395	1880	0.36749503841207
17	6447481	1900	1.104350166046
17	6608196	1920	1.0345629201673
17	6771710	1940	0.17490686697995
17	6938513	1960	0.44381462388973
17	7107886	1980	0.4518669778002
17	7279134	2000	0.49860523414993
18	145345	240	945.81936495761
18	171272	260	1183.2259961023
18	198398	280	1244.635503672
18	225819	300	1318.8538564128
18	253166	320	1321.3513356059
18	280735	340	1325.2590702642
18	308279	360	1277.375315283
18	336499	380	1648.5996721583
18	364993	400	1737.1786032105
18	393948	420	1811.3446373665
18	423612	440	1917.2648215296
18	453683	460	1889.5701059559
18	484232	480	1878.4213939828
18	516017	500	1617.1472039874
18	548010	520	1586.6187166317
18	580956	540	1778.5635797477
18	614630	560	1758.2580237013
18	649179	580	1712.5846239556
18	684580	600	1659.5532175361
18	721109	620	1720.7986770318
18	758496	640	1738.5111125657
18	797079	660	1776.4135100513
18	837173	680	1928.0162735261
18	878874	700	1776.0379858787
18	921519	720	2034.6504027754
18	965405	740	1981.4109283509
18	1010380	760	2414.5804986614
18	1056368	780	2322.9497843578
18	1103538	800	2334.9682065747
18	1151489	820	2370.7054987772
18	1201268	840	2436.8049012208
18	1251076	860	2587.5432674758
18	1303168	880	2691.6298238093
18	1356593	900	2610.014208507
18	1411001	920	2736.9445831328
18	1466748	940	2923.0123615475
18	1524206	960	2990.5018148666
18	1582414	980	3047.4208384114
18	1642278	1000	3010.0662015885
18	1703901	1020	3025.2069974145
18	1766434	1040	3084.8869205577
18	1831171	1060	3118.6096562582
18	1897432	1080	3372.572264421
18	1965893	1100	3279.1782410225
18	2035987	1120	3389.5174392995
18	2107688	1140	3338.7189113807
18	2181160	1160	3392.3102567746
18	2257146	1180	3370.0847452564
18	2334459	1200	3568.2192225324
18	2414268	1220	3697.3499552596
18	2495760	1240	3637.6504383561
18	2579779	1260	3688.1728240851
18	2665889	1280	3485.4965097981
18	2753885	1300	3688.1045751085
18	2843237	1320	3813.6424803307
18	2934894	1340	3515.3367691249
18	3028591	1360	3564.7368080849
18	3124440	1380	3619.3509893194
18	3222866	1400	3832.8974579703
18	3323602	1420	3955.1628932353
18	3426568	1440	3970.9097128755
18	3532820	1460	4262.5370954821
18	3640083	1480	4257.986630549
18	3750298	1500	4401.5904991135
18	3862847	1520	4247.3510914324
18	3977374	1540	4446.1679026847
18	4093937	1560	4302.6671379176
18	4213157	1580	4446.2405711218
18	4334276	1600	4311.6478323203
18	4458388	1620	4420.0833363827
18	4584364	1640	4521.840539358
18	4712757	1660	4233.6992635631
18	4844051	1680	4366.9261574566
18	4977212	1700	4323.2450529829
18	5112657	1720	4289.8149398798
18	5250642	1740	4502.1676422287
18	5391783	1760	4855.9349437092
18	5534167	1780	5040.4742498192
18	5679664	1800	5187.1090258176
18	5828290	1820	5082.4545279895
18	5978628	1840	5141.9419588199
18	6132732	1860	4927.0952078405
18	6288395	1880	4667.4098532101
18	6447481	1900	4869.0413967013
18	6608196	1920	5293.7716370531
18	6771710	1940	5460.0759987456
18	6938513	1960	5424.4300294214
18	7107886	1980	5611.781922337
18	7279134	2000	5350.3064837747
19	145345	240	47.29096824788
19	171272	260	47.329039844093
19	198398	280	47.870596295075
19	225819	300	47.101923443316
19	253166	320	47.191119128781
19	280735	340	47.330681080865
19	308279	360	47.310196862334
19	336499	380	48.488225651713
19	364993	400	48.254961200291
19	393948	420	48.955260469364
19	423612	440	49.160636449478
19	453683	460	49.725529104104
19	484232	480	49.432141946915
19	516017	500	49.00446072689
19	548010	520	49.581834894742
19	580956	540	49.404543881882
19	614630	560	48.840500658369
19	649179	580	48.930989255874
19	684580	600	48.810388751061
19	721109	620	49.165676486621
19	758496	640	49.671746073306
19	797079	660	49.344819723648
19	837173	680	49.436314705797
19	878874	700	49.334388496632
19	921519	720	49.625619579888
19	965405	740	49.535273208774
19	1010380	760	49.277153033905
19	1056368	780	49.424463496974
19	1103538	800	49.680174607972
19	1151489	820	49.389697891191
19	1201268	840	49.730712269812
19	1251076	860	49.760447451458
19	1303168	880	49.84499673721
19	1356593	900	49.245551103905
19	1411001	920	49.762628784234
19	1466748	940	49.542582399109
19	1524206	960	49.841696914443
19	1582414	980	49.957718662483
19	1642278	1000	50.167770026476
19	1703901	1020	49.593557334664
19	1766434	1040	49.756240654156
19	1831171	1060	50.3001557461
19	1897432	1080	50.33689946897
19	1965893	1100	50.448896015731
19	2035987	1120	50.589812526858
19	2107688	1140	50.586650172435
19	2181160	1160	50.63149636977
19	2257146	1180	50.29977231726
19	2334459	1200	50.256608768062
19	2414268	1220	50.648629524104
19	2495760	1240	51.234513216283
19	2579779	1260	51.224622556737
19	2665889	1280	51.257301614679
19	2753885	1300	51.223674654284
19	2843237	1320	51.535709193658
19	2934894	1340	50.946909697463
19	3028591	1360	50.924811544069
19	3124440	1380	50.268763740547
19	3222866	1400	50.432861289083
19	3323602	1420	50.70721657994
19	3426568	1440	50.909098883019
19	3532820	1460	50.744489231929
19	3640083	1480	50.690317030345
19	3750298	1500	50.592994242684
19	3862847	1520	50.563703469434
19	3977374	1540	50.524635257781
19	4093937	1560	50.619613387266
19	4213157	1580	50.525461035475
19	4334276	1600	50.725268615533
19	4458388	1620	50.805555590606
19	4584364	1640	50.807197071438
19	4712757	1660	51.008424862206
19	4844051	1680	50.778211133217
19	4977212	1700	50.861706505681
19	5112657	1720	51.069225474759
19	5250642	1740	51.160995934418
19	5391783	1760	51.115104670623
19	5534167	1780	50.913881311305
19	5679664	1800	50.854010057035
19	5828290	1820	50.824545279895
19	5978628	1840	50.910316423959
19	6132732	1860	51.323908415006
19	6288395	1880	51.290218167144
19	6447481	1900	51.253067333698
19	6608196	1920	51.395841136438
19	6771710	1940	51.028747651828
19	6938513	1960	51.173868202089
19	7107886	1980	51.016199293973
19	7279134	2000	50.955299845474
20	145345	240	1.5047840171692
20	171272	260	1.9414148564507
20	198398	280	2.1249962638928
20	225819	300	2.1801337739344
20	253166	320	1.9975158776284
20	280735	340	2.0482137272599
20	308279	360	1.5912607481557
20	336499	380	2.7211644166657
20	364993	400	2.3083857649851
20	393948	420	3.5901318020721
20	423612	440	3.074204216686
20	453683	460	2.9236854746483
20	484232	480	3.1222524657423
20	516017	500	3.3123952824278
20	548010	520	3.2561092583983
20	580956	540	3.156252786112
20	614630	560	3.1087687284774
20	649179	580	2.8641695966811
20	684580	600	2.6708168473843
20	721109	620	3.1475598322613
20	758496	640	3.0155653687044
20	797079	660	3.4190280144353
20	837173	680	3.0599680321187
20	878874	700	2.9526033034231
20	921519	720	3.0685052211854
20	965405	740	2.876502425422
20	1010380	760	3.0124667033243
20	1056368	780	2.6366523969559
20	1103538	800	2.4573973081454
20	1151489	820	2.8164023467711
20	1201268	840	2.7333719417402
20	1251076	860	2.8670088155892
20	1303168	880	2.8241704884849
20	1356593	900	3.2555203539165
20	1411001	920	2.8980541232281
20	1466748	940	2.9892220418889
20	1524206	960	3.2472356503147
20	1582414	980	3.2172401428641
20	1642278	1000	3.5262102939339
20	1703901	1020	2.8065508355232
20	1766434	1040	2.5160055891063
20	1831171	1060	2.8171171667545
20	1897432	1080	2.6675351395017
20	1965893	1100	3.2804628609916
20	2035987	1120	3.1775354235023
20	2107688	1140	3.1714901614474
20	2181160	1160	2.7540923315977
20	2257146	1180	2.6678015871768
20	2334459	1200	2.5512494742608
20	2414268	1220	2.8224158653287
20	2495760	1240	3.7267797097186
20	2579779	1260	3.5926552786287
20	2665889	1280	3.6039469210058
20	2753885	1300	3.2150629435956
20	2843237	1320	3.7057415645559
20	2934894	1340	2.8119952601824
20	3028591	1360	2.6318358220056
20	3124440	1380	3.0926730548973
20	3222866	1400	2.3668976850351
20	3323602	1420	2.5620674399968
20	3426568	1440	2.5024435365856
20	3532820	1460	2.675582840654
20	3640083	1480	2.9036332395084
20	3750298	1500	2.6111173502603
20	3862847	1520	2.2165471701773
20	3977374	1540	2.2046994947147
20	4093937	1560	2.5395734624336
20	4213157	1580	2.444490963445
20	4334276	1600	2.326292252262
20	4458388	1620	2.2935570411967
20	4584364	1640	2.4224226273496
20	4712757	1660	2.2271254847249
20	4844051	1680	2.2116543291043
20	4977212	1700	2.1273563593481
20	5112657	1720	2.3175753003918
20	5250642	1740	2.3202689617762
20	5391783	1760	2.6791097819791
20	5534167	1780	2.5461522998834
20	5679664	1800	2.5684464573845
20	5828290	1820	2.5568119179076
20	5978628	1840	2.1135776959764
20	6132732	1860	2.3683498609635
20	6288395	1880	2.0968087618078
20	6447481	1900	2.5550714906884
20	6608196	1920	2.6365713554589
20	6771710	1940	3.0099990689644
20	6938513	1960	2.7542093927728
20	7107886	1980	3.0005193008057
20	7279134	2000	2.9360748700113
21	145345	240	2.2643749383279
21	171272	260	3.7690916448474
21	198398	280	4.5156091215585
21	225819	300	4.7529832722493
21	253166	320	3.9900696813775
21	280735	340	4.1951794725359
21	308279	360	2.532110768621
21	336499	380	7.4047357825276
21	364993	400	5.3286448399857
21	393948	420	12.88904635625
21	423612	440	9.4507315658901
21	453683	460	8.5479367546692
21	484232	480	9.7484604598338
21	516017	500	10.97196250705
21	548010	520	10.602247502627
21	580956	540	9.9619316498396
21	614630	560	9.6644430071592
21	649179	580	8.2034674785525
21	684580	600	7.1332626322718
21	721109	620	9.9071328976645
21	758496	640	9.0936344929294
21	797079	660	11.689752563494
21	837173	680	9.3634043575884
21	878874	700	8.7178662673848
21	921519	720	9.4157242924419
21	965405	740	8.2742662034585
21	1010380	760	9.0749556386376
21	1056368	780	6.9519358623732
21	1103538	800	6.0388015300802
21	1151489	820	7.9321221788978
21	1201268	840	7.4713221718925
21	1251076	860	8.2197395486661
21	1303168	880	7.9759389480289
21	1356593	900	10.598412774764
21	1411001	920	8.3987177011596
21	1466748	940	8.9354484157142
21	1524206	960	10.544539368675
21	1582414	980	10.350634136856
21	1642278	1000	12.434159037046
21	1703901	1020	7.8767275923759
21	1766434	1040	6.3302841244141
21	1831171	1060	7.9361491312228
21	1897432	1080	7.1157437204766
21	1965893	1100	10.761436582345
21	2035987	1120	10.096731367612
21	2107688	1140	10.058349844158
21	2181160	1160	7.5850245709655
21	2257146	1180	7.1171653085431
21	2334459	1200	6.5088738799161
21	2414268	1220	7.966031316859
21	2495760	1240	13.88888700477
21	2579779	1260	12.907171951059
21	2665889	1280	12.988433409427
21	2753885	1300	10.336629731282
21	2843237	1320	13.732520543277
21	2934894	1340	7.907317343288
21	3028591	1360	6.9265597939917
21	3124440	1380	9.5646266244879
21	3222866	1400	5.6022046514246
21	3323602	1420	6.5641895670919
21	3426568	1440	6.2622236537989
21	3532820	1460	7.158743537202
21	3640083	1480	8.431085989578
21	3750298	1500	6.8179338168306
21	3862847	1520	4.9130813576209
21	3977374	1540	4.8606998619953
21	4093937	1560	6.4494333710967
21	4213157	1580	5.9755360703641
21	4334276	1600	5.4116356429344
21	4458388	1620	5.2604039012231
21	4584364	1640	5.8681313854954
21	4712757	1660	4.9600879247113
21	4844051	1680	4.891414871446
21	4977212	1700	4.525645079659
21	5112657	1720	5.3711552729862
21	5250642	1740	5.3836480549819
21	5391783	1760	7.177629223896
21	5534167	1780	6.4828915342017
21	5679664	1800	6.5969172044512
21	5828290	1820	6.5372871835546
21	5978628	1840	4.467210676929
21	6132732	1860	5.6090810639257
21	6288395	1880	4.3966069835939
21	6447481	1900	6.5283903225287
21	6608196	1920	6.9515085124261
21	6771710	1940	9.0600943951668
21	6938513	1960	7.585669379238
21	7107886	1980	9.0031160745077
21	7279134	2000	8.6205356423122
22	145345	240	3356.6075186669
22	171272	260	3495.9736356389
22	198398	280	3867.8042793781
22	225819	300	3958.3239644536
22	253166	320	3828.8110845121
22	280735	340	4189.0993017487
22	308279	360	4057.7728469416
22	336499	380	4033.6245715832
22	364993	400	3933.128081878
22	393948	420	3976.0391792426
22	423612	440	4215.1764240775
22	453683	460	4358.1886598092
22	484232	480	4310.9207069036
22	516017	500	4356.3751061908
22	548010	520	4356.9122254363
22	580956	540	4499.0051829639
22	614630	560	4603.3912102234
22	649179	580	4641.2854436458
22	684580	600	4956.570948825
22	721109	620	4823.9657160116
22	758496	640	4633.4451245661
22	797079	660	4632.4351620184
22	837173	680	4685.0335964971
22	878874	700	4811.0423753007
22	921519	720	4867.6825985349
22	965405	740	5053.8306555701
22	1010380	760	5022.8677918783
22	1056368	780	5056.9258152213
22	1103538	800	5204.5631344978
22	1151489	820	5422.093231066
22	1201268	840	5300.7694462356
22	1251076	860	5383.4431242497
22	1303168	880	5526.2649542211
22	1356593	900	5522.1892141532
22	1411001	920	5567.1069359066
22	1466748	940	5397.0383767962
22	1524206	960	5522.4939574458
22	1582414	980	5717.1488106253
22	1642278	1000	5714.0333921122
22	1703901	1020	5808.0724617305
22	1766434	1040	5902.8171211713
22	1831171	1060	5663.6354186748
22	1897432	1080	5892.7897552139
22	1965893	1100	5986.8900996231
22	2035987	1120	6215.4486782097
22	2107688	1140	5941.8064233661
22	2181160	1160	6213.1676746951
22	2257146	1180	6082.0152876118
22	2334459	1200	6387.4288474419
22	2414268	1220	6208.447526345
22	2495760	1240	6566.6159251482
22	2579779	1260	6712.5485476368
22	2665889	1280	6665.142379667
22	2753885	1300	6349.5399842907
22	2843237	1320	6718.7452948256
22	2934894	1340	6613.12490671
22	3028591	1360	6982.1463739885
22	3124440	1380	6706.1861262163
22	3222866	1400	6754.9475056905
22	3323602	1420	6937.3749654676
22	3426568	1440	6664.4983521654
22	3532820	1460	7022.2746786643
22	3640083	1480	6806.3303349162
22	3750298	1500	7111.9521843902
22	3862847	1520	6840.7912697689
22	3977374	1540	7157.532099777
22	4093937	1560	7209.16436305
22	4213157	1580	7155.6712449312
22	4334276	1600	7106.5771669208
22	4458388	1620	7480.7912773402
22	4584364	1640	7614.8143688743
22	4712757	1660	7202.4300122141
22	4844051	1680	7481.465772453
22	4977212	1700	7520.8586952157
22	5112657	1720	7709.2551246858
22	5250642	1740	7669.4524916826
22	5391783	1760	7708.7025852361
22	5534167	1780	7709.4686083922
22	5679664	1800	7888.3536748076
22	5828290	1820	8074.5468869635
22	5978628	1840	8062.8940449956
22	6132732	1860	8112.4909736914
22	6288395	1880	7976.8376335277
22	6447481	1900	7876.3452582886
22	6608196	1920	8146.4778748909
22	6771710	1940	8066.4195710877
22	6938513	1960	8429.3735896957
22	7107886	1980	8610.0310563947
22	7279134	2000	8377.8452874334
23	145345	240	44.754766915559
23	171272	260	44.820174815884
23	198398	280	44.974468364861
23	225819	300	44.980954141518
23	253166	320	45.044836288378
23	280735	340	45.044078513427
23	308279	360	45.086364966018
23	336499	380	45.321624399811
23	364993	400	45.208368757219
23	393948	420	45.182263400484
23	423612	440	45.324477678252
23	453683	460	45.397798539679
23	484232	480	45.378112704248
23	516017	500	45.378907356155
23	548010	520	45.384502348295
23	580956	540	45.444496797615
23	614630	560	45.578130794291
23	649179	580	45.502798467116
23	684580	600	45.473127970871
23	721109	620	45.509110528412
23	758496	640	45.425932593785
23	797079	660	45.416031000181
23	837173	680	45.485763072787
23	878874	700	45.387192219818
23	921519	720	45.492360733971
23	965405	740	45.530005906037
23	1010380	760	45.662434471621
23	1056368	780	45.557890227219
23	1103538	800	45.654062583314
23	1151489	820	45.56380866442
23	1201268	840	45.696288329617
23	1251076	860	45.622399358048
23	1303168	880	45.67161119191
23	1356593	900	45.637927389696
23	1411001	920	45.632024064808
23	1466748	940	45.73761336268
23	1524206	960	45.640445929304
23	1582414	980	45.737190485003
23	1642278	1000	45.712267136897
23	1703901	1020	45.732854029374
23	1766434	1040	45.758272257142
23	1831171	1060	45.674479182861
23	1897432	1080	45.680540738092
23	1965893	1100	45.701451142161
23	2035987	1120	45.701828516248
23	2107688	1140	45.706203256662
23	2181160	1160	45.685056431582
23	2257146	1180	45.72943825272
23	2334459	1200	45.624491767442
23	2414268	1220	45.650349458419
23	2495760	1240	45.601499480196
23	2579779	1260	45.663595562155
23	2665889	1280	45.651660134706
23	2753885	1300	45.680143771876
23	2843237	1320	45.705750304936
23	2934894	1340	45.60775797731
23	3028591	1360	45.63494362084
23	3124440	1380	45.620313783785
23	3222866	1400	45.641537200611
23	3323602	1420	45.640624772813
23	3426568	1440	45.647248987434
23	3532820	1460	45.599186225093
23	3640083	1480	45.680069361854
23	3750298	1500	45.589437079425
23	3862847	1520	45.605275131793
23	3977374	1540	45.5893764317
23	4093937	1560	45.62762255095
23	4213157	1580	45.577523853065
23	4334276	1600	45.554981839236
23	4458388	1620	45.614580959392
23	4584364	1640	45.597690831582
23	4712757	1660	45.585000077304
23	4844051	1680	45.61869373447
23	4977212	1700	45.580961789186
23	5112657	1720	45.61689422891
23	5250642	1740	45.651502926682
23	5391783	1760	45.613624764711
23	5534167	1780	45.618157446108
23	5679664	1800	45.597420085593
23	5828290	1820	45.618908965896
23	5978628	1840	45.55307370054
23	6132732	1860	45.57579198703
23	6288395	1880	45.581929334444
23	6447481	1900	45.528007273344
23	6608196	1920	45.511049580396
23	6771710	1940	45.572991927049
23	6938513	1960	45.564181565923
23	7107886	1980	45.555719875104
23	7279134	2000	45.531767866486
24	145345	240	0.35905619173107
24	171272	260	0.44008783004576
24	198398	280	0.7471310283777
24	225819	300	0.68034580536487
24	253166	320	0.75964885883717
24	280735	340	0.82144057371685
24	308279	360	0.92880502135729
24	336499	380	1.4142645864551
24	364993	400	1.1238843726176
24	393948	420	1.3769292479579
24	423612	440	1.2865090720635
24	453683	460	1.4332758116074
24	484232	480	1.3008145464692
24	516017	500	1.3123160134542
24	548010	520	1.2509161442813
24	580956	540	1.4339718402226
24	614630	560	1.4152311345937
24	649179	580	1.3898583565403
24	684580	600	1.2620131675643
24	721109	620	1.2947873585871
24	758496	640	1.1746814908366
24	797079	660	1.1821723622375
24	837173	680	1.1633874290279
24	878874	700	1.108831413866
24	921519	720	1.1499721793073
24	965405	740	1.165518981572
24	1010380	760	1.260974054208
24	1056368	780	1.1640684161413
24	1103538	800	1.2215523496792
24	1151489	820	1.1575317575663
24	1201268	840	1.2289724377395
24	1251076	860	1.165450046262
24	1303168	880	1.176808985825
24	1356593	900	1.1454751241613
24	1411001	920	1.2150229846234
24	1466748	940	1.2291759621334
24	1524206	960	1.1925487839923
24	1582414	980	1.2061964359727
24	1642278	1000	1.1746100453274
24	1703901	1020	1.2153227515494
24	1766434	1040	1.183883836998
24	1831171	1060	1.1363073607366
24	1897432	1080	1.1130739022002
24	1965893	1100	1.1325315854558
24	2035987	1120	1.1079808938718
24	2107688	1140	1.1610801428225
24	2181160	1160	1.1072929731582
24	2257146	1180	1.070082078064
24	2334459	1200	1.0022535804797
24	2414268	1220	1.0188358648611
24	2495760	1240	1.0125275574663
24	2579779	1260	1.0977804145327
24	2665889	1280	1.0275636885714
24	2753885	1300	1.025684819066
24	2843237	1320	1.0285978839734
24	2934894	1340	0.98267818572249
24	3028591	1360	0.98040945064345
24	3124440	1380	0.96959359365638
24	3222866	1400	0.97871537712144
24	3323602	1420	0.96499940159626
24	3426568	1440	0.951173198077
24	3532820	1460	0.92374852976642
24	3640083	1480	0.98352752401142
24	3750298	1500	0.9217371513063
24	3862847	1520	0.90611076174764
24	3977374	1540	0.88982928868367
24	4093937	1560	0.9279731950151
24	4213157	1580	0.84455438057141
24	4334276	1600	0.87529110241435
24	4458388	1620	0.86092907326989
24	4584364	1640	0.90933852710552
24	4712757	1660	0.88617636594997
24	4844051	1680	0.88341507703154
24	4977212	1700	0.8483602459926
24	5112657	1720	0.93446070596758
24	5250642	1740	0.9070943332061
24	5391783	1760	0.87489472991733
24	5534167	1780	0.85942806790501
24	5679664	1800	0.85517284237052
24	5828290	1820	0.85431486222154
24	5978628	1840	0.83074094718028
24	6132732	1860	0.86700801334415
24	6288395	1880	0.86439814146534
24	6447481	1900	0.80602190833346
24	6608196	1920	0.7487882846579
24	6771710	1940	0.86114052224189
24	6938513	1960	0.8000520336876
24	7107886	1980	0.83090504991975
24	7279134	2000	0.84008159935155
25	145345	240	0.12892134882042
25	171272	260	0.19367729815438
25	198398	280	0.55820477356471
25	225819	300	0.46287041487757
25	253166	320	0.57706638873262
25	280735	340	0.67476461614826
25	308279	360	0.86267876769851
25	336499	380	2.0001443205011
25	364993	400	1.2631160830142
25	393948	420	1.8959341538819
25	423612	440	1.6551055925017
25	453683	460	2.0542795521389
25	484232	480	1.6921184843058
25	516017	500	1.7221733191683
25	548010	520	1.5647912000237
25	580956	540	2.0562752385514
25	614630	560	2.0028791643233
25	649179	580	1.931706251245
25	684580	600	1.5926772351057
25	721109	620	1.676474303957
25	758496	640	1.3798766049142
25	797079	660	1.3975314940381
25	837173	680	1.3534703100201
25	878874	700	1.229507104376
25	921519	720	1.3224360131807
25	965405	740	1.3584344964047
25	1010380	760	1.5900555653858
25	1056368	780	1.3550552774577
25	1103538	800	1.4921901430067
25	1151489	820	1.3398797697745
25	1201268	840	1.5103732527233
25	1251076	860	1.3582738103321
25	1303168	880	1.3848793891185
25	1356593	900	1.3121132600724
25	1411001	920	1.4762808531632
25	1466748	940	1.5108735458866
25	1524206	960	1.4221726022014
25	1582414	980	1.4549098421532
25	1642278	1000	1.3797087585841
25	1703901	1020	1.4770093904337
25	1766434	1040	1.4015809395051
25	1831171	1060	1.2911944180642
25	1897432	1080	1.2389335117591
25	1965893	1100	1.282627792055
25	2035987	1120	1.227621661185
25	2107688	1140	1.3481070980567
25	2181160	1160	1.2260977284054
25	2257146	1180	1.1450756537938
25	2334459	1200	1.0045122395843
25	2414268	1220	1.0380265195272
25	2495760	1240	1.0252120546286
25	2579779	1260	1.2051218385316
25	2665889	1280	1.0558871340705
25	2753885	1300	1.0520293480625
25	2843237	1320	1.0580136069145
25	2934894	1340	0.96565641669485
25	3028591	1360	0.961202690911
25	3124440	1380	0.94011173685949
25	3222866	1400	0.95788378941396
25	3323602	1420	0.93122384508113
25	3426568	1440	0.90473045274003
25	3532820	1460	0.85331134624561
25	3640083	1480	0.96732639048802
25	3750298	1500	0.84959937609825
25	3862847	1520	0.82103671255488
25	3977374	1540	0.79179616299929
25	4093937	1560	0.86113425066654
25	4213157	1580	0.71327210174235
25	4334276	1600	0.76613451396572
25	4458388	1620	0.74119886920135
25	4584364	1640	0.82689655687843
25	4712757	1660	0.7853085515683
25	4844051	1680	0.78042219832664
25	4977212	1700	0.71971510698062
25	5112657	1720	0.87321681099742
25	5250642	1740	0.82282012933462
25	5391783	1760	0.76544078843712
25	5534167	1780	0.73861660390295
25	5679664	1800	0.73132059032808
25	5828290	1820	0.72985388381262
25	5978628	1840	0.69013052132199
25	6132732	1860	0.75170289520297
25	6288395	1880	0.74718414696874
25	6447481	1900	0.64967131671351
25	6608196	1920	0.56068389524092
25	6771710	1940	0.74156299904703
25	6938513	1960	0.64008325660767
25	7107886	1980	0.69040320198214
25	7279134	2000	0.70573709356905
